GRAM	c2h2	chi_tot
7783	562	2.79354E+01
7783	604	2.79856E+01
7783	603	2.80862E+01
7783	521	2.81110E+01
7783	520	2.81759E+01
7783	479	2.82152E+01
7783	563	2.83540E+01
7783	561	2.84433E+01
7783	438	2.84800E+01
7783	480	2.85214E+01
7783	437	2.87316E+01
7783	478	2.87595E+01
7783	605	2.88701E+01
7783	397	2.88798E+01
7783	396	2.89383E+01
7783	522	2.89856E+01
7693	603	2.90286E+01
7783	439	2.90580E+01
7783	602	2.90792E+01
7783	519	2.90892E+01
7693	562	2.91420E+01
7693	520	2.91667E+01
7693	561	2.91902E+01
7783	355	2.93113E+01
7783	356	2.93291E+01
7693	604	2.93478E+01
7693	479	2.94265E+01
7693	478	2.94681E+01
7693	602	2.95701E+01
7693	521	2.95727E+01
7693	519	2.95876E+01
7783	398	2.96088E+01
7693	437	2.96100E+01
8679	314	2.96122E+01
8679	355	2.96604E+01
7603	603	2.96717E+01
7603	561	2.96781E+01
7783	395	2.97215E+01
7783	436	2.97355E+01
8679	273	2.97423E+01
7783	481	2.97580E+01
7783	315	2.97659E+01
8679	274	2.97675E+01
7603	520	2.97724E+01
7783	560	2.97750E+01
7783	564	2.97804E+01
8679	396	2.97833E+01
7783	314	2.98020E+01
8591	314	2.98523E+01
8679	233	2.98550E+01
7603	478	2.98679E+01
7693	438	2.98716E+01
8591	273	2.98736E+01
7603	519	2.98914E+01
7603	562	2.99172E+01
8679	354	2.99198E+01
7693	396	2.99249E+01
7603	602	2.99334E+01
8679	234	2.99532E+01
8591	355	2.99574E+01
7783	354	2.99741E+01
8591	233	2.99745E+01
8679	313	2.99862E+01
8679	437	2.99894E+01
7693	563	2.99911E+01
8679	315	2.99975E+01
7693	560	3.00380E+01
8591	354	3.00469E+01
8591	313	3.00550E+01
7783	477	3.00628E+01
8591	274	3.00692E+01
7783	357	3.00752E+01
7603	437	3.00817E+01
8679	395	3.00817E+01
7693	436	3.00886E+01
8679	194	3.00924E+01
8591	396	3.00997E+01
7603	479	3.01354E+01
7693	395	3.01757E+01
7783	274	3.01870E+01
7693	480	3.02166E+01
8679	356	3.02243E+01
7603	560	3.02311E+01
8591	395	3.02317E+01
8591	234	3.02405E+01
8767	355	3.02463E+01
7603	436	3.02471E+01
7693	477	3.02544E+01
7603	604	3.02564E+01
8591	194	3.02570E+01
8767	314	3.02883E+01
8767	274	3.02977E+01
8591	437	3.03003E+01
8679	193	3.03036E+01
8591	193	3.03055E+01
7693	355	3.03168E+01
8767	315	3.03287E+01
8679	478	3.03374E+01
7603	477	3.03454E+01
8591	232	3.03482E+01
8767	396	3.03594E+01
8679	397	3.03599E+01
7603	395	3.03676E+01
8591	272	3.03676E+01
7693	397	3.03891E+01
7783	316	3.03894E+01
8679	232	3.03963E+01
8679	272	3.04068E+01
8591	315	3.04076E+01
7783	273	3.04233E+01
8679	438	3.04295E+01
7603	396	3.04322E+01
7693	354	3.04426E+01
8679	436	3.04583E+01
8679	195	3.04641E+01
7783	313	3.04653E+01
7603	521	3.04748E+01
8767	356	3.04776E+01
8767	234	3.05045E+01
8679	275	3.05083E+01
8679	479	3.05128E+01
7783	440	3.05353E+01
7783	275	3.05430E+01
8679	155	3.05947E+01
8591	436	3.06068E+01
8767	437	3.06078E+01
7693	605	3.06156E+01
8767	397	3.06159E+01
7603	354	3.06203E+01
8591	478	3.06269E+01
8767	273	3.06281E+01
8591	155	3.06412E+01
7783	234	3.06586E+01
7603	438	3.06587E+01
8679	156	3.06688E+01
8591	356	3.06884E+01
8767	275	3.06942E+01
7693	314	3.07008E+01
8679	235	3.07025E+01
8679	520	3.07114E+01
7693	518	3.07354E+01
5348	79	3.07356E+01
7603	518	3.07358E+01
8767	438	3.07394E+01
7783	233	3.07400E+01
7783	518	3.07461E+01
8767	233	3.07612E+01
8591	195	3.07913E+01
7783	606	3.08029E+01
7603	355	3.08087E+01
7693	313	3.08260E+01
5348	78	3.08261E+01
8591	397	3.08387E+01
7783	601	3.08503E+01
8767	354	3.08538E+01
7693	601	3.08634E+01
7693	356	3.08644E+01
8591	156	3.08705E+01
7783	523	3.08723E+01
7693	522	3.08923E+01
8591	438	3.08967E+01
8591	353	3.09009E+01
8679	519	3.09013E+01
8767	479	3.09068E+01
8767	235	3.09086E+01
8767	194	3.09152E+01
7603	313	3.09255E+01
8591	154	3.09319E+01
8591	192	3.09320E+01
7603	601	3.09375E+01
8767	195	3.09408E+01
8679	353	3.09451E+01
7693	439	3.09472E+01
8591	479	3.09525E+01
7603	394	3.09586E+01
5348	80	3.09623E+01
7783	194	3.09702E+01
8591	312	3.09715E+01
8591	275	3.09796E+01
8767	395	3.09964E+01
8767	313	3.10198E+01
8767	478	3.10302E+01
8679	154	3.10402E+01
7603	563	3.10416E+01
7693	273	3.10429E+01
5245	79	3.10524E+01
7603	353	3.10624E+01
8679	312	3.10744E+01
7603	435	3.10763E+01
7693	394	3.10764E+01
8679	477	3.10830E+01
5348	113	3.10882E+01
8679	192	3.10920E+01
5245	78	3.10952E+01
7603	314	3.11088E+01
8591	520	3.11158E+01
7783	235	3.11187E+01
8679	561	3.11249E+01
8591	235	3.11571E+01
7783	394	3.11602E+01
8591	519	3.11606E+01
8591	394	3.11641E+01
8679	316	3.11777E+01
8767	316	3.11781E+01
8679	394	3.11837E+01
7783	399	3.11844E+01
7693	353	3.11923E+01
5348	77	3.11941E+01
7693	315	3.11978E+01
7783	195	3.12026E+01
8767	520	3.12048E+01
7783	155	3.12066E+01
8591	477	3.12141E+01
7603	397	3.12157E+01
7693	435	3.12265E+01
7783	193	3.12309E+01
7603	480	3.12315E+01
7783	272	3.12324E+01
5348	112	3.12451E+01
7783	156	3.12458E+01
7603	272	3.12562E+01
8679	157	3.12564E+01
7783	353	3.12647E+01
7783	118	3.12651E+01
7783	119	3.12756E+01
7603	273	3.12792E+01
5348	114	3.12901E+01
7693	272	3.13177E+01
7603	117	3.13222E+01
5245	80	3.13292E+01
7603	312	3.13365E+01
7693	274	3.13384E+01
8591	231	3.13393E+01
7783	232	3.13571E+01
5245	113	3.13660E+01
7693	233	3.13696E+01
7783	435	3.14062E+01
8767	436	3.14066E+01
7693	117	3.14102E+01
7603	232	3.14165E+01
8679	196	3.14170E+01
5245	77	3.14184E+01
7603	116	3.14369E+01
8767	156	3.14549E+01
7693	232	3.14627E+01
7693	118	3.14649E+01
7603	559	3.14687E+01
5245	112	3.14737E+01
5348	150	3.14751E+01
7603	476	3.14752E+01
8767	193	3.14794E+01
8679	562	3.14895E+01
8591	561	3.14916E+01
7603	154	3.14928E+01
7783	276	3.15081E+01
8591	271	3.15143E+01
7693	193	3.15200E+01
8591	118	3.15234E+01
8679	521	3.15312E+01
5348	81	3.15345E+01
8679	118	3.15356E+01
7693	312	3.15383E+01
8679	231	3.15539E+01
8767	196	3.15563E+01
8679	119	3.15616E+01
7693	154	3.15619E+01
7603	192	3.15671E+01
7693	559	3.15737E+01
7603	193	3.15930E+01
8767	357	3.15966E+01
7783	358	3.15967E+01
7603	233	3.16118E+01
8591	157	3.16130E+01
7783	154	3.16182E+01
7603	153	3.16193E+01
5245	114	3.16201E+01
7603	118	3.16205E+01
7693	398	3.16282E+01
7693	155	3.16332E+01
5348	151	3.16559E+01
8767	272	3.16576E+01
7783	117	3.16585E+01
8679	357	3.16592E+01
8767	232	3.16651E+01
7603	356	3.16755E+01
7783	120	3.16789E+01
5348	149	3.16827E+01
8679	603	3.16859E+01
8767	519	3.16869E+01
7693	476	3.16897E+01
8591	119	3.16943E+01
8679	480	3.16952E+01
7783	317	3.17051E+01
5348	111	3.17105E+01
8767	157	3.17113E+01
7783	312	3.17175E+01
8767	155	3.17180E+01
8679	271	3.17233E+01
8767	561	3.17237E+01
7783	157	3.17256E+01
8591	435	3.17306E+01
5245	150	3.17321E+01
8591	153	3.17393E+01
8679	435	3.17493E+01
7603	231	3.17500E+01
8679	560	3.17501E+01
8591	316	3.17561E+01
8767	521	3.17620E+01
7693	116	3.17645E+01
7693	194	3.17661E+01
7693	192	3.17669E+01
7603	81	3.17695E+01
7603	605	3.17705E+01
5348	189	3.17722E+01
7603	271	3.17858E+01
5348	76	3.17916E+01
8591	117	3.18034E+01
7693	234	3.18099E+01
7783	559	3.18131E+01
7693	564	3.18153E+01
8767	480	3.18166E+01
7603	155	3.18246E+01
8767	398	3.18273E+01
8767	562	3.18316E+01
8679	602	3.18363E+01
8767	276	3.18384E+01
8679	439	3.18512E+01
5348	517	3.18621E+01
5348	600	3.18657E+01
8679	398	3.18717E+01
8767	439	3.18755E+01
7603	274	3.18786E+01
5245	149	3.18883E+01
5348	115	3.18885E+01
5348	188	3.18921E+01
5245	111	3.18929E+01
5348	475	3.18995E+01
5348	558	3.19025E+01
5348	559	3.19030E+01
8591	196	3.19064E+01
7693	481	3.19149E+01
7603	315	3.19201E+01
7783	196	3.19216E+01
7693	119	3.19234E+01
7693	153	3.19442E+01
5245	81	3.19537E+01
7603	115	3.19591E+01
8679	117	3.19600E+01
5245	151	3.19672E+01
5245	76	3.19745E+01
8591	560	3.19752E+01
8767	236	3.19816E+01
8591	562	3.19833E+01
5348	434	3.19835E+01
8679	276	3.19843E+01
7783	192	3.19850E+01
7783	482	3.19915E+01
5348	229	3.19971E+01
8679	153	3.20011E+01
8679	518	3.20011E+01
5348	601	3.20071E+01
5348	392	3.20103E+01
5348	228	3.20117E+01
5348	516	3.20157E+01
7783	476	3.20246E+01
8679	120	3.20267E+01
7603	191	3.20326E+01
5348	433	3.20370E+01
5245	189	3.20373E+01
5348	269	3.20475E+01
7603	439	3.20490E+01
5348	351	3.20584E+01
8591	521	3.20685E+01
5348	476	3.20726E+01
7693	231	3.20777E+01
7603	352	3.20789E+01
5348	190	3.20801E+01
7603	522	3.20814E+01
5348	310	3.20896E+01
9650	355	3.20985E+01
8767	477	3.20991E+01
5245	188	3.21027E+01
8591	518	3.21052E+01
8679	236	3.21100E+01
7603	194	3.21169E+01
8591	191	3.21176E+01
7783	236	3.21238E+01
7693	357	3.21305E+01
9650	314	3.21329E+01
7603	393	3.21341E+01
8767	603	3.21350E+01
7693	271	3.21376E+01
8591	603	3.21396E+01
7693	156	3.21538E+01
9650	396	3.21594E+01
8591	602	3.21661E+01
5348	393	3.21839E+01
5348	309	3.21954E+01
7603	152	3.21965E+01
7603	517	3.22005E+01
5245	517	3.22086E+01
5245	475	3.22128E+01
5348	350	3.22157E+01
5348	474	3.22202E+01
5348	148	3.22208E+01
7693	275	3.22210E+01
5245	600	3.22215E+01
5245	558	3.22304E+01
5348	268	3.22309E+01
5348	599	3.22332E+01
5245	228	3.22355E+01
8767	353	3.22402E+01
5348	518	3.22439E+01
7693	81	3.22659E+01
5348	152	3.22686E+01
7783	565	3.22698E+01
5245	115	3.22731E+01
8591	480	3.22755E+01
5245	559	3.22770E+01
5245	229	3.22779E+01
8591	357	3.22871E+01
5245	392	3.22952E+01
9650	274	3.22973E+01
7603	311	3.22981E+01
8591	120	3.23040E+01
9650	437	3.23065E+01
5245	433	3.23111E+01
5245	269	3.23116E+01
5348	391	3.23117E+01
5245	516	3.23118E+01
5245	434	3.23130E+01
5348	270	3.23206E+01
7603	119	3.23248E+01
7603	234	3.23459E+01
7693	316	3.23471E+01
8679	158	3.23472E+01
5245	351	3.23479E+01
5245	310	3.23738E+01
5245	148	3.23783E+01
5348	187	3.23811E+01
5348	557	3.23815E+01
5348	352	3.23867E+01
9650	273	3.23905E+01
5245	190	3.24026E+01
5245	601	3.24031E+01
9564	314	3.24090E+01
9650	315	3.24196E+01
5245	309	3.24217E+01
5348	110	3.24247E+01
5348	227	3.24301E+01
9564	355	3.24314E+01
8679	191	3.24377E+01
5245	268	3.24379E+01
5245	476	3.24388E+01
5348	230	3.24440E+01
5245	350	3.24478E+01
9650	354	3.24479E+01
8591	352	3.24494E+01
8767	394	3.24527E+01
5348	435	3.24574E+01
7783	116	3.24581E+01
7783	121	3.24588E+01
5348	311	3.24643E+01
8591	439	3.24673E+01
8767	312	3.24754E+01
5348	560	3.24762E+01
8767	158	3.24783E+01
5245	474	3.24802E+01
7783	153	3.24815E+01
7603	434	3.24837E+01
7783	231	3.24951E+01
7693	191	3.24987E+01
7693	517	3.25014E+01
7693	195	3.25020E+01
9564	396	3.25048E+01
8767	154	3.25050E+01
8591	398	3.25075E+01
7693	352	3.25080E+01
7693	115	3.25207E+01
5245	393	3.25264E+01
9650	395	3.25293E+01
8591	116	3.25362E+01
5348	432	3.25393E+01
5245	391	3.25403E+01
5245	187	3.25405E+01
8767	602	3.25407E+01
9650	234	3.25421E+01
8591	311	3.25432E+01
5245	599	3.25441E+01
9564	273	3.25481E+01
7693	393	3.25538E+01
7603	80	3.25636E+01
5245	110	3.25645E+01
5348	75	3.25663E+01
7603	600	3.25671E+01
9650	233	3.25732E+01
9564	354	3.25842E+01
7783	271	3.25858E+01
9650	478	3.25863E+01
9650	356	3.25866E+01
8679	604	3.25878E+01
7603	230	3.25880E+01
8767	119	3.25965E+01
5245	227	3.25999E+01
7603	156	3.26090E+01
8591	476	3.26137E+01
5348	515	3.26152E+01
9650	313	3.26156E+01
8591	276	3.26240E+01
8767	192	3.26257E+01
7783	158	3.26329E+01
9564	437	3.26335E+01
5245	152	3.26371E+01
8767	560	3.26383E+01
5245	518	3.26389E+01
5245	270	3.26444E+01
8679	476	3.26474E+01
9564	274	3.26504E+01
5245	557	3.26606E+01
8679	352	3.26653E+01
9564	395	3.26804E+01
9650	397	3.26839E+01
9564	313	3.26938E+01
5245	75	3.27110E+01
5348	308	3.27156E+01
9650	438	3.27167E+01
9564	233	3.27212E+01
8591	236	3.27312E+01
5245	352	3.27357E+01
8767	120	3.27500E+01
9650	479	3.27508E+01
5348	602	3.27523E+01
5245	432	3.27588E+01
8767	197	3.27607E+01
7693	152	3.27709E+01
7693	120	3.27719E+01
7603	398	3.27757E+01
5245	230	3.27846E+01
7693	600	3.27864E+01
7693	235	3.27870E+01
5348	349	3.27885E+01
7693	311	3.27926E+01
5348	267	3.28052E+01
5245	311	3.28088E+01
8591	393	3.28126E+01
8679	311	3.28170E+01
8767	604	3.28198E+01
5348	477	3.28224E+01
9650	436	3.28301E+01
7603	270	3.28312E+01
8679	116	3.28358E+01
9650	194	3.28423E+01
5245	435	3.28427E+01
8591	158	3.28582E+01
5348	191	3.28593E+01
5245	515	3.28597E+01
7603	114	3.28687E+01
8767	317	3.28692E+01
9564	478	3.28742E+01
9650	520	3.28787E+01
9564	234	3.28823E+01
8767	118	3.28858E+01
5245	308	3.28866E+01
9564	315	3.28904E+01
7693	606	3.28922E+01
5245	560	3.28925E+01
5348	394	3.29024E+01
7693	440	3.29036E+01
5348	116	3.29051E+01
8591	230	3.29078E+01
8679	121	3.29143E+01
9650	275	3.29264E+01
8679	563	3.29343E+01
8679	601	3.29346E+01
7693	434	3.29354E+01
8679	197	3.29495E+01
5348	473	3.29496E+01
9736	315	3.29547E+01
5245	267	3.29582E+01
5245	349	3.29653E+01
9564	436	3.29658E+01
7603	190	3.29661E+01
7783	441	3.29739E+01
8679	393	3.30034E+01
3833	141	3.30054E+01
3833	180	3.30095E+01
5348	390	3.30116E+01
5348	598	3.30133E+01
5348	147	3.30226E+01
9736	356	3.30233E+01
7783	517	3.30322E+01
3833	140	3.30325E+01
9736	355	3.30405E+01
9564	194	3.30418E+01
3833	181	3.30437E+01
8591	152	3.30446E+01
8767	435	3.30460E+01
3833	142	3.30466E+01
8767	563	3.30546E+01
3833	179	3.30588E+01
9650	519	3.30660E+01
3833	220	3.30692E+01
7603	275	3.30706E+01
9650	195	3.30787E+01
5348	271	3.31019E+01
7783	277	3.31026E+01
3833	221	3.31057E+01
9736	274	3.31061E+01
8767	518	3.31062E+01
3833	139	3.31068E+01
3833	103	3.31083E+01
9736	396	3.31097E+01
7693	157	3.31114E+01
9564	356	3.31117E+01
3833	104	3.31139E+01
7783	352	3.31207E+01
7783	197	3.31221E+01
8591	601	3.31240E+01
7603	564	3.31245E+01
3833	219	3.31293E+01
7603	195	3.31346E+01
5245	147	3.31355E+01
9564	272	3.31402E+01
9736	397	3.31414E+01
3833	102	3.31431E+01
8591	604	3.31466E+01
3833	261	3.31516E+01
5245	473	3.31566E+01
7603	475	3.31583E+01
9650	235	3.31662E+01
3833	178	3.31663E+01
5348	186	3.31701E+01
3833	260	3.31729E+01
7783	393	3.31768E+01
9650	272	3.31799E+01
3833	105	3.31808E+01
5245	602	3.31825E+01
5348	226	3.31826E+01
3833	143	3.31843E+01
8679	317	3.31847E+01
5245	390	3.31859E+01
9736	314	3.31869E+01
7693	230	3.31892E+01
8767	231	3.31903E+01
9650	193	3.31904E+01
3833	182	3.31939E+01
7693	523	3.31949E+01
9650	561	3.31960E+01
7603	151	3.31996E+01
9564	232	3.32018E+01
9564	193	3.32024E+01
3833	101	3.32030E+01
3833	138	3.32132E+01
9564	397	3.32177E+01
9564	479	3.32186E+01
7783	191	3.32205E+01
9736	275	3.32236E+01
9564	438	3.32279E+01
7603	481	3.32294E+01
3833	302	3.32397E+01
5245	477	3.32403E+01
5245	191	3.32416E+01
5348	556	3.32470E+01
9650	232	3.32475E+01
3833	301	3.32478E+01
5348	519	3.32485E+01
8679	559	3.32512E+01
3833	262	3.32546E+01
3833	218	3.32556E+01
8591	270	3.32599E+01
5348	353	3.32619E+01
7603	357	3.32645E+01
7693	80	3.32709E+01
7783	600	3.32709E+01
9736	438	3.32743E+01
7603	558	3.32760E+01
5245	598	3.32762E+01
3833	222	3.32770E+01
3833	100	3.32776E+01
3833	259	3.32799E+01
5245	186	3.32815E+01
8679	230	3.32866E+01
9564	520	3.32906E+01
5245	226	3.33017E+01
9564	519	3.33017E+01
5245	394	3.33036E+01
3833	177	3.33127E+01
3833	343	3.33137E+01
8591	559	3.33226E+01
5348	109	3.33251E+01
8767	121	3.33310E+01
3833	342	3.33346E+01
8591	121	3.33354E+01
3833	106	3.33379E+01
5348	153	3.33400E+01
3833	137	3.33412E+01
3833	69	3.33416E+01
8767	271	3.33454E+01
9736	437	3.33461E+01
5245	116	3.33466E+01
3833	300	3.33499E+01
9736	234	3.33532E+01
3833	68	3.33541E+01
3833	99	3.33599E+01
3833	303	3.33680E+01
3833	70	3.33715E+01
5348	312	3.33733E+01
9650	477	3.33738E+01
3833	384	3.33822E+01
7603	316	3.33887E+01
3833	67	3.33926E+01
5348	231	3.33945E+01
5348	431	3.34085E+01
7603	120	3.34202E+01
3833	217	3.34241E+01
5245	109	3.34258E+01
3833	344	3.34276E+01
3833	383	3.34330E+01
8767	522	3.34382E+01
8679	522	3.34388E+01
3833	258	3.34423E+01
3833	66	3.34451E+01
3833	98	3.34465E+01
3833	341	3.34466E+01
3833	385	3.34538E+01
3833	144	3.34551E+01
8679	152	3.34574E+01
9736	479	3.34597E+01
3833	425	3.34608E+01
9564	195	3.34640E+01
7693	270	3.34642E+01
5348	74	3.34651E+01
3833	71	3.34652E+01
9736	235	3.34682E+01
9650	156	3.34716E+01
9564	275	3.34721E+01
9564	477	3.34734E+01
5245	556	3.34757E+01
3833	426	3.34768E+01
3833	176	3.34832E+01
3833	136	3.34835E+01
5245	271	3.34877E+01
3833	183	3.35012E+01
3833	65	3.35027E+01
7783	311	3.35093E+01
9650	316	3.35114E+01
3833	299	3.35118E+01
9564	353	3.35140E+01
3833	467	3.35202E+01
3833	263	3.35284E+01
5348	436	3.35322E+01
9650	155	3.35342E+01
7783	81	3.35348E+01
3833	97	3.35360E+01
8591	563	3.35389E+01
9564	561	3.35452E+01
3833	424	3.35481E+01
9736	316	3.35522E+01
3833	64	3.35588E+01
3833	466	3.35609E+01
3833	382	3.35639E+01
5348	514	3.35713E+01
8591	434	3.35723E+01
5245	431	3.35749E+01
5245	74	3.35749E+01
5348	307	3.35755E+01
9650	353	3.35773E+01
9564	155	3.35910E+01
3833	508	3.35966E+01
7783	122	3.35991E+01
8591	197	3.36006E+01
7603	351	3.36024E+01
3833	509	3.36031E+01
3833	468	3.36040E+01
3833	63	3.36089E+01
10116	481	3.36116E+01
9650	562	3.36143E+01
3833	340	3.36149E+01
3833	216	3.36167E+01
7603	235	3.36214E+01
3833	107	3.36221E+01
8767	117	3.36276E+01
3833	96	3.36292E+01
3833	223	3.36298E+01
3833	135	3.36350E+01
3833	257	3.36365E+01
8679	270	3.36365E+01
3833	427	3.36440E+01
8767	358	3.36466E+01
3833	550	3.36505E+01
7783	434	3.36505E+01
3833	62	3.36507E+01
3833	72	3.36512E+01
7783	115	3.36532E+01
7693	114	3.36566E+01
7783	400	3.36639E+01
7603	79	3.36642E+01
3833	175	3.36669E+01
5245	353	3.36719E+01
7693	475	3.36720E+01
10116	440	3.36724E+01
9564	394	3.36742E+01
7693	558	3.36779E+01
7783	237	3.36820E+01
3833	465	3.36827E+01
3833	304	3.36839E+01
3833	61	3.36841E+01
3833	507	3.36866E+01
5245	519	3.36890E+01
7693	190	3.36901E+01
9650	603	3.36941E+01
5245	307	3.36942E+01
5348	266	3.36959E+01
9564	235	3.36962E+01
3833	386	3.36989E+01
5348	348	3.36993E+01
7693	399	3.36993E+01
3833	423	3.36998E+01
10116	439	3.37001E+01
9564	312	3.37007E+01
3833	551	3.37031E+01
7693	276	3.37059E+01
10116	522	3.37064E+01
9564	156	3.37067E+01
3833	298	3.37073E+01
3833	549	3.37080E+01
8591	115	3.37098E+01
3833	60	3.37104E+01
5348	561	3.37123E+01
3833	592	3.37190E+01
7693	196	3.37196E+01
9650	394	3.37214E+01
3833	95	3.37273E+01
3833	345	3.37285E+01
7709	230	3.37310E+01
9736	273	3.37318E+01
3833	59	3.37319E+01
8767	237	3.37336E+01
3833	16	3.37377E+01
9650	521	3.37389E+01
7709	311	3.37397E+01
3833	17	3.37398E+01
3833	381	3.37418E+01
3833	591	3.37443E+01
9736	195	3.37457E+01
3833	15	3.37469E+01
8767	159	3.37477E+01
7783	318	3.37502E+01
8767	277	3.37506E+01
3833	58	3.37514E+01
3833	18	3.37515E+01
3833	510	3.37529E+01
7603	310	3.37532E+01
8679	434	3.37610E+01
7709	271	3.37611E+01
5245	514	3.37641E+01
5245	153	3.37678E+01
3833	14	3.37690E+01
7709	191	3.37691E+01
9736	478	3.37692E+01
9736	520	3.37704E+01
3833	19	3.37712E+01
10116	398	3.37714E+01
3833	57	3.37722E+01
5245	312	3.37801E+01
7783	152	3.37833E+01
9650	602	3.37860E+01
7709	270	3.37894E+01
7709	352	3.37899E+01
3833	134	3.37917E+01
3833	20	3.37967E+01
5245	231	3.37973E+01
3833	56	3.37976E+01
5245	266	3.37982E+01
3833	13	3.38055E+01
8767	153	3.38091E+01
7619	230	3.38097E+01
9650	560	3.38124E+01
3833	339	3.38128E+01
7783	607	3.38141E+01
7603	392	3.38144E+01
3833	593	3.38155E+01
10116	399	3.38186E+01
3833	215	3.38196E+01
7783	524	3.38220E+01
9650	312	3.38222E+01
8591	190	3.38235E+01
5245	348	3.38236E+01
3833	21	3.38262E+01
8767	481	3.38285E+01
7619	190	3.38286E+01
3833	55	3.38309E+01
3833	94	3.38314E+01
7619	270	3.38326E+01
7603	157	3.38327E+01
8591	517	3.38347E+01
3833	548	3.38353E+01
3833	506	3.38354E+01
7709	231	3.38405E+01
3833	256	3.38446E+01
3833	590	3.38492E+01
3833	464	3.38516E+01
3833	174	3.38556E+01
7709	152	3.38564E+01
3833	12	3.38573E+01
3833	22	3.38579E+01
7709	190	3.38634E+01
10116	480	3.38640E+01
3833	469	3.38649E+01
3833	54	3.38752E+01
3833	422	3.38862E+01
7603	229	3.38893E+01
3833	23	3.38908E+01
8679	517	3.38938E+01
9650	196	3.38985E+01
3833	145	3.39041E+01
7709	393	3.39053E+01
7619	311	3.39090E+01
9736	233	3.39124E+01
3833	552	3.39152E+01
3833	297	3.39165E+01
9736	357	3.39190E+01
9736	354	3.39205E+01
7709	312	3.39216E+01
9650	157	3.39224E+01
3833	24	3.39242E+01
3833	11	3.39247E+01
8591	317	3.39290E+01
8767	601	3.39302E+01
3833	53	3.39324E+01
8679	159	3.39328E+01
9564	192	3.39404E+01
3833	380	3.39416E+01
3833	93	3.39419E+01
7783	359	3.39432E+01
3833	133	3.39506E+01
8679	481	3.39522E+01
9650	480	3.39532E+01
7783	159	3.39572E+01
3833	25	3.39575E+01
9650	357	3.39596E+01
3833	73	3.39647E+01
7619	152	3.39691E+01
5245	436	3.39730E+01
7619	191	3.39815E+01
7619	151	3.39826E+01
9564	560	3.39877E+01
7619	229	3.39887E+01
3833	26	3.39900E+01
7693	121	3.39928E+01
9564	154	3.39931E+01
3833	589	3.40005E+01
9736	395	3.40008E+01
3833	547	3.40012E+01
5348	472	3.40017E+01
3833	52	3.40032E+01
3833	10	3.40065E+01
8679	358	3.40076E+01
8767	476	3.40078E+01
7619	352	3.40138E+01
3833	505	3.40147E+01
7693	151	3.40150E+01
3833	184	3.40156E+01
7709	353	3.40165E+01
5348	146	3.40187E+01
3833	428	3.40196E+01
9736	194	3.40203E+01
3833	27	3.40206E+01
3833	338	3.40206E+01
3833	214	3.40227E+01
10116	358	3.40274E+01
3833	264	3.40282E+01
5348	389	3.40295E+01
7709	394	3.40418E+01
3833	463	3.40422E+01
3833	173	3.40431E+01
8767	399	3.40455E+01
10116	563	3.40469E+01
3833	28	3.40484E+01
3833	255	3.40535E+01
3833	92	3.40584E+01
7619	310	3.40597E+01
10116	357	3.40660E+01
7709	435	3.40692E+01
9564	602	3.40694E+01
9736	196	3.40722E+01
3833	29	3.40723E+01
7619	271	3.40729E+01
8767	440	3.40761E+01
3833	108	3.40785E+01
3833	594	3.40849E+01
3833	421	3.40852E+01
3833	51	3.40871E+01
5245	146	3.40905E+01
7709	153	3.40905E+01
3833	30	3.40916E+01
8591	522	3.40954E+01
3833	9	3.41011E+01
7709	151	3.41011E+01
3833	511	3.41019E+01
3833	31	3.41058E+01
9736	276	3.41060E+01
3833	132	3.41094E+01
3833	37	3.41126E+01
5348	597	3.41130E+01
3833	36	3.41150E+01
3833	32	3.41151E+01
3833	38	3.41154E+01
9650	154	3.41156E+01
9650	192	3.41165E+01
3833	35	3.41185E+01
3833	33	3.41198E+01
3833	34	3.41206E+01
7783	230	3.41241E+01
9564	562	3.41242E+01
3833	296	3.41250E+01
7709	434	3.41264E+01
7603	113	3.41290E+01
3833	39	3.41292E+01
7619	393	3.41293E+01
9650	439	3.41331E+01
5348	192	3.41348E+01
9564	603	3.41359E+01
9564	435	3.41390E+01
10116	564	3.41407E+01
7619	351	3.41434E+01
3833	379	3.41455E+01
8679	115	3.41498E+01
5245	389	3.41518E+01
7619	269	3.41567E+01
5245	472	3.41568E+01
9736	398	3.41583E+01
7709	310	3.41589E+01
7693	358	3.41606E+01
7709	229	3.41620E+01
9650	398	3.41622E+01
3833	40	3.41624E+01
5245	561	3.41656E+01
7709	115	3.41709E+01
9564	316	3.41730E+01
3833	588	3.41733E+01
7603	516	3.41758E+01
7619	189	3.41763E+01
3833	387	3.41771E+01
7693	317	3.41798E+01
3833	91	3.41802E+01
7619	231	3.41809E+01
3833	50	3.41826E+01
3833	546	3.41830E+01
8679	237	3.41853E+01
5348	185	3.41857E+01
7709	476	3.41890E+01
5348	603	3.41907E+01
7709	351	3.41931E+01
5348	225	3.41932E+01
9650	435	3.41999E+01
9650	518	3.42008E+01
9736	521	3.42025E+01
3833	504	3.42036E+01
3833	8	3.42060E+01
7709	192	3.42074E+01
8679	122	3.42078E+01
9736	313	3.42104E+01
8679	277	3.42154E+01
3833	213	3.42186E+01
3833	224	3.42191E+01
3833	172	3.42247E+01
3833	337	3.42247E+01
9736	480	3.42262E+01
5348	478	3.42275E+01
5348	395	3.42283E+01
3833	462	3.42363E+01
9736	439	3.42433E+01
3833	305	3.42465E+01
9564	518	3.42502E+01
10116	523	3.42515E+01
5245	185	3.42527E+01
3833	254	3.42540E+01
7619	114	3.42624E+01
5245	225	3.42651E+01
3833	131	3.42656E+01
9736	236	3.42663E+01
7603	606	3.42699E+01
10116	605	3.42724E+01
3833	346	3.42769E+01
3833	420	3.42818E+01
9736	562	3.42826E+01
3833	49	3.42877E+01
9736	561	3.42890E+01
9650	276	3.42976E+01
7619	115	3.43004E+01
8679	190	3.43005E+01
9564	231	3.43011E+01
7693	236	3.43028E+01
3833	90	3.43057E+01
7619	434	3.43105E+01
10116	521	3.43129E+01
8679	440	3.43135E+01
9564	521	3.43154E+01
7603	440	3.43169E+01
3833	7	3.43187E+01
7693	351	3.43205E+01
3833	295	3.43234E+01
8767	122	3.43237E+01
7603	189	3.43252E+01
5245	597	3.43258E+01
8767	191	3.43308E+01
8767	352	3.43312E+01
9564	157	3.43343E+01
7603	269	3.43389E+01
7709	272	3.43412E+01
3833	378	3.43415E+01
3833	553	3.43447E+01
5348	117	3.43462E+01
7709	114	3.43502E+01
3833	587	3.43503E+01
5348	108	3.43503E+01
10116	317	3.43556E+01
7619	392	3.43588E+01
3833	470	3.43638E+01
3833	545	3.43647E+01
7619	312	3.43694E+01
8679	399	3.43698E+01
7709	269	3.43715E+01
7603	433	3.43769E+01
9736	436	3.43834E+01
3833	503	3.43884E+01
9564	271	3.43895E+01
3833	171	3.43965E+01
3833	48	3.43997E+01
3833	212	3.44020E+01
5348	555	3.44087E+01
7709	392	3.44096E+01
10202	440	3.44149E+01
5245	108	3.44152E+01
3833	336	3.44160E+01
3833	130	3.44168E+01
3833	461	3.44221E+01
7709	116	3.44222E+01
9736	519	3.44273E+01
5348	272	3.44279E+01
7783	558	3.44317E+01
3833	89	3.44326E+01
3833	6	3.44362E+01
5348	73	3.44383E+01
3833	253	3.44401E+01
7783	270	3.44403E+01
7619	153	3.44426E+01
7619	150	3.44442E+01
3833	74	3.44469E+01
7709	189	3.44483E+01
9650	236	3.44528E+01
8767	559	3.44586E+01
3833	419	3.44664E+01
9564	196	3.44673E+01
10202	481	3.44711E+01
7709	517	3.44836E+01
10116	482	3.44855E+01
7693	158	3.44913E+01
3833	294	3.45054E+01
7709	475	3.45132E+01
3833	47	3.45154E+01
5245	73	3.45167E+01
9736	157	3.45175E+01
10202	399	3.45181E+01
3833	586	3.45200E+01
3833	377	3.45220E+01
7619	353	3.45237E+01
7693	392	3.45260E+01
7709	518	3.45265E+01
7693	310	3.45299E+01
7709	232	3.45325E+01
7619	435	3.45351E+01
3833	544	3.45363E+01
7783	475	3.45372E+01
9650	231	3.45409E+01
9650	119	3.45466E+01
7619	394	3.45499E+01
9736	156	3.45531E+01
3833	5	3.45551E+01
3833	170	3.45558E+01
3833	88	3.45584E+01
8767	198	3.45589E+01
3833	502	3.45603E+01
3833	129	3.45604E+01
5348	430	3.45612E+01
3833	211	3.45694E+01
9736	603	3.45722E+01
7693	79	3.45743E+01
7709	477	3.45763E+01
5245	192	3.45794E+01
7619	476	3.45822E+01
3833	146	3.45846E+01
7603	150	3.45853E+01
7693	482	3.45853E+01
3833	595	3.45863E+01
5245	555	3.45865E+01
3833	335	3.45893E+01
9564	480	3.45910E+01
8767	311	3.45921E+01
3833	460	3.45926E+01
8591	159	3.45975E+01
8591	351	3.46066E+01
3833	252	3.46080E+01
8679	605	3.46161E+01
9564	118	3.46201E+01
9650	271	3.46271E+01
7619	475	3.46290E+01
3833	46	3.46314E+01
7619	113	3.46321E+01
3833	418	3.46334E+01
7603	196	3.46374E+01
8767	393	3.46391E+01
10116	316	3.46432E+01
5245	603	3.46475E+01
9650	118	3.46495E+01
7603	523	3.46578E+01
7619	228	3.46585E+01
8591	481	3.46619E+01
7693	565	3.46667E+01
3833	429	3.46677E+01
3833	293	3.46680E+01
8767	605	3.46699E+01
9564	357	3.46718E+01
3833	4	3.46722E+01
7619	192	3.46753E+01
3833	585	3.46756E+01
5245	430	3.46765E+01
7709	559	3.46800E+01
3833	87	3.46801E+01
3833	376	3.46833E+01
9564	119	3.46838E+01
10116	397	3.46858E+01
5245	395	3.46887E+01
3833	543	3.46920E+01
8591	310	3.46938E+01
3833	128	3.46942E+01
5245	478	3.46954E+01
5348	306	3.46960E+01
7603	599	3.46996E+01
3833	169	3.47004E+01
9650	604	3.47072E+01
8591	475	3.47116E+01
3833	512	3.47134E+01
3833	501	3.47147E+01
3833	210	3.47190E+01
10116	604	3.47223E+01
10116	441	3.47260E+01
7619	433	3.47280E+01
5348	354	3.47345E+01
7709	436	3.47380E+01
10202	522	3.47382E+01
3833	334	3.47423E+01
3833	459	3.47441E+01
3833	45	3.47442E+01
10116	438	3.47492E+01
7619	309	3.47493E+01
7693	229	3.47539E+01
3833	251	3.47563E+01
3833	109	3.47584E+01
7709	313	3.47624E+01
5245	306	3.47658E+01
8591	122	3.47716E+01
7693	516	3.47725E+01
7619	116	3.47767E+01
3833	417	3.47805E+01
10202	358	3.47809E+01
10202	523	3.47817E+01
7619	517	3.47839E+01
7709	150	3.47839E+01
3833	3	3.47843E+01
3833	86	3.47948E+01
3833	185	3.47952E+01
8591	358	3.47954E+01
5348	513	3.47968E+01
7783	198	3.48063E+01
8591	151	3.48097E+01
3833	292	3.48101E+01
3833	584	3.48139E+01
3833	265	3.48163E+01
3833	127	3.48163E+01
7709	433	3.48170E+01
9564	439	3.48201E+01
8767	116	3.48206E+01
3833	375	3.48240E+01
5348	265	3.48250E+01
7709	154	3.48251E+01
3833	168	3.48291E+01
3833	542	3.48292E+01
7619	350	3.48329E+01
10202	482	3.48415E+01
5245	117	3.48462E+01
3833	500	3.48498E+01
3833	209	3.48501E+01
3833	44	3.48508E+01
8679	600	3.48539E+01
5348	313	3.48576E+01
5348	347	3.48679E+01
7603	276	3.48697E+01
5348	232	3.48735E+01
3833	333	3.48746E+01
3833	458	3.48757E+01
9650	158	3.48772E+01
5245	272	3.48778E+01
9564	398	3.48779E+01
9650	601	3.48780E+01
5348	154	3.48790E+01
5245	265	3.48801E+01
9650	120	3.48810E+01
10116	400	3.48818E+01
3833	250	3.48849E+01
10202	564	3.48853E+01
7603	121	3.48881E+01
3833	2	3.48887E+01
8591	600	3.48892E+01
9736	193	3.48948E+01
7709	395	3.48990E+01
10116	318	3.48996E+01
3833	85	3.49004E+01
3833	416	3.49072E+01
7783	190	3.49074E+01
9564	153	3.49092E+01
8679	475	3.49143E+01
9564	476	3.49146E+01
10116	359	3.49200E+01
7783	80	3.49203E+01
3833	126	3.49254E+01
7709	113	3.49281E+01
7619	272	3.49303E+01
3833	291	3.49320E+01
3833	583	3.49337E+01
5245	513	3.49388E+01
7709	354	3.49402E+01
3833	167	3.49418E+01
5245	347	3.49428E+01
3833	374	3.49444E+01
3833	541	3.49476E+01
3833	43	3.49488E+01
3833	388	3.49546E+01
5348	520	3.49581E+01
10202	439	3.49619E+01
3833	208	3.49631E+01
10202	441	3.49633E+01
7619	188	3.49647E+01
3833	499	3.49656E+01
8591	237	3.49723E+01
7619	268	3.49750E+01
3833	1	3.49835E+01
3833	332	3.49872E+01
3833	457	3.49879E+01
9564	601	3.49881E+01
10202	398	3.49884E+01
10116	356	3.49887E+01
10116	276	3.49905E+01
8591	229	3.49930E+01
8679	351	3.49931E+01
3833	249	3.49945E+01
3833	84	3.49955E+01
9736	197	3.49994E+01
9736	158	3.50014E+01
9564	117	3.50039E+01
9650	476	3.50100E+01
9736	317	3.50120E+01
7709	558	3.50144E+01
3833	415	3.50147E+01
10116	277	3.50196E+01
3833	125	3.50213E+01
8591	277	3.50222E+01
10116	606	3.50290E+01
7603	78	3.50302E+01
9564	276	3.50325E+01
3833	290	3.50351E+01
3833	582	3.50358E+01
3833	42	3.50369E+01
3833	166	3.50388E+01
3833	373	3.50460E+01
3833	540	3.50479E+01
3833	554	3.50562E+01
3833	207	3.50592E+01
3833	498	3.50633E+01
9736	477	3.50655E+01
7709	601	3.50658E+01
8679	198	3.50664E+01
3833	0	3.50678E+01
8591	440	3.50701E+01
9736	272	3.50716E+01
7709	228	3.50726E+01
10202	400	3.50757E+01
8591	392	3.50788E+01
3833	83	3.50792E+01
3833	331	3.50816E+01
3833	456	3.50822E+01
3833	248	3.50868E+01
7709	560	3.50876E+01
9736	602	3.50904E+01
7709	600	3.51001E+01
7619	518	3.51028E+01
3833	124	3.51040E+01
3833	414	3.51047E+01
7709	309	3.51052E+01
3833	225	3.51072E+01
10116	562	3.51105E+01
3833	41	3.51143E+01
9736	155	3.51163E+01
7709	516	3.51180E+01
7709	117	3.51195E+01
7693	433	3.51206E+01
3833	289	3.51212E+01
3833	165	3.51213E+01
3833	581	3.51214E+01
3833	306	3.51216E+01
3833	372	3.51307E+01
9736	232	3.51310E+01
3833	539	3.51318E+01
7693	113	3.51338E+01
8679	310	3.51362E+01
3833	347	3.51396E+01
3833	206	3.51399E+01
7619	232	3.51426E+01
5348	145	3.51430E+01
3833	75	3.51433E+01
7619	559	3.51441E+01
3833	497	3.51448E+01
7709	350	3.51448E+01
7619	516	3.51464E+01
7619	391	3.51490E+01
9564	352	3.51504E+01
3833	82	3.51517E+01
7709	81	3.51566E+01
8591	399	3.51567E+01
9650	563	3.51579E+01
3833	330	3.51600E+01
3833	455	3.51605E+01
3833	247	3.51637E+01
7603	399	3.51674E+01
3833	471	3.51676E+01
9564	236	3.51697E+01
10202	359	3.51698E+01
3833	123	3.51745E+01
10116	479	3.51769E+01
5245	145	3.51770E+01
3833	413	3.51791E+01
9564	120	3.51836E+01
3833	164	3.51905E+01
3833	580	3.51925E+01
3833	288	3.51925E+01
7709	193	3.52000E+01
9650	117	3.52004E+01
3833	371	3.52005E+01
3833	538	3.52012E+01
7619	80	3.52013E+01
7709	80	3.52048E+01
5245	354	3.52067E+01
3833	205	3.52069E+01
7619	558	3.52091E+01
9736	604	3.52099E+01
9650	153	3.52106E+01
7693	599	3.52119E+01
3833	496	3.52120E+01
7783	114	3.52178E+01
3833	329	3.52246E+01
3833	454	3.52250E+01
3833	246	3.52271E+01
9564	191	3.52361E+01
3833	412	3.52403E+01
7693	269	3.52423E+01
10202	480	3.52434E+01
3833	579	3.52509E+01
3833	287	3.52510E+01
7619	477	3.52520E+01
8591	81	3.52551E+01
3833	370	3.52577E+01
3833	537	3.52581E+01
8591	605	3.52591E+01
10202	605	3.52597E+01
3833	495	3.52670E+01
7783	483	3.52729E+01
5348	437	3.52755E+01
3833	328	3.52773E+01
3833	453	3.52777E+01
5348	388	3.52837E+01
10202	317	3.52891E+01
3833	411	3.52901E+01
9564	604	3.52907E+01
7619	474	3.52909E+01
7603	474	3.52916E+01
10202	563	3.52917E+01
8767	230	3.52918E+01
5348	471	3.52922E+01
8591	114	3.52950E+01
7693	189	3.52968E+01
7619	149	3.52969E+01
3833	578	3.52986E+01
9650	197	3.53005E+01
3833	369	3.53043E+01
3833	536	3.53045E+01
3833	494	3.53118E+01
3727	179	3.53133E+01
3833	452	3.53205E+01
5245	313	3.53284E+01
3833	410	3.53306E+01
10202	357	3.53328E+01
3727	180	3.53334E+01
10202	318	3.53345E+01
3727	140	3.53349E+01
3833	577	3.53373E+01
9564	559	3.53387E+01
5245	232	3.53404E+01
8767	517	3.53418E+01
3833	535	3.53422E+01
3833	493	3.53481E+01
9650	559	3.53486E+01
3727	139	3.53492E+01
1993	74	3.53524E+01
7709	519	3.53537E+01
3833	451	3.53551E+01
7783	278	3.53555E+01
7619	81	3.53560E+01
5348	184	3.53563E+01
5245	388	3.53570E+01
3727	178	3.53590E+01
3727	219	3.53625E+01
7619	112	3.53625E+01
5245	154	3.53681E+01
3833	576	3.53686E+01
8679	151	3.53696E+01
9564	311	3.53705E+01
3833	534	3.53726E+01
3727	141	3.53737E+01
3727	220	3.53743E+01
9736	560	3.53746E+01
3833	492	3.53774E+01
5245	184	3.53823E+01
3833	596	3.53846E+01
5348	224	3.53866E+01
3833	575	3.53938E+01
3833	533	3.53970E+01
5245	471	3.53973E+01
1993	75	3.53981E+01
7619	79	3.53982E+01
3727	138	3.54012E+01
9564	393	3.54012E+01
8591	558	3.54061E+01
7693	197	3.54128E+01
3833	574	3.54141E+01
5245	224	3.54148E+01
9650	352	3.54148E+01
8767	434	3.54209E+01
7619	154	3.54230E+01
3727	218	3.54253E+01
3727	260	3.54278E+01
8767	318	3.54343E+01
7709	268	3.54358E+01
9650	317	3.54397E+01
7603	236	3.54400E+01
5245	520	3.54404E+01
8679	392	3.54407E+01
5348	72	3.54428E+01
5348	596	3.54437E+01
10116	565	3.54438E+01
7709	474	3.54446E+01
3727	181	3.54450E+01
5348	107	3.54450E+01
7619	600	3.54453E+01
9736	563	3.54488E+01
3727	177	3.54505E+01
8767	564	3.54548E+01
1993	73	3.54575E+01
7709	188	3.54623E+01
9564	158	3.54635E+01
7709	391	3.54637E+01
3727	259	3.54660E+01
7783	351	3.54682E+01
5245	107	3.54775E+01
3727	137	3.54800E+01
7603	158	3.54809E+01
3727	261	3.54850E+01
3727	142	3.54876E+01
3727	102	3.54907E+01
7619	436	3.54919E+01
3727	221	3.54920E+01
7783	151	3.54922E+01
5245	72	3.54929E+01
7619	313	3.54970E+01
8679	558	3.54978E+01
3727	101	3.54983E+01
3727	301	3.55061E+01
3727	103	3.55126E+01
8767	160	3.55192E+01
8679	564	3.55213E+01
3727	100	3.55243E+01
8591	269	3.55306E+01
8679	229	3.55323E+01
7603	557	3.55351E+01
3727	300	3.55369E+01
3727	217	3.55382E+01
10202	606	3.55414E+01
7603	317	3.55447E+01
7603	350	3.55544E+01
3833	147	3.55565E+01
3727	99	3.55614E+01
7709	273	3.55667E+01
3727	258	3.55683E+01
7693	122	3.55688E+01
3727	176	3.55724E+01
3727	136	3.55780E+01
3727	302	3.55793E+01
3727	104	3.55797E+01
3727	342	3.55809E+01
7603	228	3.55942E+01
7709	79	3.55970E+01
9650	191	3.55995E+01
9736	353	3.56020E+01
3727	98	3.56056E+01
5245	596	3.56060E+01
8767	152	3.56071E+01
7603	358	3.56198E+01
3727	341	3.56219E+01
7603	309	3.56301E+01
7693	150	3.56313E+01
8767	270	3.56326E+01
3727	299	3.56369E+01
9650	121	3.56370E+01
1993	76	3.56404E+01
3727	343	3.56415E+01
9650	393	3.56492E+01
3833	513	3.56556E+01
3727	97	3.56557E+01
3727	383	3.56561E+01
3833	430	3.56576E+01
1993	72	3.56715E+01
7619	601	3.56728E+01
3727	262	3.56767E+01
3727	182	3.56814E+01
3727	216	3.56821E+01
7783	392	3.56841E+01
3727	384	3.56846E+01
7619	432	3.56882E+01
7603	112	3.56884E+01
10116	275	3.56888E+01
3727	135	3.56895E+01
9650	311	3.56920E+01
5348	562	3.56932E+01
7783	160	3.56967E+01
7619	395	3.56984E+01
10116	237	3.57031E+01
7619	117	3.57045E+01
3727	143	3.57054E+01
10116	236	3.57076E+01
8679	81	3.57095E+01
3727	257	3.57102E+01
10202	565	3.57113E+01
3727	96	3.57121E+01
3727	175	3.57132E+01
3727	105	3.57140E+01
3833	110	3.57169E+01
3727	382	3.57181E+01
9650	522	3.57243E+01
10116	315	3.57260E+01
3727	340	3.57286E+01
3727	425	3.57287E+01
7619	354	3.57388E+01
9736	394	3.57388E+01
3727	424	3.57406E+01
7619	227	3.57437E+01
3727	222	3.57544E+01
9736	237	3.57578E+01
3727	14	3.57635E+01
3727	15	3.57638E+01
7709	478	3.57702E+01
9736	358	3.57705E+01
5245	437	3.57710E+01
9736	277	3.57735E+01
3727	95	3.57762E+01
7783	310	3.57766E+01
3727	16	3.57777E+01
3727	13	3.57785E+01
3727	298	3.57789E+01
5348	554	3.57808E+01
3727	466	3.57891E+01
3727	303	3.58000E+01
7693	441	3.58008E+01
10116	278	3.58025E+01
3727	17	3.58033E+01
9736	522	3.58035E+01
10202	277	3.58054E+01
3727	12	3.58100E+01
3727	134	3.58105E+01
7783	238	3.58118E+01
7693	277	3.58125E+01
9564	563	3.58133E+01
7709	599	3.58163E+01
7619	560	3.58204E+01
3727	67	3.58262E+01
9736	120	3.58264E+01
3727	423	3.58270E+01
7783	516	3.58280E+01
3727	467	3.58295E+01
7709	602	3.58303E+01
7709	233	3.58309E+01
3727	426	3.58310E+01
3727	68	3.58335E+01
3727	381	3.58366E+01
9564	116	3.58366E+01
3727	66	3.58368E+01
3727	18	3.58387E+01
3727	465	3.58404E+01
3727	215	3.58428E+01
7709	149	3.58460E+01
3727	385	3.58465E+01
3727	344	3.58480E+01
7783	566	3.58482E+01
3727	94	3.58490E+01
3727	65	3.58556E+01
7709	112	3.58558E+01
3727	508	3.58577E+01
3727	11	3.58584E+01
3727	56	3.58616E+01
3727	174	3.58642E+01
10202	521	3.58646E+01
3727	57	3.58652E+01
3727	55	3.58672E+01
3727	69	3.58715E+01
8679	114	3.58717E+01
3727	507	3.58726E+01
3727	256	3.58733E+01
3727	339	3.58736E+01
3727	58	3.58741E+01
3727	64	3.58751E+01
8591	198	3.58787E+01
3727	19	3.58818E+01
3727	54	3.58850E+01
3727	59	3.58850E+01
3727	63	3.58905E+01
7619	308	3.58920E+01
3727	60	3.58945E+01
7619	599	3.58981E+01
3727	62	3.58990E+01
3727	61	3.58999E+01
7619	557	3.59025E+01
3833	186	3.59032E+01
5245	554	3.59083E+01
7603	391	3.59115E+01
11850	314	3.59137E+01
7619	78	3.59141E+01
5348	193	3.59145E+01
5348	429	3.59156E+01
3727	53	3.59172E+01
1993	108	3.59175E+01
3727	549	3.59204E+01
3727	10	3.59229E+01
7619	193	3.59298E+01
3727	20	3.59304E+01
3727	93	3.59308E+01
11850	355	3.59345E+01
3727	133	3.59377E+01
11850	354	3.59378E+01
1993	109	3.59412E+01
3727	550	3.59419E+01
3727	297	3.59421E+01
11850	395	3.59435E+01
3727	106	3.59452E+01
3727	464	3.59485E+01
3727	509	3.59501E+01
9736	119	3.59528E+01
3727	506	3.59565E+01
3727	70	3.59572E+01
3727	422	3.59572E+01
1993	71	3.59579E+01
11850	396	3.59581E+01
3833	266	3.59599E+01
3727	52	3.59647E+01
7709	557	3.59740E+01
9736	312	3.59755E+01
11850	437	3.59767E+01
9564	230	3.59787E+01
3727	548	3.59790E+01
3727	591	3.59810E+01
5245	429	3.59824E+01
3727	21	3.59825E+01
3727	380	3.59856E+01
8591	189	3.59890E+01
7619	349	3.59913E+01
10116	524	3.59938E+01
10116	520	3.59967E+01
9736	159	3.59972E+01
5348	305	3.59990E+01
3727	9	3.60017E+01
3727	468	3.60057E+01
3727	214	3.60093E+01
8679	160	3.60129E+01
3727	590	3.60141E+01
11850	273	3.60167E+01
3727	173	3.60189E+01
9564	517	3.60196E+01
8591	433	3.60199E+01
3727	92	3.60215E+01
5245	305	3.60235E+01
3727	51	3.60273E+01
3727	22	3.60362E+01
3727	338	3.60363E+01
11850	478	3.60375E+01
3727	592	3.60377E+01
7709	432	3.60398E+01
10202	524	3.60434E+01
3727	255	3.60435E+01
7799	353	3.60472E+01
7603	188	3.60493E+01
7799	312	3.60501E+01
9564	197	3.60501E+01
3727	263	3.60504E+01
8679	318	3.60507E+01
9564	434	3.60523E+01
1993	107	3.60554E+01
3727	144	3.60644E+01
7709	155	3.60647E+01
3727	132	3.60684E+01
9736	518	3.60689E+01
8679	269	3.60714E+01
7619	515	3.60794E+01
11850	436	3.60796E+01
3727	505	3.60801E+01
10202	316	3.60829E+01
3727	183	3.60842E+01
3727	551	3.60843E+01
3727	547	3.60859E+01
11850	313	3.60869E+01
3727	463	3.60871E+01
3727	23	3.60906E+01
3727	8	3.60925E+01
7693	474	3.60953E+01
3727	427	3.60963E+01
7799	394	3.60991E+01
3833	76	3.61014E+01
3833	389	3.61015E+01
9564	121	3.61031E+01
3727	589	3.61034E+01
3727	50	3.61034E+01
10202	278	3.61052E+01
3727	421	3.61085E+01
3727	296	3.61115E+01
3727	71	3.61131E+01
5348	264	3.61166E+01
3833	555	3.61185E+01
7619	187	3.61185E+01
3727	91	3.61199E+01
1993	77	3.61256E+01
5245	264	3.61282E+01
9736	121	3.61335E+01
7693	78	3.61336E+01
9736	481	3.61373E+01
11782	314	3.61373E+01
11782	354	3.61418E+01
3727	24	3.61450E+01
3727	379	3.61463E+01
11782	395	3.61522E+01
7799	271	3.61578E+01
9650	517	3.61640E+01
11782	355	3.61690E+01
3727	172	3.61719E+01
8767	600	3.61724E+01
3727	213	3.61738E+01
11850	233	3.61760E+01
5245	562	3.61774E+01
1993	110	3.61782E+01
8767	238	3.61826E+01
7799	272	3.61844E+01
7603	482	3.61898E+01
3727	49	3.61911E+01
3727	7	3.61925E+01
3727	386	3.61938E+01
7783	229	3.61960E+01
11782	396	3.61964E+01
7799	231	3.61968E+01
3727	510	3.61973E+01
3727	25	3.61989E+01
9650	116	3.61992E+01
3727	131	3.61999E+01
11850	274	3.62017E+01
3727	337	3.62020E+01
7619	267	3.62032E+01
5348	118	3.62046E+01
7693	607	3.62059E+01
7783	599	3.62065E+01
7619	519	3.62067E+01
3727	223	3.62088E+01
5348	512	3.62088E+01
10202	604	3.62092E+01
9736	154	3.62099E+01
3727	254	3.62110E+01
9736	399	3.62118E+01
11850	519	3.62118E+01
11782	437	3.62141E+01
7709	437	3.62145E+01
7603	565	3.62146E+01
5348	346	3.62152E+01
5348	396	3.62162E+01
3727	546	3.62174E+01
8591	564	3.62187E+01
3727	304	3.62199E+01
11782	273	3.62199E+01
3727	504	3.62218E+01
8591	516	3.62219E+01
3727	588	3.62232E+01
3727	90	3.62246E+01
3727	593	3.62271E+01
7693	557	3.62289E+01
3727	462	3.62373E+01
7603	268	3.62391E+01
9564	270	3.62413E+01
7799	435	3.62419E+01
5245	346	3.62442E+01
3727	26	3.62516E+01
3727	345	3.62534E+01
10202	319	3.62587E+01
9650	358	3.62597E+01
9650	481	3.62604E+01
7709	118	3.62629E+01
3727	420	3.62649E+01
10202	276	3.62660E+01
11782	478	3.62712E+01
3727	295	3.62767E+01
11782	313	3.62794E+01
7693	159	3.62830E+01
8767	523	3.62865E+01
1993	70	3.62872E+01
3727	48	3.62875E+01
9564	317	3.62876E+01
11782	436	3.62886E+01
7603	149	3.62936E+01
9736	435	3.62941E+01
3727	6	3.62988E+01
7709	78	3.62988E+01
5245	512	3.63013E+01
3727	27	3.63026E+01
7709	314	3.63047E+01
3727	378	3.63059E+01
1993	106	3.63086E+01
3727	107	3.63112E+01
9736	440	3.63125E+01
9650	434	3.63133E+01
10116	319	3.63143E+01
10116	603	3.63158E+01
7709	515	3.63159E+01
3727	171	3.63192E+01
9564	152	3.63196E+01
5348	273	3.63208E+01
9650	159	3.63279E+01
3727	130	3.63295E+01
3727	212	3.63304E+01
7799	313	3.63315E+01
3727	89	3.63332E+01
5245	144	3.63369E+01
5348	144	3.63375E+01
7709	561	3.63442E+01
7799	232	3.63457E+01
3833	472	3.63469E+01
7799	192	3.63502E+01
3727	28	3.63508E+01
3727	587	3.63553E+01
10116	235	3.63562E+01
3727	545	3.63567E+01
9736	192	3.63593E+01
10116	238	3.63597E+01
3833	226	3.63605E+01
5348	479	3.63605E+01
3727	336	3.63611E+01
7799	436	3.63625E+01
7693	237	3.63651E+01
3727	503	3.63668E+01
7783	433	3.63682E+01
3727	72	3.63683E+01
3727	253	3.63692E+01
3727	469	3.63708E+01
11850	477	3.63743E+01
11782	233	3.63765E+01
3833	307	3.63781E+01
7799	352	3.63794E+01
8679	433	3.63797E+01
7709	227	3.63854E+01
3727	461	3.63863E+01
3833	348	3.63863E+01
7799	477	3.63866E+01
3727	47	3.63895E+01
1993	146	3.63915E+01
11850	234	3.63930E+01
7619	111	3.63932E+01
3727	29	3.63955E+01
3727	552	3.63975E+01
5348	604	3.63988E+01
10202	483	3.64007E+01
7799	395	3.64012E+01
1993	145	3.64018E+01
7619	390	3.64022E+01
1993	40	3.64062E+01
3727	5	3.64080E+01
9650	230	3.64111E+01
7799	354	3.64116E+01
9650	237	3.64118E+01
3727	419	3.64158E+01
