GRAM	c2h2	chi_tot
7956	317	3.77227E+01
8046	317	3.77557E+01
7956	277	3.78034E+01
7956	276	3.78053E+01
7956	316	3.78392E+01
8046	277	3.78624E+01
7956	357	3.78825E+01
8046	357	3.78938E+01
8046	316	3.79274E+01
8046	276	3.79315E+01
7956	237	3.81063E+01
8046	237	3.82241E+01
8046	398	3.83779E+01
7956	398	3.84288E+01
8046	358	3.85169E+01
7956	358	3.85412E+01
7956	236	3.85789E+01
7956	238	3.86865E+01
7956	356	3.86892E+01
8046	238	3.87290E+01
8046	356	3.87427E+01
8046	236	3.87712E+01
8046	397	3.89024E+01
7956	397	3.89313E+01
7956	275	3.89593E+01
8046	318	3.89928E+01
7956	318	3.90117E+01
8046	439	3.90599E+01
8046	278	3.90646E+01
7956	278	3.90719E+01
7956	198	3.91164E+01
8046	275	3.91535E+01
7956	439	3.91738E+01
7956	315	3.92338E+01
8046	198	3.92738E+01
8046	315	3.93804E+01
7956	199	3.93819E+01
8046	199	3.94612E+01
8046	399	3.94636E+01
7956	399	3.95255E+01
8046	438	3.95499E+01
7956	438	3.96638E+01
7956	197	3.97055E+01
8046	480	3.98682E+01
8046	197	3.99393E+01
7956	235	4.00074E+01
7956	480	4.00605E+01
8046	440	4.02691E+01
8046	235	4.02732E+01
7956	440	4.03671E+01
8046	239	4.04001E+01
7956	239	4.04337E+01
8046	479	4.05884E+01
8046	200	4.05937E+01
7956	200	4.05944E+01
8046	359	4.07464E+01
7956	359	4.07992E+01
7956	479	4.08018E+01
7956	355	4.08270E+01
8046	521	4.08733E+01
7956	161	4.08807E+01
7956	396	4.08919E+01
8046	481	4.08940E+01
8046	396	4.08953E+01
8046	355	4.09289E+01
7956	160	4.09320E+01
8046	161	4.10087E+01
7956	481	4.10438E+01
7956	196	4.10750E+01
8046	160	4.11351E+01
7956	274	4.11609E+01
7956	521	4.11706E+01
8046	196	4.13835E+01
8046	274	4.14236E+01
8046	522	4.14604E+01
7956	162	4.15438E+01
8046	437	4.15936E+01
8046	162	4.15947E+01
7956	159	4.16386E+01
8046	279	4.16677E+01
7956	522	4.16916E+01
7956	437	4.16923E+01
7956	279	4.17402E+01
8046	319	4.17714E+01
7956	314	4.17873E+01
7956	319	4.18382E+01
8046	159	4.19152E+01
8046	314	4.19952E+01
8046	520	4.20433E+01
8046	563	4.21580E+01
8046	562	4.22080E+01
8046	400	4.22906E+01
7956	234	4.23110E+01
7956	400	4.23519E+01
7956	520	4.23796E+01
7956	563	4.25096E+01
7956	562	4.26444E+01
8046	234	4.26497E+01
8046	201	4.27809E+01
7956	201	4.28633E+01
8046	478	4.29045E+01
7956	158	4.29555E+01
8046	163	4.29684E+01
7956	163	4.29966E+01
7956	478	4.31186E+01
7956	195	4.31671E+01
8046	604	4.31861E+01
8046	441	4.33025E+01
8046	158	4.33040E+01
8046	240	4.33647E+01
7956	441	4.33677E+01
7956	240	4.34751E+01
8046	195	4.35489E+01
7956	604	4.37022E+01
8046	482	4.37873E+01
7956	482	4.38723E+01
8046	523	4.39275E+01
8046	564	4.39742E+01
8046	561	4.39941E+01
8046	603	4.40143E+01
7956	523	4.40642E+01
7956	354	4.41625E+01
7956	395	4.41626E+01
8046	605	4.41862E+01
7956	564	4.42066E+01
8046	395	4.42080E+01
7956	273	4.43169E+01
8046	354	4.43187E+01
7956	561	4.44819E+01
7956	605	4.45651E+01
7956	603	4.46267E+01
8046	273	4.46489E+01
8046	360	4.47089E+01
7956	360	4.47823E+01
8046	519	4.48119E+01
7956	157	4.48486E+01
8046	436	4.50301E+01
7956	436	4.50993E+01
7956	519	4.51611E+01
8046	157	4.52675E+01
7956	122	4.53210E+01
7956	313	4.53869E+01
7956	233	4.54220E+01
8046	313	4.56588E+01
8046	122	4.56847E+01
8046	280	4.58049E+01
8046	233	4.58327E+01
7956	194	4.59371E+01
7956	280	4.59410E+01
8046	202	4.61475E+01
8046	320	4.62200E+01
7956	202	4.63135E+01
7956	320	4.63302E+01
8046	194	4.63908E+01
8046	602	4.65276E+01
8046	477	4.66436E+01
7956	477	4.68390E+01
7956	121	4.68508E+01
8046	401	4.69705E+01
5370	276	4.69842E+01
7956	401	4.70185E+01
8046	606	4.71057E+01
7956	602	4.71971E+01
5370	236	4.72260E+01
5370	237	4.72321E+01
8046	121	4.72796E+01
7956	156	4.72921E+01
5267	276	4.72927E+01
7956	606	4.73062E+01
8046	560	4.73459E+01
5370	316	4.73690E+01
5370	277	4.75062E+01
5267	236	4.75258E+01
5267	237	4.75332E+01
5370	275	4.76748E+01
5267	316	4.76908E+01
8046	565	4.77386E+01
8046	241	4.77572E+01
5370	317	4.77754E+01
8046	156	4.77798E+01
5267	277	4.78101E+01
7956	565	4.78169E+01
7956	560	4.78535E+01
5370	198	4.78910E+01
7956	241	4.79449E+01
5267	275	4.79865E+01
5370	197	4.80427E+01
5267	317	4.80854E+01
5370	357	4.81274E+01
5267	198	4.81889E+01
5370	235	4.82345E+01
8046	442	4.82563E+01
7956	442	4.82713E+01
5370	315	4.82984E+01
5267	197	4.83355E+01
7956	272	4.83411E+01
5370	238	4.83503E+01
8046	524	4.83543E+01
7956	524	4.83679E+01
5370	356	4.84450E+01
5267	357	4.84571E+01
5267	235	4.85323E+01
7956	353	4.85619E+01
7956	394	4.85895E+01
5267	315	4.86294E+01
7956	483	4.86303E+01
8046	483	4.86331E+01
5370	199	4.86482E+01
5267	238	4.86522E+01
8046	394	4.86861E+01
8046	272	4.87427E+01
8046	353	4.87777E+01
5267	356	4.87933E+01
7956	120	4.88312E+01
5267	199	4.89511E+01
8046	518	4.89936E+01
5370	196	4.90277E+01
7956	232	4.92798E+01
5370	398	4.92816E+01
5370	397	4.93046E+01
5267	196	4.93153E+01
5370	358	4.93238E+01
8046	120	4.93241E+01
7956	518	4.93312E+01
7956	193	4.93475E+01
5370	278	4.93580E+01
5370	160	4.94441E+01
5370	274	4.94733E+01
5267	398	4.96222E+01
5267	358	4.96304E+01
5370	318	4.96423E+01
5267	278	4.96558E+01
5267	397	4.96745E+01
8046	435	4.96873E+01
7956	435	4.97138E+01
5267	160	4.97384E+01
8046	232	4.97616E+01
5370	159	4.97666E+01
5267	274	4.97868E+01
5370	161	4.98220E+01
8046	193	4.98718E+01
7956	312	4.99215E+01
5267	318	4.99378E+01
5267	159	5.00538E+01
5267	161	5.01236E+01
5370	355	5.01460E+01
5370	234	5.01757E+01
8046	312	5.02599E+01
7956	155	5.02651E+01
5370	200	5.04084E+01
5370	314	5.04456E+01
5267	234	5.04710E+01
5267	355	5.05086E+01
8046	361	5.05112E+01
8046	601	5.05416E+01
5370	439	5.05543E+01
7956	361	5.05965E+01
5370	438	5.05985E+01
5370	239	5.06951E+01
5267	200	5.07163E+01
5370	158	5.07428E+01
5267	314	5.07832E+01
5370	195	5.07869E+01
8046	155	5.08202E+01
5370	396	5.08264E+01
8046	203	5.08305E+01
5370	399	5.08923E+01
5267	439	5.09150E+01
5370	162	5.09617E+01
5267	239	5.09972E+01
5267	438	5.09994E+01
5267	158	5.10231E+01
5267	195	5.10692E+01
7956	203	5.10820E+01
5267	399	5.11970E+01
5267	396	5.12193E+01
7956	601	5.12309E+01
7956	119	5.12484E+01
5267	162	5.12708E+01
8046	281	5.16027E+01
8046	476	5.16177E+01
7956	476	5.17764E+01
7956	281	5.18003E+01
8046	119	5.18042E+01
5370	480	5.19298E+01
7956	607	5.19609E+01
8046	607	5.19798E+01
8046	559	5.20646E+01
5370	359	5.21623E+01
5370	437	5.22068E+01
5370	440	5.22101E+01
5370	479	5.22726E+01
5370	273	5.22856E+01
5267	480	5.23253E+01
5370	157	5.23378E+01
5267	359	5.24415E+01
8046	321	5.24512E+01
5267	440	5.25217E+01
7956	559	5.25622E+01
5267	273	5.25994E+01
7956	321	5.25998E+01
5267	157	5.26112E+01
5267	437	5.26393E+01
5370	279	5.26667E+01
5267	479	5.27182E+01
5370	163	5.29420E+01
5267	279	5.29568E+01
5370	233	5.29804E+01
5370	319	5.30977E+01
5370	354	5.30985E+01
7956	271	5.31476E+01
5370	122	5.32351E+01
5267	163	5.32590E+01
5267	233	5.32724E+01
5370	194	5.32742E+01
5370	201	5.32830E+01
5370	481	5.33090E+01
7956	192	5.33628E+01
7956	566	5.33713E+01
5267	319	5.33757E+01
5267	354	5.34715E+01
8046	566	5.34817E+01
5267	122	5.35122E+01
5370	521	5.35329E+01
5267	194	5.35510E+01
8046	402	5.35841E+01
5267	201	5.35958E+01
7956	402	5.36058E+01
8046	271	5.36193E+01
5267	481	5.36429E+01
5370	313	5.36970E+01
5370	395	5.37029E+01
8046	242	5.37118E+01
7956	154	5.37489E+01
7956	231	5.38244E+01
7956	352	5.38882E+01
8046	192	5.39561E+01
7956	242	5.39768E+01
5267	521	5.39821E+01
7956	393	5.40140E+01
5267	313	5.40386E+01
7956	118	5.40880E+01
5267	395	5.41129E+01
8046	352	5.41687E+01
8046	393	5.41702E+01
5370	478	5.41988E+01
5370	400	5.42588E+01
8046	154	5.43699E+01
8046	231	5.43766E+01
5370	522	5.43792E+01
8046	517	5.43859E+01
5370	520	5.43931E+01
5370	240	5.43934E+01
5370	121	5.44872E+01
5267	400	5.45210E+01
5370	156	5.45251E+01
7956	525	5.46359E+01
5267	478	5.46834E+01
7956	517	5.46892E+01
5267	240	5.46951E+01
8046	118	5.47053E+01
5267	522	5.47563E+01
5267	121	5.47569E+01
8046	525	5.47743E+01
5267	156	5.47917E+01
5267	520	5.49001E+01
7956	443	5.51362E+01
8046	443	5.51893E+01
5370	436	5.52256E+01
7956	311	5.52781E+01
7956	434	5.53577E+01
7956	484	5.53603E+01
8046	434	5.53864E+01
8046	484	5.54741E+01
5370	562	5.55386E+01
5370	563	5.56653E+01
5370	441	5.56801E+01
5267	436	5.56815E+01
8046	311	5.56854E+01
8046	600	5.58444E+01
5267	441	5.59334E+01
5370	272	5.60228E+01
5267	562	5.60625E+01
5267	563	5.61096E+01
5370	120	5.62228E+01
5267	272	5.63355E+01
5370	193	5.64506E+01
5267	120	5.64853E+01
5370	482	5.65187E+01
7956	600	5.65188E+01
5370	232	5.65853E+01
5267	193	5.67217E+01
5370	360	5.67619E+01
5267	482	5.67791E+01
5370	519	5.68152E+01
5267	232	5.68734E+01
8046	204	5.69745E+01
5267	360	5.70088E+01
5370	523	5.70401E+01
5370	561	5.70701E+01
5370	353	5.71683E+01
5370	155	5.72834E+01
7956	204	5.73130E+01
5267	523	5.73303E+01
7956	117	5.73343E+01
5267	519	5.73662E+01
5370	202	5.73987E+01
5370	604	5.74037E+01
5267	155	5.75432E+01
5370	477	5.75455E+01
5267	353	5.75476E+01
5370	280	5.75621E+01
5370	564	5.75641E+01
8046	475	5.76309E+01
5267	561	5.76565E+01
5267	202	5.77166E+01
7956	153	5.77223E+01
7956	475	5.77365E+01
5370	394	5.77821E+01
5267	280	5.78429E+01
5267	564	5.79111E+01
8046	558	5.79346E+01
5370	312	5.79393E+01
5267	604	5.79405E+01
7956	191	5.79427E+01
8046	117	5.80115E+01
5267	477	5.80583E+01
5370	603	5.81149E+01
5267	394	5.82035E+01
8046	362	5.82307E+01
5370	320	5.82641E+01
5267	312	5.82824E+01
7956	362	5.83188E+01
7956	558	5.83951E+01
5370	605	5.83977E+01
8046	153	5.84076E+01
5370	119	5.84284E+01
7956	608	5.85122E+01
5267	320	5.85217E+01
8046	191	5.86036E+01
7956	270	5.86465E+01
5267	119	5.86838E+01
5267	603	5.87350E+01
8046	608	5.87902E+01
5267	605	5.88306E+01
7956	230	5.89914E+01
8046	282	5.91726E+01
8046	270	5.91886E+01
7956	282	5.94292E+01
5370	401	5.94828E+01
5370	435	5.94876E+01
5370	241	5.95786E+01
8046	230	5.96130E+01
5267	401	5.96957E+01
5267	241	5.98792E+01
5267	435	5.99591E+01
7956	351	6.00000E+01
5370	560	6.01062E+01
7956	392	6.02732E+01
5370	192	6.02781E+01
8046	351	6.03498E+01
5370	602	6.04072E+01
8046	392	6.04967E+01
5267	192	6.05431E+01
8046	322	6.05539E+01
5370	154	6.05931E+01
5370	271	6.05956E+01
5370	518	6.06262E+01
7956	322	6.07352E+01
5267	560	6.07385E+01
8046	516	6.07784E+01
5267	154	6.08461E+01
7956	567	6.08517E+01
5267	271	6.09057E+01
5370	231	6.09273E+01
7956	116	6.09688E+01
7956	516	6.10267E+01
5370	442	6.10492E+01
5370	118	6.10899E+01
5267	602	6.10903E+01
5370	606	6.11726E+01
8046	567	6.11848E+01
5267	518	6.12081E+01
5267	231	6.12106E+01
5267	442	6.12349E+01
5370	565	6.13027E+01
7956	310	6.13379E+01
5267	118	6.13383E+01
8046	243	6.13553E+01
5267	606	6.14806E+01
5267	565	6.15344E+01
5370	524	6.15825E+01
5370	483	6.16316E+01
7956	243	6.16974E+01
8046	116	6.17044E+01
5267	524	6.17708E+01
5267	483	6.18065E+01
8046	310	6.18159E+01
7956	433	6.18495E+01
8046	433	6.19446E+01
5370	476	6.21321E+01
7956	152	6.21574E+01
7956	403	6.21576E+01
8046	403	6.21756E+01
8046	599	6.22095E+01
5370	352	6.22160E+01
5267	352	6.25979E+01
5267	476	6.26632E+01
7956	599	6.28376E+01
7956	526	6.28559E+01
5370	203	6.28939E+01
5370	393	6.29045E+01
8046	152	6.29051E+01
7956	190	6.30381E+01
5370	311	6.30558E+01
8046	526	6.31746E+01
5267	203	6.32171E+01
5370	361	6.32211E+01
5267	393	6.33318E+01
5267	311	6.33979E+01
5267	361	6.34309E+01
8046	190	6.37648E+01
7956	444	6.39805E+01
7956	485	6.40622E+01
5370	601	6.41154E+01
8046	444	6.41200E+01
5370	281	6.41665E+01
5370	117	6.41914E+01
8046	485	6.43101E+01
5370	153	6.44314E+01
5267	117	6.44329E+01
5267	281	6.44365E+01
5370	559	6.44632E+01
8046	474	6.44842E+01
7956	474	6.45218E+01
5267	153	6.46775E+01
7956	229	6.47063E+01
5370	191	6.47134E+01
8046	557	6.47342E+01
7956	269	6.47393E+01
5370	434	6.48161E+01
5267	601	6.48427E+01
7956	115	6.49685E+01
5267	191	6.49720E+01
5267	559	6.51260E+01
7956	557	6.51329E+01
5370	321	6.52478E+01
5267	434	6.52961E+01
8046	269	6.53518E+01
8046	229	6.53963E+01
5267	321	6.54819E+01
5370	517	6.56338E+01
5370	607	6.57524E+01
8046	115	6.57605E+01
5370	270	6.59094E+01
5267	607	6.59146E+01
5370	230	6.59373E+01
5267	230	6.62152E+01
5267	270	6.62154E+01
5267	517	6.62345E+01
5370	242	6.63830E+01
5370	402	6.66359E+01
5267	242	6.66821E+01
7956	350	6.67502E+01
5267	402	6.67924E+01
7956	609	6.68997E+01
5370	566	6.69009E+01
5267	566	6.69997E+01
7956	151	6.70142E+01
8046	350	6.71733E+01
7956	391	6.72009E+01
8046	609	6.74744E+01
8046	391	6.74984E+01
5370	116	6.77137E+01
5370	475	6.77674E+01
8046	151	6.78225E+01
8046	363	6.79133E+01
5267	116	6.79483E+01
8046	515	6.79593E+01
7956	309	6.79733E+01
7956	363	6.79946E+01
5370	525	6.80289E+01
5370	351	6.80963E+01
5267	525	6.81007E+01
7956	515	6.81344E+01
5267	475	6.83078E+01
5370	443	6.83662E+01
5267	443	6.84749E+01
5267	351	6.84771E+01
7956	81	6.84799E+01
8046	309	6.85239E+01
7956	189	6.85866E+01
8046	283	6.86055E+01
5370	484	6.86802E+01
5267	484	6.87576E+01
5370	152	6.87672E+01
5370	392	6.89050E+01
7956	283	6.89181E+01
5370	310	6.89225E+01
7956	432	6.90058E+01
5267	152	6.90064E+01
5370	600	6.90460E+01
8046	432	6.91770E+01
5267	310	6.92612E+01
8046	81	6.93009E+01
7956	114	6.93032E+01
5267	392	6.93331E+01
8046	189	6.93774E+01
8046	598	6.94064E+01
5370	190	6.97028E+01
5267	600	6.98000E+01
5370	204	6.99140E+01
5370	558	6.99390E+01
5267	190	6.99549E+01
7956	598	6.99604E+01
8046	114	7.01497E+01
7956	568	7.02009E+01
5267	204	7.02426E+01
8046	323	7.05901E+01
5267	558	7.06182E+01
8046	568	7.07888E+01
7956	323	7.07980E+01
8046	244	7.08001E+01
7956	228	7.08813E+01
5370	433	7.10288E+01
7956	244	7.12186E+01
7956	268	7.13149E+01
12217	319	7.14965E+01
12159	319	7.15006E+01
12101	319	7.15027E+01
5267	433	7.15103E+01
5370	229	7.15355E+01
12217	359	7.15455E+01
12159	359	7.15616E+01
12101	359	7.15691E+01
5370	362	7.16095E+01
5370	115	7.16317E+01
5370	516	7.16353E+01
8046	228	7.16383E+01
12217	279	7.16874E+01
12159	279	7.16882E+01
12101	279	7.16886E+01
5267	362	7.17774E+01
5267	229	7.18073E+01
12217	400	7.18331E+01
12159	400	7.18465E+01
12101	400	7.18534E+01
5267	115	7.18596E+01
5370	269	7.18599E+01
7956	473	7.19351E+01
8046	473	7.19784E+01
8046	268	7.19976E+01
12217	318	7.20553E+01
12159	318	7.20726E+01
12101	318	7.20803E+01
5267	608	7.21103E+01
5370	608	7.21138E+01
5267	269	7.21604E+01
12101	360	7.21830E+01
12159	360	7.21851E+01
12217	360	7.21918E+01
7956	80	7.22002E+01
7956	150	7.22389E+01
8046	556	7.22416E+01
5267	516	7.22438E+01
12217	399	7.22872E+01
12101	240	7.23178E+01
12159	240	7.23194E+01
12217	240	7.23232E+01
12159	399	7.23299E+01
12217	441	7.23429E+01
12101	399	7.23492E+01
12159	441	7.23564E+01
12101	441	7.23638E+01
12217	278	7.23738E+01
12159	278	7.23816E+01
12101	278	7.23850E+01
12217	440	7.24906E+01
12101	280	7.25027E+01
12159	280	7.25059E+01
12217	280	7.25137E+01
12159	440	7.25438E+01
7956	556	7.25571E+01
12101	239	7.25571E+01
12159	239	7.25575E+01
12217	239	7.25586E+01
12101	440	7.25682E+01
5370	282	7.25875E+01
12101	320	7.25932E+01
12159	320	7.25978E+01
12217	320	7.26091E+01
12217	358	7.26536E+01
7956	404	7.26851E+01
12159	358	7.26892E+01
12101	358	7.27051E+01
8046	404	7.27567E+01
5267	282	7.28449E+01
12217	482	7.28513E+01
12159	482	7.28716E+01
12101	482	7.28826E+01
7956	527	7.29792E+01
12217	481	7.30169E+01
8046	80	7.30686E+01
12159	481	7.30875E+01
8046	150	7.31055E+01
12101	481	7.31199E+01
12101	401	7.32602E+01
12159	401	7.32678E+01
12217	401	7.32882E+01
12217	523	7.33458E+01
12101	201	7.33616E+01
12159	201	7.33639E+01
12217	201	7.33691E+01
12159	523	7.33831E+01
12101	523	7.34023E+01
12101	241	7.34685E+01
12159	241	7.34717E+01
12217	241	7.34790E+01
8046	527	7.35054E+01
5370	151	7.35570E+01
12101	202	7.36686E+01
12159	202	7.36707E+01
12217	202	7.36754E+01
5267	151	7.37894E+01
12217	522	7.38107E+01
12159	522	7.39084E+01
12217	564	7.39240E+01
7956	113	7.39338E+01
12101	522	7.39532E+01
7956	349	7.39850E+01
12159	564	7.39911E+01
12101	564	7.40239E+01
12217	238	7.40449E+01
12159	238	7.40460E+01
12101	238	7.40463E+01
5370	322	7.41317E+01
12217	317	7.41449E+01
12101	442	7.41625E+01
12159	317	7.41733E+01
12159	442	7.41746E+01
12101	200	7.41830E+01
12101	317	7.41857E+01
12159	200	7.41857E+01
12217	200	7.41917E+01
12217	442	7.42070E+01
5370	474	7.42552E+01
5267	567	7.42833E+01
5370	567	7.43346E+01
5267	322	7.43392E+01
12217	277	7.44315E+01
12159	277	7.44451E+01
12101	277	7.44510E+01
8046	349	7.44845E+01
7956	188	7.45109E+01
12217	398	7.45213E+01
12217	439	7.45339E+01
12159	398	7.45887E+01
12101	398	7.46187E+01
12159	439	7.46208E+01
7956	390	7.46268E+01
5370	350	7.46570E+01
12101	439	7.46596E+01
12101	361	7.46702E+01
12159	361	7.46835E+01
7956	486	7.47010E+01
12101	483	7.47123E+01
12217	361	7.47162E+01
12159	483	7.47259E+01
12217	605	7.47287E+01
12217	483	7.47638E+01
7956	445	7.47892E+01
5267	474	7.47964E+01
8046	113	7.48326E+01
12159	605	7.48399E+01
12101	605	7.48926E+01
12217	563	7.49222E+01
5370	243	7.49313E+01
12101	524	7.49565E+01
12101	281	7.49653E+01
12159	524	7.49669E+01
12159	281	7.49727E+01
5370	599	7.49892E+01
12217	281	7.49903E+01
12217	524	7.49996E+01
8046	390	7.50040E+01
5267	350	7.50333E+01
8046	445	7.50333E+01
7956	308	7.50471E+01
12101	565	7.50499E+01
12159	565	7.50511E+01
12159	563	7.50585E+01
12217	565	7.50648E+01
8046	486	7.51056E+01
12101	563	7.51206E+01
12217	606	7.51525E+01
12217	480	7.51538E+01
12159	606	7.51737E+01
5370	189	7.51789E+01
12101	606	7.51885E+01
5267	243	7.52283E+01
12101	203	7.52443E+01
12159	203	7.52463E+01
12217	203	7.52509E+01
12159	480	7.52670E+01
12101	480	7.53176E+01
8046	188	7.53638E+01
12217	357	7.53759E+01
5370	309	7.54062E+01
5267	189	7.54241E+01
12159	357	7.54277E+01
12101	357	7.54506E+01
5370	81	7.54654E+01
12101	321	7.54795E+01
12159	321	7.54916E+01
12217	321	7.55206E+01
5370	391	7.56128E+01
8046	308	7.56710E+01
5267	81	7.56863E+01
8046	514	7.57183E+01
12101	163	7.57269E+01
12159	163	7.57308E+01
5267	309	7.57392E+01
12217	163	7.57396E+01
5267	599	7.57541E+01
5370	403	7.57544E+01
7956	514	7.58042E+01
5267	403	7.58476E+01
5370	114	7.59124E+01
12101	199	7.60074E+01
12159	199	7.60106E+01
12217	199	7.60177E+01
5267	391	7.60369E+01
5267	114	7.61338E+01
7956	79	7.61371E+01
12101	242	7.61527E+01
12159	242	7.61576E+01
12217	242	7.61692E+01
12217	521	7.62910E+01
5267	526	7.63016E+01
5370	557	7.63223E+01
5370	526	7.63606E+01
12159	521	7.64394E+01
12217	604	7.64458E+01
12101	521	7.65058E+01
12159	604	7.66333E+01
7956	431	7.66423E+01
12217	237	7.66526E+01
12159	237	7.66549E+01
12101	237	7.66558E+01
12101	402	7.66701E+01
12159	402	7.66941E+01
12101	604	7.67182E+01
12217	402	7.67528E+01
8046	431	7.68979E+01
5267	557	7.70053E+01
7956	610	7.70367E+01
8046	79	7.70509E+01
12101	162	7.70706E+01
12159	162	7.70757E+01
12217	162	7.70873E+01
8046	597	7.72072E+01
7956	227	7.74127E+01
12217	316	7.76244E+01
5267	485	7.76255E+01
5370	228	7.76282E+01
5370	444	7.76419E+01
5370	485	7.76572E+01
12159	316	7.76617E+01
7956	597	7.76632E+01
5267	444	7.76645E+01
12101	607	7.76650E+01
12101	316	7.76780E+01
12159	607	7.76936E+01
12217	276	7.77264E+01
12159	276	7.77445E+01
12101	276	7.77523E+01
7956	149	7.77630E+01
12217	607	7.77759E+01
5267	228	7.78930E+01
5370	432	7.79394E+01
8046	610	7.79431E+01
12217	562	7.79524E+01
12101	443	7.80442E+01
12159	443	7.80783E+01
12159	562	7.81461E+01
12217	443	7.81625E+01
12101	562	7.82327E+01
8046	227	7.82353E+01
12101	204	7.82398E+01
12159	204	7.82419E+01
12217	204	7.82467E+01
7956	267	7.82487E+01
12101	566	7.82521E+01
12159	566	7.82922E+01
12217	438	7.83292E+01
5370	268	7.83298E+01
12217	397	7.83893E+01
12217	566	7.83979E+01
5267	432	7.84164E+01
5370	515	7.84243E+01
12159	438	7.84438E+01
12159	397	7.84769E+01
12101	438	7.84945E+01
12101	397	7.85156E+01
5267	268	7.86236E+01
12101	525	7.86715E+01
12101	484	7.86738E+01
8046	149	7.86856E+01
12159	484	7.87152E+01
12159	525	7.87154E+01
12101	198	7.87269E+01
12159	198	7.87308E+01
12217	198	7.87393E+01
5370	150	7.87423E+01
7956	112	7.88109E+01
12217	484	7.88188E+01
12217	525	7.88274E+01
5267	150	7.89678E+01
8046	267	7.90010E+01
5267	515	7.90307E+01
12217	479	7.91193E+01
5370	80	7.91237E+01
12101	362	7.91264E+01
12159	362	7.91522E+01
12101	161	7.91586E+01
12159	161	7.91651E+01
12217	161	7.91795E+01
12101	282	7.92016E+01
12159	282	7.92138E+01
12217	362	7.92142E+01
12217	282	7.92427E+01
12159	479	7.92674E+01
12101	479	7.93329E+01
5267	80	7.93388E+01
12217	356	7.95668E+01
8046	364	7.95792E+01
12159	356	7.96318E+01
7956	364	7.96440E+01
12101	356	7.96603E+01
8046	112	7.97596E+01
7956	472	7.97811E+01
8046	472	7.99158E+01
8046	284	7.99693E+01
5267	609	8.00087E+01
12217	603	8.01852E+01
5370	609	8.01971E+01
8046	555	8.02394E+01
7956	78	8.02509E+01
12101	322	8.02662E+01
12217	236	8.02682E+01
12159	236	8.02711E+01
12101	236	8.02722E+01
12159	322	8.02868E+01
7956	284	8.03345E+01
12217	322	8.03357E+01
12159	603	8.04352E+01
7956	555	8.04536E+01
12101	243	8.05089E+01
5370	113	8.05133E+01
12159	243	8.05160E+01
12217	243	8.05325E+01
12101	603	8.05466E+01
12217	520	8.06399E+01
7956	187	8.07187E+01
5267	113	8.07283E+01
12159	520	8.08294E+01
12101	520	8.09134E+01
5370	188	8.10586E+01
8046	78	8.12080E+01
5267	188	8.12968E+01
7956	569	8.13387E+01
5370	473	8.13974E+01
5435	228	8.15217E+01
7956	348	8.15450E+01
5435	269	8.15516E+01
5435	229	8.15670E+01
5435	268	8.16099E+01
8046	187	8.16314E+01
5435	189	8.16500E+01
5435	309	8.17079E+01
5370	598	8.17283E+01
5370	349	8.17380E+01
5435	188	8.18609E+01
5332	228	8.18636E+01
5332	269	8.19015E+01
5332	229	8.19159E+01
12101	160	8.19201E+01
12159	160	8.19280E+01
5267	473	8.19319E+01
12217	160	8.19453E+01
5332	268	8.19555E+01
5370	363	8.19676E+01
5332	189	8.19932E+01
5435	310	8.19973E+01
5435	190	8.20245E+01
5332	309	8.20601E+01
5435	350	8.20670E+01
5267	363	8.20887E+01
5435	150	8.20887E+01
5435	227	8.20988E+01
5267	349	8.21067E+01
8046	348	8.21231E+01
12217	275	8.21381E+01
8046	245	8.21383E+01
12101	403	8.21469E+01
12159	275	8.21593E+01
12101	275	8.21684E+01
5435	308	8.21750E+01
12159	403	8.21890E+01
5332	188	8.21951E+01
8046	569	8.22116E+01
5435	151	8.22271E+01
5435	270	8.22400E+01
12101	197	8.22530E+01
12159	197	8.22578E+01
12217	197	8.22680E+01
12217	403	8.22908E+01
5435	230	8.22966E+01
12101	608	8.23236E+01
5435	267	8.23342E+01
5332	310	8.23494E+01
12217	315	8.23602E+01
5370	308	8.23628E+01
5332	190	8.23767E+01
7956	389	8.23789E+01
12159	608	8.24011E+01
12159	315	8.24044E+01
7956	307	8.24123E+01
12101	315	8.24237E+01
5332	350	8.24242E+01
5332	150	8.24254E+01
5332	227	8.24330E+01
5435	349	8.24339E+01
5435	149	8.24426E+01
5267	598	8.24901E+01
5435	351	8.25193E+01
5332	308	8.25252E+01
5435	391	8.25629E+01
5332	151	8.25738E+01
5332	270	8.25930E+01
8046	324	8.25981E+01
12217	608	8.25996E+01
5435	187	8.26033E+01
7956	245	8.26320E+01
5332	230	8.26521E+01
5332	267	8.26742E+01
5267	308	8.26881E+01
5332	149	8.27695E+01
5332	349	8.27933E+01
5435	113	8.27992E+01
7956	324	8.28262E+01
8046	389	8.28399E+01
5370	390	8.28528E+01
12217	561	8.28572E+01
5332	351	8.28710E+01
5435	152	8.28905E+01
5370	283	8.29121E+01
5332	391	8.29267E+01
5332	187	8.29283E+01
5435	114	8.29607E+01
5435	390	8.29767E+01
5435	392	8.30008E+01
5370	79	8.30196E+01
5435	191	8.30243E+01
5435	112	8.30467E+01
12159	561	8.30970E+01
8046	307	8.31100E+01
5332	113	8.31330E+01
5435	311	8.31362E+01
5267	283	8.31554E+01
5435	432	8.31867E+01
12101	561	8.32032E+01
5435	226	8.32219E+01
5267	79	8.32291E+01
5435	148	8.32422E+01
5332	152	8.32472E+01
5267	390	8.32688E+01
5435	307	8.32960E+01
5332	114	8.33044E+01
5267	568	8.33283E+01
5332	390	8.33467E+01
5332	392	8.33537E+01
5332	112	8.33710E+01
5332	191	8.33852E+01
5370	556	8.33999E+01
5435	433	8.34581E+01
5332	311	8.34856E+01
7956	148	8.35046E+01
5435	348	8.35050E+01
5370	568	8.35460E+01
5332	226	8.35481E+01
5435	115	8.35542E+01
5332	148	8.35595E+01
5332	432	8.35613E+01
5435	266	8.36314E+01
12101	567	8.36319E+01
5332	307	8.36422E+01
5435	111	8.36705E+01
12217	437	8.37128E+01
12159	567	8.37153E+01
12217	396	8.37352E+01
5435	271	8.37444E+01
5435	231	8.37605E+01
5435	431	8.37686E+01
5435	186	8.38094E+01
5332	433	8.38168E+01
7956	513	8.38336E+01
12159	396	8.38387E+01
12159	437	8.38493E+01
8046	513	8.38494E+01
5332	348	8.38634E+01
7956	111	8.38746E+01
12101	396	8.38842E+01
5435	79	8.38900E+01
5435	352	8.38987E+01
5332	115	8.39080E+01
12101	437	8.39093E+01
12217	567	8.39240E+01
5335	237	8.39486E+01
5332	266	8.39647E+01
5435	474	8.39729E+01
5435	473	8.39847E+01
5332	111	8.39856E+01
5435	78	8.40010E+01
12101	444	8.40474E+01
5267	556	8.40755E+01
5435	153	8.40986E+01
5332	271	8.40990E+01
5435	80	8.41034E+01
5370	227	8.41054E+01
12159	444	8.41059E+01
5435	389	8.41147E+01
5332	231	8.41217E+01
5332	186	8.41253E+01
5332	431	8.41527E+01
5335	238	8.41671E+01
7956	226	8.41824E+01
5332	79	8.42202E+01
5332	352	8.42412E+01
12217	444	8.42480E+01
5370	149	8.42492E+01
5332	78	8.43228E+01
5332	474	8.43444E+01
5335	277	8.43534E+01
5267	227	8.43628E+01
5332	473	8.43756E+01
5335	199	8.43837E+01
5435	77	8.44112E+01
5435	393	8.44127E+01
5435	147	8.44283E+01
5332	80	8.44421E+01
5332	153	8.44655E+01
5267	149	8.44679E+01
8046	148	8.44806E+01
5332	389	8.44866E+01
7956	77	8.44960E+01
5335	198	8.45232E+01
12101	526	8.45549E+01
7956	430	8.45760E+01
5438	237	8.45880E+01
5435	116	8.45942E+01
5435	110	8.46277E+01
12159	526	8.46360E+01
5435	515	8.46464E+01
5435	81	8.46591E+01
5435	192	8.46772E+01
5435	434	8.47176E+01
5332	77	8.47248E+01
5332	147	8.47364E+01
12217	478	8.47412E+01
5332	393	8.47494E+01
12101	485	8.47871E+01
5438	238	8.47931E+01
12217	235	8.47969E+01
12159	235	8.47997E+01
12101	235	8.48006E+01
5335	276	8.48017E+01
5435	225	8.48023E+01
5435	472	8.48218E+01
12217	526	8.48365E+01
12159	485	8.48594E+01
8046	111	8.48708E+01
12159	478	8.49165E+01
8046	430	8.49223E+01
5435	475	8.49315E+01
5335	236	8.49316E+01
5332	110	8.49340E+01
7956	528	8.49363E+01
5332	116	8.49582E+01
5435	306	8.49592E+01
5438	277	8.49639E+01
5370	323	8.49736E+01
12101	478	8.49938E+01
5332	81	8.50069E+01
5435	514	8.50168E+01
5438	199	8.50294E+01
12217	485	8.50362E+01
5332	515	8.50387E+01
5332	192	8.50468E+01
5332	434	8.50537E+01
5435	430	8.50655E+01
8046	226	8.50682E+01
12217	355	8.50820E+01
5435	76	8.50884E+01
5332	225	8.51200E+01
5267	323	8.51514E+01
12159	355	8.51571E+01
5435	347	8.51585E+01
7956	405	8.51775E+01
5438	198	8.51854E+01
5370	267	8.51881E+01
12101	355	8.51899E+01
5435	516	8.51999E+01
5435	312	8.52087E+01
5332	472	8.52244E+01
5332	475	8.52751E+01
5332	306	8.52996E+01
12101	159	8.53004E+01
5335	200	8.53080E+01
12159	159	8.53097E+01
8046	405	8.53162E+01
12101	283	8.53178E+01
12217	159	8.53301E+01
5335	278	8.53303E+01
5370	244	8.53335E+01
12159	283	8.53355E+01
5370	431	8.53598E+01
12217	283	8.53769E+01
5370	112	8.53807E+01
8046	596	8.53913E+01
5332	76	8.53943E+01
5435	265	8.53979E+01
5435	185	8.54000E+01
7956	266	8.54048E+01
5438	276	8.54213E+01
5335	317	8.54297E+01
5332	514	8.54303E+01
5332	430	8.54536E+01
5267	267	8.54739E+01
8046	77	8.54940E+01
5332	347	8.55132E+01
5332	312	8.55531E+01
5332	516	8.55608E+01
5435	556	8.55678E+01
5438	236	8.55848E+01
5267	112	8.55895E+01
12101	363	8.56149E+01
5267	244	8.56279E+01
5335	197	8.56428E+01
12159	363	8.56547E+01
5435	557	8.56571E+01
5335	239	8.56878E+01
8046	528	8.56958E+01
5332	185	8.57069E+01
5332	265	8.57236E+01
7956	596	8.57296E+01
12217	363	8.57494E+01
12217	602	8.57736E+01
5370	514	8.57940E+01
5267	431	8.58270E+01
5435	388	8.58453E+01
5435	154	8.58618E+01
5435	109	8.58660E+01
5435	146	8.59320E+01
5438	278	8.59328E+01
5438	200	8.59371E+01
5332	556	8.59887E+01
5435	75	8.59949E+01
5435	232	8.59993E+01
5335	161	8.60117E+01
5438	317	8.60119E+01
5335	316	8.60206E+01
5332	557	8.60454E+01
12159	602	8.60724E+01
5435	117	8.60885E+01
5435	272	8.61260E+01
5435	513	8.61589E+01
5332	109	8.61639E+01
12101	602	8.62047E+01
5332	388	8.62153E+01
8046	266	8.62251E+01
5332	146	8.62313E+01
5332	154	8.62389E+01
5332	75	8.62936E+01
5438	239	8.63006E+01
5335	162	8.63037E+01
5435	353	8.63064E+01
5438	197	8.63211E+01
5267	527	8.63235E+01
5435	555	8.63315E+01
5435	471	8.63382E+01
5332	232	8.63657E+01
5267	514	8.63896E+01
5335	318	8.64019E+01
5435	598	8.64063E+01
5332	117	8.64631E+01
5332	272	8.64809E+01
12101	196	8.65163E+01
12159	196	8.65221E+01
5335	160	8.65230E+01
5370	527	8.65271E+01
12217	196	8.65344E+01
5335	275	8.65715E+01
5332	513	8.65846E+01
5438	316	8.66060E+01
5332	353	8.66359E+01
12101	244	8.66644E+01
12217	519	8.66732E+01
12159	244	8.66739E+01
5438	161	8.66770E+01
12217	244	8.66963E+01
5435	224	8.67424E+01
5332	471	8.67456E+01
5435	558	8.67557E+01
5332	555	8.67734E+01
5435	597	8.67977E+01
5435	517	8.68281E+01
5332	598	8.68315E+01
5370	404	8.68450E+01
5267	404	8.68681E+01
12159	519	8.68944E+01
5435	394	8.69164E+01
5435	599	8.69372E+01
5435	429	8.69378E+01
5438	162	8.69513E+01
5438	318	8.69834E+01
12101	519	8.69920E+01
5435	476	8.70032E+01
5435	193	8.70036E+01
5335	235	8.70285E+01
12101	323	8.70317E+01
5435	305	8.70478E+01
5332	224	8.70516E+01
12159	323	8.70618E+01
5435	74	8.70890E+01
5435	435	8.70970E+01
5332	558	8.70988E+01
5335	357	8.70989E+01
7956	186	8.71043E+01
5370	78	8.71107E+01
12217	323	8.71328E+01
5332	517	8.71465E+01
5438	275	8.72017E+01
5438	160	8.72055E+01
7956	487	8.72227E+01
5332	394	8.72315E+01
5370	187	8.72436E+01
5332	597	8.72541E+01
5435	346	8.72695E+01
5435	184	8.72882E+01
5332	476	8.73098E+01
5267	78	8.73147E+01
5332	599	8.73170E+01
5332	429	8.73249E+01
5435	108	8.73260E+01
5335	358	8.73431E+01
5332	74	8.73808E+01
5332	305	8.73811E+01
5332	193	8.73816E+01
5335	201	8.73965E+01
5332	435	8.74032E+01
5335	163	8.74702E+01
5267	187	8.74746E+01
5435	264	8.75253E+01
7956	446	8.75277E+01
12217	274	8.75601E+01
12159	274	8.75833E+01
5332	184	8.75864E+01
12101	274	8.75932E+01
5332	108	8.76160E+01
5332	346	8.76181E+01
5438	357	8.76432E+01
5335	196	8.76763E+01
5435	145	8.76797E+01
5438	235	8.76960E+01
5335	159	8.77840E+01
5435	554	8.77927E+01
8046	487	8.78056E+01
5335	279	8.78407E+01
5332	264	8.78428E+01
7956	471	8.78688E+01
8046	446	8.78937E+01
5438	358	8.78939E+01
5435	512	8.79219E+01
5435	596	8.79527E+01
5332	145	8.79706E+01
5438	201	8.80085E+01
5435	387	8.80361E+01
5435	118	8.80416E+01
5335	315	8.80650E+01
8046	186	8.80740E+01
5438	163	8.80994E+01
8046	471	8.81033E+01
5435	155	8.81861E+01
12217	314	8.82273E+01
5332	554	8.82454E+01
12159	314	8.82764E+01
5435	313	8.82942E+01
12101	314	8.82976E+01
5435	73	8.83276E+01
5332	512	8.83519E+01
5438	196	8.83707E+01
5267	486	8.83729E+01
5435	470	8.83886E+01
5332	387	8.84009E+01
5332	118	8.84267E+01
5332	596	8.84276E+01
5438	279	8.84364E+01
5335	356	8.84811E+01
5438	159	8.84833E+01
8046	554	8.85174E+01
5370	486	8.85250E+01
5435	600	8.85488E+01
5332	155	8.85735E+01
5332	73	8.86129E+01
7956	554	8.86161E+01
5335	240	8.86215E+01
5332	313	8.86312E+01
5438	315	8.86563E+01
7905	281	8.87488E+01
7905	280	8.87713E+01
7905	241	8.87817E+01
5267	445	8.87851E+01
5332	470	8.87950E+01
7956	76	8.88220E+01
7956	611	8.88302E+01
5370	445	8.88577E+01
5332	600	8.88674E+01
5435	223	8.89430E+01
5435	107	8.89456E+01
5335	398	8.89659E+01
7905	320	8.89881E+01
5370	472	8.89963E+01
5435	559	8.90185E+01
7995	281	8.90199E+01
5438	356	8.90232E+01
5335	319	8.90432E+01
5370	597	8.90471E+01
5435	233	8.90507E+01
7956	110	8.90551E+01
7995	280	8.90703E+01
12101	609	8.91170E+01
7995	241	8.91396E+01
7905	321	8.91444E+01
5370	348	8.91739E+01
7905	242	8.91938E+01
7995	320	8.91965E+01
5438	240	8.92212E+01
5332	107	8.92283E+01
5332	223	8.92436E+01
5435	428	8.92472E+01
12159	609	8.92482E+01
12101	158	8.92583E+01
12159	158	8.92691E+01
7956	347	8.92692E+01
12217	158	8.92927E+01
5332	559	8.93023E+01
5335	359	8.93204E+01
7995	321	8.93442E+01
7956	147	8.93721E+01
5435	183	8.93860E+01
5332	233	8.94215E+01
12217	560	8.94374E+01
5435	273	8.94429E+01
5435	304	8.94463E+01
5438	398	8.94670E+01
7995	242	8.95104E+01
5267	472	8.95177E+01
5267	610	8.95311E+01
5267	348	8.95323E+01
7905	361	8.95508E+01
5335	274	8.95663E+01
12217	609	8.95751E+01
7905	203	8.95807E+01
5435	144	8.95971E+01
5438	319	8.96264E+01
5332	428	8.96293E+01
5370	307	8.96391E+01
5335	399	8.96409E+01
7995	361	8.96623E+01
5435	72	8.96687E+01
5332	183	8.96760E+01
5435	518	8.96797E+01
12159	560	8.97119E+01
5435	345	8.97148E+01
5435	595	8.97157E+01
12101	404	8.97196E+01
5335	158	8.97562E+01
5332	304	8.97713E+01
12159	404	8.97819E+01
5267	597	8.97937E+01
5332	273	8.97967E+01
5435	553	8.97989E+01
12101	560	8.98329E+01
5435	354	8.98405E+01
8046	76	8.98586E+01
7905	240	8.98776E+01
5332	144	8.98802E+01
5438	359	8.98820E+01
5435	263	8.99072E+01
7956	306	8.99185E+01
5370	610	8.99224E+01
8046	347	8.99267E+01
12217	404	8.99311E+01
5332	518	8.99438E+01
5332	72	8.99482E+01
5267	307	8.99550E+01
7995	203	8.99687E+01
5370	148	8.99905E+01
5435	194	9.00220E+01
5335	397	9.00299E+01
7905	360	9.00321E+01
5332	345	9.00557E+01
7905	202	9.00617E+01
8046	110	9.00961E+01
8046	611	9.01003E+01
7995	360	9.01317E+01
5332	354	9.01532E+01
5435	511	9.01583E+01
12217	234	9.01598E+01
5438	399	9.01599E+01
12159	234	9.01618E+01
12101	234	9.01623E+01
5335	234	9.01641E+01
5332	595	9.01981E+01
5267	148	9.02025E+01
5438	274	9.02083E+01
5332	263	9.02162E+01
5332	553	9.02537E+01
7995	240	9.02778E+01
7956	388	9.02868E+01
5435	477	9.03280E+01
12217	395	9.03958E+01
8046	147	9.03985E+01
5332	194	9.04081E+01
7905	279	9.04151E+01
5370	389	9.04474E+01
5370	111	9.04503E+01
5435	119	9.04561E+01
7905	282	9.04632E+01
5438	158	9.04721E+01
7905	204	9.04903E+01
7995	202	9.04994E+01
12217	436	9.05051E+01
12159	395	9.05110E+01
5438	397	9.05194E+01
5435	386	9.05583E+01
12101	395	9.05614E+01
5335	195	9.05723E+01
5332	511	9.05859E+01
5332	477	9.05877E+01
7905	319	9.05905E+01
5435	395	9.06264E+01
7995	401	9.06273E+01
7905	401	9.06492E+01
5267	111	9.06531E+01
12159	436	9.06576E+01
5435	106	9.06651E+01
8046	306	9.06891E+01
7995	282	9.07097E+01
12101	436	9.07245E+01
5435	436	9.07247E+01
7995	279	9.07455E+01
5335	202	9.07631E+01
7905	402	9.08057E+01
7995	319	9.08139E+01
7995	402	9.08274E+01
7995	204	9.08281E+01
5435	469	9.08321E+01
8046	388	9.08343E+01
5370	226	9.08427E+01
5438	234	9.08463E+01
5267	389	9.08516E+01
5332	119	9.08520E+01
5332	395	9.09144E+01
5332	386	9.09154E+01
5332	106	9.09411E+01
5370	555	9.09609E+01
7905	362	9.09804E+01
5332	436	9.09934E+01
7956	225	9.10621E+01
5435	71	9.10729E+01
5435	156	9.10794E+01
5267	226	9.10922E+01
7995	362	9.11140E+01
12101	568	9.11465E+01
7905	322	9.11530E+01
5332	469	9.12327E+01
7905	243	9.12437E+01
5335	439	9.12446E+01
12159	568	9.12773E+01
5438	195	9.12827E+01
5435	222	9.13107E+01
5332	71	9.13468E+01
5370	77	9.13482E+01
7995	322	9.13507E+01
5438	202	9.13575E+01
5335	355	9.13718E+01
5435	601	9.13961E+01
5335	314	9.14521E+01
12101	195	9.14634E+01
12159	195	9.14703E+01
5332	156	9.14771E+01
12217	195	9.14851E+01
7995	243	9.15201E+01
5267	77	9.15470E+01
12217	568	9.15994E+01
5332	222	9.16029E+01
5435	182	9.16110E+01
5435	143	9.16149E+01
5267	555	9.16195E+01
5332	601	9.16364E+01
7995	442	9.16877E+01
5438	439	9.16940E+01
12217	354	9.17773E+01
7905	201	9.17893E+01
12217	477	9.18236E+01
7905	442	9.18468E+01
12101	122	9.18487E+01
12159	354	9.18593E+01
5435	427	9.18621E+01
12159	122	9.18626E+01
5332	143	9.18906E+01
5332	182	9.18930E+01
12217	122	9.18931E+01
12101	354	9.18951E+01
5438	355	9.19159E+01
5435	594	9.19365E+01
5335	440	9.19635E+01
5335	280	9.19908E+01
8046	225	9.20089E+01
12159	477	9.20189E+01
7956	512	9.20278E+01
5435	303	9.20464E+01
5438	314	9.20518E+01
12101	477	9.21046E+01
7995	443	9.21136E+01
5335	400	9.21505E+01
8046	512	9.21550E+01
12101	445	9.21747E+01
7905	443	9.21952E+01
5435	552	9.22043E+01
5332	427	9.22359E+01
12159	445	9.22601E+01
7995	201	9.22761E+01
5370	266	9.22923E+01
5335	438	9.23245E+01
7905	359	9.23397E+01
7905	239	9.23459E+01
5332	303	9.23626E+01
7995	400	9.23766E+01
5435	344	9.23791E+01
5335	157	9.24130E+01
5332	594	9.24175E+01
7905	400	9.24277E+01
5435	105	9.24321E+01
7995	359	9.24375E+01
5438	440	9.24429E+01
5435	262	9.24460E+01
12217	445	9.24657E+01
5435	314	9.24718E+01
5435	70	9.25042E+01
5267	266	9.25692E+01
12101	527	9.25738E+01
5438	280	9.25809E+01
5435	560	9.25957E+01
7956	429	9.26293E+01
7956	265	9.26424E+01
5332	552	9.26541E+01
5438	400	9.26940E+01
12159	527	9.26958E+01
5332	105	9.27018E+01
5332	344	9.27109E+01
5335	396	9.27148E+01
5435	510	9.27281E+01
5332	262	9.27463E+01
5438	438	9.27529E+01
5332	70	9.27731E+01
7995	239	9.27894E+01
5332	314	9.27989E+01
5332	560	9.28052E+01
7905	403	9.29501E+01
5435	234	9.29549E+01
12217	527	9.29935E+01
12217	601	9.29939E+01
5335	122	9.30163E+01
7995	403	9.30298E+01
12101	486	9.30344E+01
8046	429	9.30705E+01
5335	241	9.30817E+01
5370	430	9.31031E+01
7995	483	9.31111E+01
5335	360	9.31203E+01
12159	486	9.31405E+01
5438	157	9.31452E+01
5332	510	9.31480E+01
7956	75	9.31761E+01
5438	396	9.31991E+01
8046	365	9.32303E+01
7956	365	9.32687E+01
7995	441	9.32746E+01
5435	385	9.32922E+01
8046	285	9.33097E+01
12159	601	9.33283E+01
5332	234	9.33296E+01
5435	120	9.33353E+01
7995	484	9.33875E+01
12217	486	9.33977E+01
12101	284	9.33983E+01
12159	284	9.34220E+01
7905	483	9.34399E+01
5335	320	9.34479E+01
12101	601	9.34758E+01
12217	284	9.34775E+01
7905	441	9.34917E+01
8046	265	9.35289E+01
5435	468	9.35370E+01
5370	513	9.35414E+01
7905	278	9.35511E+01
7956	185	9.35538E+01
5267	430	9.35558E+01
7905	484	9.36055E+01
5370	186	9.36225E+01
5435	40	9.36311E+01
5332	385	9.36395E+01
5438	241	9.36685E+01
5435	142	9.36722E+01
5335	273	9.36931E+01
5438	360	9.36972E+01
7956	285	9.37239E+01
5332	120	9.37421E+01
5438	122	9.37441E+01
8046	595	9.37492E+01
5435	195	9.37563E+01
5435	274	9.37564E+01
12101	157	9.37623E+01
5435	221	9.37641E+01
12159	157	9.37747E+01
12217	157	9.38017E+01
7905	318	9.38336E+01
5267	186	9.38462E+01
5335	480	9.38608E+01
5435	181	9.38919E+01
12217	273	9.38962E+01
5332	40	9.38973E+01
5435	519	9.38983E+01
7995	278	9.39159E+01
12159	273	9.39201E+01
5332	468	9.39279E+01
12101	273	9.39301E+01
5435	69	9.39318E+01
5332	142	9.39412E+01
7956	595	9.39551E+01
7905	283	9.40094E+01
5438	320	9.40355E+01
5332	221	9.40483E+01
5267	569	9.40601E+01
7995	318	9.40779E+01
5332	519	9.40954E+01
5332	274	9.41076E+01
5267	513	9.41190E+01
5332	195	9.41505E+01
5332	181	9.41665E+01
12101	364	9.41721E+01
12217	518	9.41785E+01
7956	570	9.41802E+01
5332	69	9.41960E+01
5435	104	9.42038E+01
12159	364	9.42271E+01
7995	283	9.42349E+01
5438	480	9.42446E+01
8046	75	9.42489E+01
5335	233	9.42703E+01
7956	109	9.42753E+01
5335	194	9.42891E+01
5335	481	9.42935E+01
5370	364	9.43122E+01
5438	273	9.43484E+01
12217	364	9.43577E+01
7905	363	9.43722E+01
5267	364	9.43819E+01
12159	518	9.44224E+01
5370	569	9.44598E+01
5332	104	9.44678E+01
5435	593	9.44745E+01
12101	518	9.45296E+01
7995	363	9.45380E+01
5435	157	9.45550E+01
7905	444	9.45654E+01
5335	441	9.45659E+01
8046	185	9.45777E+01
7995	444	9.45804E+01
5435	39	9.45853E+01
5435	355	9.45989E+01
7905	200	9.46293E+01
5435	426	9.46614E+01
5438	481	9.47182E+01
12101	245	9.47280E+01
12159	245	9.47404E+01
7995	525	9.47436E+01
5435	302	9.47526E+01
12217	245	9.47694E+01
5332	39	9.48486E+01
5435	551	9.48731E+01
7995	482	9.48796E+01
5332	355	9.48907E+01
7995	524	9.49184E+01
5332	593	9.49465E+01
5332	157	9.49631E+01
5438	233	9.49678E+01
5438	194	9.50157E+01
5332	426	9.50245E+01
5435	478	9.50412E+01
7905	244	9.50482E+01
5435	261	9.50578E+01
5332	302	9.50594E+01
7905	323	9.50798E+01
5438	441	9.50841E+01
5335	437	9.50865E+01
12217	313	9.51053E+01
7905	525	9.51469E+01
12159	313	9.51572E+01
5435	343	9.51596E+01
7995	200	9.51648E+01
12101	313	9.51795E+01
5370	284	9.52055E+01
5335	121	9.52177E+01
5332	478	9.52438E+01
5335	479	9.52441E+01
7956	146	9.52688E+01
7995	323	9.52820E+01
7995	244	9.52858E+01
7905	482	9.52942E+01
5332	551	9.53123E+01
5435	68	9.53307E+01
5332	261	9.53495E+01
8046	109	9.53584E+01
8046	570	9.53662E+01
5267	284	9.54331E+01
7905	524	9.54628E+01
5332	343	9.54813E+01
5435	509	9.55027E+01
5438	437	9.55028E+01
5435	38	9.55103E+01
5335	203	9.55307E+01
7905	163	9.55389E+01
5332	68	9.55907E+01
5438	479	9.55986E+01
5435	602	9.56252E+01
5335	354	9.56426E+01
5370	110	9.56477E+01
5435	396	9.56557E+01
5370	76	9.56782E+01
7995	485	9.57200E+01
5435	141	9.57204E+01
5435	437	9.57263E+01
12101	121	9.57316E+01
5335	156	9.57349E+01
12159	121	9.57472E+01
5332	602	9.57688E+01
5332	38	9.57708E+01
12217	121	9.57814E+01
7905	485	9.58028E+01
12101	324	9.58302E+01
5267	110	9.58447E+01
5370	147	9.58689E+01
12159	324	9.58707E+01
5267	76	9.58721E+01
5332	509	9.59107E+01
5332	396	9.59107E+01
5435	103	9.59482E+01
5332	437	9.59496E+01
5438	121	9.59610E+01
12217	324	9.59662E+01
5332	141	9.59832E+01
7995	399	9.59837E+01
7956	470	9.60170E+01
7905	399	9.60497E+01
7905	238	9.60535E+01
5335	313	9.60673E+01
5267	147	9.60745E+01
5438	203	9.61066E+01
7995	163	9.61092E+01
5435	384	9.61317E+01
5435	180	9.61729E+01
5438	354	9.61930E+01
5332	103	9.62070E+01
5435	220	9.62373E+01
12217	233	9.62884E+01
12101	233	9.62886E+01
12159	233	9.62889E+01
8046	146	9.63429E+01
8046	470	9.63565E+01
7905	358	9.63589E+01
7995	566	9.63704E+01
5435	467	9.63844E+01
5435	37	9.64003E+01
5332	180	9.64406E+01
7995	358	9.64644E+01
5332	384	9.64681E+01
5438	156	9.64832E+01
5332	220	9.65138E+01
7995	238	9.65411E+01
5335	401	9.65618E+01
8046	325	9.65968E+01
5335	482	9.66195E+01
7995	526	9.66260E+01
5332	37	9.66584E+01
5438	313	9.66781E+01
5435	67	9.66833E+01
5435	121	9.66846E+01
5370	596	9.67343E+01
5332	467	9.67629E+01
5335	522	9.67887E+01
5370	347	9.67980E+01
7995	440	9.68026E+01
7956	325	9.68387E+01
7956	553	9.68512E+01
5370	471	9.68584E+01
7905	526	9.68585E+01
8046	553	9.68783E+01
5335	395	9.68830E+01
5335	521	9.69007E+01
5332	67	9.69394E+01
7956	346	9.70023E+01
7905	566	9.70197E+01
12101	194	9.70515E+01
7905	440	9.70583E+01
12159	194	9.70598E+01
12217	194	9.70774E+01
5370	306	9.70786E+01
5438	482	9.70970E+01
7905	404	9.70986E+01
5332	121	9.71024E+01
5438	401	9.71363E+01
5438	522	9.71385E+01
5267	347	9.71440E+01
7995	523	9.71497E+01
5438	521	9.72005E+01
5435	592	9.72010E+01
7995	565	9.72319E+01
7995	404	9.72507E+01
5435	36	9.72522E+01
5267	471	9.73614E+01
5438	395	9.73683E+01
5267	306	9.73837E+01
7956	305	9.74191E+01
5267	596	9.74558E+01
12217	559	9.74635E+01
5435	301	9.74851E+01
7956	74	9.75055E+01
5332	36	9.75079E+01
5435	425	9.75393E+01
7995	567	9.75590E+01
5435	561	9.76278E+01
5435	102	9.76428E+01
5332	592	9.76584E+01
5435	260	9.76749E+01
5370	245	9.76791E+01
5435	550	9.76832E+01
5370	225	9.77066E+01
5435	140	9.77249E+01
8046	346	9.77390E+01
5332	561	9.77472E+01
12159	559	9.77617E+01
5435	235	9.77628E+01
5332	301	9.77825E+01
7905	523	9.78042E+01
5370	324	9.78091E+01
5435	315	9.78259E+01
5335	281	9.78751E+01
5332	425	9.78900E+01
12101	559	9.78929E+01
5332	102	9.78969E+01
7956	224	9.79233E+01
5267	225	9.79478E+01
5335	120	9.79539E+01
5267	324	9.79542E+01
5332	260	9.79582E+01
12101	610	9.79652E+01
5435	342	9.79695E+01
5267	245	9.79704E+01
5435	66	9.79793E+01
5332	140	9.79820E+01
7905	567	9.80065E+01
7905	277	9.80463E+01
7905	565	9.80470E+01
5435	35	9.80649E+01
5267	528	9.81007E+01
5332	550	9.81074E+01
5332	315	9.81406E+01
5332	235	9.81407E+01
12159	610	9.81548E+01
7956	387	9.81883E+01
12217	394	9.82005E+01
5370	388	9.82215E+01
5332	66	9.82319E+01
5435	196	9.82422E+01
8046	305	9.82611E+01
5332	342	9.82808E+01
