GRAM	c2h2	chi_tot
8616	562	2.46153E+01
8616	521	2.46165E+01
8616	480	2.46339E+01
8616	398	2.46349E+01
8616	439	2.46359E+01
8616	604	2.46408E+01
8616	603	2.46805E+01
8616	358	2.47002E+01
8616	317	2.47109E+01
8616	357	2.47180E+01
8704	562	2.47413E+01
8704	521	2.47438E+01
8704	398	2.47534E+01
8704	439	2.47542E+01
8616	278	2.47564E+01
8704	480	2.47571E+01
8616	318	2.47670E+01
8704	604	2.47859E+01
8616	563	2.47932E+01
8616	479	2.47951E+01
8704	603	2.47966E+01
8704	358	2.48033E+01
8616	438	2.48039E+01
8616	277	2.48275E+01
8704	317	2.48374E+01
8704	357	2.48481E+01
8616	239	2.48544E+01
8616	520	2.48567E+01
8704	278	2.48592E+01
8704	318	2.48611E+01
8616	399	2.48735E+01
8616	238	2.49050E+01
8616	397	2.49053E+01
8704	479	2.49223E+01
8704	438	2.49351E+01
8704	563	2.49409E+01
8616	522	2.49508E+01
8704	239	2.49568E+01
8704	277	2.49666E+01
8704	399	2.49737E+01
8704	520	2.49794E+01
8616	561	2.50037E+01
8616	201	2.50119E+01
8616	440	2.50167E+01
8616	200	2.50353E+01
8616	481	2.50421E+01
8704	397	2.50452E+01
8704	238	2.50457E+01
8616	316	2.50758E+01
8704	522	2.50908E+01
8616	279	2.51018E+01
8704	201	2.51141E+01
8704	561	2.51177E+01
8704	440	2.51269E+01
8704	481	2.51679E+01
8704	279	2.51680E+01
8792	398	2.51681E+01
8616	240	2.51713E+01
8704	200	2.51764E+01
8792	439	2.51809E+01
8792	358	2.51814E+01
8616	356	2.51833E+01
8616	359	2.51911E+01
8792	480	2.52079E+01
8616	605	2.52112E+01
8792	318	2.52173E+01
8792	521	2.52193E+01
8792	278	2.52314E+01
8792	562	2.52330E+01
8704	240	2.52342E+01
8704	316	2.52351E+01
8792	317	2.52547E+01
8616	276	2.52615E+01
8616	602	2.52672E+01
8704	359	2.52692E+01
8616	237	2.52749E+01
8792	357	2.52766E+01
8792	603	2.52899E+01
8616	319	2.53024E+01
8616	202	2.53047E+01
8616	199	2.53309E+01
8792	239	2.53331E+01
8792	604	2.53386E+01
8616	163	2.53406E+01
8704	356	2.53419E+01
8792	399	2.53558E+01
8704	319	2.53649E+01
8704	602	2.53657E+01
8704	202	2.53665E+01
8792	479	2.53778E+01
8792	438	2.53845E+01
8704	605	2.53969E+01
8792	277	2.54081E+01
8704	276	2.54363E+01
8792	520	2.54424E+01
8704	237	2.54527E+01
8616	437	2.54554E+01
8616	478	2.54597E+01
8792	279	2.54719E+01
8792	563	2.54775E+01
8792	238	2.54952E+01
8704	163	2.54991E+01
8792	397	2.55002E+01
8792	201	2.55024E+01
8704	199	2.55091E+01
8792	240	2.55369E+01
8792	440	2.55411E+01
8792	561	2.55818E+01
8792	522	2.55938E+01
8704	478	2.55970E+01
8616	564	2.55982E+01
8792	359	2.56021E+01
8616	519	2.56040E+01
8704	437	2.56041E+01
8616	396	2.56209E+01
8792	481	2.56267E+01
8792	200	2.56379E+01
8616	162	2.56594E+01
8792	319	2.56631E+01
8792	202	2.56800E+01
8616	400	2.56832E+01
8792	316	2.57162E+01
8704	519	2.57299E+01
8704	400	2.57685E+01
8704	564	2.57775E+01
8704	396	2.57851E+01
8616	315	2.58051E+01
8792	602	2.58194E+01
8792	356	2.58257E+01
8704	162	2.58526E+01
8616	198	2.58598E+01
8616	560	2.58891E+01
8616	241	2.59070E+01
8616	280	2.59188E+01
8616	236	2.59193E+01
8616	523	2.59193E+01
8704	241	2.59293E+01
8792	276	2.59480E+01
8704	280	2.59481E+01
8616	203	2.59630E+01
8792	237	2.59747E+01
8704	203	2.59828E+01
8704	315	2.59975E+01
8704	560	2.60006E+01
8616	441	2.60074E+01
8616	275	2.60080E+01
8792	163	2.60141E+01
8792	605	2.60272E+01
8616	355	2.60359E+01
8792	199	2.60423E+01
8792	478	2.60698E+01
8704	198	2.60735E+01
8616	482	2.60799E+01
8704	523	2.60802E+01
8792	437	2.60860E+01
8704	441	2.61145E+01
8792	400	2.61258E+01
8704	236	2.61331E+01
8616	161	2.61512E+01
8792	241	2.61584E+01
8792	280	2.61851E+01
8792	519	2.61958E+01
8704	482	2.62148E+01
8704	275	2.62180E+01
8792	203	2.62202E+01
8704	355	2.62243E+01
8616	360	2.62508E+01
8792	396	2.62874E+01
8704	360	2.63061E+01
4764	605	2.63247E+01
8616	601	2.63296E+01
8792	564	2.63752E+01
8616	320	2.63755E+01
8704	161	2.63775E+01
8704	320	2.64071E+01
4867	605	2.64109E+01
8704	601	2.64216E+01
8792	162	2.64337E+01
8616	606	2.64434E+01
4764	563	2.64469E+01
8792	560	2.64552E+01
4764	522	2.64703E+01
4764	564	2.64725E+01
8616	436	2.65228E+01
8792	441	2.65262E+01
4867	563	2.65282E+01
8792	315	2.65446E+01
8616	477	2.65575E+01
4867	522	2.65648E+01
4764	481	2.65712E+01
4867	564	2.65777E+01
4764	604	2.65834E+01
8616	197	2.65878E+01
8792	360	2.65994E+01
4764	606	2.66089E+01
8792	523	2.66249E+01
4867	604	2.66430E+01
8792	320	2.66509E+01
4867	481	2.66717E+01
4764	440	2.66746E+01
8792	198	2.66764E+01
8704	606	2.66810E+01
8704	436	2.66931E+01
8792	482	2.66939E+01
4764	480	2.67030E+01
8704	477	2.67107E+01
8616	395	2.67178E+01
8792	236	2.67265E+01
4867	606	2.67291E+01
4764	523	2.67309E+01
4764	399	2.67435E+01
4764	439	2.67461E+01
4764	521	2.67515E+01
8792	355	2.67678E+01
4867	440	2.67762E+01
8616	518	2.67859E+01
8616	160	2.67912E+01
4867	480	2.67929E+01
8616	235	2.67979E+01
8792	275	2.68001E+01
4764	358	2.68201E+01
4867	521	2.68312E+01
8704	197	2.68355E+01
4867	439	2.68418E+01
4867	399	2.68441E+01
4867	523	2.68451E+01
8616	314	2.68459E+01
8792	601	2.68561E+01
4764	398	2.68633E+01
8704	395	2.69089E+01
4764	318	2.69171E+01
4867	358	2.69212E+01
8704	518	2.69226E+01
4764	562	2.69421E+01
4867	398	2.69629E+01
4764	482	2.69900E+01
4764	359	2.70051E+01
4867	562	2.70055E+01
8704	204	2.70164E+01
4867	318	2.70175E+01
8616	274	2.70210E+01
8792	161	2.70223E+01
4764	278	2.70258E+01
8616	204	2.70401E+01
8704	235	2.70464E+01
8704	160	2.70488E+01
4764	565	2.70701E+01
8704	314	2.70715E+01
4764	317	2.70722E+01
8616	565	2.70802E+01
8704	242	2.70961E+01
4764	357	2.71041E+01
4867	359	2.71041E+01
4867	482	2.71050E+01
8616	242	2.71151E+01
8616	401	2.71218E+01
4867	278	2.71276E+01
4764	400	2.71424E+01
4764	441	2.71476E+01
4764	239	2.71585E+01
8792	204	2.71767E+01
4867	317	2.71785E+01
8704	401	2.71959E+01
8616	559	2.71973E+01
4764	279	2.71979E+01
4867	565	2.72055E+01
4867	357	2.72084E+01
4764	319	2.72122E+01
8792	477	2.72130E+01
8792	436	2.72170E+01
8616	354	2.72176E+01
4867	400	2.72460E+01
4764	277	2.72499E+01
8792	242	2.72515E+01
4970	605	2.72523E+01
8704	281	2.72545E+01
4867	441	2.72579E+01
4867	239	2.72588E+01
8616	281	2.72622E+01
8704	274	2.72653E+01
4867	279	2.72912E+01
8704	565	2.73009E+01
4764	438	2.73020E+01
4867	319	2.73069E+01
8704	559	2.73154E+01
4764	238	2.73233E+01
4764	479	2.73261E+01
4764	201	2.73278E+01
4764	603	2.73322E+01
4764	240	2.73472E+01
4867	277	2.73600E+01
4867	603	2.73721E+01
4867	438	2.73945E+01
4970	563	2.74002E+01
8792	606	2.74053E+01
8792	518	2.74065E+01
4867	479	2.74090E+01
4970	564	2.74184E+01
4867	201	2.74252E+01
8792	281	2.74265E+01
4867	238	2.74336E+01
4867	240	2.74370E+01
8704	354	2.74370E+01
4764	200	2.74379E+01
4970	522	2.74389E+01
4764	397	2.74414E+01
8792	395	2.74649E+01
4764	607	2.74762E+01
8616	196	2.74855E+01
8792	197	2.75062E+01
4970	604	2.75128E+01
4764	520	2.75149E+01
4764	202	2.75242E+01
8792	401	2.75363E+01
4867	397	2.75416E+01
4867	200	2.75464E+01
4970	606	2.75488E+01
4970	481	2.75498E+01
8616	159	2.75587E+01
8616	524	2.75718E+01
4764	524	2.75841E+01
4867	520	2.75845E+01
4867	202	2.76097E+01
4764	316	2.76202E+01
4867	607	2.76380E+01
8616	442	2.76624E+01
4970	440	2.76634E+01
4970	523	2.76840E+01
8792	314	2.76863E+01
8792	235	2.77102E+01
4970	480	2.77119E+01
4764	360	2.77183E+01
4867	524	2.77232E+01
4867	316	2.77328E+01
4764	163	2.77376E+01
4970	521	2.77434E+01
4970	399	2.77489E+01
8792	160	2.77550E+01
8704	524	2.77620E+01
8704	196	2.77656E+01
8704	442	2.77716E+01
4970	439	2.77724E+01
8792	559	2.77784E+01
8616	600	2.77918E+01
4764	237	2.77943E+01
4764	356	2.77976E+01
8616	483	2.77988E+01
4764	199	2.78111E+01
4867	360	2.78163E+01
4764	276	2.78176E+01
4764	280	2.78204E+01
8704	159	2.78461E+01
4867	163	2.78473E+01
4970	358	2.78554E+01
8616	234	2.78753E+01
8704	600	2.78877E+01
4764	561	2.78975E+01
4867	280	2.79050E+01
4867	356	2.79060E+01
4970	398	2.79127E+01
4970	562	2.79131E+01
4867	237	2.79140E+01
8792	274	2.79178E+01
4867	199	2.79298E+01
8616	361	2.79354E+01
4867	276	2.79359E+01
8616	435	2.79381E+01
4764	241	2.79400E+01
4970	482	2.79439E+01
4867	561	2.79486E+01
8704	483	2.79495E+01
4970	318	2.79500E+01
8704	361	2.79701E+01
8792	565	2.79744E+01
4970	359	2.79916E+01
4764	483	2.80117E+01
4764	320	2.80145E+01
8616	476	2.80167E+01
4867	241	2.80188E+01
4970	565	2.80202E+01
8616	321	2.80413E+01
8704	321	2.80433E+01
8792	354	2.80437E+01
4764	203	2.80756E+01
4970	278	2.80785E+01
4970	441	2.81021E+01
4867	320	2.81040E+01
4970	400	2.81050E+01
4764	162	2.81165E+01
4764	401	2.81173E+01
8616	394	2.81332E+01
8704	435	2.81335E+01
4867	483	2.81452E+01
4867	203	2.81485E+01
8616	313	2.81489E+01
4970	317	2.81566E+01
8704	234	2.81571E+01
4970	357	2.81879E+01
8792	442	2.81909E+01
8704	476	2.81910E+01
4970	319	2.81917E+01
4970	279	2.81954E+01
4970	239	2.82102E+01
4764	442	2.82194E+01
4867	401	2.82258E+01
8792	361	2.82297E+01
8792	321	2.82364E+01
4867	162	2.82367E+01
8616	273	2.82587E+01
4970	603	2.82756E+01
4764	437	2.82790E+01
4764	566	2.82791E+01
8792	600	2.83238E+01
8616	517	2.83283E+01
4867	442	2.83414E+01
4970	240	2.83425E+01
8704	394	2.83532E+01
4970	277	2.83551E+01
8792	524	2.83616E+01
4970	438	2.83684E+01
4970	479	2.83699E+01
4867	437	2.83707E+01
4970	201	2.83722E+01
8616	607	2.83741E+01
4764	478	2.83761E+01
8704	313	2.84075E+01
4764	198	2.84091E+01
1222	524	2.84144E+01
4764	396	2.84158E+01
4970	238	2.84281E+01
8616	158	2.84363E+01
4970	607	2.84438E+01
4867	566	2.84510E+01
4867	478	2.84555E+01
8792	483	2.84604E+01
1222	565	2.84687E+01
1222	482	2.84735E+01
8704	517	2.84824E+01
1222	483	2.84872E+01
1222	441	2.84886E+01
8792	196	2.85019E+01
4764	315	2.85062E+01
4764	602	2.85086E+01
4970	202	2.85122E+01
4867	396	2.85183E+01
4764	236	2.85274E+01
8616	195	2.85275E+01
4970	524	2.85309E+01
4970	200	2.85351E+01
4867	602	2.85355E+01
4970	397	2.85355E+01
8704	273	2.85366E+01
4970	520	2.85368E+01
4867	198	2.85375E+01
1222	442	2.85780E+01
1222	523	2.85848E+01
1222	607	2.85853E+01
1222	400	2.85956E+01
8792	159	2.86114E+01
1222	401	2.86226E+01
4867	315	2.86254E+01
1222	566	2.86271E+01
4970	360	2.86556E+01
4867	236	2.86561E+01
4764	161	2.86627E+01
1222	360	2.86632E+01
8616	353	2.86728E+01
8704	607	2.86747E+01
4764	275	2.86797E+01
4764	519	2.86952E+01
8792	435	2.87080E+01
8792	476	2.87345E+01
8704	158	2.87521E+01
4970	316	2.87542E+01
4867	519	2.87590E+01
4970	280	2.87600E+01
1222	606	2.87652E+01
8704	243	2.87894E+01
4867	161	2.87924E+01
4867	275	2.88060E+01
8704	195	2.88385E+01
4764	355	2.88424E+01
4970	163	2.88425E+01
8616	243	2.88507E+01
8616	558	2.88521E+01
1222	359	2.88546E+01
1222	525	2.88578E+01
1222	320	2.88628E+01
8792	243	2.88718E+01
4970	241	2.88757E+01
8792	234	2.88898E+01
4970	561	2.88948E+01
1222	564	2.88997E+01
8704	353	2.89239E+01
1222	319	2.89244E+01
4970	356	2.89289E+01
4970	320	2.89393E+01
4970	483	2.89473E+01
4764	281	2.89474E+01
4970	237	2.89490E+01
4764	608	2.89512E+01
4867	355	2.89557E+01
4970	199	2.89576E+01
8792	394	2.89686E+01
4970	276	2.89728E+01
1222	440	2.89828E+01
8704	558	2.89851E+01
1222	608	2.89882E+01
4764	242	2.89902E+01
8792	517	2.89988E+01
4970	203	2.90036E+01
4764	361	2.90148E+01
4867	281	2.90231E+01
8635	276	2.90350E+01
4764	204	2.90351E+01
4970	401	2.90389E+01
1222	361	2.90429E+01
1222	481	2.90454E+01
8635	356	2.90471E+01
8635	316	2.90471E+01
1222	280	2.90533E+01
4867	242	2.90572E+01
8635	315	2.90601E+01
4764	525	2.90701E+01
8792	313	2.90913E+01
4867	204	2.90942E+01
4867	361	2.91128E+01
8635	275	2.91180E+01
8616	233	2.91201E+01
8635	396	2.91208E+01
1222	484	2.91298E+01
1222	399	2.91306E+01
8704	282	2.91410E+01
4970	442	2.91436E+01
8635	237	2.91447E+01
8635	355	2.91557E+01
4867	608	2.91622E+01
8635	236	2.91637E+01
8616	282	2.91855E+01
8635	437	2.91862E+01
4764	197	2.91985E+01
8635	397	2.92094E+01
4867	525	2.92393E+01
8616	402	2.92400E+01
1222	279	2.92432E+01
4970	566	2.92460E+01
4764	560	2.92463E+01
8792	282	2.92500E+01
8792	273	2.92590E+01
1222	402	2.92633E+01
4970	162	2.92679E+01
8616	566	2.92753E+01
8635	478	2.92837E+01
8723	316	2.92883E+01
8723	276	2.92889E+01
4867	560	2.92904E+01
8723	356	2.92937E+01
1222	443	2.92979E+01
8704	402	2.93067E+01
8635	277	2.93103E+01
1222	522	2.93280E+01
8635	198	2.93290E+01
4867	197	2.93359E+01
8723	315	2.93397E+01
8616	122	2.93443E+01
1222	321	2.93512E+01
4764	160	2.93516E+01
1222	281	2.93561E+01
1222	241	2.93598E+01
4764	321	2.93787E+01
8635	357	2.93787E+01
8723	396	2.93813E+01
8635	438	2.93831E+01
4970	437	2.93875E+01
8635	199	2.93879E+01
8723	237	2.93973E+01
1222	567	2.93998E+01
8635	519	2.94002E+01
8616	157	2.94090E+01
8723	275	2.94124E+01
8635	314	2.94335E+01
8704	233	2.94340E+01
8723	437	2.94365E+01
8723	355	2.94371E+01
8723	397	2.94409E+01
8635	238	2.94425E+01
8635	317	2.94482E+01
8635	235	2.94575E+01
8723	236	2.94578E+01
4970	478	2.94585E+01
4867	321	2.94633E+01
8635	436	2.94650E+01
8635	395	2.94704E+01
8792	558	2.94739E+01
4970	602	2.94766E+01
1222	318	2.94809E+01
4764	235	2.94835E+01
4867	160	2.94901E+01
8635	479	2.94968E+01
1222	605	2.95027E+01
8635	197	2.95063E+01
8792	607	2.95076E+01
8635	274	2.95118E+01
8723	277	2.95227E+01
1222	240	2.95262E+01
8723	478	2.95296E+01
8635	520	2.95468E+01
8704	566	2.95470E+01
4970	396	2.95549E+01
8635	560	2.95555E+01
1222	358	2.95608E+01
8635	477	2.95658E+01
8635	561	2.95686E+01
8792	158	2.95742E+01
8616	599	2.95764E+01
8723	357	2.95915E+01
8792	353	2.95969E+01
4970	198	2.96017E+01
8723	438	2.96119E+01
4764	436	2.96122E+01
8635	602	2.96145E+01
8723	198	2.96190E+01
4867	235	2.96207E+01
8616	434	2.96341E+01
8723	199	2.96370E+01
1222	242	2.96379E+01
8792	402	2.96381E+01
8792	195	2.96384E+01
8723	519	2.96428E+01
8635	354	2.96464E+01
8723	317	2.96509E+01
8723	238	2.96522E+01
8616	312	2.96678E+01
4764	484	2.96784E+01
4764	314	2.96789E+01
8616	272	2.96834E+01
8704	599	2.96860E+01
4970	315	2.96880E+01
8704	122	2.96887E+01
8616	194	2.96921E+01
8635	161	2.97052E+01
4867	436	2.97056E+01
4764	402	2.97188E+01
8635	200	2.97193E+01
4764	395	2.97253E+01
4970	236	2.97292E+01
8723	479	2.97294E+01
8723	436	2.97405E+01
8635	162	2.97476E+01
8723	314	2.97512E+01
8704	157	2.97517E+01
8635	518	2.97524E+01
4970	519	2.97525E+01
8723	395	2.97619E+01
8616	475	2.97661E+01
1222	203	2.97760E+01
8635	601	2.97838E+01
8723	520	2.97840E+01
4764	477	2.97861E+01
8723	235	2.97913E+01
4764	274	2.97914E+01
8723	560	2.97924E+01
8635	398	2.97987E+01
4867	314	2.98049E+01
8616	393	2.98056E+01
8723	561	2.98068E+01
4970	281	2.98266E+01
8723	477	2.98305E+01
4867	395	2.98315E+01
4867	402	2.98342E+01
4867	484	2.98346E+01
8723	197	2.98352E+01
8635	160	2.98434E+01
8723	274	2.98456E+01
8723	602	2.98472E+01
4970	161	2.98573E+01
8704	434	2.98577E+01
4970	242	2.98629E+01
4867	477	2.98651E+01
1222	278	2.98708E+01
1222	563	2.98794E+01
4970	275	2.98823E+01
8635	196	2.98879E+01
4970	204	2.98990E+01
4970	361	2.99031E+01
4867	274	2.99254E+01
8723	200	2.99256E+01
1222	202	2.99257E+01
4764	443	2.99361E+01
1222	526	2.99420E+01
8616	525	2.99461E+01
8704	312	2.99591E+01
4970	608	2.99628E+01
8723	354	2.99633E+01
8704	475	2.99660E+01
1222	609	2.99811E+01
8635	603	2.99841E+01
8635	234	2.99884E+01
8704	272	2.99938E+01
8635	278	2.99953E+01
8635	163	2.99986E+01
8723	398	3.00039E+01
1222	439	3.00047E+01
8723	161	3.00062E+01
8723	518	3.00078E+01
8723	601	3.00100E+01
8723	162	3.00106E+01
1222	204	3.00199E+01
4970	355	3.00201E+01
4970	525	3.00206E+01
8616	443	3.00268E+01
8635	559	3.00314E+01
8704	194	3.00325E+01
1222	362	3.00430E+01
4764	601	3.00446E+01
8704	393	3.00562E+01
4867	601	3.00645E+01
4867	443	3.00727E+01
1222	239	3.00836E+01
8635	239	3.01034E+01
8635	313	3.01167E+01
8635	439	3.01208E+01
4764	567	3.01241E+01
8635	159	3.01388E+01
8635	562	3.01403E+01
8704	443	3.01434E+01
8792	599	3.01438E+01
1222	480	3.01488E+01
4764	196	3.01505E+01
8635	435	3.01523E+01
8616	516	3.01570E+01
4764	159	3.01632E+01
8723	278	3.01653E+01
1222	398	3.01692E+01
8635	273	3.01730E+01
8704	525	3.01736E+01
8616	121	3.01784E+01
8723	160	3.01803E+01
4764	354	3.01823E+01
8635	394	3.01952E+01
1222	282	3.02048E+01
8635	358	3.02102E+01
8723	163	3.02215E+01
4764	518	3.02234E+01
8792	233	3.02339E+01
8723	603	3.02344E+01
8616	484	3.02393E+01
4970	321	3.02472E+01
8723	196	3.02539E+01
8635	521	3.02606E+01
8723	239	3.02686E+01
8635	480	3.02720E+01
8635	476	3.02731E+01
8723	559	3.02759E+01
4970	560	3.02772E+01
4867	518	3.02855E+01
8616	362	3.02934E+01
4867	196	3.02963E+01
4867	354	3.03013E+01
8792	566	3.03096E+01
4867	159	3.03100E+01
8704	362	3.03101E+01
8635	318	3.03199E+01
8704	322	3.03236E+01
8723	439	3.03325E+01
8704	516	3.03345E+01
4867	567	3.03391E+01
8616	352	3.03480E+01
8616	322	3.03501E+01
8723	234	3.03602E+01
8635	201	3.03643E+01
8723	562	3.03892E+01
8723	358	3.03905E+01
8811	316	3.03991E+01
8704	484	3.04126E+01
1222	243	3.04152E+01
1222	201	3.04154E+01
8811	356	3.04166E+01
8635	600	3.04210E+01
8811	276	3.04277E+01
1222	485	3.04317E+01
4970	197	3.04343E+01
1222	322	3.04402E+01
8635	195	3.04461E+01
8723	435	3.04564E+01
8635	353	3.04628E+01
8616	156	3.04637E+01
8792	322	3.04701E+01
8723	313	3.04721E+01
1222	317	3.04740E+01
8723	318	3.04842E+01
8792	434	3.04903E+01
8723	480	3.04972E+01
8723	521	3.04999E+01
8616	232	3.05048E+01
8723	159	3.05099E+01
8723	394	3.05196E+01
8723	201	3.05258E+01
8811	315	3.05287E+01
8635	517	3.05314E+01
8811	396	3.05368E+01
8811	397	3.05376E+01
8811	237	3.05411E+01
8792	362	3.05420E+01
8723	273	3.05450E+01
8704	121	3.05451E+01
4764	243	3.05520E+01
1222	403	3.05598E+01
8792	475	3.05611E+01
8723	476	3.05616E+01
8635	158	3.05720E+01
8811	437	3.05781E+01
8811	277	3.05790E+01
8792	443	3.05797E+01
4970	160	3.05865E+01
8792	122	3.05874E+01
1222	521	3.05907E+01
4970	402	3.06015E+01
4970	484	3.06031E+01
4867	243	3.06066E+01
4764	234	3.06276E+01
8792	157	3.06286E+01
8704	352	3.06313E+01
8811	355	3.06314E+01
4764	282	3.06319E+01
8811	275	3.06337E+01
8811	357	3.06469E+01
8723	600	3.06511E+01
8811	478	3.06715E+01
1222	444	3.06842E+01
8811	236	3.06848E+01
8811	317	3.06854E+01
4867	282	3.06985E+01
8811	438	3.07102E+01
8811	238	3.07114E+01
8792	312	3.07124E+01
1222	357	3.07215E+01
8635	233	3.07232E+01
4970	235	3.07294E+01
8792	393	3.07359E+01
1222	604	3.07558E+01
4970	436	3.07640E+01
4867	234	3.07729E+01
8616	557	3.07779E+01
8792	272	3.07855E+01
8811	199	3.07877E+01
8811	519	3.07895E+01
1222	568	3.07950E+01
8723	517	3.08061E+01
8723	353	3.08157E+01
8704	156	3.08318E+01
4970	443	3.08347E+01
8792	525	3.08401E+01
8811	479	3.08442E+01
8723	195	3.08474E+01
8704	232	3.08493E+01
8811	198	3.08505E+01
1222	277	3.08810E+01
8792	194	3.08940E+01
8792	516	3.08968E+01
4970	314	3.09064E+01
4970	395	3.09091E+01
4970	477	3.09098E+01
4764	559	3.09188E+01
8811	520	3.09191E+01
8635	558	3.09225E+01
8704	557	3.09331E+01
8811	436	3.09346E+01
8811	560	3.09409E+01
4764	362	3.09434E+01
8635	399	3.09506E+01
8635	604	3.09566E+01
8811	561	3.09574E+01
4867	559	3.09606E+01
8616	193	3.09607E+01
8792	484	3.09662E+01
8723	158	3.09755E+01
1222	238	3.09803E+01
8811	395	3.09823E+01
4829	605	3.09848E+01
8811	200	3.09931E+01
8811	602	3.10024E+01
8811	477	3.10117E+01
8811	314	3.10197E+01
8616	608	3.10227E+01
4970	274	3.10388E+01
4764	609	3.10415E+01
4867	362	3.10426E+01
4970	601	3.10459E+01
8811	398	3.10488E+01
8635	272	3.10624E+01
8635	312	3.10624E+01
8704	244	3.10631E+01
8616	120	3.10674E+01
8792	244	3.10732E+01
4764	158	3.10806E+01
4726	605	3.10834E+01
4764	313	3.10904E+01
8811	235	3.10999E+01
4764	273	3.11120E+01
4970	567	3.11216E+01
8635	157	3.11259E+01
8723	233	3.11315E+01
8723	399	3.11323E+01
8811	278	3.11394E+01
8635	279	3.11438E+01
8811	197	3.11452E+01
8811	274	3.11489E+01
8811	601	3.11522E+01
8635	194	3.11574E+01
8616	244	3.11673E+01
8635	240	3.11764E+01
8635	434	3.11811E+01
8811	518	3.11811E+01
8723	558	3.11826E+01
4829	604	3.11908E+01
1222	200	3.11958E+01
4829	563	3.12078E+01
8811	162	3.12117E+01
4764	526	3.12157E+01
4867	313	3.12234E+01
8811	354	3.12324E+01
8635	393	3.12337E+01
4867	158	3.12350E+01
8723	604	3.12358E+01
4764	435	3.12372E+01
4764	195	3.12403E+01
8811	239	3.12421E+01
4867	273	3.12536E+01
8616	271	3.12600E+01
8723	279	3.12706E+01
8811	161	3.12809E+01
4829	564	3.12829E+01
8723	240	3.12957E+01
4867	609	3.13092E+01
4764	394	3.13096E+01
4726	604	3.13137E+01
4726	563	3.13141E+01
4829	606	3.13169E+01
4970	518	3.13206E+01
8704	193	3.13290E+01
8635	563	3.13328E+01
4867	435	3.13341E+01
8635	475	3.13348E+01
8811	163	3.13461E+01
1222	562	3.13540E+01
4764	322	3.13545E+01
4970	243	3.13583E+01
8616	311	3.13586E+01
4829	522	3.13596E+01
4932	605	3.13649E+01
8635	122	3.13662E+01
4726	564	3.13676E+01
8635	202	3.13684E+01
8792	352	3.13727E+01
8811	358	3.13830E+01
4726	606	3.13839E+01
4867	195	3.13939E+01
8811	439	3.13971E+01
8704	608	3.13971E+01
4970	354	3.14052E+01
4867	526	3.14204E+01
4867	394	3.14209E+01
8811	603	3.14231E+01
4970	196	3.14266E+01
4867	322	3.14346E+01
4970	159	3.14357E+01
8811	559	3.14402E+01
8811	318	3.14448E+01
4970	282	3.14482E+01
8635	599	3.14508E+01
8723	312	3.14548E+01
8704	120	3.14552E+01
4726	522	3.14570E+01
8635	440	3.14611E+01
8792	557	3.14637E+01
8723	272	3.14713E+01
8723	202	3.14830E+01
8792	121	3.14878E+01
4764	476	3.14884E+01
1222	438	3.14915E+01
8811	201	3.15080E+01
8723	434	3.15164E+01
8811	160	3.15261E+01
8616	433	3.15460E+01
8635	352	3.15506E+01
1222	610	3.15543E+01
8811	562	3.15599E+01
8723	157	3.15601E+01
4829	481	3.15633E+01
4867	476	3.15698E+01
4829	521	3.15837E+01
4932	604	3.15854E+01
8616	155	3.15892E+01
8723	194	3.15922E+01
8723	393	3.15923E+01
8811	480	3.15975E+01
8635	359	3.16012E+01
8704	271	3.16019E+01
8723	563	3.16020E+01
8635	522	3.16027E+01
8616	598	3.16067E+01
4932	563	3.16084E+01
8635	232	3.16327E+01
8811	521	3.16388E+01
8811	196	3.16399E+01
4829	480	3.16402E+01
4829	562	3.16433E+01
1222	397	3.16484E+01
1222	283	3.16497E+01
8723	475	3.16513E+01
8704	283	3.16580E+01
4726	481	3.16583E+01
8723	440	3.16600E+01
8635	516	3.16636E+01
4829	523	3.16656E+01
4932	564	3.16664E+01
8635	481	3.16705E+01
8616	392	3.16764E+01
1222	527	3.16785E+01
8704	311	3.16822E+01
4932	606	3.16897E+01
4726	521	3.16938E+01
8723	599	3.16945E+01
1222	363	3.17049E+01
8792	283	3.17065E+01
8811	435	3.17113E+01
8792	232	3.17148E+01
8635	319	3.17199E+01
1222	479	3.17214E+01
8616	474	3.17365E+01
8704	598	3.17387E+01
8616	283	3.17392E+01
4829	440	3.17430E+01
4726	480	3.17437E+01
1222	244	3.17449E+01
4726	523	3.17457E+01
8811	234	3.17487E+01
8723	359	3.17506E+01
4829	439	3.17602E+01
8792	156	3.17615E+01
4764	353	3.17639E+01
4932	522	3.17645E+01
4726	562	3.17654E+01
4970	362	3.17830E+01
8635	156	3.17860E+01
8811	476	3.17934E+01
8723	122	3.17998E+01
8704	433	3.18002E+01
8811	600	3.18010E+01
8811	394	3.18103E+01
8811	313	3.18209E+01
8635	121	3.18377E+01
4726	440	3.18397E+01
1222	316	3.18452E+01
8723	319	3.18461E+01
8723	522	3.18521E+01
4829	399	3.18585E+01
4726	439	3.18609E+01
4764	600	3.18700E+01
4829	603	3.18781E+01
4867	600	3.18883E+01
4867	353	3.18892E+01
8723	481	3.18945E+01
7562	604	3.19101E+01
4970	234	3.19151E+01
4829	398	3.19221E+01
4829	565	3.19237E+01
8811	159	3.19240E+01
4764	233	3.19293E+01
8811	273	3.19295E+01
8723	352	3.19395E+01
4829	358	3.19451E+01
4764	122	3.19557E+01
4726	399	3.19583E+01
8704	392	3.19588E+01
7562	563	3.19611E+01
8723	516	3.19633E+01
8704	474	3.19658E+01
4932	481	3.19727E+01
4726	565	3.19808E+01
8704	155	3.19816E+01
4764	403	3.19885E+01
4970	559	3.19889E+01
8635	193	3.20015E+01
8616	231	3.20040E+01
8616	119	3.20059E+01
1222	163	3.20073E+01
4932	521	3.20128E+01
4726	603	3.20186E+01
8811	517	3.20203E+01
4764	485	3.20209E+01
4726	398	3.20212E+01
4829	482	3.20239E+01
4764	517	3.20306E+01
4726	358	3.20458E+01
4932	523	3.20500E+01
4829	318	3.20576E+01
7562	522	3.20595E+01
4932	562	3.20658E+01
8723	232	3.20758E+01
4932	480	3.20765E+01
8616	403	3.20786E+01
4867	233	3.20823E+01
4764	157	3.20890E+01
7562	605	3.20915E+01
4867	517	3.20944E+01
7562	521	3.21016E+01
4726	482	3.21066E+01
7562	480	3.21080E+01
4867	403	3.21131E+01
4970	609	3.21140E+01
4867	122	3.21164E+01
4829	278	3.21215E+01
8811	399	3.21326E+01
8704	403	3.21418E+01
8635	271	3.21434E+01
7562	481	3.21442E+01
8635	557	3.21534E+01
4829	317	3.21567E+01
7562	439	3.21592E+01
4932	440	3.21594E+01
7562	562	3.21607E+01
4726	318	3.21613E+01
8811	353	3.21621E+01
8811	279	3.21634E+01
7562	399	3.21655E+01
4970	322	3.21656E+01
4829	357	3.21673E+01
1222	237	3.21677E+01
1222	323	3.21741E+01
4829	239	3.21753E+01
7562	440	3.21758E+01
4829	359	3.21762E+01
4970	526	3.21807E+01
8811	240	3.21827E+01
8616	351	3.21920E+01
4829	201	3.21934E+01
4829	479	3.21937E+01
8616	515	3.22000E+01
8616	567	3.22039E+01
4867	485	3.22040E+01
4932	439	3.22062E+01
7562	358	3.22134E+01
1222	276	3.22198E+01
1222	199	3.22225E+01
4726	278	3.22250E+01
8635	311	3.22253E+01
4829	607	3.22328E+01
8792	598	3.22368E+01
4829	438	3.22463E+01
8723	156	3.22493E+01
8792	193	3.22500E+01
4867	157	3.22506E+01
4726	317	3.22529E+01
4829	441	3.22556E+01
4726	607	3.22608E+01
4726	357	3.22632E+01
4829	200	3.22672E+01
1222	356	3.22750E+01
4829	520	3.22765E+01
7562	318	3.22780E+01
7562	398	3.22789E+01
4726	359	3.22807E+01
4726	239	3.22818E+01
4932	399	3.22875E+01
4829	277	3.22900E+01
4829	238	3.22924E+01
4932	603	3.22930E+01
4932	565	3.22960E+01
8723	121	3.22968E+01
4829	400	3.22981E+01
4726	479	3.23023E+01
4726	201	3.23038E+01
8811	195	3.23069E+01
4829	163	3.23103E+01
1222	520	3.23104E+01
8616	192	3.23165E+01
7562	603	3.23258E+01
4764	444	3.23331E+01
4829	279	3.23350E+01
4726	441	3.23457E+01
4726	438	3.23483E+01
8792	608	3.23514E+01
7562	359	3.23570E+01
4970	313	3.23616E+01
4726	200	3.23654E+01
7562	564	3.23758E+01
8704	231	3.23778E+01
8811	202	3.23782E+01
8811	558	3.23800E+01
8635	120	3.23820E+01
4932	398	3.23828E+01
4726	277	3.23839E+01
4726	238	3.23877E+01
4970	158	3.23883E+01
4829	319	3.23933E+01
4726	520	3.23948E+01
4932	358	3.23953E+01
4726	400	3.23968E+01
4829	240	3.23993E+01
4970	273	3.24017E+01
8704	515	3.24060E+01
4726	163	3.24074E+01
4932	482	3.24087E+01
1222	486	3.24102E+01
8704	119	3.24139E+01
4829	202	3.24154E+01
7562	278	3.24233E+01
4829	397	3.24279E+01
4970	435	3.24328E+01
8723	557	3.24365E+01
8792	120	3.24402E+01
4764	194	3.24465E+01
4726	279	3.24484E+01
7562	279	3.24512E+01
8811	158	3.24554E+01
8792	271	3.24617E+01
8723	193	3.24680E+01
1222	603	3.24689E+01
8792	403	3.24717E+01
7562	319	3.24772E+01
8811	604	3.24778E+01
8635	433	3.24853E+01
4867	444	3.24876E+01
8792	433	3.24974E+01
4726	319	3.25042E+01
8792	311	3.25052E+01
4932	318	3.25064E+01
8704	351	3.25076E+01
4726	240	3.25175E+01
4726	397	3.25246E+01
8635	392	3.25258E+01
4829	561	3.25268E+01
8704	567	3.25360E+01
4970	394	3.25377E+01
4726	202	3.25388E+01
8635	155	3.25399E+01
1222	404	3.25447E+01
7562	317	3.25456E+01
4970	195	3.25540E+01
4829	524	3.25563E+01
7562	357	3.25659E+01
7562	239	3.25737E+01
4932	278	3.25836E+01
8635	605	3.25852E+01
8723	271	3.25878E+01
7562	240	3.25895E+01
4932	359	3.25929E+01
4829	199	3.25944E+01
8811	233	3.25977E+01
4764	272	3.26047E+01
4932	607	3.26063E+01
4867	194	3.26075E+01
7562	400	3.26107E+01
4726	524	3.26139E+01
4764	568	3.26141E+01
8792	474	3.26216E+01
7562	479	3.26281E+01
4829	316	3.26338E+01
4932	239	3.26374E+01
4932	317	3.26389E+01
7562	523	3.26391E+01
4932	441	3.26436E+01
4932	357	3.26501E+01
4932	201	3.26518E+01
8723	311	3.26539E+01
4970	476	3.26554E+01
4932	479	3.26587E+01
4829	162	3.26588E+01
4726	561	3.26593E+01
7562	438	3.26782E+01
4764	244	3.26789E+01
8635	474	3.26805E+01
4726	199	3.26813E+01
8811	359	3.26854E+01
8635	231	3.26902E+01
4932	400	3.26955E+01
4764	312	3.26961E+01
8811	440	3.27012E+01
4829	237	3.27040E+01
7562	520	3.27047E+01
8792	392	3.27064E+01
8704	192	3.27114E+01
8635	241	3.27130E+01
4867	244	3.27203E+01
4726	316	3.27223E+01
4932	438	3.27227E+01
8635	400	3.27238E+01
4932	520	3.27326E+01
8811	319	3.27358E+01
4726	162	3.27446E+01
4867	272	3.27539E+01
4932	200	3.27571E+01
1222	445	3.27612E+01
4932	279	3.27626E+01
8616	154	3.27764E+01
8635	203	3.27812E+01
7562	201	3.27821E+01
4829	356	3.27835E+01
8723	241	3.27848E+01
4932	277	3.27849E+01
4932	238	3.27868E+01
4726	237	3.27886E+01
4829	276	3.27889E+01
7562	441	3.27899E+01
7562	202	3.27915E+01
8635	598	3.27970E+01
7562	482	3.27975E+01
7562	277	3.27990E+01
1222	569	3.28049E+01
4932	163	3.28052E+01
4932	319	3.28075E+01
8635	280	3.28099E+01
8811	563	3.28101E+01
4764	121	3.28202E+01
4932	240	3.28272E+01
4970	403	3.28352E+01
4867	312	3.28363E+01
8811	434	3.28394E+01
4932	202	3.28404E+01
4764	558	3.28450E+01
8723	203	3.28471E+01
8723	433	3.28542E+01
8635	351	3.28573E+01
8723	120	3.28655E+01
8811	599	3.28722E+01
4726	276	3.28733E+01
4726	356	3.28737E+01
4867	568	3.28786E+01
8811	312	3.28840E+01
8723	400	3.28850E+01
7562	397	3.28882E+01
4867	558	3.28889E+01
8723	280	3.28930E+01
8616	556	3.29008E+01
8723	605	3.29047E+01
4970	600	3.29115E+01
7562	238	3.29124E+01
7562	561	3.29128E+01
8723	392	3.29195E+01
4829	360	3.29200E+01
4932	397	3.29201E+01
7562	606	3.29222E+01
4764	283	3.29239E+01
4932	524	3.29245E+01
8811	272	3.29358E+01
7562	280	3.29381E+01
4970	485	3.29427E+01
8811	475	3.29438E+01
8616	270	3.29552E+01
1222	162	3.29568E+01
8811	393	3.29577E+01
8635	192	3.29604E+01
8792	155	3.29620E+01
4932	561	3.29749E+01
4867	283	3.29812E+01
4829	203	3.29814E+01
4829	602	3.29819E+01
4829	280	3.29848E+01
4867	121	3.29871E+01
8616	118	3.29893E+01
8811	481	3.29928E+01
8635	119	3.29935E+01
8811	522	3.30097E+01
7562	241	3.30111E+01
4829	241	3.30146E+01
8792	515	3.30259E+01
4726	360	3.30273E+01
8723	474	3.30287E+01
4970	353	3.30304E+01
8723	155	3.30309E+01
7562	360	3.30572E+01
8723	598	3.30628E+01
8616	526	3.30652E+01
7562	200	3.30755E+01
8635	515	3.30759E+01
4829	483	3.30772E+01
8704	556	3.30844E+01
4764	434	3.30909E+01
8811	157	3.31033E+01
4726	280	3.31082E+01
4764	393	3.31109E+01
4932	199	3.31138E+01
4726	203	3.31185E+01
8811	194	3.31228E+01
4726	602	3.31339E+01
8616	444	3.31345E+01
4829	437	3.31381E+01
4829	198	3.31382E+01
4726	483	3.31436E+01
4726	241	3.31451E+01
4932	316	3.31480E+01
7562	203	3.31526E+01
4829	478	3.31592E+01
8723	231	3.31665E+01
4829	161	3.31685E+01
4970	517	3.31707E+01
4829	566	3.31749E+01
4764	156	3.31755E+01
8616	310	3.31795E+01
4932	162	3.31811E+01
8704	154	3.31918E+01
4867	434	3.31933E+01
8635	564	3.31977E+01
4726	566	3.31980E+01
7562	320	3.32015E+01
4970	444	3.32114E+01
4726	198	3.32143E+01
7562	316	3.32213E+01
4829	320	3.32215E+01
4867	393	3.32283E+01
4932	237	3.32288E+01
8811	516	3.32317E+01
4726	437	3.32392E+01
4726	161	3.32438E+01
4970	233	3.32557E+01
1222	561	3.32595E+01
8704	444	3.32637E+01
4726	478	3.32697E+01
7562	602	3.32743E+01
8723	351	3.32820E+01
4970	122	3.32841E+01
8704	323	3.32924E+01
4932	356	3.32980E+01
4829	401	3.32995E+01
4932	360	3.33028E+01
8792	231	3.33070E+01
4829	396	3.33148E+01
4932	276	3.33150E+01
8792	351	3.33190E+01
8704	270	3.33275E+01
8704	526	3.33380E+01
4726	320	3.33392E+01
4867	156	3.33438E+01
8616	323	3.33459E+01
7562	356	3.33526E+01
4829	442	3.33549E+01
4764	232	3.33616E+01
8811	122	3.33642E+01
8811	352	3.33651E+01
8616	363	3.33656E+01
8704	363	3.33668E+01
4829	236	3.33675E+01
4932	203	3.33707E+01
4829	519	3.33720E+01
4932	280	3.33762E+01
1222	437	3.33768E+01
8635	154	3.33775E+01
8635	270	3.33814E+01
4726	401	3.33952E+01
8792	323	3.33966E+01
8792	567	3.33994E+01
8723	515	3.34057E+01
4932	241	3.34062E+01
4726	396	3.34077E+01
4970	244	3.34155E+01
8704	118	3.34167E+01
4764	475	3.34172E+01
4932	602	3.34219E+01
8616	485	3.34293E+01
4970	157	3.34297E+01
4829	315	3.34353E+01
4726	442	3.34354E+01
8792	119	3.34399E+01
4932	483	3.34404E+01
4726	236	3.34419E+01
7562	565	3.34553E+01
1222	198	3.34564E+01
8723	192	3.34571E+01
8635	441	3.34598E+01
4726	519	3.34944E+01
8723	564	3.34969E+01
8723	119	3.35001E+01
1222	396	3.35034E+01
4867	475	3.35034E+01
4726	315	3.35158E+01
4867	232	3.35220E+01
7562	276	3.35249E+01
7562	163	3.35334E+01
8704	310	3.35347E+01
4764	352	3.35361E+01
1222	315	3.35376E+01
4932	566	3.35427E+01
4764	363	3.35450E+01
7562	237	3.35574E+01
8635	310	3.35622E+01
4829	275	3.35702E+01
8792	363	3.35768E+01
8811	241	3.35850E+01
8616	230	3.35940E+01
4932	320	3.35999E+01
1222	236	3.36007E+01
8635	360	3.36091E+01
8616	432	3.36119E+01
8811	232	3.36176E+01
8635	523	3.36246E+01
7562	199	3.36279E+01
8704	485	3.36318E+01
7562	478	3.36375E+01
4932	437	3.36450E+01
4726	275	3.36453E+01
4867	363	3.36467E+01
8635	556	3.36492E+01
8723	441	3.36508E+01
8811	203	3.36535E+01
4932	478	3.36540E+01
4970	568	3.36562E+01
4932	401	3.36658E+01
7562	437	3.36669E+01
8635	118	3.36669E+01
4867	352	3.36684E+01
8792	556	3.36711E+01
7562	401	3.36726E+01
4970	283	3.36750E+01
1222	245	3.36758E+01
8811	557	3.36829E+01
1222	611	3.36842E+01
4932	198	3.36851E+01
8616	391	3.36892E+01
8792	192	3.36897E+01
1222	478	3.36953E+01
8635	320	3.37042E+01
8811	280	3.37057E+01
4932	442	3.37160E+01
4932	161	3.37162E+01
8792	444	3.37258E+01
8723	360	3.37293E+01
4829	355	3.37366E+01
1222	284	3.37367E+01
4764	120	3.37369E+01
4764	610	3.37384E+01
8616	191	3.37443E+01
4726	608	3.37452E+01
8635	482	3.37452E+01
4764	193	3.37510E+01
4829	608	3.37638E+01
4829	560	3.37906E+01
8723	320	3.37930E+01
4970	194	3.37956E+01
7562	519	3.38004E+01
8616	597	3.38084E+01
4829	160	3.38158E+01
4726	355	3.38204E+01
1222	275	3.38366E+01
4932	396	3.38381E+01
8811	400	3.38486E+01
8811	156	3.38534E+01
4932	519	3.38569E+01
8723	270	3.38599E+01
8616	473	3.38617E+01
4829	197	3.38662E+01
8635	230	3.38708E+01
4726	160	3.38812E+01
7562	524	3.38907E+01
7562	242	3.38919E+01
8723	523	3.38921E+01
8723	154	3.38947E+01
8704	432	3.38986E+01
8792	245	3.39056E+01
4867	120	3.39095E+01
8811	121	3.39120E+01
4764	599	3.39152E+01
7562	204	3.39182E+01
4867	193	3.39189E+01
4932	236	3.39209E+01
4726	560	3.39286E+01
7562	396	3.39289E+01
4726	197	3.39322E+01
4970	272	3.39344E+01
4867	599	3.39367E+01
7562	281	3.39387E+01
4829	204	3.39444E+01
4970	558	3.39586E+01
8723	556	3.39615E+01
8704	245	3.39665E+01
8704	597	3.39700E+01
8723	482	3.39745E+01
4932	315	3.39799E+01
4764	323	3.39863E+01
8704	230	3.39958E+01
8635	432	3.40014E+01
8704	391	3.40042E+01
4970	312	3.40089E+01
8635	391	3.40135E+01
8616	117	3.40136E+01
8616	153	3.40174E+01
8635	191	3.40179E+01
8723	310	3.40259E+01
4764	527	3.40333E+01
4764	516	3.40493E+01
1222	161	3.40549E+01
7562	442	3.40562E+01
4867	323	3.40623E+01
1222	364	3.40624E+01
1222	528	3.40638E+01
8811	193	3.40672E+01
4867	610	3.40701E+01
4829	242	3.40746E+01
4829	525	3.40765E+01
7562	162	3.40821E+01
8792	526	3.40824E+01
4726	204	3.40962E+01
4726	525	3.41065E+01
8616	245	3.41140E+01
4867	516	3.41180E+01
7562	483	3.41198E+01
8704	473	3.41233E+01
4829	281	3.41255E+01
4932	275	3.41257E+01
8811	271	3.41307E+01
4932	608	3.41469E+01
7562	560	3.41470E+01
8616	350	3.41560E+01
1222	355	3.41603E+01
8811	311	3.41632E+01
8704	191	3.41645E+01
4970	121	3.41768E+01
8723	118	3.41956E+01
4726	242	3.42180E+01
8811	605	3.42181E+01
8792	154	3.42210E+01
4829	361	3.42335E+01
4764	271	3.42357E+01
8792	485	3.42380E+01
8635	473	3.42423E+01
4829	235	3.42449E+01
7562	315	3.42481E+01
8811	433	3.42513E+01
8792	270	3.42541E+01
4726	281	3.42592E+01
4932	560	3.42670E+01
4867	527	3.42788E+01
4932	355	3.42816E+01
8811	598	3.42868E+01
8635	153	3.42901E+01
4932	204	3.42958E+01
4726	235	3.43096E+01
1390	156	3.43257E+01
4764	155	3.43293E+01
4970	434	3.43305E+01
8635	350	3.43322E+01
4970	363	3.43369E+01
4726	361	3.43424E+01
1390	120	3.43425E+01
1390	155	3.43567E+01
8811	392	3.43628E+01
1390	119	3.43677E+01
7562	361	3.43698E+01
4829	436	3.43718E+01
8723	230	3.43785E+01
4970	393	3.43823E+01
8635	597	3.43835E+01
1390	193	3.43854E+01
4932	160	3.43874E+01
8616	514	3.43881E+01
1390	194	3.43891E+01
8616	609	3.43900E+01
8811	474	3.43907E+01
4867	271	3.43922E+01
8635	117	3.43980E+01
7562	198	3.44008E+01
1390	121	3.44016E+01
8723	432	3.44054E+01
1390	157	3.44127E+01
1222	519	3.44174E+01
8792	310	3.44268E+01
4932	242	3.44281E+01
4829	601	3.44336E+01
4932	525	3.44338E+01
4932	197	3.44389E+01
7562	607	3.44396E+01
8723	391	3.44428E+01
4764	311	3.44539E+01
8704	153	3.44546E+01
8704	117	3.44594E+01
1390	232	3.44632E+01
7562	236	3.44642E+01
4726	436	3.44699E+01
1390	118	3.44700E+01
4829	477	3.44706E+01
4932	281	3.44791E+01
8792	118	3.44822E+01
1390	154	3.44936E+01
1390	233	3.44972E+01
8704	350	3.45037E+01
4867	155	3.45038E+01
7562	321	3.45062E+01
4829	314	3.45112E+01
7562	355	3.45129E+01
4829	395	3.45229E+01
1390	192	3.45242E+01
8792	597	3.45246E+01
8811	120	3.45297E+01
8723	191	3.45431E+01
4970	156	3.45471E+01
7562	275	3.45504E+01
1390	122	3.45529E+01
1390	195	3.45536E+01
1390	272	3.45610E+01
1222	602	3.45760E+01
4726	477	3.45800E+01
4829	159	3.45816E+01
4932	361	3.45821E+01
4726	314	3.45835E+01
4829	274	3.45906E+01
4726	601	3.45912E+01
1222	324	3.45918E+01
4829	321	3.45979E+01
4867	311	3.46014E+01
1390	231	3.46075E+01
4726	395	3.46106E+01
8811	360	3.46119E+01
8811	320	3.46150E+01
8723	473	3.46248E+01
8704	514	3.46268E+01
4970	475	3.46284E+01
1390	158	3.46321E+01
4726	159	3.46379E+01
1390	117	3.46434E+01
1390	271	3.46524E+01
8635	204	3.46551E+01
4726	274	3.46565E+01
8792	432	3.46652E+01
8723	204	3.46705E+01
8811	441	3.46785E+01
1390	312	3.46786E+01
8723	597	3.46787E+01
7562	601	3.46831E+01
1390	273	3.46893E+01
8811	155	3.46935E+01
8635	514	3.46971E+01
4764	119	3.47005E+01
4726	321	3.47220E+01
4970	232	3.47245E+01
1390	153	3.47265E+01
1390	234	3.47345E+01
8616	269	3.47371E+01
4970	323	3.47390E+01
8811	515	3.47395E+01
8635	269	3.47430E+01
4829	196	3.47506E+01
8811	564	3.47586E+01
8635	242	3.47655E+01
4829	484	3.47698E+01
8811	231	3.47815E+01
1390	313	3.47837E+01
8811	351	3.47877E+01
8723	242	3.47888E+01
1390	191	3.47896E+01
7562	161	3.47913E+01
8723	350	3.47923E+01
4829	518	3.48021E+01
4726	196	3.48072E+01
1390	311	3.48146E+01
4726	484	3.48159E+01
1390	353	3.48162E+01
8792	391	3.48225E+01
4932	235	3.48252E+01
8723	153	3.48321E+01
8792	284	3.48423E+01
4970	352	3.48446E+01
8792	473	3.48471E+01
1390	352	3.48476E+01
8704	609	3.48485E+01
8704	284	3.48518E+01
1222	197	3.48637E+01
4867	119	3.48786E+01
1390	116	3.48826E+01
4970	610	3.48884E+01
4764	231	3.48999E+01
1390	196	3.49000E+01
4932	601	3.49019E+01
1390	230	3.49071E+01
4932	436	3.49091E+01
8635	606	3.49091E+01
4829	402	3.49161E+01
4726	518	3.49249E+01
1390	270	3.49326E+01
4932	321	3.49396E+01
1390	393	3.49435E+01
8723	117	3.49478E+01
4764	557	3.49574E+01
4764	404	3.49593E+01
1390	394	3.49594E+01
8616	284	3.49691E+01
4829	354	3.49723E+01
8792	230	3.49866E+01
4932	477	3.49955E+01
1390	159	3.50004E+01
4970	599	3.50020E+01
4726	402	3.50067E+01
4867	557	3.50068E+01
4970	527	3.50242E+01
8635	309	3.50311E+01
1390	152	3.50468E+01
8635	281	3.50469E+01
4726	354	3.50491E+01
4726	567	3.50504E+01
7562	436	3.50567E+01
4764	486	3.50571E+01
8723	514	3.50608E+01
7562	477	3.50648E+01
1390	434	3.50663E+01
4867	231	3.50672E+01
1390	354	3.50677E+01
4829	567	3.50679E+01
1390	435	3.50688E+01
1222	487	3.50692E+01
1390	274	3.50704E+01
4764	392	3.50738E+01
8616	116	3.50753E+01
4932	395	3.50763E+01
8811	523	3.50828E+01
8811	482	3.50831E+01
4932	314	3.50849E+01
8723	281	3.50859E+01
4829	443	3.50902E+01
8616	309	3.50902E+01
4867	404	3.50950E+01
4764	433	3.51135E+01
4932	484	3.51152E+01
1390	351	3.51177E+01
4970	120	3.51200E+01
8811	192	3.51223E+01
4970	193	3.51331E+01
4764	192	3.51372E+01
8704	269	3.51386E+01
8616	555	3.51501E+01
8635	229	3.51502E+01
1390	310	3.51544E+01
1390	476	3.51545E+01
4726	443	3.51581E+01
8635	190	3.51584E+01
1390	190	3.51668E+01
1390	314	3.51692E+01
8635	401	3.51711E+01
4932	274	3.51738E+01
4932	159	3.51756E+01
8635	116	3.51831E+01
1390	115	3.51834E+01
1390	392	3.51884E+01
8792	191	3.51979E+01
4867	392	3.51984E+01
1390	235	3.52032E+01
8811	119	3.52117E+01
1390	475	3.52188E+01
4867	433	3.52227E+01
8616	190	3.52295E+01
4970	516	3.52343E+01
7562	566	3.52362E+01
1222	235	3.52389E+01
1222	405	3.52417E+01
8616	229	3.52520E+01
4932	402	3.52521E+01
8723	269	3.52541E+01
1390	517	3.52543E+01
8635	152	3.52696E+01
8811	556	3.52709E+01
4867	486	3.52713E+01
1222	160	3.52776E+01
1500	156	3.52797E+01
8723	606	3.52799E+01
1390	395	3.52855E+01
1390	81	3.52857E+01
7562	243	3.52866E+01
1500	120	3.52879E+01
1500	155	3.52923E+01
1500	119	3.52979E+01
4829	234	3.53028E+01
8616	152	3.53049E+01
4867	192	3.53118E+01
8792	514	3.53138E+01
7562	518	3.53152E+01
8723	401	3.53154E+01
4932	518	3.53170E+01
1500	193	3.53306E+01
1390	433	3.53326E+01
7562	395	3.53364E+01
8635	555	3.53369E+01
1390	229	3.53402E+01
4932	196	3.53476E+01
1500	194	3.53565E+01
6369	604	3.53570E+01
4726	234	3.53582E+01
7562	197	3.53605E+01
1500	121	3.53627E+01
4829	559	3.53657E+01
8704	555	3.53672E+01
1390	269	3.53726E+01
1390	518	3.53854E+01
1500	118	3.53857E+01
8792	350	3.53857E+01
1500	157	3.53860E+01
8811	204	3.53868E+01
1390	559	3.53900E+01
1390	436	3.53930E+01
7562	402	3.54020E+01
1222	570	3.54076E+01
1390	477	3.54084E+01
1500	154	3.54117E+01
1390	558	3.54149E+01
1500	232	3.54158E+01
4764	245	3.54197E+01
1390	516	3.54250E+01
4932	443	3.54268E+01
4764	445	3.54356E+01
4932	567	3.54385E+01
1390	151	3.54464E+01
4867	245	3.54472E+01
6369	603	3.54481E+01
1500	192	3.54484E+01
4829	158	3.54498E+01
4764	351	3.54504E+01
1390	197	3.54529E+01
6369	562	3.54633E+01
1500	233	3.54757E+01
8704	309	3.54759E+01
8811	270	3.54794E+01
1390	600	3.54832E+01
1222	314	3.54973E+01
4726	158	3.54975E+01
8811	242	3.55020E+01
4726	559	3.55047E+01
7562	282	3.55063E+01
4764	474	3.55095E+01
1222	560	3.55251E+01
1500	272	3.55282E+01
8723	309	3.55286E+01
1500	122	3.55302E+01
8792	153	3.55309E+01
1500	231	3.55357E+01
1390	160	3.55362E+01
8704	116	3.55387E+01
4764	154	3.55412E+01
1390	114	3.55419E+01
1222	446	3.55423E+01
1500	195	3.55443E+01
1500	117	3.55451E+01
1390	474	3.55465E+01
4932	354	3.55466E+01
8792	117	3.55632E+01
7562	314	3.55729E+01
6369	521	3.55776E+01
1390	350	3.55843E+01
1390	601	3.55847E+01
1390	80	3.55863E+01
4867	351	3.55900E+01
1500	271	3.55911E+01
1222	436	3.55917E+01
7562	235	3.55927E+01
4867	474	3.56027E+01
4970	271	3.56030E+01
4867	445	3.56111E+01
8811	154	3.56136E+01
8811	310	3.56143E+01
6273	604	3.56213E+01
6369	563	3.56244E+01
1500	158	3.56255E+01
1500	153	3.56277E+01
4829	243	3.56348E+01
7562	160	3.56368E+01
8635	390	3.56414E+01
1390	189	3.56419E+01
1500	312	3.56451E+01
1390	391	3.56468E+01
1390	355	3.56486E+01
1390	309	3.56623E+01
8635	431	3.56681E+01
8616	404	3.56687E+01
1222	395	3.56692E+01
8704	190	3.56735E+01
1390	599	3.56782E+01
8704	229	3.56804E+01
8723	555	3.56834E+01
1222	274	3.56846E+01
1500	273	3.56870E+01
8723	229	3.56877E+01
1500	191	3.56939E+01
1390	560	3.56968E+01
4764	118	3.57066E+01
8723	190	3.57105E+01
1390	557	3.57151E+01
6369	520	3.57162E+01
6273	562	3.57187E+01
6273	603	3.57192E+01
6369	480	3.57198E+01
4867	154	3.57216E+01
4970	155	3.57298E+01
6369	479	3.57322E+01
8704	404	3.57323E+01
1390	275	3.57403E+01
1500	234	3.57405E+01
4764	569	3.57426E+01
1500	311	3.57498E+01
8723	116	3.57528E+01
8704	152	3.57629E+01
4829	195	3.57675E+01
1500	116	3.57707E+01
4970	404	3.57730E+01
