GRAM	c2h2	chi_tot
1650	596	2.50378E+01
1650	554	2.50722E+01
1650	595	2.50833E+01
1650	512	2.51308E+01
1650	553	2.51404E+01
1650	555	2.51550E+01
1650	597	2.51561E+01
1650	513	2.51774E+01
1650	470	2.52154E+01
1650	511	2.52218E+01
1650	471	2.52253E+01
1650	594	2.52475E+01
1650	429	2.52998E+01
1650	552	2.53178E+01
1650	428	2.53274E+01
1650	469	2.53291E+01
1650	472	2.53989E+01
1650	387	2.54023E+01
1650	514	2.54053E+01
1650	510	2.54116E+01
1650	430	2.54178E+01
1650	556	2.54367E+01
1650	388	2.54619E+01
1650	427	2.54639E+01
1650	386	2.54690E+01
1650	598	2.54901E+01
1650	593	2.54921E+01
1650	468	2.55307E+01
1650	346	2.55344E+01
1650	345	2.55368E+01
1650	551	2.55685E+01
1650	385	2.56281E+01
1650	40	2.56356E+01
1650	344	2.56437E+01
1650	304	2.56458E+01
1650	39	2.56509E+01
1650	509	2.56672E+01
1650	347	2.56709E+01
1650	426	2.56762E+01
1650	389	2.56849E+01
1650	305	2.56899E+01
1650	38	2.56913E+01
1650	303	2.57118E+01
1650	431	2.57215E+01
1650	37	2.57506E+01
1650	263	2.57675E+01
1650	473	2.57801E+01
1650	592	2.57858E+01
1650	467	2.57895E+01
1650	262	2.58153E+01
1650	36	2.58238E+01
1650	343	2.58244E+01
1650	264	2.58265E+01
1650	384	2.58498E+01
1650	302	2.58574E+01
1650	550	2.58630E+01
1650	515	2.58632E+01
1650	306	2.58783E+01
1650	222	2.58822E+01
1650	35	2.59068E+01
1650	69	2.59095E+01
1650	223	2.59141E+01
1650	68	2.59293E+01
1650	425	2.59366E+01
1650	70	2.59383E+01
1650	261	2.59401E+01
1650	221	2.59416E+01
1650	508	2.59609E+01
1650	557	2.59710E+01
1650	182	2.59714E+01
1650	348	2.59828E+01
1650	67	2.59850E+01
1650	34	2.59965E+01
1650	181	2.60047E+01
1650	104	2.60203E+01
1650	265	2.60255E+01
1650	183	2.60273E+01
1650	105	2.60284E+01
1650	71	2.60306E+01
1650	142	2.60316E+01
1650	143	2.60352E+01
1650	342	2.60532E+01
1650	301	2.60565E+01
1650	220	2.60660E+01
1650	66	2.60664E+01
1650	103	2.60670E+01
1650	224	2.60687E+01
1650	466	2.60803E+01
1650	33	2.60907E+01
1650	141	2.60929E+01
1650	599	2.60988E+01
1650	180	2.61015E+01
1650	591	2.61032E+01
1650	383	2.61094E+01
1650	390	2.61098E+01
1650	106	2.61109E+01
1650	260	2.61175E+01
1650	144	2.61276E+01
1650	102	2.61529E+01
1650	65	2.61653E+01
1650	549	2.61777E+01
1650	32	2.61877E+01
1650	140	2.61992E+01
1650	184	2.62022E+01
1650	72	2.62037E+01
1650	424	2.62222E+01
1650	219	2.62337E+01
1650	179	2.62415E+01
1650	307	2.62465E+01
1650	432	2.62527E+01
1650	101	2.62654E+01
1650	507	2.62708E+01
1650	64	2.62754E+01
1650	31	2.62861E+01
1650	300	2.62882E+01
1650	107	2.62910E+01
1650	341	2.63090E+01
1650	259	2.63276E+01
1650	139	2.63353E+01
1650	145	2.63363E+01
1650	225	2.63797E+01
1650	465	2.63832E+01
1650	30	2.63848E+01
1650	382	2.63871E+01
1650	63	2.63922E+01
1650	100	2.63950E+01
1650	266	2.63994E+01
1650	178	2.64090E+01
1650	474	2.64157E+01
1650	590	2.64249E+01
1650	218	2.64282E+01
1650	73	2.64769E+01
1650	29	2.64827E+01
1650	138	2.64897E+01
1650	548	2.64944E+01
1650	349	2.65062E+01
1650	62	2.65123E+01
1650	423	2.65153E+01
1650	185	2.65280E+01
1650	99	2.65346E+01
1650	299	2.65357E+01
1650	258	2.65551E+01
1650	340	2.65754E+01
1650	28	2.65789E+01
1650	506	2.65802E+01
1650	177	2.65924E+01
1650	108	2.65945E+01
1650	516	2.66044E+01
1650	61	2.66336E+01
1650	217	2.66371E+01
1650	137	2.66543E+01
1650	381	2.66677E+01
1650	27	2.66727E+01
1650	98	2.66790E+01
1650	464	2.66829E+01
1650	146	2.66909E+01
1650	589	2.67367E+01
1650	60	2.67542E+01
1650	26	2.67634E+01
1650	391	2.67752E+01
1650	176	2.67834E+01
1650	298	2.67867E+01
1650	257	2.67884E+01
1650	547	2.67998E+01
1650	422	2.68027E+01
1650	558	2.68182E+01
1650	136	2.68231E+01
1650	97	2.68246E+01
1650	308	2.68290E+01
1650	339	2.68400E+01
1650	25	2.68506E+01
1650	216	2.68508E+01
1650	74	2.68709E+01
1650	59	2.68730E+01
1650	505	2.68770E+01
1650	226	2.68802E+01
1650	24	2.69342E+01
1650	380	2.69398E+01
1650	463	2.69686E+01
1650	96	2.69693E+01
1650	175	2.69756E+01
1650	267	2.69815E+01
1650	58	2.69889E+01
1650	135	2.69923E+01
1650	23	2.70141E+01
1650	256	2.70189E+01
1650	588	2.70287E+01
1650	297	2.70317E+01
1650	186	2.70363E+01
1650	109	2.70476E+01
1650	600	2.70478E+01
1650	433	2.70547E+01
1650	215	2.70625E+01
1650	421	2.70749E+01
1650	546	2.70848E+01
1650	22	2.70902E+01
1650	338	2.70939E+01
1650	57	2.71016E+01
1650	95	2.71114E+01
1650	504	2.71528E+01
1650	134	2.71589E+01
1650	21	2.71627E+01
1650	174	2.71647E+01
1650	379	2.71958E+01
1650	56	2.72109E+01
1650	147	2.72203E+01
1650	20	2.72320E+01
1650	462	2.72331E+01
1650	255	2.72401E+01
1650	94	2.72500E+01
1650	296	2.72640E+01
1650	214	2.72668E+01
1650	350	2.72756E+01
1650	587	2.72949E+01
1650	19	2.72987E+01
1650	55	2.73170E+01
1650	133	2.73209E+01
1650	420	2.73256E+01
1650	337	2.73308E+01
1650	545	2.73438E+01
1650	173	2.73472E+01
1650	475	2.73562E+01
1650	18	2.73637E+01
1650	93	2.73844E+01
1650	503	2.74027E+01
1650	75	2.74059E+01
1650	54	2.74202E+01
1650	17	2.74279E+01
1650	378	2.74303E+01
1650	254	2.74474E+01
1650	213	2.74601E+01
1650	461	2.74719E+01
1650	132	2.74767E+01
1650	295	2.74790E+01
1650	16	2.74920E+01
1650	92	2.75143E+01
1650	172	2.75205E+01
1650	53	2.75209E+01
1650	586	2.75320E+01
1650	336	2.75468E+01
1650	419	2.75512E+01
1650	15	2.75569E+01
1650	544	2.75741E+01
1650	227	2.75995E+01
1650	52	2.76194E+01
1650	14	2.76231E+01
1650	502	2.76244E+01
1650	131	2.76251E+01
1650	253	2.76379E+01
1650	212	2.76394E+01
1650	91	2.76396E+01
1650	377	2.76407E+01
1650	309	2.76561E+01
1650	294	2.76740E+01
1650	110	2.76747E+01
1760	597	2.76765E+01
1650	171	2.76827E+01
1650	460	2.76832E+01
1650	517	2.76875E+01
1650	13	2.76910E+01
1650	51	2.77161E+01
1760	596	2.77170E+01
1650	392	2.77185E+01
1650	585	2.77393E+01
1650	335	2.77397E+01
1760	555	2.77462E+01
1650	418	2.77504E+01
1650	187	2.77549E+01
1650	90	2.77598E+01
1650	12	2.77608E+01
1650	130	2.77649E+01
1650	543	2.77750E+01
1650	268	2.78000E+01
1650	211	2.78031E+01
1650	252	2.78097E+01
1650	50	2.78109E+01
1760	554	2.78151E+01
1650	501	2.78175E+01
1650	376	2.78258E+01
1650	170	2.78322E+01
1650	11	2.78325E+01
1760	598	2.78376E+01
1760	513	2.78448E+01
1650	293	2.78475E+01
1760	556	2.78618E+01
1650	459	2.78668E+01
1650	89	2.78744E+01
1650	129	2.78952E+01
1650	49	2.79040E+01
1650	10	2.79054E+01
1760	595	2.79067E+01
1650	334	2.79090E+01
1760	514	2.79154E+01
1650	584	2.79175E+01
1650	417	2.79231E+01
1760	512	2.79412E+01
1650	542	2.79475E+01
1650	210	2.79501E+01
1650	148	2.79504E+01
1650	251	2.79620E+01
1650	169	2.79680E+01
1760	471	2.79732E+01
1650	9	2.79791E+01
1650	88	2.79829E+01
1650	500	2.79830E+01
1650	375	2.79861E+01
1650	48	2.79947E+01
1650	292	2.79994E+01
1760	472	2.79996E+01
1650	128	2.80151E+01
1760	553	2.80203E+01
1650	458	2.80241E+01
1650	559	2.80439E+01
1650	8	2.80527E+01
1650	333	2.80553E+01
1650	583	2.80688E+01
1650	416	2.80707E+01
1650	209	2.80801E+01
1650	47	2.80823E+01
1650	87	2.80842E+01
1650	168	2.80897E+01
1650	541	2.80936E+01
1650	250	2.80950E+01
1760	470	2.80967E+01
1650	76	2.81002E+01
1760	430	2.81139E+01
1650	374	2.81228E+01
1650	499	2.81230E+01
1650	127	2.81240E+01
1650	7	2.81253E+01
1650	291	2.81303E+01
1760	429	2.81319E+01
1650	457	2.81570E+01
1760	511	2.81610E+01
1650	46	2.81657E+01
1650	434	2.81720E+01
1650	86	2.81777E+01
1650	332	2.81800E+01
1650	208	2.81934E+01
1650	415	2.81953E+01
1650	582	2.81955E+01
1650	6	2.81960E+01
1650	167	2.81972E+01
1760	594	2.82005E+01
1760	515	2.82018E+01
1650	249	2.82095E+01
1650	540	2.82160E+01
1760	557	2.82162E+01
1760	473	2.82197E+01
1650	126	2.82215E+01
1650	373	2.82381E+01
1650	498	2.82402E+01
1650	290	2.82418E+01
1650	45	2.82439E+01
1760	388	2.82576E+01
1760	599	2.82601E+01
1650	85	2.82627E+01
1650	5	2.82637E+01
1650	456	2.82680E+01
1760	431	2.82682E+01
1760	428	2.82823E+01
1650	331	2.82850E+01
1650	166	2.82908E+01
1650	207	2.82909E+01
1650	414	2.82994E+01
1650	581	2.83008E+01
1650	248	2.83069E+01
1650	125	2.83076E+01
1650	44	2.83160E+01
1650	539	2.83176E+01
1760	552	2.83203E+01
1650	351	2.83217E+01
1760	387	2.83219E+01
1650	4	2.83274E+01
1760	469	2.83300E+01
1650	372	2.83343E+01
1650	289	2.83355E+01
1650	497	2.83373E+01
1650	84	2.83388E+01
1760	389	2.83441E+01
1650	455	2.83599E+01
1650	165	2.83712E+01
1650	330	2.83725E+01
1650	206	2.83737E+01
1650	43	2.83813E+01
1650	124	2.83825E+01
1650	413	2.83855E+01
1650	3	2.83862E+01
1650	580	2.83874E+01
1650	247	2.83887E+01
1650	538	2.84011E+01
1650	83	2.84061E+01
1650	601	2.84078E+01
1650	288	2.84136E+01
1650	371	2.84138E+01
1650	496	2.84171E+01
1760	346	2.84339E+01
1650	454	2.84355E+01
1650	164	2.84396E+01
1650	42	2.84397E+01
1650	2	2.84397E+01
1650	205	2.84432E+01
1650	329	2.84448E+01
1650	123	2.84470E+01
1760	347	2.84478E+01
1650	412	2.84562E+01
1650	246	2.84569E+01
1650	579	2.84583E+01
1650	82	2.84646E+01
1760	510	2.84657E+01
1650	537	2.84693E+01
1650	287	2.84781E+01
1650	370	2.84791E+01
1650	495	2.84823E+01
1650	1	2.84877E+01
1650	41	2.84910E+01
1650	111	2.84947E+01
1650	453	2.84971E+01
1760	386	2.84999E+01
1650	328	2.85041E+01
1650	411	2.85138E+01
1650	578	2.85159E+01
1650	536	2.85248E+01
1760	427	2.85285E+01
1650	0	2.85301E+01
1650	369	2.85323E+01
1650	494	2.85353E+01
1760	345	2.85470E+01
1650	452	2.85472E+01
1650	228	2.85596E+01
1760	593	2.85604E+01
1650	410	2.85606E+01
1650	577	2.85625E+01
1650	535	2.85697E+01
1650	493	2.85781E+01
1650	451	2.85877E+01
1760	305	2.85897E+01
1650	576	2.86001E+01
1650	534	2.86059E+01
1650	492	2.86127E+01
1760	390	2.86200E+01
1760	348	2.86249E+01
1650	575	2.86304E+01
1650	533	2.86350E+01
1760	432	2.86370E+01
1760	468	2.86379E+01
1760	304	2.86532E+01
1650	574	2.86546E+01
1650	476	2.86555E+01
1760	306	2.86591E+01
1760	551	2.86796E+01
1760	474	2.86807E+01
1650	188	2.87044E+01
1760	40	2.87380E+01
1650	310	2.87521E+01
1760	344	2.87530E+01
1760	264	2.87530E+01
1760	516	2.87579E+01
1760	385	2.87582E+01
1760	39	2.87887E+01
1760	263	2.87955E+01
1760	303	2.88158E+01
1760	509	2.88227E+01
1760	426	2.88381E+01
1760	265	2.88398E+01
1760	38	2.88612E+01
1760	558	2.88702E+01
1650	269	2.88758E+01
1760	307	2.88972E+01
1760	223	2.88999E+01
1650	149	2.89001E+01
1760	262	2.89342E+01
1760	37	2.89499E+01
1760	224	2.89529E+01
1760	592	2.89556E+01
1760	222	2.89594E+01
1650	77	2.89676E+01
1650	393	2.89762E+01
1760	467	2.89905E+01
1760	349	2.90021E+01
1760	600	2.90107E+01
1760	70	2.90155E+01
1760	343	2.90216E+01
1760	183	2.90227E+01
1760	69	2.90397E+01
1760	302	2.90473E+01
1760	71	2.90489E+01
1760	36	2.90498E+01
1760	182	2.90525E+01
1760	384	2.90676E+01
1760	550	2.90696E+01
1760	266	2.90908E+01
1760	221	2.91006E+01
1760	184	2.91023E+01
1760	143	2.91063E+01
1760	68	2.91071E+01
1760	105	2.91171E+01
1760	144	2.91184E+01
1760	391	2.91240E+01
1760	106	2.91301E+01
1760	261	2.91401E+01
1760	225	2.91520E+01
1760	72	2.91569E+01
1760	35	2.91573E+01
1760	181	2.91623E+01
1760	104	2.91712E+01
1760	142	2.91745E+01
1650	518	2.91758E+01
1760	425	2.91839E+01
1760	508	2.92052E+01
1760	67	2.92053E+01
1760	107	2.92328E+01
1760	145	2.92380E+01
1760	433	2.92637E+01
1760	34	2.92696E+01
1760	103	2.92734E+01
1760	220	2.92976E+01
1760	141	2.92997E+01
1760	301	2.93224E+01
1760	185	2.93232E+01
1760	66	2.93249E+01
1760	180	2.93273E+01
1760	342	2.93279E+01
1760	308	2.93386E+01
1760	73	2.93585E+01
1760	591	2.93616E+01
1760	466	2.93632E+01
1760	33	2.93848E+01
1760	260	2.93892E+01
1760	383	2.94040E+01
1760	102	2.94086E+01
1760	475	2.94334E+01
1760	108	2.94510E+01
1760	65	2.94580E+01
1760	140	2.94627E+01
1760	549	2.94674E+01
1760	146	2.94945E+01
1760	32	2.95013E+01
1650	112	2.95196E+01
1760	179	2.95277E+01
1760	219	2.95297E+01
1760	226	2.95308E+01
1760	267	2.95398E+01
1760	424	2.95442E+01
1760	101	2.95651E+01
1760	507	2.95924E+01
1760	64	2.95990E+01
1760	350	2.96139E+01
1760	31	2.96182E+01
1760	300	2.96208E+01
1760	517	2.96429E+01
1760	139	2.96492E+01
1650	435	2.96513E+01
1760	341	2.96516E+01
1760	259	2.96627E+01
1650	352	2.96718E+01
1760	74	2.96744E+01
1760	186	2.97173E+01
1650	560	2.97188E+01
1760	100	2.97340E+01
1760	30	2.97343E+01
1760	465	2.97371E+01
1760	63	2.97438E+01
1760	382	2.97488E+01
1760	178	2.97488E+01
1760	590	2.97599E+01
1650	229	2.97738E+01
1760	218	2.97813E+01
1760	109	2.98109E+01
1760	138	2.98484E+01
1760	29	2.98488E+01
8059	595	2.98519E+01
1760	548	2.98558E+01
8059	596	2.98594E+01
1760	62	2.98896E+01
1760	559	2.98906E+01
1760	392	2.98941E+01
1650	189	2.98969E+01
1760	423	2.99020E+01
1760	99	2.99088E+01
1760	147	2.99174E+01
8059	554	2.99220E+01
1760	299	2.99269E+01
1760	258	2.99460E+01
1760	28	2.99607E+01
8059	553	2.99627E+01
1760	506	2.99683E+01
1760	340	2.99771E+01
1760	177	2.99799E+01
8059	594	2.99996E+01
1760	309	3.00143E+01
1650	78	3.00156E+01
8059	512	3.00209E+01
1760	61	3.00345E+01
1760	217	3.00405E+01
1760	137	3.00531E+01
8059	555	3.00662E+01
1760	27	3.00693E+01
8059	597	3.00769E+01
1650	150	3.00791E+01
1760	98	3.00849E+01
1760	381	3.00874E+01
1760	464	3.00980E+01
8059	513	3.01000E+01
8059	511	3.01034E+01
1760	227	3.01193E+01
1760	75	3.01251E+01
1650	311	3.01358E+01
1760	589	3.01373E+01
8059	552	3.01392E+01
8059	470	3.01547E+01
1760	601	3.01618E+01
1760	26	3.01742E+01
8059	471	3.01758E+01
1760	60	3.01769E+01
1760	434	3.01933E+01
1760	176	3.02134E+01
1760	268	3.02157E+01
1650	270	3.02219E+01
1760	547	3.02225E+01
1760	257	3.02282E+01
1760	298	3.02289E+01
1760	422	3.02450E+01
1650	602	3.02521E+01
8059	593	3.02553E+01
1760	136	3.02581E+01
1760	97	3.02595E+01
8059	469	3.02734E+01
1760	25	3.02751E+01
8059	429	3.02902E+01
1760	339	3.02931E+01
1760	216	3.02989E+01
8059	510	3.03035E+01
1760	187	3.03131E+01
1760	59	3.03159E+01
8059	428	3.03217E+01
1760	505	3.03219E+01
1760	110	3.03374E+01
1760	24	3.03718E+01
1650	477	3.03720E+01
8059	472	3.03808E+01
8059	514	3.03900E+01
8059	551	3.04089E+01
1760	380	3.04095E+01
8059	430	3.04174E+01
1760	96	3.04308E+01
1760	463	3.04359E+01
8059	387	3.04407E+01
1760	175	3.04436E+01
8059	556	3.04509E+01
1760	58	3.04510E+01
1760	135	3.04601E+01
1760	23	3.04645E+01
8059	427	3.04721E+01
1760	588	3.04851E+01
1760	351	3.04916E+01
8059	468	3.04925E+01
8059	388	3.04942E+01
1760	256	3.05015E+01
1760	297	3.05182E+01
8059	386	3.05211E+01
1760	476	3.05323E+01
1760	148	3.05330E+01
1760	215	3.05499E+01
1760	22	3.05530E+01
1760	546	3.05595E+01
1760	421	3.05647E+01
8059	598	3.05669E+01
8059	592	3.05795E+01
1760	57	3.05818E+01
8059	509	3.05830E+01
1650	394	3.05853E+01
1760	338	3.05911E+01
1760	95	3.05976E+01
8059	346	3.06098E+01
8059	345	3.06278E+01
1760	21	3.06376E+01
1760	504	3.06459E+01
1760	134	3.06564E+01
1760	174	3.06666E+01
8059	40	3.06668E+01
8059	385	3.06993E+01
8059	426	3.07060E+01
1760	379	3.07081E+01
1760	56	3.07085E+01
8059	39	3.07097E+01
1760	20	3.07188E+01
8059	389	3.07202E+01
1760	76	3.07293E+01
8059	347	3.07350E+01
8059	550	3.07363E+01
1760	462	3.07446E+01
8059	431	3.07455E+01
1650	113	3.07520E+01
8059	344	3.07538E+01
1760	94	3.07593E+01
1760	255	3.07600E+01
8059	304	3.07704E+01
8059	38	3.07763E+01
8059	467	3.07776E+01
1760	296	3.07888E+01
1760	214	3.07889E+01
8059	305	3.07951E+01
1760	19	3.07973E+01
1760	587	3.07983E+01
8059	473	3.08170E+01
1760	55	3.08314E+01
1760	133	3.08456E+01
1760	420	3.08556E+01
8059	303	3.08569E+01
8059	37	3.08604E+01
1760	545	3.08623E+01
1760	337	3.08658E+01
1760	18	3.08741E+01
1760	173	3.08795E+01
8059	508	3.09098E+01
1760	93	3.09154E+01
1760	518	3.09211E+01
8059	263	3.09214E+01
1760	503	3.09364E+01
1760	228	3.09403E+01
8059	591	3.09404E+01
8059	384	3.09439E+01
8059	515	3.09450E+01
1760	310	3.09494E+01
1760	17	3.09500E+01
1760	54	3.09509E+01
8059	343	3.09557E+01
8059	36	3.09568E+01
8059	264	3.09572E+01
8059	306	3.09659E+01
1760	393	3.09673E+01
1760	378	3.09788E+01
8059	262	3.09915E+01
8059	425	3.09927E+01
1760	254	3.09996E+01
1760	213	3.10125E+01
1760	461	3.10206E+01
8059	302	3.10233E+01
1760	16	3.10260E+01
1760	132	3.10262E+01
8059	70	3.10295E+01
8059	69	3.10298E+01
1760	295	3.10366E+01
8059	348	3.10411E+01
1760	111	3.10503E+01
8059	35	3.10613E+01
8059	222	3.10640E+01
1760	92	3.10657E+01
1760	53	3.10676E+01
8059	223	3.10705E+01
1760	586	3.10747E+01
8059	68	3.10768E+01
1760	172	3.10798E+01
8059	71	3.10912E+01
8059	549	3.10926E+01
8059	466	3.11001E+01
1760	15	3.11027E+01
1760	336	3.11138E+01
1760	419	3.11151E+01
1760	544	3.11291E+01
1760	188	3.11323E+01
8059	265	3.11327E+01
1650	519	3.11374E+01
8059	261	3.11376E+01
8059	557	3.11381E+01
1760	269	3.11403E+01
8059	221	3.11469E+01
8059	182	3.11578E+01
8059	67	3.11578E+01
8059	390	3.11584E+01
8059	34	3.11710E+01
8059	105	3.11762E+01
1760	14	3.11809E+01
1760	52	3.11817E+01
8059	183	3.11858E+01
1760	502	3.11919E+01
8059	104	3.11965E+01
1760	131	3.11971E+01
8059	224	3.11977E+01
8059	143	3.12059E+01
8059	342	3.12065E+01
1760	91	3.12101E+01
8059	181	3.12163E+01
1760	253	3.12179E+01
1760	212	3.12185E+01
1760	377	3.12196E+01
8059	106	3.12281E+01
8059	383	3.12284E+01
8059	142	3.12299E+01
8059	72	3.12321E+01
8059	301	3.12430E+01
1650	79	3.12439E+01
1650	230	3.12466E+01
8059	507	3.12582E+01
1760	294	3.12594E+01
1760	13	3.12609E+01
8059	66	3.12625E+01
1760	460	3.12630E+01
1760	171	3.12660E+01
8059	144	3.12681E+01
8059	103	3.12691E+01
8059	33	3.12835E+01
8059	220	3.12923E+01
1760	51	3.12936E+01
8059	424	3.13074E+01
8059	590	3.13129E+01
1760	585	3.13146E+01
8059	141	3.13160E+01
8059	432	3.13185E+01
8059	307	3.13188E+01
8059	184	3.13301E+01
1760	335	3.13337E+01
1650	190	3.13340E+01
8059	260	3.13347E+01
8059	180	3.13357E+01
1760	418	3.13424E+01
1760	12	3.13428E+01
1760	90	3.13483E+01
1760	560	3.13495E+01
1650	353	3.13513E+01
1760	130	3.13575E+01
1760	543	3.13604E+01
1760	149	3.13612E+01
8059	107	3.13754E+01
8059	102	3.13784E+01
8059	65	3.13825E+01
8059	32	3.13971E+01
8059	599	3.13999E+01
1760	50	3.14032E+01
1760	211	3.14051E+01
1760	501	3.14129E+01
1760	252	3.14134E+01
1760	11	3.14264E+01
1760	376	3.14301E+01
1760	170	3.14366E+01
8059	465	3.14375E+01
8059	145	3.14438E+01
8059	140	3.14442E+01
8059	548	3.14553E+01
1760	293	3.14565E+01
8059	73	3.14717E+01
1760	459	3.14723E+01
1760	435	3.14730E+01
8059	219	3.14788E+01
8059	225	3.14795E+01
1760	89	3.14797E+01
8059	266	3.14830E+01
8059	341	3.14844E+01
1650	151	3.14863E+01
8059	300	3.14943E+01
8059	179	3.14953E+01
1760	77	3.15012E+01
1760	129	3.15062E+01
1760	49	3.15104E+01
8059	31	3.15106E+01
1760	10	3.15112E+01
8059	64	3.15117E+01
8059	101	3.15117E+01
1760	584	3.15197E+01
1760	334	3.15256E+01
8059	382	3.15316E+01
8059	474	3.15348E+01
1760	417	3.15385E+01
1650	436	3.15429E+01
1760	542	3.15579E+01
8059	259	3.15627E+01
8059	349	3.15646E+01
1760	210	3.15718E+01
1760	251	3.15859E+01
1760	169	3.15909E+01
1760	9	3.15964E+01
8059	139	3.15994E+01
1760	500	3.16015E+01
1760	88	3.16036E+01
8059	506	3.16084E+01
1760	375	3.16114E+01
1760	48	3.16146E+01
8059	185	3.16229E+01
8059	30	3.16229E+01
1760	292	3.16281E+01
8059	423	3.16306E+01
1760	128	3.16425E+01
8059	108	3.16440E+01
8059	63	3.16454E+01
1760	458	3.16507E+01
8059	100	3.16596E+01
1760	352	3.16632E+01
8059	589	3.16783E+01
8059	178	3.16796E+01
1760	8	3.16811E+01
8059	218	3.16897E+01
1760	333	3.16906E+01
1760	583	3.16929E+01
1760	416	3.17054E+01
1760	47	3.17149E+01
1760	209	3.17186E+01
1760	87	3.17190E+01
1760	541	3.17245E+01
1760	168	3.17285E+01
8059	29	3.17331E+01
1760	250	3.17358E+01
8059	299	3.17604E+01
1760	499	3.17605E+01
8059	146	3.17628E+01
1760	7	3.17643E+01
1760	374	3.17655E+01
1760	127	3.17659E+01
8059	138	3.17700E+01
8059	340	3.17722E+01
8059	464	3.17724E+01
1760	291	3.17754E+01
8059	62	3.17805E+01
1760	602	3.17886E+01
1760	457	3.18009E+01
8059	258	3.18064E+01
8059	547	3.18079E+01
1760	46	3.18100E+01
8059	99	3.18149E+01
1650	312	3.18216E+01
8059	516	3.18238E+01
1760	86	3.18251E+01
1760	332	3.18307E+01
8059	74	3.18307E+01
8059	381	3.18373E+01
1760	582	3.18376E+01
8059	28	3.18402E+01
1650	271	3.18448E+01
1760	6	3.18449E+01
1760	415	3.18458E+01
1760	208	3.18460E+01
8059	391	3.18481E+01
1760	167	3.18496E+01
1760	540	3.18635E+01
1760	249	3.18644E+01
1760	126	3.18759E+01
8059	177	3.18773E+01
8059	308	3.18882E+01
1760	498	3.18930E+01
1760	373	3.18950E+01
1760	45	3.18989E+01
1760	290	3.19003E+01
8059	217	3.19126E+01
8059	61	3.19148E+01
1650	561	3.19155E+01
1760	85	3.19213E+01
1760	5	3.19218E+01
1760	456	3.19261E+01
8059	27	3.19435E+01
8059	505	3.19459E+01
8059	422	3.19475E+01
8059	137	3.19482E+01
1760	331	3.19483E+01
8059	226	3.19490E+01
1760	166	3.19547E+01
1760	207	3.19552E+01
1760	581	3.19574E+01
1760	112	3.19624E+01
1760	414	3.19627E+01
8059	98	3.19726E+01
1760	125	3.19728E+01
1760	248	3.19733E+01
1760	539	3.19785E+01
1760	44	3.19806E+01
1760	4	3.19939E+01
1760	497	3.20025E+01
1760	372	3.20028E+01
1760	289	3.20052E+01
1760	84	3.20071E+01
1760	229	3.20083E+01
8059	588	3.20237E+01
8059	298	3.20283E+01
1760	455	3.20294E+01
1760	477	3.20367E+01
8059	267	3.20411E+01
8059	26	3.20427E+01
1760	165	3.20448E+01
1760	330	3.20461E+01
8059	60	3.20467E+01
1760	206	3.20478E+01
8059	257	3.20540E+01
1760	43	3.20544E+01
1760	580	3.20559E+01
1760	124	3.20569E+01
8059	339	3.20570E+01
1760	413	3.20591E+01
8059	109	3.20602E+01
1760	3	3.20603E+01
1760	247	3.20647E+01
1760	538	3.20730E+01
8059	176	3.20800E+01
1760	83	3.20827E+01
1760	371	3.20916E+01
1760	288	3.20923E+01
1760	496	3.20924E+01
8059	463	3.20924E+01
8059	186	3.20955E+01
1760	454	3.21142E+01
1760	42	3.21201E+01
1760	2	3.21205E+01
1760	164	3.21211E+01
1760	205	3.21254E+01
1760	329	3.21267E+01
8059	136	3.21283E+01
1760	123	3.21290E+01
8059	97	3.21295E+01
8059	380	3.21334E+01
1760	579	3.21362E+01
8059	25	3.21374E+01
1760	412	3.21382E+01
8059	216	3.21384E+01
8059	546	3.21389E+01
1760	246	3.21406E+01
1760	82	3.21483E+01
1760	537	3.21500E+01
1760	311	3.21633E+01
1760	287	3.21641E+01
1760	370	3.21644E+01
1760	495	3.21657E+01
1760	1	3.21743E+01
8059	59	3.21750E+01
1760	41	3.21777E+01
8059	433	3.21809E+01
1760	453	3.21833E+01
1650	114	3.21857E+01
1760	189	3.21878E+01
1760	328	3.21927E+01
8059	558	3.21963E+01
1760	578	3.22014E+01
1760	411	3.22026E+01
1760	536	3.22126E+01
1760	0	3.22217E+01
1760	369	3.22238E+01
1760	494	3.22252E+01
8059	24	3.22275E+01
1760	452	3.22393E+01
8059	421	3.22477E+01
8059	147	3.22540E+01
1760	577	3.22541E+01
1760	410	3.22549E+01
8059	504	3.22606E+01
1760	535	3.22631E+01
1760	493	3.22733E+01
8059	175	3.22821E+01
8059	96	3.22833E+01
1760	451	3.22846E+01
8059	297	3.22886E+01
1760	576	3.22966E+01
8059	256	3.22970E+01
8059	58	3.22991E+01
1760	534	3.23038E+01
8059	135	3.23066E+01
1760	492	3.23120E+01
8059	23	3.23131E+01
1760	270	3.23275E+01
8059	75	3.23294E+01
8059	338	3.23295E+01
1760	575	3.23308E+01
1760	533	3.23366E+01
8059	350	3.23394E+01
8059	587	3.23405E+01
1760	574	3.23582E+01
8059	215	3.23602E+01
1760	394	3.23808E+01
8059	462	3.23891E+01
8059	22	3.23942E+01
8059	379	3.24116E+01
1760	150	3.24130E+01
8059	57	3.24186E+01
8059	95	3.24329E+01
8059	545	3.24411E+01
1760	78	3.24493E+01
8059	21	3.24712E+01
8059	174	3.24791E+01
8059	134	3.24804E+01
8059	420	3.25244E+01
8059	255	3.25292E+01
8059	56	3.25335E+01
8059	296	3.25347E+01
8059	20	3.25443E+01
8059	503	3.25467E+01
1650	478	3.25686E+01
8059	214	3.25730E+01
8059	94	3.25774E+01
8059	337	3.25833E+01
1650	395	3.25852E+01
8059	475	3.25876E+01
8059	19	3.26146E+01
8059	586	3.26243E+01
8059	227	3.26349E+01
8059	55	3.26443E+01
1650	80	3.26447E+01
8059	110	3.26480E+01
8059	133	3.26481E+01
1650	603	3.26518E+01
8059	600	3.26537E+01
8059	461	3.26574E+01
1760	519	3.26618E+01
8059	378	3.26663E+01
8059	173	3.26680E+01
8059	18	3.26827E+01
8059	309	3.27033E+01
8059	544	3.27107E+01
8059	93	3.27165E+01
8059	254	3.27460E+01
8059	17	3.27497E+01
8059	54	3.27512E+01
8059	295	3.27619E+01
8059	213	3.27734E+01
8059	419	3.27735E+01
8059	187	3.27751E+01
8059	502	3.28009E+01
8059	132	3.28084E+01
8059	336	3.28143E+01
8059	16	3.28164E+01
8059	392	3.28264E+01
8059	268	3.28343E+01
8059	172	3.28464E+01
8059	92	3.28500E+01
8059	53	3.28550E+01
8059	585	3.28733E+01
8059	15	3.28835E+01
8059	377	3.28947E+01
8059	460	3.28951E+01
8059	148	3.29427E+01
8059	253	3.29446E+01
8059	543	3.29465E+01
8059	14	3.29518E+01
8059	52	3.29560E+01
8059	212	3.29588E+01
8059	131	3.29602E+01
8059	294	3.29675E+01
1650	231	3.29749E+01
8059	91	3.29779E+01
8059	76	3.29859E+01
8059	418	3.29933E+01
1650	191	3.30080E+01
8059	171	3.30127E+01
8059	335	3.30205E+01
8059	13	3.30216E+01
8059	501	3.30227E+01
8059	51	3.30545E+01
1760	113	3.30776E+01
8059	584	3.30881E+01
8059	517	3.30908E+01
8059	12	3.30931E+01
8059	376	3.30956E+01
8059	90	3.31002E+01
8059	459	3.31019E+01
8059	130	3.31027E+01
1650	152	3.31102E+01
8059	252	3.31234E+01
8059	211	3.31274E+01
8059	542	3.31495E+01
8059	293	3.31502E+01
8059	50	3.31509E+01
1760	436	3.31536E+01
1760	353	3.31545E+01
8059	170	3.31655E+01
8059	11	3.31663E+01
8059	417	3.31841E+01
8059	334	3.32014E+01
8059	500	3.32131E+01
8059	89	3.32164E+01
8059	129	3.32350E+01
8059	10	3.32406E+01
8059	49	3.32452E+01
8059	375	3.32695E+01
8059	583	3.32708E+01
8059	210	3.32786E+01
8059	458	3.32790E+01
8059	251	3.32817E+01
8059	169	3.33041E+01
8059	292	3.33100E+01
8059	9	3.33156E+01
1760	561	3.33212E+01
8059	541	3.33218E+01
8059	88	3.33260E+01
1760	230	3.33287E+01
5456	375	3.33359E+01
5456	334	3.33362E+01
5456	376	3.33369E+01
8059	48	3.33369E+01
5456	333	3.33379E+01
5456	417	3.33384E+01
5456	374	3.33404E+01
5456	292	3.33404E+01
5456	416	3.33406E+01
5456	335	3.33416E+01
5456	293	3.33424E+01
5456	418	3.33431E+01
5456	332	3.33436E+01
5456	291	3.33437E+01
5456	458	3.33448E+01
5456	459	3.33458E+01
5456	415	3.33466E+01
5456	377	3.33470E+01
8059	416	3.33473E+01
5456	373	3.33476E+01
5456	251	3.33483E+01
5456	250	3.33486E+01
5456	457	3.33489E+01
5456	290	3.33499E+01
5456	331	3.33513E+01
5456	249	3.33526E+01
5456	294	3.33530E+01
5456	500	3.33532E+01
5456	252	3.33543E+01
5456	414	3.33544E+01
5456	499	3.33544E+01
5456	460	3.33554E+01
5456	456	3.33554E+01
5456	372	3.33559E+01
8059	128	3.33566E+01
5456	289	3.33575E+01
8059	333	3.33575E+01
5456	209	3.33581E+01
5456	501	3.33583E+01
5456	336	3.33583E+01
5456	248	3.33586E+01
5456	498	3.33591E+01
5456	419	3.33592E+01
5456	208	3.33594E+01
5456	330	3.33597E+01
5456	210	3.33611E+01
5456	413	3.33626E+01
5456	455	3.33629E+01
5456	541	3.33633E+01
5456	207	3.33634E+01
5456	371	3.33643E+01
5456	288	3.33653E+01
5456	497	3.33653E+01
5456	540	3.33654E+01
5456	247	3.33654E+01
5456	542	3.33657E+01
5456	329	3.33678E+01
5456	206	3.33686E+01
5456	253	3.33696E+01
5456	539	3.33699E+01
5456	167	3.33702E+01
5456	211	3.33703E+01
5456	454	3.33705E+01
5456	412	3.33706E+01
5456	378	3.33714E+01
5456	168	3.33716E+01
5456	166	3.33717E+01
5456	496	3.33720E+01
5456	370	3.33722E+01
5456	246	3.33724E+01
5456	287	3.33728E+01
5456	502	3.33739E+01
5456	205	3.33744E+01
5456	582	3.33744E+01
8059	499	3.33744E+01
5456	165	3.33750E+01
5456	538	3.33754E+01
5456	328	3.33754E+01
5456	583	3.33755E+01
5456	543	3.33759E+01
5456	295	3.33764E+01
5456	581	3.33766E+01
5456	169	3.33771E+01
5456	453	3.33775E+01
5456	411	3.33778E+01
8059	434	3.33783E+01
5456	495	3.33785E+01
5456	461	3.33788E+01
5456	164	3.33791E+01
5456	369	3.33794E+01
5456	580	3.33804E+01
5456	537	3.33809E+01
5456	584	3.33823E+01
5456	125	3.33830E+01
5456	452	3.33838E+01
5456	124	3.33839E+01
5456	126	3.33839E+01
5456	410	3.33841E+01
5456	494	3.33845E+01
5456	579	3.33847E+01
5456	123	3.33861E+01
5456	536	3.33862E+01
1650	354	3.33870E+01
5456	127	3.33877E+01
5456	170	3.33884E+01
5456	212	3.33887E+01
5456	578	3.33891E+01
5456	451	3.33892E+01
5456	493	3.33897E+01
8059	8	3.33904E+01
5456	535	3.33910E+01
5456	337	3.33920E+01
5456	420	3.33929E+01
5456	577	3.33932E+01
5456	492	3.33941E+01
5456	83	3.33942E+01
5456	82	3.33944E+01
5456	534	3.33951E+01
5456	128	3.33952E+01
8059	351	3.33952E+01
5456	84	3.33954E+01
5456	576	3.33968E+01
5456	254	3.33984E+01
5456	585	3.33985E+01
5456	533	3.33987E+01
5456	85	3.33987E+01
5456	544	3.33987E+01
5456	575	3.34000E+01
5456	41	3.34019E+01
5456	574	3.34026E+01
5456	42	3.34031E+01
5456	86	3.34047E+01
5456	43	3.34059E+01
5456	503	3.34061E+01
5456	0	3.34064E+01
5456	129	3.34071E+01
5456	171	3.34072E+01
5456	1	3.34077E+01
5456	2	3.34101E+01
5456	44	3.34107E+01
8059	209	3.34122E+01
5456	87	3.34137E+01
5456	3	3.34138E+01
5456	379	3.34172E+01
5456	45	3.34178E+01
8059	374	3.34179E+01
5456	296	3.34187E+01
5456	4	3.34190E+01
5456	213	3.34195E+01
8059	250	3.34198E+01
5456	462	3.34235E+01
8059	582	3.34242E+01
5456	130	3.34245E+01
8059	47	3.34253E+01
5456	5	3.34261E+01
5456	88	3.34261E+01
8059	111	3.34263E+01
5456	46	3.34277E+01
8059	168	3.34280E+01
8059	87	3.34283E+01
8059	457	3.34288E+01
5456	586	3.34297E+01
5456	6	3.34354E+01
5456	172	3.34360E+01
5456	47	3.34406E+01
5456	545	3.34411E+01
5456	89	3.34423E+01
5456	255	3.34461E+01
5456	7	3.34473E+01
8059	291	3.34477E+01
5456	131	3.34484E+01
5456	338	3.34503E+01
5456	421	3.34528E+01
5456	48	3.34566E+01
5456	8	3.34621E+01
5456	90	3.34622E+01
5456	504	3.34633E+01
8059	7	3.34641E+01
8059	540	3.34662E+01
8059	127	3.34667E+01
5456	214	3.34672E+01
5456	49	3.34756E+01
5456	173	3.34775E+01
5456	9	3.34799E+01
5456	132	3.34801E+01
1760	190	3.34827E+01
5456	587	3.34834E+01
8059	415	3.34850E+01
5456	91	3.34860E+01
5456	297	3.34873E+01
8059	332	3.34906E+01
5456	380	3.34938E+01
5456	50	3.34974E+01
5456	463	3.34992E+01
5456	10	3.35006E+01
8059	46	3.35094E+01
8059	498	3.35095E+01
5456	546	3.35122E+01
5456	92	3.35139E+01
5456	256	3.35196E+01
5456	51	3.35214E+01
5456	133	3.35216E+01
8059	86	3.35225E+01
5456	11	3.35239E+01
8059	208	3.35284E+01
5456	174	3.35357E+01
8059	6	3.35359E+01
5456	215	3.35374E+01
8059	167	3.35374E+01
8059	249	3.35386E+01
8059	373	3.35430E+01
5456	339	3.35431E+01
5456	93	3.35463E+01
5456	52	3.35468E+01
5456	12	3.35498E+01
5456	422	3.35499E+01
8059	581	3.35518E+01
8059	456	3.35541E+01
5456	505	3.35566E+01
8059	228	3.35581E+01
8059	290	3.35648E+01
8059	126	3.35653E+01
5456	588	3.35700E+01
5456	53	3.35730E+01
1760	79	3.35740E+01
5456	134	3.35753E+01
5456	13	3.35777E+01
5456	94	3.35840E+01
8059	539	3.35862E+01
8059	45	3.35882E+01
5456	298	3.35919E+01
5456	54	3.35995E+01
8059	414	3.36000E+01
8059	331	3.36026E+01
8059	5	3.36046E+01
5456	14	3.36074E+01
8059	85	3.36081E+01
5456	381	3.36135E+01
5456	175	3.36158E+01
5456	464	3.36188E+01
8059	497	3.36215E+01
5456	547	3.36247E+01
5456	55	3.36261E+01
5456	257	3.36278E+01
5456	95	3.36284E+01
8059	207	3.36284E+01
8059	166	3.36325E+01
5456	216	3.36375E+01
5456	15	3.36382E+01
8059	248	3.36396E+01
1650	520	3.36430E+01
5456	135	3.36450E+01
8059	372	3.36474E+01
8059	125	3.36522E+01
5456	56	3.36531E+01
8059	580	3.36570E+01
8059	455	3.36578E+01
8059	44	3.36609E+01
8059	289	3.36633E+01
8059	4	3.36692E+01
5456	16	3.36694E+01
1760	312	3.36712E+01
5456	57	3.36811E+01
8059	188	3.36817E+01
5456	96	3.36819E+01
5456	340	3.36830E+01
8059	84	3.36848E+01
8059	538	3.36850E+01
1760	151	3.36883E+01
8059	413	3.36952E+01
8059	330	3.36959E+01
5456	423	3.36988E+01
5456	17	3.37003E+01
5456	506	3.37005E+01
8059	559	3.37009E+01
5456	589	3.37031E+01
5456	58	3.37113E+01
8059	206	3.37132E+01
8059	496	3.37137E+01
8059	165	3.37142E+01
8059	247	3.37244E+01
5456	176	3.37246E+01
8059	43	3.37268E+01
8059	124	3.37279E+01
8059	3	3.37289E+01
5456	18	3.37304E+01
8059	371	3.37337E+01
5456	136	3.37355E+01
8059	579	3.37431E+01
8059	454	3.37431E+01
5456	299	3.37452E+01
8059	288	3.37453E+01
5456	59	3.37457E+01
1650	272	3.37469E+01
5456	97	3.37480E+01
8059	83	3.37524E+01
5456	19	3.37593E+01
8059	537	3.37658E+01
8059	329	3.37730E+01
8059	412	3.37734E+01
5456	217	3.37772E+01
5456	258	3.37824E+01
8059	2	3.37833E+01
8059	164	3.37836E+01
1760	271	3.37845E+01
8059	205	3.37845E+01
8059	42	3.37856E+01
5456	20	3.37865E+01
5456	60	3.37866E+01
8059	310	3.37872E+01
8059	495	3.37890E+01
5456	382	3.37917E+01
8059	123	3.37929E+01
5456	548	3.37948E+01
8059	246	3.37950E+01
5456	465	3.37990E+01
8059	370	3.38045E+01
1650	115	3.38061E+01
8059	82	3.38113E+01
5456	21	3.38117E+01
8059	453	3.38128E+01
8059	287	3.38131E+01
8059	578	3.38132E+01
8059	77	3.38138E+01
1650	313	3.38232E+01
5456	98	3.38314E+01
8059	536	3.38315E+01
8059	1	3.38320E+01
5456	22	3.38348E+01
8059	328	3.38363E+01
8059	411	3.38372E+01
5456	61	3.38373E+01
8059	41	3.38374E+01
8059	149	3.38473E+01
8059	494	3.38502E+01
5456	137	3.38533E+01
5456	23	3.38559E+01
8059	369	3.38622E+01
8059	452	3.38693E+01
8059	577	3.38700E+01
5456	177	3.38709E+01
8059	0	3.38750E+01
5456	24	3.38752E+01
8059	269	3.38819E+01
8059	535	3.38847E+01
5456	341	3.38862E+01
8059	410	3.38890E+01
5456	25	3.38934E+01
8059	493	3.38997E+01
5456	590	3.39006E+01
5456	62	3.39014E+01
1650	437	3.39018E+01
5456	26	3.39113E+01
5456	507	3.39139E+01
8059	451	3.39151E+01
8059	576	3.39158E+01
5456	424	3.39177E+01
8059	534	3.39276E+01
5456	27	3.39302E+01
5456	99	3.39388E+01
8059	492	3.39396E+01
5456	28	3.39513E+01
8059	575	3.39526E+01
8059	533	3.39621E+01
5456	300	3.39631E+01
1760	603	3.39645E+01
5456	218	3.39687E+01
5456	29	3.39759E+01
8059	574	3.39822E+01
5456	63	3.39833E+01
5456	259	3.39980E+01
5456	30	3.40057E+01
5456	138	3.40071E+01
1760	478	3.40101E+01
8059	476	3.40326E+01
5456	31	3.40422E+01
5456	549	3.40429E+01
5456	383	3.40480E+01
5456	466	3.40606E+01
5456	178	3.40660E+01
5456	100	3.40781E+01
5456	32	3.40873E+01
5456	64	3.40882E+01
8059	393	3.41294E+01
5456	33	3.41436E+01
5456	342	3.41728E+01
1760	395	3.41745E+01
5456	591	3.41849E+01
1650	81	3.42031E+01
5456	139	3.42083E+01
5456	34	3.42141E+01
5456	508	3.42200E+01
5456	65	3.42228E+01
5456	219	3.42277E+01
5456	425	3.42294E+01
5456	101	3.42597E+01
5456	301	3.42653E+01
5456	260	3.42930E+01
5456	35	3.43029E+01
5456	179	3.43245E+01
1760	114	3.43904E+01
5456	550	3.43948E+01
5456	66	3.43957E+01
8059	112	3.44063E+01
5456	384	3.44065E+01
8059	601	3.44126E+01
5456	36	3.44146E+01
5456	467	3.44295E+01
5456	140	3.44715E+01
5456	102	3.44961E+01
5456	37	3.45549E+01
5456	343	3.45674E+01
5456	220	3.45732E+01
5456	592	3.45834E+01
5456	67	3.46175E+01
5456	509	3.46473E+01
5456	426	3.46616E+01
5456	180	3.46644E+01
5456	302	3.46761E+01
5456	261	3.46899E+01
1650	562	3.47050E+01
8059	229	3.47302E+01
5456	38	3.47307E+01
8059	352	3.47575E+01
5456	103	3.48020E+01
5456	141	3.48148E+01
8059	518	3.48160E+01
8059	78	3.48203E+01
8059	189	3.48259E+01
1760	80	3.48685E+01
5456	551	3.48813E+01
5456	385	3.48960E+01
1760	231	3.48992E+01
5456	68	3.49006E+01
1650	192	3.49041E+01
1650	153	3.49317E+01
5456	468	3.49364E+01
1760	520	3.49369E+01
5456	39	3.49495E+01
1650	232	3.49506E+01
8059	435	3.49583E+01
8059	150	3.49765E+01
1760	354	3.49926E+01
1760	191	3.50102E+01
1650	396	3.50203E+01
5456	221	3.50287E+01
5456	344	3.50993E+01
5456	181	3.51085E+01
5456	593	3.51294E+01
8059	311	3.51560E+01
1760	152	3.51767E+01
8059	270	3.51949E+01
5456	104	3.51952E+01
5456	262	3.52153E+01
5456	40	3.52201E+01
5456	303	3.52240E+01
5456	510	3.52295E+01
5456	427	3.52469E+01
5456	69	3.52598E+01
5456	142	3.52602E+01
1760	437	3.52908E+01
1650	479	3.53121E+01
1760	313	3.54868E+01
1760	272	3.55143E+01
5456	552	3.55389E+01
5456	386	3.55502E+01
8059	113	3.55900E+01
1650	116	3.55936E+01
5456	469	3.56174E+01
5456	222	3.56224E+01
1650	604	3.56705E+01
5456	182	3.56840E+01
5456	105	3.56967E+01
5456	70	3.57112E+01
8059	560	3.57328E+01
8059	394	3.57927E+01
5456	345	3.58020E+01
1650	355	3.58103E+01
5456	143	3.58333E+01
5456	594	3.58617E+01
1760	562	3.58787E+01
1760	115	3.58875E+01
5456	263	3.59005E+01
1650	273	3.59301E+01
8059	477	3.59319E+01
5456	304	3.59417E+01
8059	79	3.60046E+01
5456	511	3.60057E+01
5456	428	3.60224E+01
8059	230	3.61535E+01
1650	314	3.61571E+01
8059	190	3.62076E+01
5456	71	3.62732E+01
1760	81	3.63188E+01
8059	151	3.63277E+01
5456	106	3.63305E+01
5456	223	3.63867E+01
1760	396	3.63932E+01
5456	387	3.64063E+01
5456	553	3.64094E+01
5456	183	3.64220E+01
8059	353	3.64493E+01
5456	470	3.65128E+01
1760	479	3.65206E+01
5456	144	3.65621E+01
5456	346	3.67124E+01
1760	232	3.67125E+01
1760	604	3.67556E+01
1760	192	3.67562E+01
1650	521	3.67627E+01
8059	602	3.67640E+01
8059	271	3.67767E+01
5456	264	3.67802E+01
1650	438	3.67890E+01
8059	312	3.68216E+01
5456	595	3.68246E+01
1760	153	3.68602E+01
5456	305	3.68653E+01
1650	154	3.69282E+01
5456	72	3.69654E+01
8059	114	3.69699E+01
8059	436	3.69722E+01
1650	193	3.70037E+01
5456	512	3.70195E+01
5456	429	3.70289E+01
8059	519	3.70747E+01
5456	107	3.71231E+01
1650	233	3.71641E+01
1760	355	3.72091E+01
8149	600	3.72330E+01
8149	599	3.72723E+01
5456	184	3.73555E+01
5456	224	3.73567E+01
8059	80	3.73581E+01
5456	145	3.74767E+01
5456	388	3.75043E+01
1760	273	3.75192E+01
1650	117	3.75261E+01
5456	554	3.75393E+01
1760	116	3.75496E+01
8149	558	3.76017E+01
8149	601	3.76125E+01
1760	314	3.76270E+01
8149	598	3.76378E+01
5456	471	3.76666E+01
8149	557	3.77614E+01
8149	559	3.77969E+01
5456	73	3.78084E+01
8059	191	3.78173E+01
1760	521	3.78184E+01
8059	231	3.78223E+01
8059	395	3.78551E+01
5456	347	3.78691E+01
8059	152	3.78879E+01
5456	265	3.78907E+01
1650	397	3.79428E+01
1760	438	3.79461E+01
5456	306	3.80321E+01
5456	596	3.80676E+01
8149	516	3.80803E+01
5456	108	3.81013E+01
8149	517	3.81246E+01
1650	563	3.81511E+01
8149	556	3.81955E+01
8149	597	3.82462E+01
5456	430	3.83090E+01
5456	513	3.83178E+01
8149	515	3.83319E+01
8059	478	3.83529E+01
8059	561	3.83757E+01
1650	274	3.84002E+01
8149	560	3.84357E+01
8059	354	3.84954E+01
8149	602	3.85100E+01
5456	185	3.85169E+01
8059	115	3.85305E+01
8149	518	3.85393E+01
5456	225	3.85671E+01
8149	475	3.85825E+01
5456	146	3.86065E+01
8059	272	3.86270E+01
8149	474	3.86535E+01
1650	356	3.86609E+01
1650	480	3.86714E+01
1760	193	3.87029E+01
1760	154	3.87167E+01
1760	233	3.87593E+01
8059	313	3.87945E+01
8149	514	3.88124E+01
8149	476	3.88167E+01
5456	74	3.88226E+01
8149	555	3.88329E+01
1650	315	3.88467E+01
8059	81	3.88656E+01
5456	389	3.88849E+01
8149	473	3.89702E+01
5456	555	3.89790E+01
8149	596	3.90245E+01
1650	155	3.90778E+01
1760	563	3.90880E+01
1760	397	3.90895E+01
5456	472	3.91246E+01
8149	433	3.91435E+01
8149	434	3.92408E+01
5456	266	3.92675E+01
1650	194	3.92896E+01
5456	109	3.92899E+01
5559	463	3.92905E+01
5559	504	3.92930E+01
5559	421	3.92933E+01
5559	462	3.92946E+01
5559	505	3.92970E+01
8149	432	3.92987E+01
5559	546	3.92992E+01
5559	420	3.93040E+01
5559	379	3.93051E+01
5559	422	3.93060E+01
5559	380	3.93082E+01
5559	503	3.93099E+01
5559	545	3.93102E+01
5456	348	3.93107E+01
5559	547	3.93129E+01
5559	588	3.93133E+01
5559	464	3.93146E+01
5559	461	3.93162E+01
5559	587	3.93169E+01
5559	338	3.93205E+01
5559	378	3.93210E+01
5559	337	3.93254E+01
5559	419	3.93290E+01
5559	506	3.93341E+01
5559	544	3.93356E+01
5559	586	3.93377E+01
5559	589	3.93379E+01
5559	339	3.93384E+01
5559	502	3.93389E+01
5559	381	3.93405E+01
5559	296	3.93421E+01
5559	336	3.93448E+01
5559	460	3.93475E+01
5559	297	3.93477E+01
5559	377	3.93479E+01
5559	295	3.93531E+01
5559	423	3.93546E+01
1760	117	3.93553E+01
1650	605	3.93572E+01
5559	418	3.93614E+01
5559	548	3.93646E+01
5559	585	3.93677E+01
5559	255	3.93680E+01
5559	543	3.93684E+01
5559	254	3.93719E+01
5559	335	3.93724E+01
5559	501	3.93735E+01
5559	294	3.93745E+01
5559	298	3.93786E+01
5559	376	3.93804E+01
5559	465	3.93812E+01
5559	256	3.93812E+01
5559	459	3.93829E+01
5559	253	3.93871E+01
5559	340	3.93901E+01
5559	417	3.93966E+01
5559	214	3.93983E+01
5559	213	3.93984E+01
5559	584	3.94014E+01
5559	293	3.94016E+01
5559	542	3.94036E+01
5559	334	3.94037E+01
5559	590	3.94055E+01
8149	519	3.94067E+01
5559	212	3.94088E+01
5559	252	3.94090E+01
5559	500	3.94094E+01
5559	215	3.94135E+01
5559	375	3.94144E+01
5559	382	3.94156E+01
5559	458	3.94187E+01
5559	257	3.94194E+01
5559	507	3.94204E+01
8149	477	3.94221E+01
5559	211	3.94257E+01
5559	173	3.94292E+01
5559	172	3.94295E+01
5559	292	3.94308E+01
5559	416	3.94314E+01
5559	251	3.94343E+01
5559	583	3.94353E+01
5559	333	3.94357E+01
5559	171	3.94374E+01
5559	541	3.94382E+01
5559	174	3.94400E+01
5559	499	3.94440E+01
5559	299	3.94456E+01
5559	210	3.94465E+01
5559	374	3.94474E+01
5559	216	3.94502E+01
5559	170	3.94505E+01
5559	457	3.94526E+01
5559	424	3.94550E+01
5559	291	3.94599E+01
5559	250	3.94605E+01
5559	132	3.94620E+01
8149	513	3.94624E+01
5559	415	3.94640E+01
5559	131	3.94646E+01
5559	133	3.94652E+01
5559	332	3.94662E+01
5559	175	3.94662E+01
5559	169	3.94668E+01
5559	582	3.94672E+01
5559	209	3.94690E+01
5559	540	3.94703E+01
5559	130	3.94715E+01
5559	549	3.94720E+01
5559	498	3.94757E+01
5559	134	3.94764E+01
8059	437	3.94773E+01
5559	373	3.94780E+01
8149	472	3.94782E+01
5456	307	3.94787E+01
5559	129	3.94815E+01
5559	456	3.94834E+01
5559	168	3.94850E+01
5559	249	3.94861E+01
5559	290	3.94873E+01
5559	341	3.94900E+01
5559	208	3.94915E+01
5559	258	3.94928E+01
5559	414	3.94933E+01
5559	128	3.94938E+01
5559	331	3.94942E+01
5559	581	3.94959E+01
5559	135	3.94988E+01
5559	539	3.94989E+01
5559	92	3.95015E+01
5559	93	3.95025E+01
5559	91	3.95026E+01
5559	167	3.95038E+01
5559	497	3.95038E+01
5559	372	3.95052E+01
5559	90	3.95055E+01
5559	94	3.95062E+01
5559	127	3.95075E+01
5559	466	3.95085E+01
5559	248	3.95099E+01
5559	89	3.95103E+01
5559	455	3.95105E+01
5559	289	3.95122E+01
5559	207	3.95131E+01
5559	95	3.95139E+01
5559	176	3.95140E+01
5559	88	3.95167E+01
5559	217	3.95172E+01
5559	413	3.95189E+01
5559	330	3.95189E+01
5559	580	3.95211E+01
5559	126	3.95219E+01
5559	166	3.95222E+01
5559	538	3.95239E+01
5559	87	3.95246E+01
5559	96	3.95273E+01
5559	496	3.95281E+01
5559	371	3.95289E+01
5559	247	3.95313E+01
5559	206	3.95330E+01
5559	86	3.95337E+01
5559	454	3.95337E+01
5559	288	3.95340E+01
5559	591	3.95353E+01
5559	136	3.95364E+01
5559	125	3.95365E+01
5559	165	3.95395E+01
5559	329	3.95404E+01
5559	412	3.95408E+01
5559	579	3.95426E+01
5559	85	3.95437E+01
5559	537	3.95451E+01
5559	49	3.95470E+01
5559	48	3.95474E+01
5559	50	3.95481E+01
5559	495	3.95487E+01
5559	370	3.95491E+01
5559	97	3.95494E+01
5559	47	3.95495E+01
5559	246	3.95500E+01
5559	51	3.95504E+01
5559	124	3.95506E+01
5559	205	3.95507E+01
5559	383	3.95508E+01
5559	287	3.95529E+01
5559	52	3.95531E+01
5559	46	3.95533E+01
5559	453	3.95534E+01
5559	84	3.95543E+01
5559	164	3.95554E+01
5559	53	3.95557E+01
5559	54	3.95575E+01
5559	58	3.95578E+01
5559	57	3.95579E+01
5559	56	3.95584E+01
5559	55	3.95585E+01
5559	45	3.95586E+01
5559	328	3.95586E+01
5559	411	3.95593E+01
5559	59	3.95595E+01
5559	578	3.95608E+01
5559	536	3.95629E+01
5559	300	3.95631E+01
5559	123	3.95639E+01
5559	83	3.95648E+01
5559	44	3.95649E+01
5559	8	3.95651E+01
5559	60	3.95652E+01
5559	7	3.95653E+01
5559	494	3.95659E+01
5559	369	3.95661E+01
5559	9	3.95671E+01
5559	6	3.95674E+01
5559	452	3.95698E+01
5559	5	3.95710E+01
