GRAM	c2h2	chi_tot
11237	286	3.36158E+02
11237	285	3.36209E+02
11237	234	3.36248E+02
11237	284	3.36276E+02
11237	283	3.36365E+02
11237	233	3.36444E+02
11237	282	3.36478E+02
11237	281	3.36621E+02
11237	334	3.36640E+02
11237	335	3.36648E+02
11237	333	3.36662E+02
11237	232	3.36670E+02
11237	336	3.36682E+02
11237	332	3.36713E+02
11237	337	3.36743E+02
11237	280	3.36798E+02
11237	331	3.36799E+02
11237	338	3.36830E+02
11237	330	3.36921E+02
11237	231	3.36934E+02
11237	279	3.37016E+02
11237	329	3.37087E+02
11237	373	3.37105E+02
11237	372	3.37112E+02
11237	374	3.37143E+02
11237	371	3.37165E+02
11237	375	3.37225E+02
11237	230	3.37240E+02
11237	370	3.37268E+02
11237	278	3.37280E+02
11237	328	3.37300E+02
11237	376	3.37353E+02
11237	369	3.37423E+02
11237	377	3.37528E+02
11237	327	3.37568E+02
11237	422	3.37586E+02
11237	229	3.37592E+02
11237	277	3.37595E+02
11237	423	3.37595E+02
11237	368	3.37636E+02
11237	421	3.37638E+02
11237	424	3.37666E+02
11237	378	3.37752E+02
11237	420	3.37755E+02
11237	425	3.37799E+02
11237	326	3.37895E+02
11237	367	3.37910E+02
11237	419	3.37938E+02
11237	276	3.37964E+02
11237	228	3.37991E+02
11237	426	3.37995E+02
11237	379	3.38026E+02
11237	462	3.38088E+02
11237	461	3.38107E+02
11237	463	3.38144E+02
11237	418	3.38189E+02
11237	460	3.38204E+02
11237	366	3.38248E+02
11237	427	3.38255E+02
11237	464	3.38277E+02
11237	325	3.38281E+02
11237	380	3.38349E+02
11237	459	3.38379E+02
11237	275	3.38389E+02
11237	227	3.38436E+02
11237	465	3.38486E+02
11237	417	3.38509E+02
11237	428	3.38581E+02
11237	553	3.38605E+02
11237	552	3.38619E+02
11237	142	3.38621E+02
11237	458	3.38631E+02
11237	365	3.38649E+02
11237	554	3.38679E+02
11237	551	3.38724E+02
11237	324	3.38726E+02
11237	466	3.38774E+02
11237	555	3.38842E+02
11237	274	3.38867E+02
11237	416	3.38899E+02
11237	550	3.38916E+02
11237	226	3.38924E+02
11237	457	3.38961E+02
11237	429	3.38973E+02
9715	286	3.38975E+02
11237	556	3.39094E+02
11237	364	3.39110E+02
11237	596	3.39114E+02
9715	285	3.39126E+02
11237	141	3.39135E+02
11237	467	3.39140E+02
11237	595	3.39158E+02
9715	338	3.39159E+02
11237	597	3.39170E+02
9715	337	3.39194E+02
11237	549	3.39195E+02
11237	323	3.39224E+02
9715	336	3.39255E+02
9715	284	3.39298E+02
11237	594	3.39300E+02
11237	598	3.39326E+02
9715	335	3.39344E+02
11237	415	3.39353E+02
11237	456	3.39364E+02
11237	273	3.39391E+02
11237	430	3.39428E+02
11237	557	3.39434E+02
11237	225	3.39448E+02
9715	334	3.39460E+02
9715	283	3.39496E+02
11237	593	3.39538E+02
11237	548	3.39556E+02
11237	599	3.39581E+02
11237	468	3.39582E+02
9715	333	3.39607E+02
11237	363	3.39626E+02
11237	636	3.39632E+02
11237	637	3.39634E+02
11237	568	3.39639E+02
9715	234	3.39643E+02
11237	140	3.39667E+02
9715	282	3.39723E+02
11237	635	3.39737E+02
11237	638	3.39745E+02
11237	322	3.39769E+02
9715	376	3.39775E+02
9715	332	3.39786E+02
9715	377	3.39796E+02
9715	375	3.39799E+02
11237	455	3.39834E+02
11237	558	3.39860E+02
9715	378	3.39862E+02
11237	592	3.39865E+02
9715	374	3.39866E+02
11237	414	3.39867E+02
11237	600	3.39932E+02
11237	431	3.39943E+02
11237	634	3.39944E+02
9715	233	3.39945E+02
11237	272	3.39953E+02
11237	639	3.39964E+02
9715	373	3.39976E+02
9715	379	3.39977E+02
9715	281	3.39985E+02
11237	547	3.39991E+02
11237	224	3.40000E+02
9715	331	3.40001E+02
11237	567	3.40065E+02
11237	469	3.40096E+02
11237	677	3.40113E+02
9715	372	3.40131E+02
9715	380	3.40141E+02
11237	678	3.40145E+02
11237	362	3.40189E+02
11237	676	3.40194E+02
11237	139	3.40207E+02
11237	633	3.40248E+02
9715	330	3.40256E+02
11237	591	3.40273E+02
9715	232	3.40286E+02
9715	280	3.40287E+02
11237	640	3.40287E+02
11237	679	3.40291E+02
9715	371	3.40332E+02
11237	321	3.40349E+02
9715	425	3.40362E+02
11237	454	3.40362E+02
11237	559	3.40369E+02
11237	601	3.40376E+02
9715	426	3.40381E+02
11237	675	3.40384E+02
9715	424	3.40402E+02
11237	413	3.40428E+02
9715	427	3.40462E+02
11237	546	3.40491E+02
9715	423	3.40502E+02
11237	432	3.40511E+02
11237	271	3.40539E+02
11237	680	3.40551E+02
11237	566	3.40557E+02
9715	329	3.40560E+02
11237	223	3.40568E+02
11237	718	3.40582E+02
9715	370	3.40586E+02
9715	428	3.40605E+02
11237	719	3.40627E+02
9715	279	3.40636E+02
11237	632	3.40636E+02
11237	717	3.40654E+02
9715	422	3.40662E+02
9715	231	3.40673E+02
11237	674	3.40673E+02
11237	470	3.40678E+02
11237	641	3.40711E+02
11237	138	3.40745E+02
11237	590	3.40751E+02
11237	361	3.40785E+02
11237	720	3.40791E+02
9715	429	3.40811E+02
11237	716	3.40837E+02
9715	421	3.40885E+02
9715	369	3.40896E+02
11237	602	3.40908E+02
9715	328	3.40918E+02
11237	681	3.40920E+02
11237	453	3.40935E+02
11237	320	3.40951E+02
9715	464	3.40954E+02
11237	560	3.40956E+02
9715	465	3.40969E+02
9715	463	3.41014E+02
11237	412	3.41025E+02
11237	759	3.41032E+02
9715	278	3.41036E+02
11237	545	3.41042E+02
11237	673	3.41051E+02
9715	466	3.41058E+02
11237	721	3.41072E+02
11237	760	3.41076E+02
9715	430	3.41080E+02
11237	631	3.41098E+02
11237	758	3.41107E+02
9715	230	3.41108E+02
11237	715	3.41122E+02
11237	270	3.41133E+02
11237	222	3.41139E+02
9715	462	3.41148E+02
11237	381	3.41170E+02
9715	420	3.41173E+02
9715	467	3.41223E+02
11237	642	3.41229E+02
11237	761	3.41240E+02
9715	368	3.41268E+02
11237	137	3.41269E+02
11237	589	3.41284E+02
11237	757	3.41294E+02
11237	471	3.41321E+02
9715	327	3.41336E+02
9715	461	3.41358E+02
11237	682	3.41392E+02
11237	360	3.41399E+02
9715	431	3.41410E+02
11237	800	3.41460E+02
9715	468	3.41462E+02
11237	722	3.41465E+02
11237	801	3.41490E+02
9715	277	3.41494E+02
11237	714	3.41496E+02
11237	672	3.41503E+02
11237	603	3.41522E+02
11237	762	3.41524E+02
9715	419	3.41530E+02
11237	452	3.41537E+02
9715	555	3.41545E+02
11237	799	3.41549E+02
11237	319	3.41560E+02
11237	756	3.41583E+02
9715	556	3.41584E+02
9715	554	3.41592E+02
9715	229	3.41596E+02
11237	561	3.41611E+02
11237	630	3.41618E+02
11237	544	3.41629E+02
11237	411	3.41640E+02
11237	802	3.41642E+02
9715	460	3.41644E+02
11237	221	3.41700E+02
9715	367	3.41707E+02
9715	557	3.41709E+02
11237	269	3.41722E+02
9715	553	3.41726E+02
11237	339	3.41726E+02
11237	798	3.41749E+02
11237	136	3.41771E+02
9715	469	3.41773E+02
9715	432	3.41796E+02
9715	326	3.41818E+02
11237	643	3.41835E+02
11237	588	3.41857E+02
11237	803	3.41914E+02
9715	558	3.41919E+02
11237	763	3.41922E+02
11237	713	3.41944E+02
9715	552	3.41948E+02
11237	683	3.41957E+02
9715	418	3.41958E+02
11237	755	3.41959E+02
11237	723	3.41962E+02
9715	459	3.42009E+02
9715	276	3.42012E+02
11237	671	3.42013E+02
11237	472	3.42014E+02
11237	359	3.42015E+02
11237	797	3.42047E+02
9715	228	3.42136E+02
9715	598	3.42136E+02
9715	470	3.42152E+02
11237	451	3.42152E+02
11237	318	3.42160E+02
9715	599	3.42165E+02
11237	629	3.42179E+02
9715	597	3.42204E+02
11237	604	3.42210E+02
9715	559	3.42211E+02
9715	366	3.42212E+02
11237	543	3.42235E+02
11237	220	3.42237E+02
11237	135	3.42244E+02
9715	551	3.42257E+02
11237	410	3.42257E+02
9715	600	3.42288E+02
11237	268	3.42293E+02
11237	804	3.42302E+02
11237	562	3.42328E+02
9715	325	3.42365E+02
9715	596	3.42370E+02
11237	754	3.42405E+02
11237	764	3.42426E+02
11237	796	3.42429E+02
11237	712	3.42447E+02
9715	458	3.42452E+02
11237	587	3.42453E+02
9715	417	3.42458E+02
9715	601	3.42503E+02
11237	644	3.42519E+02
11237	724	3.42553E+02
11237	670	3.42563E+02
9715	560	3.42581E+02
9715	275	3.42590E+02
9715	471	3.42595E+02
11237	684	3.42608E+02
11237	358	3.42617E+02
9715	595	3.42635E+02
9715	550	3.42655E+02
11237	134	3.42683E+02
11237	287	3.42704E+02
9715	639	3.42715E+02
9715	227	3.42725E+02
9715	638	3.42733E+02
11237	317	3.42739E+02
11237	219	3.42741E+02
11237	473	3.42748E+02
11237	628	3.42762E+02
11237	450	3.42764E+02
9715	365	3.42784E+02
11237	805	3.42796E+02
9715	640	3.42800E+02
9715	602	3.42806E+02
11237	267	3.42834E+02
11237	542	3.42844E+02
9715	637	3.42858E+02
11237	409	3.42862E+02
11237	795	3.42876E+02
11237	753	3.42902E+02
11237	605	3.42961E+02
9715	324	3.42973E+02
9715	457	3.42973E+02
9715	641	3.42985E+02
11237	711	3.42985E+02
9715	594	3.42996E+02
9715	561	3.43023E+02
11237	765	3.43023E+02
9715	416	3.43027E+02
11237	586	3.43053E+02
11237	133	3.43086E+02
9715	636	3.43090E+02
9715	142	3.43092E+02
9715	472	3.43094E+02
11237	563	3.43096E+02
11237	669	3.43132E+02
9715	549	3.43138E+02
11237	357	3.43192E+02
9715	603	3.43193E+02
11237	218	3.43206E+02
9715	274	3.43224E+02
11237	725	3.43226E+02
9715	642	3.43264E+02
11237	645	3.43272E+02
9715	679	3.43274E+02
11237	316	3.43284E+02
9715	680	3.43287E+02
11237	685	3.43334E+02
11237	266	3.43339E+02
11237	627	3.43350E+02
9715	226	3.43359E+02
11237	449	3.43360E+02
11237	794	3.43365E+02
9715	678	3.43374E+02
11237	806	3.43385E+02
9715	681	3.43408E+02
9715	364	3.43417E+02
9715	635	3.43426E+02
11237	752	3.43428E+02
11237	541	3.43441E+02
11237	408	3.43442E+02
9715	593	3.43451E+02
11237	132	3.43453E+02
9715	562	3.43529E+02
11237	710	3.43540E+02
9715	456	3.43567E+02
9715	677	3.43587E+02
11237	217	3.43630E+02
9715	682	3.43632E+02
9715	643	3.43633E+02
9715	323	3.43636E+02
9715	473	3.43640E+02
11237	585	3.43642E+02
9715	604	3.43656E+02
9715	415	3.43663E+02
9715	548	3.43701E+02
11237	766	3.43701E+02
11237	668	3.43704E+02
11237	356	3.43734E+02
9715	141	3.43735E+02
11237	606	3.43766E+02
9715	568	3.43774E+02
11237	131	3.43783E+02
11237	315	3.43791E+02
11237	265	3.43803E+02
9715	720	3.43806E+02
9715	721	3.43831E+02
9715	634	3.43861E+02
11237	793	3.43878E+02
9715	719	3.43897E+02
11237	564	3.43904E+02
9715	273	3.43906E+02
9715	676	3.43910E+02
11237	626	3.43925E+02
11237	448	3.43928E+02
9715	683	3.43952E+02
11237	751	3.43965E+02
9715	722	3.43968E+02
11237	726	3.43971E+02
11237	91	3.43981E+02
11237	407	3.43990E+02
9715	592	3.43991E+02
11237	216	3.44012E+02
11237	540	3.44013E+02
11237	235	3.44017E+02
9715	225	3.44029E+02
11237	807	3.44053E+02
11237	130	3.44079E+02
9715	644	3.44082E+02
11237	646	3.44082E+02
11237	709	3.44091E+02
9715	563	3.44092E+02
9715	363	3.44105E+02
9715	718	3.44105E+02
11237	686	3.44124E+02
11237	90	3.44157E+02
9715	605	3.44187E+02
11237	584	3.44208E+02
9715	723	3.44211E+02
11237	264	3.44225E+02
9715	455	3.44226E+02
11237	355	3.44239E+02
11237	314	3.44257E+02
11237	667	3.44261E+02
11237	89	3.44313E+02
9715	761	3.44318E+02
9715	547	3.44335E+02
9715	675	3.44336E+02
9715	762	3.44340E+02
11237	129	3.44343E+02
9715	322	3.44344E+02
9715	414	3.44355E+02
11237	215	3.44357E+02
9715	684	3.44359E+02
9715	633	3.44387E+02
11237	792	3.44393E+02
9715	140	3.44395E+02
9715	567	3.44402E+02
9715	760	3.44416E+02
9715	717	3.44426E+02
11237	767	3.44448E+02
11237	88	3.44453E+02
11237	447	3.44461E+02
9715	763	3.44476E+02
11237	625	3.44476E+02
11237	750	3.44493E+02
11237	406	3.44502E+02
9715	724	3.44550E+02
11237	539	3.44552E+02
11237	128	3.44577E+02
11237	87	3.44580E+02
9715	645	3.44605E+02
9715	591	3.44607E+02
11237	263	3.44607E+02
11237	607	3.44612E+02
9715	272	3.44622E+02
11237	708	3.44625E+02
9715	759	3.44631E+02
11237	214	3.44666E+02
11237	313	3.44684E+02
11237	86	3.44696E+02
9715	564	3.44701E+02
11237	354	3.44704E+02
9715	764	3.44719E+02
9715	224	3.44724E+02
11237	565	3.44740E+02
11237	583	3.44740E+02
11237	727	3.44774E+02
9715	606	3.44776E+02
11237	127	3.44787E+02
11237	808	3.44788E+02
11237	666	3.44791E+02
11237	85	3.44805E+02
9715	802	3.44810E+02
9715	803	3.44815E+02
9715	362	3.44836E+02
9715	685	3.44845E+02
9715	716	3.44852E+02
9715	674	3.44855E+02
11237	791	3.44896E+02
11237	84	3.44908E+02
9715	801	3.44926E+02
9715	804	3.44935E+02
11237	647	3.44937E+02
9715	454	3.44939E+02
11237	213	3.44945E+02
11237	262	3.44954E+02
11237	446	3.44955E+02
9715	758	3.44961E+02
11237	687	3.44963E+02
11237	405	3.44973E+02
9715	725	3.44974E+02
11237	126	3.44976E+02
9715	632	3.44992E+02
11237	624	3.44994E+02
11237	749	3.45000E+02
11237	83	3.45006E+02
9715	546	3.45029E+02
11237	538	3.45052E+02
9715	765	3.45059E+02
9715	139	3.45060E+02
11237	312	3.45074E+02
9715	321	3.45083E+02
9715	566	3.45091E+02
9715	413	3.45092E+02
11237	82	3.45100E+02
11237	707	3.45130E+02
11237	353	3.45131E+02
11237	125	3.45148E+02
9715	800	3.45159E+02
9715	805	3.45164E+02
9715	646	3.45190E+02
11237	81	3.45191E+02
11237	212	3.45197E+02
11237	582	3.45234E+02
11237	768	3.45248E+02
11237	261	3.45269E+02
11237	80	3.45279E+02
9715	590	3.45286E+02
11237	665	3.45287E+02
11237	124	3.45307E+02
9715	565	3.45348E+02
9715	271	3.45357E+02
11237	79	3.45367E+02
9715	715	3.45372E+02
11237	790	3.45372E+02
9715	757	3.45394E+02
9715	686	3.45399E+02
11237	404	3.45406E+02
11237	445	3.45409E+02
9715	607	3.45413E+02
11237	211	3.45428E+02
11237	311	3.45431E+02
9715	223	3.45432E+02
11237	78	3.45454E+02
9715	673	3.45455E+02
11237	123	3.45456E+02
11237	623	3.45471E+02
9715	726	3.45475E+02
11237	748	3.45476E+02
9715	766	3.45485E+02
11237	608	3.45487E+02
9715	806	3.45491E+02
9715	799	3.45505E+02
11237	537	3.45511E+02
11237	352	3.45523E+02
11237	77	3.45542E+02
11237	260	3.45560E+02
11237	809	3.45574E+02
9715	361	3.45596E+02
11237	706	3.45598E+02
11237	122	3.45598E+02
11237	728	3.45621E+02
11237	76	3.45632E+02
11237	210	3.45643E+02
9715	631	3.45661E+02
11237	581	3.45685E+02
9715	453	3.45691E+02
9715	138	3.45715E+02
11237	75	3.45724E+02
11237	121	3.45735E+02
11237	664	3.45741E+02
11237	310	3.45760E+02
9715	545	3.45766E+02
11237	403	3.45800E+02
11237	789	3.45814E+02
11237	74	3.45819E+02
11237	444	3.45822E+02
11237	648	3.45824E+02
9715	647	3.45826E+02
11237	259	3.45829E+02
9715	320	3.45839E+02
11237	688	3.45840E+02
11237	209	3.45845E+02
9715	412	3.45858E+02
11237	120	3.45870E+02
11237	351	3.45880E+02
9715	807	3.45903E+02
11237	622	3.45906E+02
11237	747	3.45912E+02
11237	73	3.45919E+02
9715	756	3.45920E+02
11237	536	3.45927E+02
9715	798	3.45953E+02
9715	714	3.45971E+02
9715	767	3.45982E+02
11237	119	3.46004E+02
9715	687	3.46009E+02
9715	589	3.46012E+02
11237	72	3.46023E+02
11237	705	3.46023E+02
9715	727	3.46038E+02
11237	208	3.46039E+02
9715	381	3.46062E+02
11237	309	3.46064E+02
11237	258	3.46082E+02
9715	608	3.46088E+02
11237	769	3.46088E+02
11237	580	3.46093E+02
9715	270	3.46095E+02
9715	672	3.46118E+02
11237	71	3.46132E+02
9715	222	3.46135E+02
11237	118	3.46140E+02
11237	663	3.46151E+02
11237	402	3.46159E+02
11237	443	3.46196E+02
11237	350	3.46208E+02
11237	788	3.46216E+02
11237	207	3.46228E+02
11237	70	3.46246E+02
11237	117	3.46280E+02
11237	621	3.46295E+02
11237	535	3.46302E+02
11237	746	3.46304E+02
11237	257	3.46320E+02
11237	308	3.46344E+02
9715	137	3.46350E+02
11237	514	3.46361E+02
9715	360	3.46366E+02
11237	69	3.46366E+02
9715	630	3.46378E+02
11237	609	3.46379E+02
9715	808	3.46386E+02
11237	810	3.46396E+02
11237	704	3.46404E+02
11237	206	3.46413E+02
11237	116	3.46423E+02
11237	579	3.46456E+02
9715	452	3.46463E+02
11237	513	3.46473E+02
11237	401	3.46482E+02
9715	797	3.46489E+02
11237	68	3.46492E+02
11237	729	3.46500E+02
9715	648	3.46502E+02
11237	349	3.46506E+02
11237	662	3.46516E+02
9715	755	3.46522E+02
9715	544	3.46530E+02
11237	442	3.46530E+02
9715	768	3.46540E+02
11237	256	3.46546E+02
11237	115	3.46569E+02
11237	787	3.46574E+02
11237	512	3.46586E+02
9715	319	3.46593E+02
11237	205	3.46595E+02
11237	307	3.46604E+02
11237	67	3.46623E+02
9715	713	3.46632E+02
9715	411	3.46633E+02
11237	534	3.46634E+02
11237	620	3.46640E+02
11237	745	3.46652E+02
9715	728	3.46653E+02
9715	688	3.46664E+02
11237	511	3.46699E+02
11237	114	3.46719E+02
11237	649	3.46731E+02
11237	703	3.46739E+02
11237	689	3.46740E+02
11237	66	3.46757E+02
11237	255	3.46761E+02
9715	588	3.46767E+02
11237	400	3.46773E+02
11237	204	3.46773E+02
11237	348	3.46777E+02
11237	578	3.46777E+02
9715	339	3.46784E+02
9715	609	3.46789E+02
11237	510	3.46811E+02
9715	269	3.46817E+02
9715	221	3.46818E+02
9715	671	3.46828E+02
11237	441	3.46828E+02
11237	661	3.46835E+02
11237	306	3.46844E+02
11237	113	3.46871E+02
11237	786	3.46887E+02
11237	65	3.46893E+02
11237	509	3.46920E+02
9715	809	3.46927E+02
11237	533	3.46927E+02
11237	619	3.46941E+02
11237	203	3.46948E+02
9715	136	3.46953E+02
11237	770	3.46953E+02
11237	744	3.46956E+02
11237	254	3.46964E+02
11237	347	3.47022E+02
11237	112	3.47023E+02
11237	508	3.47026E+02
11237	64	3.47030E+02
11237	702	3.47031E+02
11237	399	3.47032E+02
11237	577	3.47057E+02
11237	305	3.47064E+02
11237	440	3.47089E+02
9715	796	3.47095E+02
11237	660	3.47112E+02
11237	202	3.47118E+02
9715	629	3.47124E+02
9715	359	3.47127E+02
11237	507	3.47129E+02
9715	769	3.47144E+02
11237	253	3.47154E+02
11237	785	3.47158E+02
11237	63	3.47165E+02
11237	111	3.47173E+02
9715	754	3.47181E+02
11237	532	3.47182E+02
11237	618	3.47201E+02
9715	649	3.47206E+02
11237	743	3.47217E+02
11237	506	3.47229E+02
9715	451	3.47237E+02
11237	811	3.47241E+02
11237	346	3.47241E+02
11237	398	3.47260E+02
11237	304	3.47265E+02
11237	701	3.47280E+02
11237	201	3.47281E+02
11237	62	3.47297E+02
11237	576	3.47297E+02
9715	543	3.47302E+02
9715	729	3.47307E+02
11237	439	3.47317E+02
11237	110	3.47319E+02
11237	505	3.47325E+02
9715	318	3.47329E+02
11237	252	3.47332E+02
9715	712	3.47334E+02
11237	659	3.47348E+02
9715	689	3.47351E+02
11237	784	3.47389E+02
11237	730	3.47395E+02
9715	410	3.47399E+02
11237	531	3.47402E+02
11237	504	3.47417E+02
11237	617	3.47422E+02
11237	61	3.47424E+02
11237	345	3.47434E+02
11237	200	3.47435E+02
11237	742	3.47438E+02
11237	303	3.47446E+02
11237	397	3.47458E+02
11237	109	3.47459E+02
9715	220	3.47468E+02
11156	234	3.47480E+02
11237	700	3.47491E+02
11237	251	3.47494E+02
11237	575	3.47502E+02
11237	503	3.47504E+02
9715	268	3.47510E+02
9715	810	3.47511E+02
11237	438	3.47513E+02
9715	135	3.47517E+02
9715	587	3.47532E+02
11237	60	3.47544E+02
11237	658	3.47548E+02
9715	670	3.47564E+02
11237	199	3.47578E+02
11237	783	3.47583E+02
11237	502	3.47585E+02
11237	530	3.47588E+02
11237	108	3.47591E+02
11237	344	3.47603E+02
11237	302	3.47606E+02
11237	616	3.47609E+02
11156	286	3.47619E+02
11237	741	3.47624E+02
11237	396	3.47630E+02
11156	285	3.47630E+02
11156	233	3.47630E+02
11237	250	3.47640E+02
11237	650	3.47644E+02
11237	690	3.47652E+02
11156	284	3.47655E+02
11237	59	3.47656E+02
11237	501	3.47660E+02
11237	699	3.47668E+02
11237	574	3.47675E+02
11237	437	3.47679E+02
11156	283	3.47698E+02
11237	198	3.47708E+02
11237	107	3.47712E+02
11237	657	3.47715E+02
11237	500	3.47728E+02
11237	782	3.47745E+02
11237	529	3.47745E+02
11237	301	3.47746E+02
11237	343	3.47749E+02
9715	795	3.47751E+02
11237	58	3.47760E+02
11156	282	3.47764E+02
11237	615	3.47765E+02
11237	249	3.47770E+02
11237	395	3.47775E+02
11237	740	3.47779E+02
9715	770	3.47783E+02
11237	499	3.47791E+02
11156	232	3.47808E+02
11237	698	3.47815E+02
11237	573	3.47819E+02
11237	436	3.47820E+02
11237	106	3.47822E+02
11237	197	3.47824E+02
11237	771	3.47831E+02
11237	498	3.47849E+02
11237	656	3.47853E+02
11237	57	3.47854E+02
11156	281	3.47858E+02
9715	358	3.47863E+02
11237	300	3.47867E+02
11237	342	3.47873E+02
9715	753	3.47875E+02
11237	528	3.47876E+02
11237	781	3.47878E+02
9715	628	3.47879E+02
11237	248	3.47884E+02
11237	614	3.47894E+02
11237	394	3.47898E+02
11237	497	3.47901E+02
11237	739	3.47907E+02
11237	105	3.47920E+02
9715	650	3.47926E+02
11237	196	3.47926E+02
11237	183	3.47934E+02
11237	697	3.47936E+02
11237	435	3.47937E+02
11237	572	3.47938E+02
11237	56	3.47939E+02
11237	182	3.47947E+02
11237	496	3.47950E+02
11237	181	3.47959E+02
11237	655	3.47967E+02
11237	299	3.47970E+02
11237	180	3.47971E+02
11237	341	3.47978E+02
11237	247	3.47982E+02
11156	280	3.47983E+02
11237	179	3.47983E+02
11237	527	3.47984E+02
9715	730	3.47986E+02
11237	780	3.47988E+02
11237	495	3.47994E+02
9715	450	3.47995E+02
11237	178	3.47995E+02
9715	287	3.47998E+02
11237	393	3.48000E+02
11237	613	3.48000E+02
11237	104	3.48006E+02
11237	177	3.48007E+02
11237	738	3.48011E+02
11237	55	3.48014E+02
11237	195	3.48015E+02
11237	176	3.48019E+02
11156	231	3.48020E+02
9715	317	3.48030E+02
11237	175	3.48032E+02
11237	434	3.48033E+02
11237	494	3.48035E+02
11237	696	3.48035E+02
11237	571	3.48036E+02
9715	134	3.48039E+02
11237	174	3.48044E+02
11237	40	3.48052E+02
11237	173	3.48056E+02
11237	298	3.48057E+02
9715	711	3.48058E+02
9715	690	3.48058E+02
11237	654	3.48060E+02
11237	39	3.48061E+02
11156	333	3.48062E+02
11156	332	3.48063E+02
9715	542	3.48064E+02
11237	246	3.48065E+02
11237	340	3.48065E+02
11237	172	3.48069E+02
11237	38	3.48070E+02
9715	219	3.48073E+02
11237	493	3.48073E+02
11237	526	3.48073E+02
11237	779	3.48077E+02
11237	37	3.48079E+02
11237	103	3.48081E+02
11237	54	3.48081E+02
11237	171	3.48082E+02
11237	392	3.48085E+02
11237	612	3.48087E+02
11237	36	3.48089E+02
11156	334	3.48091E+02
11237	194	3.48091E+02
11237	812	3.48094E+02
11237	170	3.48094E+02
11156	331	3.48095E+02
11237	737	3.48096E+02
11237	35	3.48098E+02
11237	169	3.48107E+02
11237	492	3.48108E+02
11237	34	3.48108E+02
11237	433	3.48113E+02
11237	570	3.48115E+02
11237	695	3.48115E+02
11237	33	3.48118E+02
11237	168	3.48120E+02
9715	811	3.48125E+02
11237	32	3.48128E+02
11237	297	3.48130E+02
11237	167	3.48133E+02
11237	245	3.48135E+02
11237	653	3.48136E+02
11237	31	3.48137E+02
11237	53	3.48139E+02
9715	409	3.48140E+02
11237	491	3.48141E+02
11237	102	3.48145E+02
11237	525	3.48146E+02
11156	279	3.48146E+02
11237	30	3.48147E+02
11156	335	3.48147E+02
11237	166	3.48147E+02
11237	778	3.48150E+02
11237	391	3.48154E+02
11237	193	3.48156E+02
11237	29	3.48156E+02
11237	611	3.48157E+02
11237	165	3.48161E+02
9715	267	3.48163E+02
11156	330	3.48163E+02
11237	736	3.48165E+02
11237	28	3.48166E+02
11237	490	3.48172E+02
11237	27	3.48176E+02
11237	164	3.48176E+02
11237	569	3.48180E+02
11237	694	3.48181E+02
11237	26	3.48185E+02
11237	296	3.48190E+02
11237	52	3.48190E+02
11237	163	3.48191E+02
11237	244	3.48193E+02
11237	25	3.48196E+02
11237	652	3.48197E+02
11237	101	3.48199E+02
11237	489	3.48202E+02
11237	524	3.48204E+02
11237	24	3.48206E+02
11237	162	3.48207E+02
11237	777	3.48209E+02
11237	192	3.48209E+02
11237	390	3.48211E+02
11237	610	3.48214E+02
11237	23	3.48217E+02
11237	735	3.48221E+02
11237	161	3.48223E+02
11237	22	3.48228E+02
11156	336	3.48229E+02
11237	488	3.48230E+02
11237	693	3.48233E+02
11237	51	3.48233E+02
11237	295	3.48239E+02
11237	160	3.48240E+02
11237	21	3.48240E+02
11237	243	3.48241E+02
11237	100	3.48244E+02
11237	651	3.48246E+02
11237	20	3.48252E+02
11237	523	3.48252E+02
11237	191	3.48254E+02
11237	487	3.48256E+02
11237	776	3.48256E+02
11237	159	3.48256E+02
11237	389	3.48257E+02
11237	19	3.48264E+02
11237	734	3.48265E+02
11237	50	3.48270E+02
11156	230	3.48272E+02
11156	329	3.48272E+02
11237	158	3.48272E+02
11237	692	3.48275E+02
11237	18	3.48277E+02
11237	294	3.48279E+02
11237	486	3.48280E+02
11237	242	3.48280E+02
11237	99	3.48282E+02
11237	157	3.48288E+02
9715	586	3.48289E+02
11237	17	3.48290E+02
11237	190	3.48290E+02
11237	522	3.48290E+02
11237	775	3.48294E+02
11237	388	3.48294E+02
11237	731	3.48294E+02
11237	733	3.48301E+02
11237	49	3.48302E+02
11237	16	3.48302E+02
11237	485	3.48302E+02
11237	156	3.48304E+02
9715	669	3.48305E+02
11237	293	3.48311E+02
11237	241	3.48312E+02
11237	98	3.48313E+02
11237	15	3.48315E+02
11237	155	3.48319E+02
11237	189	3.48320E+02
11237	521	3.48321E+02
11237	484	3.48323E+02
11237	387	3.48324E+02
11237	774	3.48324E+02
11237	14	3.48327E+02
11237	48	3.48328E+02
11237	154	3.48334E+02
11156	337	3.48337E+02
11237	292	3.48338E+02
11237	97	3.48338E+02
11237	13	3.48338E+02
11237	240	3.48338E+02
11237	483	3.48341E+02
11237	188	3.48345E+02
11237	520	3.48346E+02
11237	153	3.48347E+02
11237	386	3.48348E+02
11237	12	3.48349E+02
11237	47	3.48350E+02
11156	278	3.48352E+02
11237	482	3.48358E+02
11237	96	3.48359E+02
11237	291	3.48359E+02
11237	239	3.48359E+02
11237	11	3.48359E+02
11237	152	3.48360E+02
11237	187	3.48364E+02
11237	519	3.48366E+02
11237	385	3.48367E+02
11237	46	3.48368E+02
11237	10	3.48369E+02
11237	481	3.48372E+02
11237	151	3.48372E+02
11237	95	3.48376E+02
11237	290	3.48376E+02
11237	238	3.48376E+02
11237	9	3.48378E+02
11237	186	3.48380E+02
11237	518	3.48381E+02
11237	45	3.48382E+02
11237	150	3.48383E+02
11237	384	3.48383E+02
11237	480	3.48384E+02
11237	8	3.48387E+02
11237	94	3.48389E+02
11237	289	3.48390E+02
11237	237	3.48390E+02
11237	149	3.48392E+02
11237	185	3.48393E+02
11237	517	3.48394E+02
11237	44	3.48394E+02
11237	7	3.48395E+02
11237	479	3.48395E+02
11237	383	3.48395E+02
11237	93	3.48400E+02
11237	288	3.48400E+02
11237	236	3.48401E+02
11237	148	3.48401E+02
11237	6	3.48402E+02
11237	184	3.48403E+02
11237	478	3.48404E+02
11237	43	3.48404E+02
11237	516	3.48404E+02
11237	382	3.48405E+02
11237	5	3.48408E+02
11237	147	3.48408E+02
11237	92	3.48409E+02
11237	477	3.48411E+02
11237	42	3.48412E+02
11237	515	3.48412E+02
11237	4	3.48414E+02
11237	146	3.48414E+02
11237	476	3.48417E+02
11237	41	3.48418E+02
11237	3	3.48418E+02
11237	145	3.48419E+02
11237	475	3.48422E+02
11237	2	3.48423E+02
11237	144	3.48424E+02
11156	328	3.48426E+02
11237	1	3.48426E+02
11237	474	3.48426E+02
11237	143	3.48428E+02
11237	0	3.48429E+02
9715	794	3.48433E+02
9715	771	3.48442E+02
11156	371	3.48469E+02
11156	338	3.48470E+02
11156	372	3.48474E+02
11156	370	3.48511E+02
9715	133	3.48515E+02
11156	373	3.48525E+02
9715	357	3.48560E+02
11237	691	3.48561E+02
11156	229	3.48566E+02
9715	752	3.48582E+02
11156	369	3.48603E+02
11156	277	3.48607E+02
11156	374	3.48620E+02
9715	627	3.48623E+02
9715	218	3.48627E+02
11156	327	3.48632E+02
9715	731	3.48679E+02
9715	316	3.48686E+02
11237	772	3.48709E+02
9715	449	3.48724E+02
11156	368	3.48751E+02
9715	812	3.48758E+02
11156	375	3.48759E+02
9715	266	3.48767E+02
9715	691	3.48774E+02
9715	710	3.48780E+02
9715	541	3.48799E+02
9715	408	3.48844E+02
11156	326	3.48893E+02
11156	421	3.48904E+02
11156	228	3.48905E+02
11156	276	3.48913E+02
11156	422	3.48918E+02
11156	376	3.48945E+02
11237	813	3.48945E+02
9715	132	3.48947E+02
11156	420	3.48952E+02
11156	367	3.48958E+02
11156	423	3.48992E+02
9715	585	3.49020E+02
9715	668	3.49031E+02
11156	419	3.49066E+02
9715	772	3.49112E+02
9715	793	3.49119E+02
11156	424	3.49128E+02
9715	217	3.49130E+02
11156	377	3.49177E+02
11237	732	3.49186E+02
9715	356	3.49211E+02
11156	325	3.49211E+02
11156	366	3.49226E+02
11156	418	3.49245E+02
11156	275	3.49273E+02
9715	751	3.49281E+02
11156	227	3.49288E+02
9715	315	3.49292E+02
9715	265	3.49319E+02
11156	425	3.49326E+02
9715	131	3.49334E+02
9715	626	3.49341E+02
11156	461	3.49366E+02
9715	732	3.49376E+02
11156	460	3.49389E+02
9715	813	3.49399E+02
11156	142	3.49403E+02
9715	448	3.49412E+02
11156	462	3.49418E+02
11156	378	3.49459E+02
9715	709	3.49482E+02
11156	459	3.49489E+02
11156	417	3.49493E+02
9715	540	3.49497E+02
9715	407	3.49503E+02
11156	463	3.49547E+02
11156	365	3.49556E+02
11237	773	3.49575E+02
9715	235	3.49580E+02
9715	216	3.49582E+02
11156	426	3.49587E+02
11156	324	3.49587E+02
9715	91	3.49625E+02
11156	458	3.49665E+02
9715	130	3.49680E+02
11156	274	3.49684E+02
9715	584	3.49712E+02
11156	226	3.49713E+02
9715	667	3.49727E+02
11156	464	3.49751E+02
9715	773	3.49782E+02
11237	814	3.49783E+02
9715	792	3.49790E+02
11156	379	3.49790E+02
11156	416	3.49808E+02
9715	355	3.49812E+02
9715	90	3.49818E+02
9715	264	3.49819E+02
11156	552	3.49843E+02
9715	314	3.49846E+02
11156	141	3.49862E+02
11156	551	3.49868E+02
11156	553	3.49906E+02
11156	427	3.49912E+02
11156	457	3.49917E+02
11156	364	3.49945E+02
9715	750	3.49955E+02
11156	550	3.49981E+02
9715	215	3.49987E+02
9715	129	3.49987E+02
9715	89	3.49990E+02
11156	323	3.50015E+02
9715	625	3.50018E+02
11156	465	3.50032E+02
9715	814	3.50037E+02
9715	447	3.50053E+02
11156	554	3.50058E+02
9715	406	3.50114E+02
11156	273	3.50142E+02
9715	88	3.50145E+02
9715	539	3.50147E+02
9715	708	3.50150E+02
11156	380	3.50172E+02
11156	225	3.50174E+02
11156	549	3.50179E+02
11156	415	3.50187E+02
11156	456	3.50242E+02
9715	128	3.50260E+02
9715	263	3.50269E+02
9715	87	3.50285E+02
11156	555	3.50298E+02
11156	428	3.50304E+02
11156	595	3.50321E+02
11156	140	3.50339E+02
9715	214	3.50349E+02
9715	313	3.50349E+02
9715	583	3.50357E+02
11156	596	3.50360E+02
9715	354	3.50364E+02
9715	666	3.50380E+02
11156	594	3.50380E+02
11156	363	3.50389E+02
11156	466	3.50391E+02
9715	86	3.50416E+02
9715	791	3.50430E+02
11156	548	3.50458E+02
11156	322	3.50491E+02
11156	597	3.50499E+02
9715	127	3.50502E+02
11156	593	3.50534E+02
9715	85	3.50538E+02
11156	568	3.50545E+02
9715	749	3.50589E+02
11156	414	3.50625E+02
11156	556	3.50626E+02
11156	455	3.50634E+02
11156	272	3.50637E+02
9715	446	3.50642E+02
9715	624	3.50646E+02
9715	84	3.50654E+02
11156	224	3.50664E+02
9715	405	3.50673E+02
9715	213	3.50675E+02
9715	262	3.50676E+02
11075	234	3.50705E+02
9715	126	3.50721E+02
11156	598	3.50736E+02
9715	538	3.50746E+02
11156	429	3.50762E+02
9715	83	3.50765E+02
9715	707	3.50773E+02
11156	592	3.50776E+02
11156	636	3.50800E+02
9715	312	3.50808E+02
11156	547	3.50813E+02
11156	635	3.50818E+02
11075	233	3.50824E+02
11156	139	3.50826E+02
11156	467	3.50828E+02
9715	353	3.50868E+02
9715	82	3.50872E+02
11156	362	3.50880E+02
11156	637	3.50888E+02
11156	567	3.50890E+02
9715	125	3.50920E+02
11156	634	3.50938E+02
9715	582	3.50949E+02
9715	212	3.50969E+02
11075	232	3.50969E+02
11075	284	3.50972E+02
9715	81	3.50975E+02
11075	285	3.50976E+02
9715	665	3.50982E+02
11075	283	3.50985E+02
11075	286	3.50994E+02
11156	321	3.51002E+02
11075	282	3.51019E+02
9715	790	3.51026E+02
11156	557	3.51042E+02
9715	261	3.51045E+02
11156	599	3.51071E+02
9715	80	3.51077E+02
11075	281	3.51080E+02
11156	638	3.51085E+02
11156	454	3.51085E+02
11156	591	3.51101E+02
9715	124	3.51104E+02
11156	413	3.51113E+02
11075	231	3.51147E+02
11156	633	3.51154E+02
11156	271	3.51158E+02
11075	280	3.51171E+02
11156	223	3.51173E+02
9715	748	3.51175E+02
9715	79	3.51177E+02
9715	445	3.51179E+02
9715	404	3.51184E+02
9715	623	3.51220E+02
9715	311	3.51227E+02
11156	546	3.51233E+02
9715	211	3.51238E+02
11156	676	3.51264E+02
11156	677	3.51273E+02
9715	123	3.51276E+02
9715	78	3.51278E+02
11156	430	3.51283E+02
9715	537	3.51291E+02
11075	279	3.51298E+02
11156	566	3.51302E+02
11156	138	3.51312E+02
9715	352	3.51327E+02
11156	468	3.51341E+02
9715	706	3.51342E+02
11075	331	3.51354E+02
11075	332	3.51356E+02
11075	230	3.51362E+02
11156	675	3.51364E+02
9715	77	3.51379E+02
9715	260	3.51383E+02
11075	330	3.51387E+02
11156	639	3.51387E+02
11075	333	3.51389E+02
11156	678	3.51393E+02
11156	361	3.51406E+02
9715	122	3.51440E+02
11075	334	3.51451E+02
11156	632	3.51457E+02
11075	329	3.51458E+02
11075	278	3.51466E+02
9715	76	3.51483E+02
9715	210	3.51486E+02
9715	581	3.51487E+02
11156	590	3.51496E+02
11156	600	3.51501E+02
9715	664	3.51529E+02
11156	320	3.51539E+02
11075	335	3.51541E+02
11156	558	3.51544E+02
11156	674	3.51564E+02
9715	789	3.51572E+02
11075	328	3.51573E+02
11156	453	3.51583E+02
9715	75	3.51590E+02
9715	121	3.51598E+02
9715	310	3.51611E+02
11075	229	3.51618E+02
11156	679	3.51627E+02
11156	412	3.51638E+02
9715	403	3.51647E+02
11075	336	3.51656E+02
9715	444	3.51666E+02
11075	277	3.51681E+02
11156	222	3.51687E+02
11156	270	3.51691E+02
9715	259	3.51697E+02
9715	74	3.51701E+02
11156	717	3.51703E+02
11156	545	3.51706E+02
9715	747	3.51707E+02
9715	209	3.51721E+02
11156	718	3.51722E+02
11075	371	3.51730E+02
11075	370	3.51733E+02
9715	622	3.51738E+02
11075	327	3.51738E+02
9715	351	3.51746E+02
9715	120	3.51754E+02
11156	381	3.51757E+02
11075	372	3.51774E+02
9715	536	3.51782E+02
11075	369	3.51785E+02
11156	137	3.51788E+02
11156	640	3.51793E+02
11156	716	3.51794E+02
11075	337	3.51796E+02
9715	73	3.51816E+02
11156	631	3.51834E+02
11156	673	3.51854E+02
9715	705	3.51855E+02
11156	719	3.51858E+02
11156	431	3.51862E+02
11075	373	3.51862E+02
11075	368	3.51891E+02
9715	119	3.51909E+02
11075	228	3.51917E+02
11156	469	3.51925E+02
9715	72	3.51937E+02
9715	208	3.51945E+02
11075	276	3.51947E+02
11156	589	3.51949E+02
11156	360	3.51954E+02
11075	326	3.51957E+02
11075	338	3.51962E+02
9715	309	3.51964E+02
9715	580	3.51969E+02
11156	680	3.51973E+02
11156	715	3.51988E+02
9715	258	3.51990E+02
11075	374	3.51995E+02
9715	663	3.52019E+02
11156	601	3.52024E+02
11075	367	3.52054E+02
9715	788	3.52061E+02
9715	71	3.52064E+02
9715	402	3.52065E+02
9715	118	3.52067E+02
11156	319	3.52085E+02
9715	443	3.52103E+02
11156	720	3.52111E+02
11156	452	3.52113E+02
11156	758	3.52125E+02
9715	350	3.52127E+02
11156	559	3.52127E+02
11075	421	3.52139E+02
11156	759	3.52142E+02
11075	420	3.52144E+02
9715	207	3.52163E+02
11075	375	3.52172E+02
9715	746	3.52181E+02
11156	411	3.52185E+02
11156	221	3.52193E+02
11075	422	3.52196E+02
9715	70	3.52197E+02
9715	621	3.52200E+02
11075	419	3.52212E+02
11156	544	3.52218E+02
11156	757	3.52219E+02
11156	672	3.52220E+02
9715	535	3.52222E+02
11156	269	3.52222E+02
9715	117	3.52228E+02
11075	325	3.52232E+02
11156	339	3.52240E+02
11156	136	3.52245E+02
11075	227	3.52260E+02
11075	275	3.52264E+02
9715	257	3.52266E+02
11156	630	3.52273E+02
11156	714	3.52273E+02
11075	366	3.52277E+02
11156	760	3.52278E+02
9715	308	3.52289E+02
11156	641	3.52298E+02
9715	704	3.52311E+02
11075	423	3.52313E+02
11075	142	3.52336E+02
9715	69	3.52337E+02
11075	418	3.52346E+02
9715	514	3.52355E+02
9715	206	3.52377E+02
9715	116	3.52393E+02
11075	376	3.52395E+02
9715	579	3.52397E+02
11156	756	3.52416E+02
11156	681	3.52426E+02
9715	401	3.52442E+02
11156	588	3.52445E+02
9715	662	3.52452E+02
9715	349	3.52473E+02
11156	721	3.52479E+02
9715	68	3.52483E+02
9715	513	3.52485E+02
11075	424	3.52491E+02
11156	432	3.52492E+02
9715	787	3.52493E+02
9715	442	3.52494E+02
11156	359	3.52506E+02
9715	256	3.52527E+02
11156	799	3.52528E+02
11156	761	3.52533E+02
11156	800	3.52533E+02
11075	417	3.52546E+02
11075	365	3.52561E+02
9715	115	3.52563E+02
11075	324	3.52563E+02
11075	460	3.52571E+02
11156	470	3.52577E+02
9715	205	3.52587E+02
9715	307	3.52590E+02
11075	461	3.52595E+02
9715	745	3.52597E+02
9715	620	3.52606E+02
9715	534	3.52611E+02
9715	512	3.52617E+02
11075	459	3.52623E+02
11156	318	3.52627E+02
11075	274	3.52632E+02
11156	602	3.52633E+02
11156	713	3.52634E+02
9715	67	3.52635E+02
11156	798	3.52635E+02
11075	226	3.52644E+02
11156	671	3.52648E+02
11156	801	3.52656E+02
11156	451	3.52660E+02
11075	377	3.52667E+02
11156	135	3.52677E+02
11156	220	3.52681E+02
11075	462	3.52695E+02
11156	755	3.52702E+02
9715	703	3.52709E+02
11075	425	3.52731E+02
9715	114	3.52736E+02
11156	410	3.52738E+02
11156	268	3.52739E+02
9715	511	3.52749E+02
11075	458	3.52750E+02
11156	543	3.52753E+02
11156	629	3.52755E+02
11075	141	3.52757E+02
9715	578	3.52773E+02
9715	255	3.52775E+02
9715	400	3.52780E+02
11156	560	3.52786E+02
9715	348	3.52787E+02
9715	66	3.52791E+02
9715	204	3.52793E+02
11075	416	3.52813E+02
9715	661	3.52829E+02
9715	441	3.52840E+02
11156	797	3.52841E+02
9715	306	3.52868E+02
9715	786	3.52869E+02
11075	463	3.52869E+02
9715	510	3.52879E+02
11156	642	3.52896E+02
11156	802	3.52899E+02
11075	364	3.52903E+02
11156	762	3.52906E+02
9715	113	3.52911E+02
11075	323	3.52946E+02
9715	65	3.52949E+02
9715	533	3.52952E+02
11075	457	3.52952E+02
11156	722	3.52957E+02
9715	744	3.52958E+02
9715	619	3.52959E+02
11156	587	3.52968E+02
11156	682	3.52979E+02
11075	378	3.52988E+02
9715	203	3.52995E+02
9715	509	3.53006E+02
9715	254	3.53009E+02
11075	551	3.53024E+02
11075	426	3.53034E+02
11075	273	3.53046E+02
11075	552	3.53049E+02
11156	358	3.53050E+02
9715	702	3.53053E+02
11156	712	3.53054E+02
11156	754	3.53062E+02
11075	225	3.53064E+02
9715	347	3.53070E+02
9715	399	3.53079E+02
11156	134	3.53079E+02
11075	550	3.53085E+02
9715	112	3.53086E+02
9715	577	3.53099E+02
9715	64	3.53107E+02
11156	287	3.53116E+02
11156	670	3.53119E+02
11075	464	3.53119E+02
9715	305	3.53122E+02
9715	508	3.53129E+02
11156	796	3.53134E+02
11156	219	3.53141E+02
9715	440	3.53143E+02
11075	415	3.53144E+02
11156	317	3.53152E+02
9715	660	3.53154E+02
11075	553	3.53163E+02
9715	202	3.53190E+02
9715	785	3.53191E+02
11075	140	3.53198E+02
11156	450	3.53208E+02
11075	456	3.53227E+02
9715	253	3.53228E+02
11075	549	3.53231E+02
11156	267	3.53231E+02
9715	532	3.53248E+02
9715	507	3.53249E+02
9715	111	3.53259E+02
11156	803	3.53261E+02
9715	618	3.53263E+02
9715	63	3.53263E+02
11156	628	3.53265E+02
9715	743	3.53267E+02
11156	409	3.53283E+02
11156	471	3.53287E+02
11156	542	3.53296E+02
11075	363	3.53301E+02
9715	346	3.53322E+02
11156	603	3.53323E+02
9715	398	3.53343E+02
9715	701	3.53346E+02
9715	304	3.53353E+02
11075	379	3.53359E+02
11075	554	3.53364E+02
9715	506	3.53365E+02
11075	322	3.53377E+02
9715	201	3.53378E+02
9715	576	3.53378E+02
11156	763	3.53389E+02
11075	427	3.53403E+02
9715	439	3.53406E+02
9715	62	3.53415E+02
9715	110	3.53428E+02
9715	659	3.53431E+02
9715	252	3.53432E+02
11075	465	3.53447E+02
11156	133	3.53449E+02
11075	548	3.53458E+02
9715	784	3.53465E+02
9715	505	3.53476E+02
11156	753	3.53477E+02
11075	595	3.53488E+02
11075	594	3.53493E+02
11156	795	3.53495E+02
11075	272	3.53499E+02
11156	586	3.53501E+02
9715	531	3.53502E+02
11156	561	3.53514E+02
11075	224	3.53514E+02
11156	711	3.53515E+02
9715	617	3.53520E+02
9715	742	3.53528E+02
11075	414	3.53534E+02
11156	723	3.53536E+02
9715	345	3.53545E+02
11075	568	3.53548E+02
9715	200	3.53554E+02
9715	303	3.53560E+02
9715	61	3.53561E+02
11156	218	3.53566E+02
11075	455	3.53569E+02
9715	397	3.53571E+02
11156	357	3.53572E+02
11156	643	3.53579E+02
11075	596	3.53580E+02
9715	504	3.53582E+02
9715	109	3.53588E+02
11075	593	3.53592E+02
9715	700	3.53594E+02
11156	669	3.53615E+02
9715	575	3.53616E+02
9715	251	3.53618E+02
11156	683	3.53625E+02
9715	438	3.53632E+02
11156	316	3.53649E+02
11075	139	3.53649E+02
11075	555	3.53653E+02
9715	658	3.53663E+02
9715	503	3.53681E+02
11156	266	3.53692E+02
9715	783	3.53694E+02
9715	60	3.53698E+02
9715	530	3.53717E+02
9715	199	3.53717E+02
11156	804	3.53735E+02
9715	616	3.53737E+02
9715	108	3.53738E+02
9715	344	3.53739E+02
9715	302	3.53744E+02
11156	449	3.53745E+02
9715	741	3.53746E+02
11075	362	3.53746E+02
11075	547	3.53761E+02
9715	396	3.53768E+02
11075	597	3.53771E+02
9715	502	3.53774E+02
11075	380	3.53781E+02
11075	592	3.53781E+02
11156	627	3.53784E+02
9715	250	3.53785E+02
11156	132	3.53786E+02
9715	699	3.53800E+02
11156	408	3.53809E+02
9715	574	3.53815E+02
9715	437	3.53824E+02
9715	59	3.53826E+02
11156	541	3.53832E+02
11075	428	3.53838E+02
11075	567	3.53840E+02
11075	321	3.53845E+02
11075	466	3.53852E+02
9715	657	3.53858E+02
9715	501	3.53860E+02
9715	198	3.53866E+02
9715	107	3.53877E+02
9715	782	3.53884E+02
9715	529	3.53898E+02
11156	794	3.53904E+02
9715	301	3.53905E+02
9715	343	3.53906E+02
9715	615	3.53918E+02
12193	234	3.53925E+02
11156	752	3.53926E+02
9715	740	3.53927E+02
11075	635	3.53930E+02
9715	249	3.53934E+02
9715	395	3.53935E+02
9715	500	3.53938E+02
9715	58	3.53944E+02
11156	217	3.53954E+02
11075	636	3.53968E+02
11075	454	3.53971E+02
9715	698	3.53972E+02
11075	413	3.53975E+02
11156	764	3.53975E+02
11075	271	3.53978E+02
9715	573	3.53981E+02
11075	223	3.53983E+02
9715	436	3.53985E+02
11075	634	3.53995E+02
11156	710	3.53996E+02
9715	197	3.53998E+02
9715	106	3.54002E+02
9715	499	3.54009E+02
9715	656	3.54018E+02
11156	585	3.54028E+02
11075	556	3.54030E+02
9715	781	3.54041E+02
9715	300	3.54043E+02
11156	472	3.54045E+02
9715	342	3.54048E+02
9715	528	3.54049E+02
9715	57	3.54050E+02
11075	591	3.54052E+02
11075	598	3.54060E+02
9715	248	3.54064E+02
11156	356	3.54066E+02
12193	286	3.54066E+02
9715	614	3.54067E+02
12193	233	3.54073E+02
9715	498	3.54074E+02
9715	394	3.54076E+02
9715	739	3.54076E+02
12193	285	3.54077E+02
11156	604	3.54083E+02
11156	131	3.54090E+02
11075	138	3.54101E+02
12193	284	3.54101E+02
9715	697	3.54112E+02
11075	637	3.54112E+02
11156	315	3.54112E+02
9715	105	3.54113E+02
9715	196	3.54115E+02
11156	265	3.54117E+02
9715	572	3.54119E+02
9715	435	3.54119E+02
11156	668	3.54119E+02
11075	546	3.54129E+02
9715	497	3.54132E+02
12193	283	3.54143E+02
9715	56	3.54145E+02
9715	655	3.54150E+02
11075	633	3.54155E+02
9715	299	3.54161E+02
9715	341	3.54168E+02
9715	780	3.54169E+02
9715	527	3.54173E+02
9715	247	3.54175E+02
9715	496	3.54185E+02
9715	613	3.54189E+02
9715	393	3.54193E+02
9715	183	3.54194E+02
9715	738	3.54198E+02
11075	566	3.54200E+02
11156	724	3.54206E+02
9715	182	3.54207E+02
12193	282	3.54207E+02
9715	104	3.54210E+02
9715	195	3.54216E+02
9715	181	3.54220E+02
9715	696	3.54227E+02
11075	361	3.54227E+02
9715	55	3.54230E+02
9715	434	3.54230E+02
9715	571	3.54231E+02
9715	180	3.54232E+02
9715	495	3.54234E+02
9715	179	3.54244E+02
12193	232	3.54248E+02
11156	91	3.54249E+02
9715	178	3.54256E+02
9715	654	3.54257E+02
9715	298	3.54260E+02
11156	448	3.54260E+02
9715	340	3.54268E+02
9715	177	3.54268E+02
9715	246	3.54270E+02
9715	779	3.54273E+02
9715	526	3.54275E+02
9715	494	3.54278E+02
9715	176	3.54280E+02
9715	612	3.54289E+02
9715	392	3.54290E+02
9715	175	3.54292E+02
9715	103	3.54294E+02
9715	737	3.54296E+02
11156	626	3.54298E+02
12193	281	3.54298E+02
11156	562	3.54300E+02
9715	194	3.54302E+02
9715	54	3.54304E+02
9715	174	3.54305E+02
11156	216	3.54306E+02
11156	407	3.54308E+02
11156	805	3.54312E+02
11156	235	3.54312E+02
9715	40	3.54315E+02
9715	173	3.54317E+02
9715	493	3.54319E+02
9715	695	3.54320E+02
9715	433	3.54321E+02
9715	570	3.54323E+02
9715	39	3.54323E+02
9715	172	3.54330E+02
9715	38	3.54332E+02
11075	467	3.54335E+02
11075	320	3.54338E+02
11156	644	3.54339E+02
11075	429	3.54340E+02
9715	37	3.54341E+02
11156	793	3.54341E+02
9715	171	3.54342E+02
9715	297	3.54343E+02
9715	653	3.54345E+02
9715	245	3.54349E+02
11156	540	3.54349E+02
9715	36	3.54351E+02
11156	684	3.54353E+02
9715	170	3.54355E+02
9715	492	3.54356E+02
9715	778	3.54358E+02
9715	525	3.54358E+02
9715	35	3.54361E+02
11075	638	3.54362E+02
11156	130	3.54363E+02
9715	102	3.54366E+02
9715	169	3.54368E+02
9715	53	3.54369E+02
9715	391	3.54369E+02
11075	676	3.54369E+02
9715	34	3.54370E+02
9715	611	3.54370E+02
9715	193	3.54375E+02
9715	736	3.54376E+02
9715	33	3.54380E+02
9715	168	3.54380E+02
9715	32	3.54389E+02
9715	491	3.54391E+02
11156	751	3.54391E+02
9715	167	3.54394E+02
11075	590	3.54394E+02
9715	694	3.54396E+02
9715	569	3.54397E+02
9715	31	3.54399E+02
11075	632	3.54403E+02
9715	166	3.54407E+02
9715	30	3.54408E+02
9715	296	3.54411E+02
11075	675	3.54411E+02
9715	652	3.54415E+02
9715	244	3.54415E+02
11156	90	3.54416E+02
9715	29	3.54418E+02
11075	453	3.54420E+02
12193	280	3.54420E+02
9715	165	3.54421E+02
9715	490	3.54424E+02
9715	52	3.54424E+02
9715	524	3.54426E+02
9715	777	3.54426E+02
9715	101	3.54427E+02
9715	28	3.54427E+02
9715	390	3.54434E+02
11075	677	3.54434E+02
9715	192	3.54435E+02
9715	610	3.54436E+02
9715	164	3.54436E+02
9715	27	3.54437E+02
9715	735	3.54441E+02
9715	26	3.54446E+02
11075	599	3.54447E+02
9715	163	3.54451E+02
11075	412	3.54453E+02
9715	489	3.54454E+02
9715	693	3.54456E+02
9715	25	3.54456E+02
12193	231	3.54456E+02
11075	222	3.54460E+02
9715	24	3.54467E+02
9715	295	3.54467E+02
9715	162	3.54467E+02
9715	243	3.54470E+02
11075	270	3.54471E+02
9715	51	3.54472E+02
9715	651	3.54472E+02
9715	23	3.54477E+02
9715	100	3.54477E+02
9715	523	3.54480E+02
9715	776	3.54481E+02
11156	709	3.54481E+02
9715	161	3.54483E+02
9715	488	3.54483E+02
9715	191	3.54486E+02
9715	389	3.54486E+02
9715	22	3.54488E+02
9715	734	3.54493E+02
11075	557	3.54496E+02
12193	332	3.54497E+02
12193	333	3.54497E+02
9715	160	3.54499E+02
9715	21	3.54500E+02
9715	692	3.54505E+02
11156	264	3.54505E+02
9715	487	3.54510E+02
9715	20	3.54512E+02
9715	294	3.54512E+02
9715	50	3.54513E+02
9715	242	3.54514E+02
9715	159	3.54515E+02
9715	99	3.54519E+02
9715	19	3.54524E+02
9715	522	3.54524E+02
9715	775	3.54525E+02
12193	334	3.54526E+02
9715	190	3.54527E+02
11156	355	3.54528E+02
12193	331	3.54528E+02
9715	388	3.54529E+02
9715	158	3.54531E+02
9715	486	3.54534E+02
9715	733	3.54535E+02
9715	18	3.54536E+02
11156	584	3.54537E+02
11156	314	3.54539E+02
11075	137	3.54545E+02
9715	49	3.54547E+02
9715	157	3.54547E+02
9715	17	3.54549E+02
9715	293	3.54549E+02
9715	241	3.54551E+02
11075	545	3.54553E+02
9715	98	3.54554E+02
11075	674	3.54554E+02
11075	381	3.54556E+02
9715	485	3.54557E+02
9715	521	3.54559E+02
9715	774	3.54560E+02
9715	189	3.54561E+02
9715	16	3.54561E+02
9715	156	3.54562E+02
9715	387	3.54563E+02
