GRAM	c2h2	chi_tot
8346	801	6.87848E+01
8434	802	6.87855E+01
8346	802	6.87976E+01
8434	803	6.88303E+01
8434	801	6.89255E+01
8346	800	6.89448E+01
8346	803	6.89822E+01
6697	803	6.90426E+01
8434	804	6.90522E+01
6697	804	6.90749E+01
8346	760	6.91420E+01
6697	802	6.91675E+01
8346	759	6.91714E+01
8434	761	6.91738E+01
8434	760	6.91811E+01
8434	800	6.92497E+01
6697	805	6.92522E+01
8346	799	6.92707E+01
8346	761	6.92913E+01
8346	804	6.93299E+01
8434	762	6.93540E+01
6787	804	6.93600E+01
6697	761	6.93682E+01
6787	803	6.93717E+01
8346	758	6.93755E+01
8434	759	6.93783E+01
6697	762	6.93796E+01
8434	805	6.94358E+01
6697	801	6.94548E+01
6787	805	6.95036E+01
6697	760	6.95250E+01
6697	763	6.95508E+01
6787	802	6.95512E+01
6697	806	6.95568E+01
8346	718	6.95588E+01
8434	719	6.95965E+01
8346	762	6.96157E+01
8346	717	6.96427E+01
8346	719	6.96553E+01
6787	762	6.96675E+01
8434	718	6.96727E+01
8434	763	6.97113E+01
8434	720	6.97131E+01
6787	761	6.97132E+01
8346	757	6.97425E+01
8346	798	6.97482E+01
8434	799	6.97493E+01
6697	720	6.97539E+01
8434	758	6.97595E+01
6697	719	6.97833E+01
6787	806	6.97843E+01
6787	763	6.97918E+01
8346	805	6.98254E+01
6697	759	6.98506E+01
6697	764	6.98670E+01
6697	721	6.98959E+01
8346	716	6.98976E+01
6697	800	6.99025E+01
6787	801	6.99038E+01
8346	720	6.99339E+01
6787	760	6.99371E+01
8434	717	6.99382E+01
8434	806	6.99599E+01
6697	807	6.99675E+01
2435	814	6.99849E+01
6697	718	6.99874E+01
2435	813	7.00066E+01
8434	721	7.00177E+01
6787	720	7.00548E+01
2435	812	7.00601E+01
8346	676	7.00706E+01
6787	764	7.00708E+01
8346	677	7.00989E+01
8346	763	7.01035E+01
8434	677	7.01295E+01
6787	721	7.01355E+01
2435	811	7.01535E+01
6787	719	7.01549E+01
8434	678	7.01615E+01
6787	807	7.01800E+01
6697	722	7.01988E+01
8346	675	7.02175E+01
6697	678	7.02232E+01
8434	764	7.02276E+01
8346	756	7.02537E+01
2435	770	7.02871E+01
8434	676	7.02881E+01
2435	810	7.02969E+01
2435	771	7.03043E+01
8346	715	7.03068E+01
6697	765	7.03079E+01
8346	678	7.03098E+01
6697	679	7.03103E+01
8434	757	7.03104E+01
6697	677	7.03133E+01
2435	769	7.03172E+01
2541	814	7.03264E+01
2541	813	7.03377E+01
6697	758	7.03383E+01
6787	759	7.03394E+01
8346	797	7.03569E+01
2435	772	7.03587E+01
6697	717	7.03615E+01
8434	716	7.03809E+01
2541	812	7.03814E+01
8434	679	7.03860E+01
6787	722	7.03866E+01
8346	721	7.03885E+01
2435	768	7.04071E+01
8434	798	7.04075E+01
6787	800	7.04269E+01
6787	718	7.04385E+01
2435	773	7.04427E+01
8346	806	7.04476E+01
6697	808	7.04621E+01
2541	811	7.04657E+01
6787	765	7.04838E+01
8434	722	7.04977E+01
6697	799	7.05014E+01
2435	809	7.05030E+01
8346	674	7.05251E+01
6787	678	7.05526E+01
6787	679	7.05637E+01
6697	680	7.05698E+01
2435	767	7.05724E+01
6697	676	7.05779E+01
8434	807	7.05997E+01
2435	727	7.06002E+01
2541	810	7.06010E+01
2541	770	7.06083E+01
8434	675	7.06276E+01
2435	728	7.06281E+01
2541	769	7.06308E+01
2541	771	7.06340E+01
6697	723	7.06455E+01
2435	726	7.06461E+01
8346	635	7.06521E+01
6787	808	7.06671E+01
2541	772	7.06977E+01
8346	634	7.07013E+01
8346	679	7.07031E+01
2435	729	7.07138E+01
2541	768	7.07142E+01
6787	677	7.07267E+01
8346	764	7.07366E+01
8434	636	7.07417E+01
6787	680	7.07561E+01
8346	636	7.07776E+01
2435	725	7.07840E+01
2435	808	7.07872E+01
11123	810	7.07883E+01
6787	723	7.07909E+01
2541	773	7.07915E+01
8434	680	7.07968E+01
2541	809	7.08002E+01
8434	635	7.08091E+01
11123	811	7.08111E+01
6697	636	7.08233E+01
2435	766	7.08312E+01
6697	637	7.08315E+01
2435	730	7.08447E+01
8346	714	7.08480E+01
6697	766	7.08506E+01
8434	637	7.08618E+01
2541	767	7.08743E+01
11123	809	7.08753E+01
8434	765	7.08793E+01
8346	755	7.08854E+01
6697	716	7.08939E+01
6787	717	7.09002E+01
2541	727	7.09091E+01
6787	758	7.09123E+01
8346	633	7.09127E+01
11123	812	7.09222E+01
2541	728	7.09424E+01
11123	769	7.09478E+01
2541	726	7.09507E+01
11123	768	7.09525E+01
8346	673	7.09727E+01
6697	757	7.09741E+01
8434	715	7.09817E+01
2435	685	7.09830E+01
6697	635	7.09897E+01
6697	681	7.09897E+01
8346	722	7.10053E+01
2435	684	7.10058E+01
6787	766	7.10069E+01
6697	675	7.10071E+01
8434	756	7.10095E+01
2435	731	7.10108E+01
6697	638	7.10159E+01
6697	809	7.10189E+01
2435	724	7.10341E+01
2541	729	7.10348E+01
11123	770	7.10466E+01
2435	686	7.10528E+01
8434	634	7.10559E+01
8346	796	7.10720E+01
2541	808	7.10789E+01
6787	676	7.10825E+01
8346	637	7.10837E+01
11123	767	7.10856E+01
2541	725	7.10857E+01
11123	808	7.10980E+01
11123	813	7.11043E+01
6787	799	7.11102E+01
6787	681	7.11178E+01
6787	637	7.11210E+01
11123	727	7.11245E+01
2541	766	7.11294E+01
8434	674	7.11307E+01
8434	723	7.11332E+01
2435	683	7.11417E+01
2435	807	7.11670E+01
8434	638	7.11705E+01
8346	807	7.11725E+01
2541	730	7.11731E+01
11123	726	7.11830E+01
11123	728	7.11896E+01
2435	687	7.11964E+01
8434	797	7.12010E+01
2435	765	7.12026E+01
6787	636	7.12026E+01
2435	732	7.12047E+01
6697	724	7.12142E+01
6787	638	7.12228E+01
6787	809	7.12230E+01
11123	771	7.12285E+01
6697	798	7.12352E+01
8346	632	7.12677E+01
8346	680	7.12712E+01
2541	685	7.12828E+01
2541	684	7.13043E+01
6697	634	7.13222E+01
6787	724	7.13260E+01
8434	808	7.13292E+01
2541	724	7.13347E+01
8346	593	7.13436E+01
11123	814	7.13438E+01
2541	731	7.13474E+01
11123	729	7.13543E+01
2541	686	7.13554E+01
6697	639	7.13712E+01
11123	766	7.13756E+01
8346	594	7.13762E+01
11123	686	7.13763E+01
11123	685	7.13785E+01
8434	681	7.13800E+01
11123	725	7.13930E+01
2435	688	7.13973E+01
2435	682	7.14111E+01
2435	723	7.14166E+01
2541	683	7.14403E+01
2541	807	7.14549E+01
6787	635	7.14650E+01
2435	643	7.14654E+01
8434	633	7.14668E+01
8346	592	7.14690E+01
6697	767	7.14719E+01
11123	772	7.14771E+01
11123	807	7.14853E+01
8346	765	7.14917E+01
8346	713	7.14957E+01
11123	687	7.14961E+01
2541	765	7.14990E+01
8434	594	7.14996E+01
8434	595	7.15017E+01
2435	642	7.15025E+01
2541	687	7.15030E+01
6787	639	7.15035E+01
6697	595	7.15097E+01
6787	716	7.15267E+01
11123	684	7.15298E+01
8346	672	7.15359E+01
2435	644	7.15445E+01
2541	732	7.15503E+01
6697	682	7.15521E+01
6697	715	7.15658E+01
8346	638	7.15691E+01
8346	595	7.15774E+01
6697	674	7.15840E+01
6697	596	7.15927E+01
6697	594	7.15960E+01
11123	730	7.15985E+01
6787	675	7.16088E+01
8346	754	7.16114E+01
6787	767	7.16159E+01
6697	810	7.16188E+01
6787	682	7.16308E+01
8434	766	7.16403E+01
6787	757	7.16406E+01
2435	689	7.16424E+01
2435	806	7.16607E+01
8434	639	7.16613E+01
11123	644	7.16635E+01
8434	593	7.16693E+01
2435	641	7.16761E+01
8434	596	7.16831E+01
11123	645	7.16936E+01
2435	764	7.17061E+01
2541	688	7.17090E+01
2541	682	7.17119E+01
11123	688	7.17139E+01
8434	714	7.17153E+01
2541	723	7.17180E+01
2435	645	7.17196E+01
8346	591	7.17366E+01
6697	756	7.17376E+01
2647	814	7.17379E+01
8346	631	7.17439E+01
2541	643	7.17545E+01
8346	723	7.17642E+01
8434	673	7.17741E+01
11123	773	7.17797E+01
11123	724	7.17841E+01
11123	643	7.17841E+01
2647	813	7.17871E+01
2541	642	7.17939E+01
6697	633	7.18057E+01
6787	810	7.18275E+01
8434	755	7.18303E+01
2541	644	7.18330E+01
2435	681	7.18336E+01
6697	593	7.18440E+01
6697	597	7.18465E+01
11123	646	7.18478E+01
6787	596	7.18506E+01
11123	765	7.18526E+01
11123	683	7.18594E+01
6787	595	7.18641E+01
8346	795	7.18669E+01
2647	812	7.18719E+01
6697	725	7.18812E+01
6697	640	7.18853E+01
6787	634	7.18984E+01
8434	724	7.18993E+01
11123	731	7.19067E+01
2435	690	7.19218E+01
6787	798	7.19359E+01
2541	806	7.19466E+01
2435	722	7.19502E+01
6787	640	7.19514E+01
8346	596	7.19520E+01
8346	568	7.19549E+01
2541	689	7.19601E+01
6787	725	7.19674E+01
2435	646	7.19713E+01
2541	641	7.19714E+01
8346	808	7.19753E+01
8434	592	7.19977E+01
8346	681	7.19991E+01
2647	811	7.20006E+01
2541	764	7.20027E+01
2435	640	7.20050E+01
11204	812	7.20073E+01
2541	645	7.20089E+01
11123	689	7.20101E+01
6787	597	7.20143E+01
8434	632	7.20208E+01
2647	771	7.20223E+01
11204	813	7.20329E+01
11123	603	7.20415E+01
2647	770	7.20422E+01
2647	772	7.20439E+01
8434	597	7.20447E+01
6787	594	7.20519E+01
11204	811	7.20638E+01
11123	806	7.20674E+01
11123	604	7.20700E+01
6697	797	7.20818E+01
11123	642	7.20833E+01
2435	601	7.20908E+01
2647	773	7.20988E+01
8434	796	7.21020E+01
11123	647	7.21021E+01
2647	769	7.21139E+01
8434	682	7.21152E+01
8434	809	7.21239E+01
2435	602	7.21247E+01
11204	814	7.21260E+01
8346	590	7.21263E+01
8346	549	7.21335E+01
2541	681	7.21386E+01
6697	768	7.21500E+01
11204	770	7.21553E+01
8346	567	7.21658E+01
11123	602	7.21696E+01
11204	771	7.21706E+01
2647	810	7.21840E+01
8346	548	7.21860E+01
8346	671	7.21891E+01
2435	600	7.21978E+01
11204	810	7.22211E+01
8346	712	7.22235E+01
8346	639	7.22260E+01
2435	691	7.22283E+01
8346	550	7.22290E+01
11123	605	7.22295E+01
6697	683	7.22347E+01
11204	769	7.22352E+01
6697	592	7.22408E+01
2541	690	7.22463E+01
6697	811	7.22463E+01
2647	768	7.22505E+01
2541	722	7.22548E+01
2541	646	7.22626E+01
11204	772	7.22636E+01
6697	598	7.22667E+01
11123	732	7.22668E+01
6787	683	7.22723E+01
2435	603	7.22811E+01
2435	647	7.22822E+01
2435	805	7.22856E+01
6697	673	7.22864E+01
6787	674	7.22873E+01
6787	768	7.22881E+01
6787	715	7.22980E+01
2541	640	7.23062E+01
8346	630	7.23168E+01
8434	640	7.23206E+01
2647	728	7.23285E+01
11204	729	7.23318E+01
8346	766	7.23433E+01
11204	728	7.23455E+01
2647	727	7.23498E+01
6787	598	7.23513E+01
6697	714	7.23536E+01
2435	763	7.23585E+01
8434	550	7.23586E+01
6697	551	7.23658E+01
11123	690	7.23694E+01
2647	729	7.23702E+01
2541	601	7.23709E+01
8346	547	7.23738E+01
11123	723	7.23866E+01
6697	550	7.23942E+01
11123	682	7.23963E+01
2541	602	7.24001E+01
8346	753	7.24051E+01
6787	593	7.24053E+01
8434	551	7.24062E+01
11204	730	7.24096E+01
6697	632	7.24201E+01
11204	773	7.24202E+01
2435	680	7.24251E+01
11204	768	7.24321E+01
2647	809	7.24351E+01
11123	648	7.24365E+01
2647	726	7.24504E+01
2647	730	7.24617E+01
2435	599	7.24623E+01
6787	811	7.24640E+01
8434	591	7.24663E+01
2647	767	7.24681E+01
8434	549	7.24687E+01
11204	727	7.24718E+01
11123	601	7.24799E+01
8346	551	7.24808E+01
8434	767	7.24840E+01
2541	600	7.24842E+01
6787	633	7.24865E+01
8434	568	7.24868E+01
6697	552	7.24948E+01
11123	606	7.24959E+01
8346	566	7.24969E+01
8346	597	7.24991E+01
11204	809	7.25019E+01
6787	756	7.25021E+01
2435	639	7.25047E+01
11123	560	7.25249E+01
8434	672	7.25309E+01
11204	687	7.25387E+01
2435	604	7.25405E+01
6697	641	7.25406E+01
11123	764	7.25467E+01
11123	559	7.25478E+01
6787	641	7.25487E+01
2541	603	7.25533E+01
8434	713	7.25536E+01
2541	691	7.25602E+01
11204	731	7.25621E+01
2541	805	7.25720E+01
6697	549	7.25735E+01
11004	800	7.25749E+01
2541	647	7.25766E+01
11204	688	7.25775E+01
8434	598	7.25812E+01
11123	641	7.25882E+01
2647	731	7.25927E+01
6697	755	7.26038E+01
11204	686	7.26110E+01
8346	589	7.26160E+01
8434	552	7.26181E+01
6697	726	7.26231E+01
11004	799	7.26351E+01
2435	648	7.26384E+01
8346	724	7.26406E+01
6877	805	7.26413E+01
11123	561	7.26451E+01
2647	725	7.26492E+01
2435	721	7.26498E+01
2541	763	7.26579E+01
6697	568	7.26745E+01
8346	546	7.26805E+01
6787	726	7.26906E+01
8434	631	7.26928E+01
2647	685	7.26942E+01
2647	686	7.27059E+01
11204	689	7.27065E+01
6877	804	7.27075E+01
6787	551	7.27130E+01
8346	794	7.27151E+01
8434	548	7.27257E+01
6877	806	7.27317E+01
11004	801	7.27351E+01
11204	726	7.27360E+01
2541	680	7.27365E+01
11123	558	7.27371E+01
6787	552	7.27389E+01
8434	754	7.27436E+01
2647	732	7.27554E+01
2541	599	7.27569E+01
6697	591	7.27682E+01
8434	725	7.27696E+01
2647	808	7.27700E+01
11204	767	7.27718E+01
11204	732	7.27761E+01
11123	691	7.27802E+01
2647	684	7.27813E+01
6697	553	7.27838E+01
2647	766	7.27852E+01
2647	687	7.27970E+01
11204	646	7.28026E+01
2541	604	7.28110E+01
2541	639	7.28139E+01
11204	685	7.28193E+01
8346	809	7.28324E+01
11123	649	7.28356E+01
6697	599	7.28426E+01
11204	645	7.28426E+01
11123	607	7.28483E+01
6787	550	7.28484E+01
6787	599	7.28516E+01
8346	682	7.28659E+01
6697	769	7.28664E+01
11123	805	7.28733E+01
11204	647	7.28757E+01
6787	797	7.28804E+01
2435	605	7.28834E+01
11123	562	7.28851E+01
11004	758	7.28876E+01
6697	812	7.28898E+01
6697	548	7.28927E+01
8346	552	7.28929E+01
2435	557	7.28932E+01
2435	598	7.28981E+01
8434	567	7.28991E+01
11004	798	7.29021E+01
8346	670	7.29074E+01
11204	690	7.29092E+01
6787	592	7.29098E+01
6787	553	7.29297E+01
11204	808	7.29330E+01
2541	648	7.29368E+01
11004	759	7.29439E+01
6877	803	7.29486E+01
2647	688	7.29507E+01
2435	558	7.29539E+01
6877	807	7.29561E+01
2541	721	7.29599E+01
8434	810	7.29620E+01
8346	629	7.29626E+01
2647	724	7.29667E+01
6877	763	7.29744E+01
8434	683	7.29777E+01
2435	556	7.29779E+01
2647	683	7.29879E+01
11123	600	7.29962E+01
8434	553	7.29963E+01
6787	769	7.30037E+01
8346	711	7.30060E+01
6697	684	7.30139E+01
6697	796	7.30156E+01
6787	684	7.30183E+01
11204	644	7.30204E+01
2435	649	7.30296E+01
6877	764	7.30392E+01
8346	640	7.30393E+01
11204	648	7.30406E+01
8346	456	7.30417E+01
11004	757	7.30439E+01
8346	457	7.30497E+01
8434	590	7.30530E+01
2435	804	7.30563E+01
8434	795	7.30808E+01
6877	762	7.30838E+01
8346	545	7.30871E+01
6697	672	7.30887E+01
6787	673	7.30941E+01
11123	557	7.31138E+01
8434	547	7.31148E+01
11004	802	7.31197E+01
6787	812	7.31203E+01
8434	641	7.31290E+01
11204	605	7.31319E+01
6787	549	7.31371E+01
6697	631	7.31411E+01
6697	567	7.31433E+01
2435	559	7.31453E+01
11123	468	7.31455E+01
2647	689	7.31533E+01
2541	605	7.31534E+01
2647	643	7.31543E+01
11123	469	7.31568E+01
8346	455	7.31587E+01
2541	557	7.31603E+01
2647	644	7.31648E+01
11204	725	7.31667E+01
11123	681	7.31674E+01
11204	604	7.31704E+01
2435	762	7.31725E+01
11204	691	7.31728E+01
8346	588	7.31835E+01
2435	638	7.31855E+01
6787	714	7.31886E+01
8346	458	7.31912E+01
11204	684	7.31916E+01
2435	679	7.31956E+01
2541	598	7.32028E+01
2647	807	7.32066E+01
6787	632	7.32073E+01
8346	598	7.32115E+01
11204	606	7.32129E+01
2541	558	7.32134E+01
2435	555	7.32207E+01
2647	765	7.32216E+01
11123	563	7.32232E+01
11004	760	7.32233E+01
11123	722	7.32278E+01
6697	554	7.32302E+01
6697	713	7.32306E+01
8346	752	7.32408E+01
11004	717	7.32541E+01
2541	556	7.32542E+01
6877	765	7.32573E+01
8346	767	7.32661E+01
2647	642	7.32666E+01
11123	608	7.32708E+01
6787	642	7.32741E+01
2647	645	7.32774E+01
11204	649	7.32810E+01
8434	599	7.32811E+01
11204	766	7.32835E+01
6787	554	7.32836E+01
11123	650	7.32884E+01
6877	808	7.32898E+01
2435	606	7.32915E+01
11123	467	7.32930E+01
11123	470	7.33069E+01
11004	716	7.33071E+01
6697	642	7.33160E+01
11123	640	7.33238E+01
2541	649	7.33330E+01
2647	682	7.33350E+01
6697	547	7.33370E+01
6787	568	7.33449E+01
2541	804	7.33458E+01
11204	603	7.33536E+01
11004	797	7.33541E+01
11204	643	7.33637E+01
8434	671	7.33729E+01
6877	802	7.33763E+01
6697	458	7.33779E+01
6877	761	7.33816E+01
8434	458	7.33825E+01
8434	768	7.33864E+01
6697	459	7.33877E+01
8346	454	7.33886E+01
11204	607	7.33920E+01
11004	756	7.33934E+01
2647	690	7.33947E+01
6877	721	7.33980E+01
2541	559	7.33986E+01
6697	590	7.34047E+01
6877	722	7.34093E+01
11004	718	7.34159E+01
6697	727	7.34185E+01
2647	723	7.34234E+01
8434	566	7.34267E+01
8434	457	7.34469E+01
2435	650	7.34488E+01
2435	560	7.34506E+01
8434	459	7.34560E+01
8434	630	7.34563E+01
8346	553	7.34653E+01
8434	712	7.34675E+01
6787	755	7.34703E+01
8346	459	7.34712E+01
2647	646	7.34724E+01
6787	727	7.34736E+01
2541	762	7.34772E+01
11123	763	7.34847E+01
6787	600	7.34996E+01
6697	457	7.35019E+01
2541	638	7.35048E+01
2541	555	7.35080E+01
2435	597	7.35139E+01
2541	679	7.35157E+01
2647	641	7.35222E+01
2435	720	7.35239E+01
6697	460	7.35364E+01
8434	554	7.35380E+01
6697	813	7.35413E+01
11204	807	7.35440E+01
11204	561	7.35452E+01
6697	754	7.35458E+01
6787	591	7.35459E+01
6136	800	7.35518E+01
11004	715	7.35583E+01
6697	600	7.35585E+01
2541	606	7.35621E+01
6787	548	7.35668E+01
8346	544	7.35736E+01
11123	471	7.35750E+01
6877	720	7.35753E+01
11204	650	7.35845E+01
8346	793	7.35906E+01
6877	723	7.35929E+01
11204	562	7.35937E+01
6877	766	7.36044E+01
6697	770	7.36061E+01
8346	725	7.36086E+01
6136	801	7.36156E+01
11123	466	7.36167E+01
8434	546	7.36173E+01
11204	560	7.36292E+01
2435	554	7.36318E+01
6136	799	7.36330E+01
11286	814	7.36334E+01
8434	456	7.36417E+01
11123	564	7.36422E+01
11204	608	7.36519E+01
8346	628	7.36585E+01
2647	691	7.36671E+01
8346	669	7.36673E+01
8434	460	7.36722E+01
11004	675	7.36903E+01
11286	773	7.36960E+01
11123	556	7.36967E+01
2541	560	7.36993E+01
11204	602	7.37078E+01
6877	809	7.37087E+01
8346	453	7.37157E+01
8434	726	7.37179E+01
6697	566	7.37200E+01
8434	753	7.37201E+01
11004	803	7.37233E+01
8346	810	7.37237E+01
11004	761	7.37270E+01
11004	676	7.37279E+01
2647	647	7.37320E+01
8434	589	7.37335E+01
2647	602	7.37364E+01
11123	599	7.37399E+01
6787	770	7.37471E+01
2435	607	7.37493E+01
11123	609	7.37521E+01
11204	563	7.37522E+01
6697	456	7.37523E+01
6787	459	7.37567E+01
11204	683	7.37577E+01
2541	650	7.37579E+01
2647	806	7.37634E+01
2647	601	7.37831E+01
11286	772	7.37869E+01
6787	813	7.37878E+01
11286	813	7.37898E+01
6787	555	7.37935E+01
11204	724	7.37944E+01
6787	460	7.37964E+01
2647	764	7.37967E+01
11004	719	7.38006E+01
8346	587	7.38075E+01
2647	603	7.38187E+01
8346	710	7.38191E+01
6697	555	7.38260E+01
8434	811	7.38262E+01
6697	461	7.38266E+01
6136	802	7.38284E+01
2541	597	7.38307E+01
11286	732	7.38382E+01
2541	720	7.38420E+01
2647	681	7.38421E+01
6787	685	7.38450E+01
8346	683	7.38471E+01
6136	798	7.38485E+01
11004	674	7.38515E+01
2435	561	7.38518E+01
6787	458	7.38581E+01
6697	685	7.38669E+01
11204	559	7.38697E+01
11286	731	7.38710E+01
6877	760	7.38744E+01
6877	680	7.38793E+01
6697	546	7.38882E+01
8346	460	7.38923E+01
6136	758	7.38928E+01
11204	642	7.39008E+01
11004	755	7.39104E+01
6787	796	7.39161E+01
6787	567	7.39237E+01
6877	724	7.39265E+01
11123	804	7.39279E+01
2541	554	7.39316E+01
11123	429	7.39336E+01
6136	759	7.39394E+01
2647	640	7.39399E+01
8434	684	7.39416E+01
11123	472	7.39421E+01
2435	465	7.39423E+01
6697	630	7.39435E+01
6877	719	7.39499E+01
6877	679	7.39527E+01
8434	455	7.39567E+01
11286	771	7.39597E+01
11004	796	7.39635E+01
6697	671	7.39643E+01
2435	466	7.39657E+01
11123	428	7.39750E+01
2647	600	7.39773E+01
11004	677	7.39787E+01
11204	609	7.39801E+01
6787	461	7.39810E+01
2435	803	7.39825E+01
11286	730	7.39833E+01
11004	714	7.39836E+01
8346	415	7.39844E+01
8346	641	7.39892E+01
6136	757	7.39924E+01
6877	681	7.39930E+01
6877	801	7.39939E+01
11204	765	7.39982E+01
6787	672	7.40019E+01
11204	564	7.40024E+01
6697	795	7.40096E+01
2647	604	7.40102E+01
2541	607	7.40216E+01
11286	690	7.40296E+01
11286	812	7.40321E+01
8434	461	7.40335E+01
11123	430	7.40344E+01
6787	631	7.40353E+01
2647	722	7.40382E+01
2647	648	7.40417E+01
8346	416	7.40418E+01
8346	414	7.40426E+01
11286	691	7.40457E+01
2435	637	7.40505E+01
6877	767	7.40549E+01
8434	642	7.40633E+01
2435	464	7.40643E+01
8346	599	7.40762E+01
11204	470	7.40774E+01
11286	689	7.40924E+01
8346	751	7.40940E+01
6787	457	7.40943E+01
2541	561	7.40970E+01
6787	643	7.41049E+01
8434	794	7.41080E+01
6697	455	7.41184E+01
8346	543	7.41206E+01
6787	547	7.41215E+01
8346	452	7.41231E+01
2435	467	7.41261E+01
6697	589	7.41270E+01
8434	600	7.41273E+01
11204	469	7.41278E+01
11123	565	7.41292E+01
11123	465	7.41303E+01
6136	760	7.41406E+01
2435	678	7.41477E+01
2435	761	7.41542E+01
11204	471	7.41567E+01
6697	712	7.41699E+01
6787	713	7.41701E+01
11123	427	7.41742E+01
6136	797	7.41823E+01
6136	803	7.41876E+01
6697	643	7.41891E+01
11004	634	7.41898E+01
11004	673	7.41899E+01
11286	729	7.41899E+01
6877	810	7.41907E+01
8346	554	7.41931E+01
11123	680	7.41945E+01
6697	814	7.41957E+01
2541	465	7.41985E+01
8346	413	7.42076E+01
2541	466	7.42110E+01
8434	545	7.42125E+01
2435	553	7.42166E+01
8346	417	7.42192E+01
6877	678	7.42231E+01
6136	756	7.42237E+01
11286	770	7.42300E+01
8434	555	7.42347E+01
8346	768	7.42370E+01
2435	608	7.42459E+01
11286	688	7.42486E+01
11286	649	7.42490E+01
6697	728	7.42491E+01
6697	462	7.42580E+01
11204	601	7.42590E+01
11123	431	7.42605E+01
8434	670	7.42730E+01
11004	633	7.42740E+01
6787	601	7.42766E+01
6877	682	7.42767E+01
11286	648	7.42769E+01
2541	803	7.42780E+01
8434	629	7.42852E+01
11204	558	7.42904E+01
6787	590	7.42906E+01
2647	605	7.42911E+01
6136	716	7.42946E+01
6787	728	7.42969E+01
11004	635	7.43003E+01
11286	650	7.43019E+01
11123	639	7.43101E+01
6787	462	7.43110E+01
2435	596	7.43119E+01
6136	717	7.43150E+01
8434	769	7.43266E+01
11204	468	7.43294E+01
11123	721	7.43294E+01
2435	562	7.43300E+01
11204	565	7.43305E+01
2541	464	7.43328E+01
2647	599	7.43359E+01
2435	463	7.43387E+01
11204	472	7.43460E+01
6697	771	7.43583E+01
2541	467	7.43620E+01
11204	806	7.43656E+01
11286	811	7.43771E+01
8434	454	7.43778E+01
2541	637	7.43821E+01
8346	627	7.43838E+01
6877	725	7.43849E+01
2647	649	7.43911E+01
11123	473	7.43930E+01
6697	601	7.43958E+01
11286	647	7.44001E+01
11004	720	7.44069E+01
2435	468	7.44129E+01
6136	715	7.44170E+01
8434	711	7.44291E+01
11004	762	7.44468E+01
8346	668	7.44470E+01
6787	556	7.44476E+01
11004	678	7.44486E+01
8346	461	7.44548E+01
5785	813	7.44558E+01
6787	456	7.44566E+01
2647	805	7.44584E+01
6787	814	7.44610E+01
5785	814	7.44665E+01
8346	412	7.44666E+01
2541	761	7.44671E+01
8346	586	7.44680E+01
8346	792	7.44694E+01
2541	678	7.44791E+01
8434	588	7.44839E+01
5785	812	7.44840E+01
6136	718	7.44908E+01
6136	761	7.44979E+01
11123	555	7.45014E+01
6787	771	7.45067E+01
2647	558	7.45068E+01
6877	638	7.45076E+01
11286	728	7.45097E+01
6877	639	7.45131E+01
6787	754	7.45161E+01
11286	687	7.45164E+01
8346	418	7.45171E+01
6697	417	7.45178E+01
11286	608	7.45178E+01
2541	608	7.45209E+01
6877	718	7.45218E+01
2647	680	7.45250E+01
6697	545	7.45260E+01
2647	763	7.45278E+01
2541	553	7.45307E+01
11004	804	7.45312E+01
11286	607	7.45321E+01
2647	557	7.45331E+01
11004	632	7.45336E+01
2647	639	7.45352E+01
6697	753	7.45363E+01
8434	462	7.45394E+01
11123	426	7.45426E+01
8434	417	7.45447E+01
11204	682	7.45470E+01
11004	713	7.45550E+01
6697	418	7.45584E+01
6697	556	7.45590E+01
5785	811	7.45596E+01
6877	759	7.45598E+01
11004	754	7.45651E+01
6136	755	7.45677E+01
8434	416	7.45680E+01
2541	562	7.45730E+01
2435	719	7.45735E+01
6877	768	7.45846E+01
6697	454	7.45860E+01
11286	609	7.45898E+01
8346	451	7.45927E+01
6697	416	7.45932E+01
11123	432	7.45953E+01
6787	566	7.46091E+01
6136	796	7.46144E+01
2647	559	7.46175E+01
11286	769	7.46176E+01
11004	636	7.46178E+01
2541	463	7.46211E+01
11204	473	7.46292E+01
8346	811	7.46329E+01
11286	646	7.46367E+01
8434	418	7.46390E+01
8346	709	7.46403E+01
2541	468	7.46407E+01
2541	596	7.46425E+01
2647	606	7.46427E+01
8346	726	7.46431E+01
11286	606	7.46472E+01
11204	723	7.46493E+01
11204	641	7.46592E+01
6136	714	7.46644E+01
11004	672	7.46788E+01
6136	804	7.46841E+01
11123	762	7.46865E+01
5785	770	7.46903E+01
6877	677	7.46921E+01
5785	810	7.46931E+01
6877	637	7.46960E+01
11004	795	7.46993E+01
6877	640	7.47027E+01
11204	467	7.47027E+01
8434	812	7.47040E+01
8434	415	7.47066E+01
6877	683	7.47079E+01
8346	542	7.47093E+01
2647	556	7.47112E+01
5785	769	7.47121E+01
6697	419	7.47156E+01
6877	811	7.47180E+01
8434	727	7.47207E+01
5785	771	7.47237E+01
11123	598	7.47275E+01
6787	686	7.47308E+01
8434	752	7.47314E+01
6136	675	7.47528E+01
6136	674	7.47649E+01
2435	462	7.47703E+01
11204	430	7.47704E+01
2647	650	7.47728E+01
6697	686	7.47729E+01
2435	609	7.47739E+01
6787	546	7.47815E+01
6697	415	7.47817E+01
6787	463	7.47831E+01
6877	800	7.47963E+01
5785	772	7.48018E+01
11004	593	7.48020E+01
5785	768	7.48024E+01
6697	629	7.48026E+01
8346	411	7.48040E+01
11204	431	7.48063E+01
2435	469	7.48121E+01
11004	592	7.48255E+01
2647	721	7.48260E+01
6697	463	7.48261E+01
6136	719	7.48282E+01
11286	564	7.48389E+01
11123	464	7.48448E+01
11286	810	7.48453E+01
2647	560	7.48484E+01
8434	419	7.48513E+01
2435	563	7.48685E+01
11204	429	7.48706E+01
8346	381	7.48714E+01
2647	598	7.48722E+01
11286	563	7.48728E+01
8434	544	7.48793E+01
11286	605	7.48819E+01
6697	670	7.48878E+01
8434	453	7.48882E+01
6136	676	7.48914E+01
6041	800	7.48952E+01
5785	809	7.48982E+01
11286	565	7.49013E+01
2541	719	7.49023E+01
6136	673	7.49112E+01
6697	588	7.49119E+01
11204	557	7.49130E+01
5785	773	7.49168E+01
8346	363	7.49174E+01
8346	684	7.49175E+01
11286	686	7.49185E+01
6787	455	7.49330E+01
8346	419	7.49341E+01
8346	750	7.49424E+01
6877	726	7.49427E+01
8346	362	7.49431E+01
6787	630	7.49437E+01
11004	631	7.49444E+01
11204	764	7.49457E+01
6041	799	7.49497E+01
8434	414	7.49544E+01
5785	727	7.49607E+01
11204	432	7.49611E+01
11004	594	7.49634E+01
11286	727	7.49657E+01
2435	552	7.49747E+01
5785	767	7.49777E+01
11123	379	7.49784E+01
8434	685	7.49820E+01
6041	801	7.49827E+01
6787	671	7.49828E+01
5879	813	7.49835E+01
5785	728	7.49843E+01
5879	812	7.49859E+01
6697	420	7.49893E+01
6787	418	7.49909E+01
8346	364	7.50026E+01
6136	754	7.50031E+01
6136	762	7.50058E+01
11286	645	7.50092E+01
6787	795	7.50138E+01
6136	713	7.50158E+01
11004	591	7.50175E+01
11286	562	7.50186E+01
6787	644	7.50188E+01
5785	726	7.50202E+01
5879	814	7.50212E+01
11204	600	7.50315E+01
2541	469	7.50332E+01
6787	419	7.50359E+01
6697	794	7.50368E+01
5879	811	7.50371E+01
11123	378	7.50427E+01
2647	607	7.50492E+01
11123	380	7.50497E+01
2541	609	7.50524E+01
8346	642	7.50525E+01
2647	555	7.50540E+01
6877	641	7.50599E+01
6787	417	7.50631E+01
8346	555	7.50663E+01
2435	802	7.50676E+01
2541	462	7.50679E+01
8346	361	7.50707E+01
8434	556	7.50734E+01
5785	729	7.50743E+01
8346	600	7.50754E+01
6697	414	7.50767E+01
6877	636	7.50799E+01
11123	425	7.50872E+01
2435	636	7.50950E+01
8434	643	7.50995E+01
8434	601	7.50999E+01
6697	729	7.51001E+01
8346	450	7.51070E+01
2541	563	7.51104E+01
6697	772	7.51155E+01
8346	626	7.51188E+01
6787	589	7.51194E+01
6136	795	7.51235E+01
11204	428	7.51244E+01
11004	679	7.51346E+01
6041	798	7.51361E+01
6697	644	7.51384E+01
6697	453	7.51385E+01
6787	729	7.51452E+01
6697	711	7.51455E+01
11286	768	7.51460E+01
11004	637	7.51464E+01
8346	585	7.51466E+01
5879	810	7.51481E+01
8434	793	7.51551E+01
8434	628	7.51554E+01
8346	462	7.51563E+01
6787	602	7.51626E+01
6136	672	7.51718E+01
6877	769	7.51723E+01
8434	420	7.51810E+01
2647	561	7.51811E+01
5785	725	7.51820E+01
8434	463	7.51855E+01
6136	677	7.51913E+01
5785	808	7.51914E+01
6787	420	7.51990E+01
8346	365	7.52027E+01
8346	410	7.52031E+01
8434	669	7.52058E+01
5879	770	7.52089E+01
5879	769	7.52095E+01
6787	712	7.52138E+01
6041	802	7.52159E+01
5785	730	7.52175E+01
11004	721	7.52244E+01
8346	667	7.52262E+01
6697	544	7.52297E+01
6787	557	7.52311E+01
6041	758	7.52333E+01
8346	769	7.52365E+01
6877	597	7.52385E+01
11004	712	7.52421E+01
11123	803	7.52485E+01
6787	416	7.52506E+01
11123	377	7.52534E+01
5785	766	7.52569E+01
11286	604	7.52590E+01
11286	472	7.52613E+01
6877	684	7.52618E+01
6136	633	7.52623E+01
11286	473	7.52641E+01
5879	771	7.52651E+01
11204	466	7.52654E+01
6787	772	7.52745E+01
2435	677	7.52761E+01
6877	812	7.52764E+01
5879	768	7.52807E+01
2435	425	7.52810E+01
8434	587	7.52816E+01
6877	717	7.52823E+01
2435	595	7.52868E+01
11004	568	7.52869E+01
8346	360	7.52871E+01
8434	770	7.52884E+01
6877	598	7.52893E+01
11004	671	7.52897E+01
5785	685	7.52956E+01
11286	561	7.52960E+01
8434	413	7.53013E+01
2435	760	7.53024E+01
6041	757	7.53025E+01
6136	805	7.53028E+01
2541	552	7.53048E+01
2647	804	7.53061E+01
2435	470	7.53075E+01
6041	759	7.53078E+01
6136	632	7.53081E+01
2647	638	7.53180E+01
11004	595	7.53201E+01
8346	541	7.53223E+01
2435	426	7.53245E+01
6136	720	7.53262E+01
11004	753	7.53264E+01
8346	791	7.53296E+01
5879	809	7.53330E+01
6697	602	7.53347E+01
5785	686	7.53454E+01
5785	684	7.53484E+01
6877	676	7.53526E+01
6136	634	7.53564E+01
11004	590	7.53567E+01
2435	461	7.53602E+01
11004	763	7.53653E+01
5879	772	7.53674E+01
2435	424	7.53696E+01
11286	471	7.53711E+01
2541	802	7.53718E+01
6877	596	7.53744E+01
6697	421	7.53786E+01
6787	464	7.53897E+01
2647	679	7.53935E+01
5785	731	7.54036E+01
8434	710	7.54123E+01
6697	557	7.54142E+01
11204	805	7.54265E+01
6877	758	7.54268E+01
2647	762	7.54274E+01
6041	797	7.54386E+01
11004	567	7.54391E+01
5879	767	7.54394E+01
2541	636	7.54411E+01
6136	712	7.54494E+01
8346	708	7.54494E+01
2435	564	7.54541E+01
11286	809	7.54613E+01
5879	727	7.54648E+01
5785	724	7.54672E+01
8346	420	7.54677E+01
6697	413	7.54678E+01
8434	452	7.54697E+01
6136	631	7.54752E+01
5785	687	7.54784E+01
11004	630	7.54795E+01
6787	421	7.54801E+01
11286	685	7.54814E+01
11123	679	7.54909E+01
2647	466	7.54914E+01
2435	427	7.54987E+01
2647	608	7.54993E+01
6041	756	7.55016E+01
11004	548	7.55030E+01
5879	728	7.55051E+01
5879	773	7.55078E+01
6136	753	7.55082E+01
6787	454	7.55085E+01
5879	726	7.55099E+01
8346	366	7.55159E+01
2541	425	7.55191E+01
6877	599	7.55191E+01
11004	805	7.55208E+01
11004	549	7.55226E+01
6697	464	7.55229E+01
2541	470	7.55230E+01
5785	683	7.55251E+01
6136	671	7.55253E+01
6787	545	7.55255E+01
11004	794	7.55294E+01
6041	760	7.55342E+01
11123	554	7.55391E+01
11286	644	7.55442E+01
11204	427	7.55477E+01
8346	812	7.55485E+01
6787	415	7.55495E+01
6697	752	7.55496E+01
2541	426	7.55497E+01
11123	638	7.55594E+01
2647	465	7.55623E+01
2647	467	7.55637E+01
6877	642	7.55637E+01
2647	554	7.55711E+01
6877	727	7.55761E+01
8346	359	7.55764E+01
11286	726	7.55847E+01
11204	681	7.55861E+01
8434	813	7.55871E+01
2435	423	7.55904E+01
5785	807	7.55912E+01
6041	803	7.55921E+01
2647	597	7.55946E+01
2647	562	7.55964E+01
8434	543	7.55970E+01
6136	635	7.56047E+01
5879	808	7.56088E+01
6787	753	7.56105E+01
11286	470	7.56112E+01
5879	729	7.56139E+01
11123	376	7.56178E+01
2541	677	7.56210E+01
2541	424	7.56218E+01
5785	732	7.56252E+01
2541	760	7.56261E+01
8434	421	7.56272E+01
6041	716	7.56278E+01
2541	595	7.56332E+01
11004	547	7.56399E+01
8346	409	7.56469E+01
8346	449	7.56493E+01
6136	763	7.56523E+01
6877	635	7.56533E+01
6787	687	7.56563E+01
6136	678	7.56564E+01
5879	725	7.56605E+01
5785	765	7.56605E+01
11204	640	7.56637E+01
2541	461	7.56746E+01
5785	688	7.56773E+01
6041	717	7.56801E+01
6136	794	7.56883E+01
11204	380	7.56927E+01
6697	628	7.56952E+01
2541	564	7.56959E+01
6877	595	7.56980E+01
11123	720	7.57040E+01
5879	766	7.57055E+01
8346	339	7.57102E+01
11004	550	7.57119E+01
2541	427	7.57123E+01
6697	687	7.57133E+01
6041	715	7.57166E+01
6697	365	7.57191E+01
8346	727	7.57219E+01
11286	560	7.57283E+01
5785	643	7.57292E+01
11004	566	7.57329E+01
8434	412	7.57335E+01
8434	364	7.57367E+01
8346	321	7.57369E+01
6697	587	7.57377E+01
6136	630	7.57431E+01
8434	365	7.57485E+01
8434	751	7.57510E+01
6697	364	7.57546E+01
11204	556	7.57563E+01
6697	452	7.57578E+01
8434	728	7.57582E+01
11204	722	7.57586E+01
8346	749	7.57661E+01
2647	468	7.57683E+01
11123	463	7.57683E+01
5785	644	7.57697E+01
6877	799	7.57699E+01
5879	730	7.57774E+01
2647	464	7.57847E+01
8346	320	7.57868E+01
6697	366	7.57913E+01
2435	718	7.57916E+01
8346	322	7.57916E+01
2647	720	7.57947E+01
5879	685	7.57972E+01
2435	428	7.57988E+01
6877	770	7.58007E+01
11286	603	7.58049E+01
11123	424	7.58112E+01
6041	755	7.58121E+01
5785	642	7.58157E+01
11204	379	7.58172E+01
11286	432	7.58180E+01
11004	589	7.58188E+01
8346	584	7.58265E+01
8434	363	7.58337E+01
6697	669	7.58350E+01
6041	796	7.58382E+01
5879	684	7.58420E+01
11286	767	7.58428E+01
6136	591	7.58458E+01
8346	625	7.58461E+01
5785	682	7.58473E+01
6877	813	7.58563E+01
2541	423	7.58580E+01
5879	686	7.58580E+01
8434	366	7.58685E+01
6697	773	7.58731E+01
11004	596	7.58756E+01
6787	422	7.58777E+01
6697	422	7.58808E+01
2435	471	7.58817E+01
11004	638	7.58828E+01
6041	718	7.58856E+01
6136	592	7.58954E+01
5785	723	7.58971E+01
6697	363	7.58976E+01
2435	551	7.58994E+01
6787	629	7.59064E+01
6041	761	7.59134E+01
6877	600	7.59138E+01
6877	685	7.59139E+01
11004	546	7.59156E+01
5785	645	7.59160E+01
9334	814	7.59199E+01
6136	590	7.59208E+01
8346	358	7.59218E+01
8346	319	7.59275E+01
5785	689	7.59287E+01
6041	714	7.59291E+01
8346	367	7.59357E+01
5879	724	7.59381E+01
6697	412	7.59408E+01
2435	422	7.59434E+01
8346	540	7.59435E+01
6136	711	7.59442E+01
6136	670	7.59506E+01
6787	414	7.59524E+01
8346	323	7.59607E+01
6697	730	7.59610E+01
8434	464	7.59632E+01
11286	431	7.59643E+01
6697	367	7.59668E+01
11123	597	7.59683E+01
6136	721	7.59770E+01
6697	543	7.59791E+01
2647	609	7.59852E+01
5879	731	7.59852E+01
8346	666	7.59870E+01
8346	463	7.59903E+01
11004	670	7.59937E+01
6787	645	7.59946E+01
5879	807	7.59950E+01
11286	469	7.60020E+01
2541	428	7.60021E+01
5879	687	7.60043E+01
6787	730	7.60071E+01
6787	588	7.60079E+01
9334	773	7.60090E+01
6787	670	7.60094E+01
5879	683	7.60142E+01
11004	711	7.60151E+01
6136	636	7.60158E+01
6136	806	7.60241E+01
11004	680	7.60252E+01
11204	465	7.60315E+01
8434	362	7.60344E+01
8434	557	7.60384E+01
11783	803	7.60396E+01
8434	627	7.60444E+01
6787	773	7.60456E+01
11204	599	7.60463E+01
5785	641	7.60501E+01
8346	685	7.60528E+01
6136	752	7.60620E+01
11783	802	7.60663E+01
8346	556	7.60709E+01
6697	793	7.60716E+01
8434	686	7.60762E+01
2647	563	7.60774E+01
2435	565	7.60783E+01
11004	551	7.60789E+01
6041	674	7.60854E+01
6136	593	7.60856E+01
11204	378	7.60876E+01
2647	469	7.60913E+01
6136	629	7.60915E+01
8434	367	7.60918E+01
2541	471	7.60929E+01
5879	765	7.61000E+01
6136	589	7.61017E+01
6041	804	7.61020E+01
8434	451	7.61037E+01
2435	460	7.61045E+01
8434	586	7.61054E+01
6041	675	7.61087E+01
11004	629	7.61118E+01
8346	421	7.61151E+01
5785	806	7.61171E+01
8346	408	7.61191E+01
6787	465	7.61213E+01
6787	558	7.61283E+01
6697	710	7.61330E+01
2541	718	7.61338E+01
6787	603	7.61376E+01
11123	375	7.61385E+01
6697	362	7.61423E+01
8346	318	7.61429E+01
6697	645	7.61434E+01
6787	794	7.61446E+01
8434	668	7.61477E+01
5785	646	7.61483E+01
11204	426	7.61522E+01
11204	763	7.61524E+01
8346	790	7.61526E+01
6877	553	7.61590E+01
11123	761	7.61628E+01
11004	752	7.61630E+01
2647	463	7.61653E+01
6787	453	7.61653E+01
8434	602	7.61778E+01
8434	422	7.61873E+01
8346	601	7.61890E+01
6877	675	7.61897E+01
6877	643	7.61910E+01
6041	673	7.61954E+01
8434	792	7.61957E+01
6877	594	7.62030E+01
8346	448	7.62043E+01
9334	813	7.62052E+01
8346	643	7.62056E+01
8434	381	7.62057E+01
9334	772	7.62078E+01
5785	764	7.62090E+01
6041	754	7.62133E+01
8434	644	7.62145E+01
6877	716	7.62146E+01
6877	554	7.62153E+01
2435	429	7.62158E+01
5879	688	7.62185E+01
5785	690	7.62223E+01
5879	643	7.62246E+01
2541	422	7.62277E+01
8346	707	7.62287E+01
5879	732	7.62296E+01
11004	722	7.62340E+01
11286	684	7.62346E+01
8434	411	7.62348E+01
11783	804	7.62372E+01
6697	368	7.62384E+01
6041	713	7.62451E+01
2541	551	7.62469E+01
8346	324	7.62483E+01
11286	430	7.62483E+01
8346	770	7.62494E+01
6041	719	7.62501E+01
11286	808	7.62534E+01
8434	771	7.62602E+01
9334	732	7.62630E+01
6877	728	7.62643E+01
2647	553	7.62674E+01
5879	644	7.62686E+01
11286	643	7.62703E+01
6877	552	7.62772E+01
6041	676	7.62811E+01
6136	679	7.62838E+01
6136	793	7.62880E+01
2647	637	7.62907E+01
6787	711	7.62920E+01
5785	602	7.62946E+01
6136	567	7.62951E+01
11004	456	7.62957E+01
8346	357	7.63063E+01
2435	635	7.63070E+01
2435	801	7.63072E+01
6136	566	7.63087E+01
11004	545	7.63093E+01
5879	642	7.63109E+01
11783	761	7.63115E+01
6041	795	7.63142E+01
2647	803	7.63162E+01
5785	601	7.63209E+01
2541	565	7.63210E+01
11783	801	7.63267E+01
8434	361	7.63288E+01
6787	544	7.63319E+01
5785	681	7.63351E+01
5879	682	7.63358E+01
6697	465	7.63384E+01
11286	559	7.63408E+01
6787	366	7.63414E+01
11004	457	7.63432E+01
8434	542	7.63460E+01
6697	603	7.63557E+01
5879	723	7.63648E+01
6136	588	7.63693E+01
6697	558	7.63761E+01
11004	588	7.63790E+01
6787	365	7.63791E+01
9334	731	7.63796E+01
6787	423	7.63883E+01
11004	455	7.63893E+01
8434	709	7.63928E+01
11286	725	7.63967E+01
6697	381	7.64004E+01
5785	603	7.64012E+01
11783	762	7.64018E+01
6877	634	7.64028E+01
6136	568	7.64058E+01
6787	367	7.64059E+01
2541	429	7.64100E+01
8434	368	7.64106E+01
8346	317	7.64156E+01
6041	672	7.64193E+01
6136	764	7.64195E+01
5879	645	7.64214E+01
11004	793	7.64217E+01
6697	451	7.64255E+01
2435	594	7.64266E+01
8346	270	7.64275E+01
2435	421	7.64278E+01
6136	669	7.64282E+01
6136	594	7.64283E+01
2541	460	7.64369E+01
6041	762	7.64399E+01
6877	555	7.64412E+01
6787	413	7.64479E+01
5785	647	7.64487E+01
2647	678	7.64494E+01
6877	814	7.64510E+01
5785	640	7.64517E+01
8346	368	7.64527E+01
11783	760	7.64539E+01
6877	601	7.64554E+01
6877	757	7.64562E+01
6877	771	7.64568E+01
8346	271	7.64569E+01
11004	764	7.64576E+01
8346	813	7.64632E+01
8434	814	7.64707E+01
9334	771	7.64751E+01
6697	361	7.64783E+01
6697	411	7.64797E+01
6136	710	7.64803E+01
5879	689	7.64867E+01
6136	546	7.64912E+01
5785	722	7.64913E+01
8346	269	7.64917E+01
6697	423	7.64918E+01
8346	583	7.64925E+01
5785	600	7.64990E+01
6136	628	7.65012E+01
2647	761	7.65013E+01
6136	547	7.65026E+01
2647	596	7.65045E+01
5879	806	7.65119E+01
11204	377	7.65145E+01
2647	470	7.65160E+01
2435	472	7.65194E+01
6787	364	7.65227E+01
11004	458	7.65412E+01
11286	602	7.65471E+01
8346	748	7.65485E+01
5879	641	7.65487E+01
8346	624	7.65501E+01
5785	691	7.65511E+01
8346	539	7.65585E+01
6697	751	7.65613E+01
9334	812	7.65623E+01
9334	730	7.65628E+01
11286	468	7.65660E+01
6787	368	7.65665E+01
2435	676	7.65677E+01
6877	551	7.65682E+01
6697	586	7.65838E+01
6136	545	7.65877E+01
6136	637	7.65919E+01
8346	287	7.65940E+01
8346	272	7.65942E+01
6697	369	7.65985E+01
6697	627	7.65999E+01
6041	633	7.66018E+01
8346	407	7.66052E+01
6787	688	7.66059E+01
2435	759	7.66078E+01
6041	632	7.66096E+01
2647	564	7.66106E+01
11004	454	7.66107E+01
6041	677	7.66128E+01
5785	604	7.66207E+01
2541	801	7.66234E+01
11004	597	7.66268E+01
11004	552	7.66268E+01
8346	268	7.66330E+01
6136	548	7.66377E+01
11783	805	7.66407E+01
6877	686	7.66410E+01
6041	712	7.66434E+01
5879	764	7.66442E+01
6136	751	7.66445E+01
8346	325	7.66513E+01
9334	691	7.66616E+01
5879	646	7.66625E+01
11004	806	7.66632E+01
2541	635	7.66693E+01
11783	720	7.66724E+01
6697	688	7.66731E+01
6041	753	7.66841E+01
11286	429	7.66882E+01
9334	690	7.67021E+01
8434	360	7.67031E+01
6136	587	7.67052E+01
2647	462	7.67085E+01
11783	719	7.67124E+01
11783	763	7.67126E+01
8346	665	7.67142E+01
8346	356	7.67145E+01
11123	423	7.67160E+01
6787	752	7.67259E+01
2541	472	7.67274E+01
8346	316	7.67287E+01
2541	421	7.67300E+01
6041	805	7.67306E+01
6041	634	7.67332E+01
6041	671	7.67362E+01
2435	430	7.67366E+01
11286	766	7.67384E+01
6041	631	7.67386E+01
11123	338	7.67430E+01
11204	804	7.67510E+01
8434	750	7.67545E+01
6697	542	7.67551E+01
8346	447	7.67585E+01
11004	669	7.67633E+01
6136	722	7.67661E+01
6787	363	7.67709E+01
8434	450	7.67720E+01
6041	720	7.67721E+01
6136	544	7.67748E+01
2647	426	7.67774E+01
5879	602	7.67814E+01
6697	668	7.67840E+01
5785	805	7.67879E+01
8434	410	7.67879E+01
2541	594	7.67904E+01
5879	690	7.67986E+01
11004	544	7.67990E+01
5785	648	7.68029E+01
10922	799	7.68079E+01
9334	689	7.68091E+01
5879	601	7.68129E+01
11123	374	7.68129E+01
11123	553	7.68145E+01
8434	729	7.68146E+01
6697	323	7.68147E+01
11004	628	7.68153E+01
11004	639	7.68154E+01
6787	369	7.68162E+01
8434	369	7.68166E+01
8434	322	7.68175E+01
8434	323	7.68182E+01
11783	800	7.68203E+01
6697	731	7.68244E+01
9334	770	7.68244E+01
9334	729	7.68254E+01
6136	807	7.68258E+01
8346	728	7.68259E+01
6877	556	7.68269E+01
5879	681	7.68276E+01
2647	425	7.68302E+01
11783	759	7.68312E+01
8346	267	7.68336E+01
11204	555	7.68355E+01
11123	802	7.68430E+01
11004	710	7.68450E+01
6041	794	7.68457E+01
5785	599	7.68461E+01
8346	273	7.68495E+01
10922	800	7.68560E+01
8434	423	7.68570E+01
6697	322	7.68582E+01
2647	427	7.68609E+01
11783	721	7.68618E+01
8434	465	7.68625E+01
8346	422	7.68718E+01
6787	731	7.68750E+01
6877	593	7.68768E+01
6697	324	7.68827E+01
6787	452	7.68848E+01
5879	603	7.68860E+01
6697	360	7.68915E+01
6877	798	7.68929E+01
11004	459	7.68946E+01
11204	680	7.68958E+01
6787	628	7.68991E+01
6136	792	7.69030E+01
11123	462	7.69050E+01
6136	549	7.69096E+01
6877	644	7.69187E+01
5785	763	7.69203E+01
2541	430	7.69228E+01
8346	789	7.69235E+01
8434	321	7.69243E+01
2541	676	7.69283E+01
6136	595	7.69302E+01
8434	324	7.69313E+01
8434	626	7.69316E+01
5785	605	7.69331E+01
6787	587	7.69334E+01
11204	639	7.69334E+01
8434	585	7.69359E+01
6136	668	7.69395E+01
11004	453	7.69427E+01
2647	719	7.69449E+01
11204	425	7.69449E+01
2541	759	7.69453E+01
8346	464	7.69471E+01
6136	627	7.69541E+01
5879	640	7.69579E+01
5879	722	7.69609E+01
8346	706	7.69639E+01
10922	798	7.69654E+01
6787	466	7.69678E+01
6041	630	7.69688E+01
5879	647	7.69737E+01
2435	550	7.69780E+01
11783	718	7.69863E+01
6877	729	7.69904E+01
2435	459	7.69948E+01
9334	688	7.69949E+01
5879	600	7.69997E+01
8346	221	7.70039E+01
5785	680	7.70050E+01
9334	811	7.70054E+01
6697	321	7.70076E+01
6787	424	7.70076E+01
11204	464	7.70119E+01
6787	646	7.70129E+01
11004	587	7.70130E+01
11286	380	7.70174E+01
6041	635	7.70176E+01
2435	375	7.70180E+01
2647	424	7.70206E+01
6787	412	7.70211E+01
2647	471	7.70251E+01
6877	550	7.70252E+01
5785	558	7.70271E+01
6136	543	7.70351E+01
5785	639	7.70366E+01
8346	220	7.70378E+01
6136	709	7.70390E+01
5785	557	7.70393E+01
6697	370	7.70398E+01
2435	420	7.70407E+01
11004	751	7.70449E+01
2435	374	7.70497E+01
8346	222	7.70544E+01
6787	669	7.70566E+01
8346	369	7.70573E+01
11123	678	7.70592E+01
6697	325	7.70610E+01
6136	680	7.70642E+01
8346	315	7.70666E+01
6697	410	7.70671E+01
11123	637	7.70740E+01
2647	428	7.70758E+01
8346	266	7.70764E+01
8434	667	7.70772E+01
6697	792	7.70904E+01
6136	586	7.70919E+01
8346	406	7.70926E+01
11783	678	7.70980E+01
11004	681	7.71006E+01
6041	763	7.71016E+01
2435	376	7.71023E+01
6041	711	7.71034E+01
11204	376	7.71054E+01
5879	604	7.71063E+01
6041	678	7.71073E+01
8434	541	7.71081E+01
6697	709	7.71101E+01
8434	558	7.71135E+01
11123	337	7.71168E+01
6787	362	7.71174E+01
10922	758	7.71207E+01
10922	801	7.71221E+01
6787	559	7.71231E+01
6697	450	7.71237E+01
6877	602	7.71238E+01
6041	670	7.71257E+01
8434	320	7.71279E+01
6877	772	7.71312E+01
8346	582	7.71320E+01
8346	355	7.71329E+01
11783	679	7.71382E+01
8346	219	7.71401E+01
8434	359	7.71409E+01
2647	552	7.71418E+01
11204	721	7.71427E+01
5879	691	7.71468E+01
6787	370	7.71486E+01
6136	454	7.71496E+01
9334	649	7.71507E+01
8434	325	7.71551E+01
8346	538	7.71552E+01
5785	559	7.71555E+01
11286	558	7.71579E+01
8346	326	7.71590E+01
6041	591	7.71608E+01
2435	717	7.71637E+01
10922	757	7.71660E+01
6136	453	7.71699E+01
11004	415	7.71699E+01
9334	650	7.71769E+01
5879	805	7.71789E+01
6787	543	7.71796E+01
6877	674	7.71811E+01
6787	604	7.71819E+01
9334	728	7.71838E+01
6697	646	7.71854E+01
2647	565	7.71870E+01
2435	373	7.71898E+01
8346	557	7.71904E+01
9334	648	7.71930E+01
6041	590	7.71964E+01
5785	649	7.72005E+01
8346	223	7.72040E+01
6041	752	7.72042E+01
8434	687	7.72045E+01
8434	791	7.72059E+01
6697	424	7.72065E+01
5785	556	7.72075E+01
11286	683	7.72087E+01
2435	473	7.72091E+01
11286	642	7.72170E+01
8346	623	7.72182E+01
8434	339	7.72224E+01
11783	764	7.72229E+01
11783	806	7.72243E+01
8346	274	7.72271E+01
2541	375	7.72311E+01
8346	686	7.72315E+01
11004	414	7.72329E+01
11004	416	7.72340E+01
8434	772	7.72347E+01
6136	455	7.72368E+01
6136	750	7.72372E+01
6041	592	7.72499E+01
6697	320	7.72517E+01
11286	807	7.72524E+01
6697	466	7.72625E+01
5785	721	7.72653E+01
8346	771	7.72654E+01
11783	722	7.72664E+01
9334	769	7.72724E+01
9334	687	7.72756E+01
8346	747	7.72768E+01
2541	374	7.72777E+01
6041	629	7.72803E+01
6787	793	7.72810E+01
6136	452	7.72827E+01
6136	765	7.72853E+01
10922	759	7.72867E+01
11783	677	7.72874E+01
11851	803	7.72936E+01
8346	218	7.72941E+01
6877	715	7.72944E+01
8346	446	7.73006E+01
2541	376	7.73016E+01
11286	428	7.73021E+01
