GRAM	c2h2	chi_tot
10772	687	2.73202E+01
10772	729	2.73209E+01
10772	728	2.73319E+01
10772	770	2.73420E+01
10772	688	2.73436E+01
10772	646	2.73687E+01
10772	771	2.73820E+01
10772	812	2.73950E+01
10772	769	2.74022E+01
10772	686	2.74039E+01
10772	647	2.74075E+01
10772	730	2.74095E+01
10772	811	2.74147E+01
10772	645	2.74347E+01
10772	727	2.74512E+01
10772	689	2.74662E+01
10772	813	2.74667E+01
10772	605	2.74900E+01
10772	772	2.75126E+01
10772	606	2.75223E+01
10772	810	2.75357E+01
10772	648	2.75452E+01
10772	604	2.75583E+01
10772	768	2.75724E+01
10772	731	2.75889E+01
10772	685	2.76021E+01
10772	644	2.76113E+01
10772	814	2.76203E+01
10772	607	2.76517E+01
10772	690	2.76804E+01
10772	726	2.76883E+01
10772	561	2.77129E+01
10772	562	2.77173E+01
10772	773	2.77249E+01
10772	603	2.77312E+01
10772	809	2.77691E+01
10772	649	2.77755E+01
10772	560	2.78018E+01
10772	563	2.78135E+01
10772	732	2.78503E+01
10772	767	2.78634E+01
10772	608	2.78739E+01
10772	643	2.79046E+01
10772	684	2.79229E+01
10772	691	2.79780E+01
10772	559	2.79865E+01
10772	564	2.79998E+01
10772	602	2.80132E+01
10772	470	2.80405E+01
10772	725	2.80529E+01
10772	469	2.80780E+01
10772	471	2.80849E+01
10772	650	2.80915E+01
10772	808	2.81274E+01
10772	609	2.81841E+01
10772	468	2.81980E+01
10772	472	2.82114E+01
10772	558	2.82702E+01
10772	565	2.82737E+01
10772	766	2.82874E+01
10772	642	2.83216E+01
10772	683	2.83751E+01
10772	467	2.84019E+01
10772	601	2.84100E+01
10772	473	2.84198E+01
8190	514	2.84258E+01
8190	513	2.84515E+01
8190	512	2.84805E+01
8190	511	2.85126E+01
10772	430	2.85222E+01
10772	429	2.85305E+01
8190	510	2.85480E+01
10772	724	2.85564E+01
10772	431	2.85828E+01
8190	509	2.85866E+01
8190	214	2.85945E+01
8190	263	2.85963E+01
8190	262	2.85999E+01
8190	313	2.86002E+01
8190	213	2.86014E+01
8190	215	2.86018E+01
8190	128	2.86046E+01
8190	127	2.86076E+01
10772	428	2.86076E+01
8190	354	2.86081E+01
8190	312	2.86095E+01
8190	129	2.86098E+01
8190	264	2.86157E+01
8190	126	2.86157E+01
8190	212	2.86172E+01
8190	261	2.86193E+01
8190	314	2.86200E+01
8190	353	2.86215E+01
8190	405	2.86235E+01
8190	406	2.86236E+01
10772	807	2.86248E+01
8190	85	2.86267E+01
8190	125	2.86268E+01
8190	86	2.86268E+01
8190	84	2.86277E+01
8190	130	2.86280E+01
8190	87	2.86282E+01
8190	508	2.86287E+01
8190	83	2.86293E+01
8190	355	2.86303E+01
8190	216	2.86307E+01
8190	88	2.86310E+01
8190	82	2.86311E+01
8190	81	2.86328E+01
8190	235	2.86330E+01
8190	75	2.86330E+01
8190	76	2.86332E+01
8190	74	2.86335E+01
8190	77	2.86336E+01
8190	80	2.86338E+01
8190	78	2.86341E+01
8190	79	2.86342E+01
8190	446	2.86346E+01
8190	73	2.86349E+01
8190	89	2.86358E+01
8190	72	2.86379E+01
8190	447	2.86383E+01
8190	211	2.86385E+01
8190	124	2.86396E+01
8190	311	2.86398E+01
9858	805	2.86418E+01
8190	71	2.86432E+01
8190	90	2.86436E+01
8190	539	2.86486E+01
8190	260	2.86501E+01
8190	538	2.86515E+01
8190	70	2.86518E+01
8190	123	2.86532E+01
8190	91	2.86562E+01
8190	404	2.86573E+01
10772	557	2.86584E+01
8190	583	2.86592E+01
8190	352	2.86605E+01
8190	210	2.86634E+01
8190	69	2.86649E+01
9858	763	2.86650E+01
8190	131	2.86656E+01
8190	122	2.86670E+01
8190	265	2.86682E+01
8190	445	2.86691E+01
8190	407	2.86708E+01
8190	507	2.86742E+01
8190	582	2.86762E+01
8190	624	2.86771E+01
8190	315	2.86802E+01
8190	121	2.86807E+01
8190	68	2.86834E+01
8190	310	2.86853E+01
8190	625	2.86882E+01
8190	259	2.86894E+01
8190	217	2.86909E+01
9858	764	2.86911E+01
8190	209	2.86913E+01
8190	537	2.86930E+01
8190	666	2.86932E+01
8190	584	2.86938E+01
10772	466	2.86938E+01
8190	120	2.86945E+01
8190	448	2.86954E+01
8190	540	2.87001E+01
8190	356	2.87013E+01
9858	722	2.87041E+01
9858	804	2.87069E+01
8190	665	2.87073E+01
8190	67	2.87079E+01
8190	119	2.87090E+01
8190	623	2.87118E+01
10772	432	2.87130E+01
8190	707	2.87141E+01
8190	403	2.87146E+01
8190	351	2.87173E+01
9858	806	2.87176E+01
8190	708	2.87219E+01
8190	208	2.87223E+01
8190	506	2.87227E+01
8190	118	2.87253E+01
8190	581	2.87290E+01
8190	444	2.87299E+01
8190	749	2.87304E+01
8190	132	2.87307E+01
8190	667	2.87344E+01
8190	258	2.87356E+01
8190	66	2.87388E+01
9858	721	2.87390E+01
8190	309	2.87419E+01
8190	117	2.87444E+01
8190	706	2.87519E+01
8190	748	2.87524E+01
10772	427	2.87550E+01
8190	791	2.87552E+01
8190	207	2.87568E+01
8190	664	2.87599E+01
8190	790	2.87602E+01
8190	536	2.87606E+01
8190	750	2.87612E+01
8190	626	2.87634E+01
8190	116	2.87676E+01
8190	266	2.87676E+01
8190	505	2.87736E+01
9858	680	2.87738E+01
8190	65	2.87762E+01
8190	622	2.87772E+01
8190	408	2.87816E+01
8190	350	2.87865E+01
9858	762	2.87871E+01
8190	402	2.87876E+01
8190	257	2.87878E+01
8190	709	2.87941E+01
8190	218	2.87949E+01
8190	206	2.87956E+01
8190	115	2.87957E+01
8190	316	2.87962E+01
8190	585	2.87988E+01
8190	580	2.88051E+01
8190	789	2.88065E+01
8190	308	2.88067E+01
9858	723	2.88074E+01
8190	443	2.88078E+01
8190	792	2.88091E+01
8190	747	2.88101E+01
9858	681	2.88109E+01
8190	64	2.88199E+01
8190	705	2.88199E+01
8190	449	2.88242E+01
8190	541	2.88252E+01
8190	504	2.88263E+01
8190	114	2.88296E+01
8190	133	2.88334E+01
8190	663	2.88369E+01
8190	357	2.88379E+01
8190	205	2.88390E+01
8190	535	2.88444E+01
8190	256	2.88453E+01
9858	765	2.88491E+01
8190	668	2.88511E+01
10772	765	2.88581E+01
8190	621	2.88615E+01
8190	349	2.88639E+01
8190	751	2.88643E+01
8190	63	2.88694E+01
8190	113	2.88698E+01
8190	401	2.88704E+01
10772	641	2.88712E+01
8190	307	2.88775E+01
9858	639	2.88778E+01
8190	788	2.88790E+01
8190	503	2.88799E+01
9858	679	2.88807E+01
8190	204	2.88876E+01
8190	746	2.88897E+01
8190	579	2.88945E+01
8190	442	2.88956E+01
8190	704	2.89056E+01
8190	255	2.89074E+01
8190	112	2.89163E+01
9858	807	2.89179E+01
9858	638	2.89179E+01
8190	627	2.89237E+01
8190	62	2.89239E+01
8190	662	2.89273E+01
9858	720	2.89285E+01
10772	600	2.89291E+01
9858	803	2.89299E+01
8190	267	2.89313E+01
8190	502	2.89339E+01
8190	534	2.89365E+01
8190	203	2.89412E+01
8190	793	2.89425E+01
8190	348	2.89461E+01
8190	710	2.89519E+01
8190	306	2.89523E+01
8190	620	2.89551E+01
8190	219	2.89581E+01
8190	400	2.89582E+01
8190	787	2.89657E+01
8190	111	2.89687E+01
10772	682	2.89696E+01
9858	640	2.89708E+01
8190	254	2.89735E+01
9858	682	2.89758E+01
8190	409	2.89763E+01
10772	426	2.89763E+01
8190	745	2.89804E+01
8190	61	2.89823E+01
8190	134	2.89853E+01
8190	317	2.89868E+01
8190	441	2.89876E+01
8190	501	2.89876E+01
8190	578	2.89895E+01
8190	287	2.89921E+01
8190	586	2.89962E+01
8190	703	2.89993E+01
8190	202	2.89996E+01
8190	661	2.90226E+01
9858	597	2.90245E+01
8190	110	2.90260E+01
8190	305	2.90294E+01
8190	347	2.90301E+01
8190	533	2.90309E+01
9858	724	2.90335E+01
9858	598	2.90346E+01
7243	140	2.90388E+01
8190	500	2.90408E+01
8190	253	2.90424E+01
8190	60	2.90434E+01
8190	542	2.90460E+01
8190	450	2.90464E+01
8190	399	2.90472E+01
8190	619	2.90509E+01
7243	224	2.90548E+01
8190	786	2.90578E+01
8190	358	2.90607E+01
8190	752	2.90616E+01
8190	201	2.90618E+01
7243	272	2.90635E+01
8190	669	2.90658E+01
7243	139	2.90669E+01
7243	322	2.90730E+01
9858	761	2.90738E+01
8190	744	2.90741E+01
7243	225	2.90788E+01
8190	440	2.90793E+01
10772	465	2.90798E+01
8190	577	2.90843E+01
8190	109	2.90871E+01
8190	499	2.90928E+01
8190	702	2.90937E+01
10772	378	2.91016E+01
7243	273	2.91037E+01
7243	362	2.91049E+01
8190	59	2.91058E+01
8190	304	2.91068E+01
9858	637	2.91085E+01
7243	363	2.91098E+01
8190	252	2.91128E+01
8190	346	2.91133E+01
7243	141	2.91147E+01
10772	379	2.91165E+01
7243	414	2.91168E+01
8190	660	2.91168E+01
8190	532	2.91231E+01
7243	321	2.91233E+01
9858	766	2.91240E+01
8190	200	2.91264E+01
8190	398	2.91340E+01
8190	498	2.91433E+01
8190	618	2.91437E+01
10772	377	2.91446E+01
9858	678	2.91482E+01
8190	785	2.91487E+01
8190	108	2.91502E+01
7243	223	2.91521E+01
7243	413	2.91553E+01
9858	596	2.91557E+01
7243	454	2.91583E+01
10772	556	2.91584E+01
7243	271	2.91606E+01
8190	743	2.91651E+01
8190	439	2.91673E+01
9858	599	2.91678E+01
8190	58	2.91683E+01
7243	455	2.91707E+01
8190	576	2.91747E+01
7243	323	2.91766E+01
8190	794	2.91771E+01
8190	268	2.91792E+01
9858	553	2.91797E+01
9858	641	2.91815E+01
8190	303	2.91826E+01
8190	251	2.91829E+01
8190	701	2.91840E+01
10772	380	2.91873E+01
7243	138	2.91874E+01
8190	199	2.91918E+01
8190	497	2.91919E+01
8190	628	2.91925E+01
8190	345	2.91934E+01
7243	546	2.91968E+01
8190	220	2.91980E+01
8190	135	2.91996E+01
8190	659	2.92056E+01
8190	531	2.92098E+01
10772	723	2.92121E+01
7243	547	2.92125E+01
7243	566	2.92130E+01
8190	107	2.92136E+01
8190	397	2.92161E+01
8190	711	2.92181E+01
7243	567	2.92224E+01
9858	554	2.92227E+01
9858	808	2.92280E+01
8190	57	2.92295E+01
8190	617	2.92302E+01
8190	784	2.92341E+01
7243	226	2.92356E+01
8190	496	2.92380E+01
7243	591	2.92445E+01
7243	415	2.92461E+01
8190	438	2.92490E+01
8190	742	2.92496E+01
10772	376	2.92496E+01
8190	250	2.92511E+01
7243	361	2.92513E+01
8190	302	2.92548E+01
9858	683	2.92551E+01
8190	198	2.92561E+01
8190	575	2.92580E+01
7243	590	2.92605E+01
8190	700	2.92670E+01
8190	344	2.92684E+01
9858	552	2.92716E+01
8190	318	2.92743E+01
8190	106	2.92756E+01
8190	410	2.92774E+01
10772	806	2.92779E+01
10772	425	2.92782E+01
7243	364	2.92809E+01
8190	495	2.92816E+01
8190	658	2.92865E+01
7243	632	2.92873E+01
9858	719	2.92881E+01
8190	56	2.92883E+01
8190	530	2.92889E+01
8190	396	2.92917E+01
7243	274	2.92935E+01
7243	142	2.93020E+01
7243	453	2.93056E+01
8190	616	2.93083E+01
8190	587	2.93095E+01
7243	320	2.93102E+01
8190	783	2.93115E+01
8190	249	2.93156E+01
8190	197	2.93177E+01
8190	301	2.93220E+01
8190	494	2.93223E+01
8190	437	2.93229E+01
8190	741	2.93256E+01
9858	802	2.93259E+01
8190	574	2.93325E+01
8190	105	2.93346E+01
8190	183	2.93365E+01
8190	343	2.93369E+01
8190	699	2.93411E+01
7243	545	2.93429E+01
8190	55	2.93437E+01
7243	412	2.93442E+01
8190	182	2.93530E+01
7243	222	2.93539E+01
7243	456	2.93566E+01
9858	461	2.93572E+01
8190	657	2.93582E+01
7243	631	2.93588E+01
8190	529	2.93592E+01
8190	395	2.93595E+01
8190	493	2.93602E+01
7243	673	2.93632E+01
8190	181	2.93679E+01
9858	725	2.93700E+01
8190	248	2.93751E+01
8190	196	2.93751E+01
8190	753	2.93756E+01
7243	270	2.93760E+01
8190	615	2.93771E+01
8190	782	2.93799E+01
8190	180	2.93814E+01
9858	555	2.93816E+01
8190	300	2.93830E+01
7243	674	2.93841E+01
7243	633	2.93850E+01
8190	451	2.93852E+01
7243	137	2.93855E+01
8190	543	2.93859E+01
8190	436	2.93882E+01
8190	104	2.93894E+01
8190	740	2.93922E+01
8190	359	2.93928E+01
8190	179	2.93937E+01
8190	54	2.93950E+01
8190	492	2.93954E+01
8190	573	2.93978E+01
8190	342	2.93981E+01
7243	592	2.94016E+01
8190	670	2.94017E+01
7243	548	2.94028E+01
8190	178	2.94052E+01
8190	698	2.94057E+01
7243	568	2.94061E+01
9858	600	2.94093E+01
7243	381	2.94102E+01
9858	462	2.94113E+01
8190	177	2.94160E+01
8190	394	2.94193E+01
8190	656	2.94204E+01
8190	528	2.94204E+01
10772	375	2.94224E+01
7243	715	2.94238E+01
8190	176	2.94263E+01
8190	195	2.94275E+01
8190	491	2.94281E+01
8190	247	2.94288E+01
7243	589	2.94359E+01
8190	175	2.94363E+01
8190	614	2.94365E+01
8190	299	2.94373E+01
9858	460	2.94375E+01
8190	781	2.94389E+01
8190	103	2.94392E+01
8190	53	2.94418E+01
7243	324	2.94434E+01
8190	435	2.94449E+01
8190	174	2.94460E+01
9858	595	2.94461E+01
8190	739	2.94496E+01
8190	341	2.94517E+01
8190	572	2.94540E+01
8190	173	2.94554E+01
8190	490	2.94585E+01
8190	697	2.94610E+01
8190	172	2.94645E+01
9858	636	2.94660E+01
8190	393	2.94709E+01
8190	527	2.94729E+01
8190	171	2.94732E+01
8190	40	2.94734E+01
8190	655	2.94735E+01
8190	194	2.94741E+01
8190	246	2.94762E+01
8190	39	2.94770E+01
8190	38	2.94808E+01
8190	170	2.94816E+01
8190	102	2.94837E+01
8190	52	2.94837E+01
8190	298	2.94847E+01
8190	37	2.94850E+01
8190	489	2.94867E+01
8190	613	2.94869E+01
8190	780	2.94890E+01
8190	36	2.94894E+01
8190	169	2.94895E+01
7243	714	2.94897E+01
8190	136	2.94902E+01
8190	434	2.94933E+01
8190	35	2.94941E+01
8190	168	2.94971E+01
8190	340	2.94979E+01
8190	738	2.94981E+01
9858	642	2.94983E+01
8190	34	2.94989E+01
8190	571	2.95015E+01
9858	767	2.95035E+01
8190	33	2.95038E+01
8190	167	2.95047E+01
7243	672	2.95049E+01
8190	696	2.95077E+01
8190	32	2.95086E+01
8190	166	2.95122E+01
8190	488	2.95129E+01
8190	31	2.95135E+01
8190	392	2.95148E+01
8190	193	2.95149E+01
8190	526	2.95172E+01
8190	245	2.95174E+01
9858	551	2.95180E+01
8190	654	2.95181E+01
8190	30	2.95183E+01
8190	165	2.95199E+01
8190	51	2.95209E+01
7243	756	2.95214E+01
8190	101	2.95226E+01
7243	757	2.95229E+01
8190	29	2.95232E+01
7243	716	2.95249E+01
8190	297	2.95253E+01
7243	360	2.95259E+01
8190	164	2.95278E+01
8190	28	2.95281E+01
8190	612	2.95293E+01
7243	227	2.95302E+01
8190	779	2.95311E+01
8190	27	2.95330E+01
8190	269	2.95332E+01
8190	221	2.95338E+01
8190	433	2.95340E+01
8190	795	2.95344E+01
8190	163	2.95360E+01
9858	420	2.95366E+01
8190	487	2.95372E+01
8190	26	2.95381E+01
9858	760	2.95384E+01
8190	737	2.95386E+01
8190	570	2.95413E+01
8190	25	2.95432E+01
8190	162	2.95445E+01
8190	695	2.95466E+01
8190	24	2.95485E+01
8190	192	2.95500E+01
7243	416	2.95510E+01
8190	391	2.95517E+01
8190	244	2.95526E+01
8190	50	2.95533E+01
8190	161	2.95533E+01
8190	23	2.95539E+01
8190	525	2.95542E+01
8190	653	2.95552E+01
8190	100	2.95561E+01
8190	22	2.95595E+01
8190	486	2.95597E+01
8190	296	2.95598E+01
8190	160	2.95623E+01
8190	611	2.95643E+01
9858	421	2.95648E+01
10772	640	2.95649E+01
8190	21	2.95654E+01
8190	778	2.95659E+01
10772	464	2.95697E+01
8190	159	2.95715E+01
8190	20	2.95716E+01
8190	736	2.95721E+01
8190	569	2.95742E+01
8190	339	2.95744E+01
7243	675	2.95780E+01
8190	19	2.95781E+01
8190	694	2.95787E+01
9858	463	2.95795E+01
8190	191	2.95798E+01
8190	485	2.95804E+01
8190	158	2.95810E+01
8190	49	2.95811E+01
10772	599	2.95811E+01
8190	243	2.95823E+01
8190	390	2.95823E+01
7243	630	2.95838E+01
8190	99	2.95846E+01
8190	524	2.95847E+01
8190	18	2.95847E+01
8190	652	2.95857E+01
7243	798	2.95872E+01
8190	295	2.95885E+01
9858	677	2.95903E+01
7243	452	2.95906E+01
8190	157	2.95907E+01
10772	764	2.95915E+01
8190	17	2.95916E+01
8190	629	2.95929E+01
8190	610	2.95932E+01
8190	777	2.95945E+01
8190	16	2.95984E+01
8190	484	2.95993E+01
8190	735	2.95996E+01
8190	156	2.96006E+01
8190	190	2.96047E+01
8190	48	2.96049E+01
8190	693	2.96050E+01
8190	15	2.96053E+01
8190	242	2.96070E+01
8190	389	2.96076E+01
8190	98	2.96085E+01
7243	319	2.96097E+01
8190	523	2.96098E+01
8190	155	2.96106E+01
8190	651	2.96107E+01
8190	14	2.96122E+01
8190	294	2.96124E+01
8190	712	2.96152E+01
8190	483	2.96164E+01
8190	776	2.96179E+01
8190	13	2.96191E+01
8190	154	2.96207E+01
8190	734	2.96220E+01
7243	365	2.96241E+01
8190	47	2.96249E+01
8190	189	2.96254E+01
8190	12	2.96261E+01
8190	692	2.96264E+01
8190	241	2.96274E+01
8190	388	2.96283E+01
8190	97	2.96284E+01
7243	544	2.96298E+01
8190	522	2.96302E+01
8190	153	2.96305E+01
8190	482	2.96317E+01
8190	293	2.96320E+01
8190	11	2.96332E+01
9858	809	2.96355E+01
8190	775	2.96368E+01
7243	275	2.96378E+01
9858	684	2.96386E+01
7243	221	2.96391E+01
8190	733	2.96402E+01
8190	152	2.96402E+01
8190	10	2.96404E+01
9858	556	2.96407E+01
8190	46	2.96415E+01
8190	188	2.96424E+01
10772	337	2.96429E+01
8190	240	2.96442E+01
7243	136	2.96445E+01
8190	96	2.96447E+01
8190	481	2.96451E+01
8190	387	2.96451E+01
8190	521	2.96467E+01
8190	9	2.96475E+01
7243	799	2.96476E+01
8190	292	2.96480E+01
8190	151	2.96494E+01
9858	419	2.96508E+01
8190	774	2.96521E+01
8190	8	2.96546E+01
8190	45	2.96553E+01
8190	187	2.96564E+01
8190	480	2.96568E+01
8190	239	2.96578E+01
8190	150	2.96581E+01
8190	95	2.96582E+01
8190	386	2.96587E+01
7243	634	2.96589E+01
7243	411	2.96589E+01
8190	520	2.96601E+01
8190	291	2.96610E+01
8190	7	2.96615E+01
8190	149	2.96662E+01
8190	44	2.96666E+01
8190	479	2.96668E+01
8190	186	2.96677E+01
8190	6	2.96680E+01
8190	238	2.96689E+01
8190	94	2.96691E+01
8190	385	2.96697E+01
8190	519	2.96708E+01
10772	424	2.96708E+01
10772	374	2.96714E+01
8190	290	2.96715E+01
10772	338	2.96717E+01
9858	459	2.96726E+01
10772	336	2.96729E+01
8190	148	2.96735E+01
8190	5	2.96742E+01
8190	478	2.96753E+01
8190	43	2.96758E+01
8190	185	2.96768E+01
8190	237	2.96778E+01
8190	93	2.96779E+01
7243	755	2.96781E+01
8190	384	2.96785E+01
8190	518	2.96795E+01
8190	289	2.96799E+01
8190	4	2.96800E+01
8190	147	2.96800E+01
8190	319	2.96819E+01
8190	477	2.96824E+01
8190	42	2.96833E+01
8190	184	2.96842E+01
8190	236	2.96850E+01
8190	92	2.96850E+01
8190	3	2.96852E+01
8190	383	2.96856E+01
8190	146	2.96857E+01
7243	269	2.96861E+01
8190	517	2.96864E+01
8190	288	2.96867E+01
7243	797	2.96868E+01
9858	369	2.96879E+01
8190	476	2.96883E+01
8190	41	2.96893E+01
8190	2	2.96898E+01
8190	145	2.96906E+01
8190	382	2.96913E+01
8190	516	2.96919E+01
7243	758	2.96923E+01
8190	475	2.96932E+01
8190	1	2.96938E+01
8190	144	2.96948E+01
8190	515	2.96963E+01
8190	474	2.96971E+01
8190	0	2.96973E+01
8190	143	2.96983E+01
8190	411	2.97088E+01
7243	713	2.97089E+01
7243	339	2.97120E+01
9858	422	2.97144E+01
10772	681	2.97202E+01
7243	457	2.97203E+01
7243	593	2.97362E+01
9858	601	2.97484E+01
7243	588	2.97493E+01
9858	370	2.97569E+01
9858	368	2.97584E+01
8190	588	2.97619E+01
10772	335	2.97695E+01
7243	549	2.97712E+01
10772	555	2.97814E+01
7243	671	2.97910E+01
7243	717	2.97987E+01
10688	810	2.98019E+01
10688	768	2.98043E+01
9858	726	2.98069E+01
10688	769	2.98172E+01
10688	727	2.98199E+01
8190	754	2.98271E+01
9858	718	2.98291E+01
9858	328	2.98443E+01
9858	464	2.98445E+01
10688	811	2.98489E+01
9858	329	2.98533E+01
10688	809	2.98549E+01
8190	360	2.98583E+01
10688	726	2.98587E+01
8190	452	2.98643E+01
8190	544	2.98681E+01
8190	137	2.98710E+01
7243	800	2.98740E+01
7243	325	2.98745E+01
8190	671	2.98807E+01
10688	728	2.98872E+01
10688	685	2.98906E+01
10688	686	2.98940E+01
10688	767	2.98998E+01
7243	359	2.99007E+01
9858	801	2.99054E+01
9858	594	2.99111E+01
9858	643	2.99131E+01
9858	418	2.99264E+01
10688	770	2.99286E+01
7243	796	2.99324E+01
9858	550	2.99358E+01
7243	629	2.99394E+01
10772	334	2.99418E+01
9858	371	2.99452E+01
7243	676	2.99465E+01
7243	135	2.99471E+01
7243	228	2.99617E+01
9858	423	2.99658E+01
7243	754	2.99753E+01
9858	768	2.99775E+01
9858	327	2.99813E+01
8190	222	2.99840E+01
7243	220	2.99844E+01
7243	451	2.99856E+01
10688	812	2.99858E+01
9858	367	2.99864E+01
9858	279	2.99886E+01
9858	557	2.99892E+01
9858	330	2.99906E+01
7243	318	2.99938E+01
10688	644	2.99945E+01
10688	684	2.99982E+01
10688	687	3.00012E+01
9858	635	3.00027E+01
10772	373	3.00077E+01
10688	725	3.00125E+01
8190	270	3.00145E+01
10688	808	3.00192E+01
10688	645	3.00233E+01
7243	417	3.00301E+01
7243	543	3.00304E+01
7243	759	3.00314E+01
8190	796	3.00333E+01
10772	722	3.00359E+01
9858	280	3.00437E+01
10688	729	3.00520E+01
10772	286	3.00563E+01
7243	712	3.00598E+01
9858	278	3.00627E+01
7243	268	3.00649E+01
7243	410	3.00704E+01
10688	643	3.00718E+01
9858	458	3.00794E+01
8190	381	3.01022E+01
10772	805	3.01046E+01
7243	635	3.01074E+01
10688	766	3.01144E+01
9858	685	3.01187E+01
10688	771	3.01293E+01
9858	810	3.01298E+01
7243	276	3.01340E+01
7243	366	3.01363E+01
8190	630	3.01461E+01
10688	646	3.01530E+01
8190	713	3.01627E+01
10772	423	3.01677E+01
7243	587	3.01732E+01
10688	603	3.01759E+01
10772	463	3.01772E+01
10772	285	3.01779E+01
9858	602	3.01784E+01
9858	759	3.01891E+01
9858	465	3.01928E+01
7243	670	3.01963E+01
10772	333	3.02006E+01
10688	813	3.02035E+01
9858	232	3.02044E+01
10688	688	3.02054E+01
10688	604	3.02123E+01
9858	281	3.02139E+01
9858	231	3.02155E+01
9858	676	3.02163E+01
10688	683	3.02247E+01
8190	320	3.02322E+01
9858	372	3.02331E+01
9858	331	3.02377E+01
10688	602	3.02391E+01
7243	718	3.02430E+01
7243	594	3.02445E+01
7243	458	3.02570E+01
10688	642	3.02614E+01
7243	801	3.02649E+01
7243	134	3.02768E+01
9858	326	3.02785E+01
9858	277	3.02792E+01
10688	724	3.02913E+01
8190	412	3.02934E+01
9858	424	3.03021E+01
9858	233	3.03023E+01
7243	795	3.03024E+01
10688	730	3.03063E+01
10688	807	3.03077E+01
7243	550	3.03121E+01
9858	727	3.03361E+01
10688	605	3.03446E+01
9858	230	3.03455E+01
7243	358	3.03461E+01
8190	138	3.03552E+01
7243	219	3.03668E+01
8190	589	3.03735E+01
9858	417	3.03777E+01
10688	647	3.03783E+01
10772	598	3.03804E+01
9858	366	3.03858E+01
7243	753	3.03883E+01
10772	284	3.03898E+01
7243	287	3.03956E+01
7243	628	3.03971E+01
10688	601	3.04067E+01
10688	772	3.04106E+01
10772	639	3.04178E+01
9858	644	3.04202E+01
9858	558	3.04203E+01
8190	755	3.04329E+01
7243	317	3.04340E+01
10772	372	3.04461E+01
10688	559	3.04474E+01
7243	450	3.04605E+01
10688	765	3.04606E+01
7243	326	3.04634E+01
10688	560	3.04755E+01
8190	361	3.04790E+01
7243	677	3.04840E+01
9858	282	3.04856E+01
7243	267	3.04869E+01
10688	814	3.04935E+01
9858	234	3.04990E+01
10688	689	3.04995E+01
8190	453	3.05046E+01
10772	763	3.05052E+01
10688	558	3.05099E+01
8190	545	3.05129E+01
7243	542	3.05146E+01
7243	711	3.05151E+01
8190	672	3.05204E+01
7243	229	3.05237E+01
7243	760	3.05349E+01
9858	549	3.05358E+01
9858	769	3.05371E+01
10772	554	3.05425E+01
7243	409	3.05489E+01
9858	717	3.05571E+01
10772	332	3.05586E+01
9858	593	3.05594E+01
8190	223	3.05651E+01
10688	606	3.05694E+01
10688	641	3.05710E+01
9858	332	3.05777E+01
10688	682	3.05797E+01
10688	561	3.05916E+01
9858	229	3.06032E+01
9858	373	3.06037E+01
9858	466	3.06160E+01
7243	133	3.06189E+01
8190	271	3.06419E+01
10688	731	3.06419E+01
10772	680	3.06429E+01
9858	276	3.06482E+01
10688	557	3.06672E+01
9858	457	3.06688E+01
9858	800	3.06728E+01
7243	418	3.06733E+01
7243	586	3.06773E+01
10688	600	3.06850E+01
8190	797	3.06875E+01
9858	686	3.06891E+01
7243	669	3.06911E+01
10688	648	3.06938E+01
9858	603	3.06949E+01
9858	811	3.07015E+01
10772	283	3.07027E+01
10688	723	3.07073E+01
9858	425	3.07109E+01
7243	636	3.07218E+01
9858	634	3.07244E+01
10688	806	3.07354E+01
9858	325	3.07444E+01
10688	773	3.07643E+01
7243	218	3.07661E+01
7243	794	3.07698E+01
7243	277	3.07729E+01
10772	422	3.07871E+01
10688	562	3.07940E+01
7243	367	3.08064E+01
7243	802	3.08124E+01
10688	467	3.08194E+01
10688	468	3.08306E+01
7243	357	3.08343E+01
9858	283	3.08461E+01
7243	719	3.08491E+01
8190	631	3.08678E+01
8190	714	3.08747E+01
10688	690	3.08762E+01
10688	607	3.08833E+01
7243	752	3.08881E+01
10688	466	3.08881E+01
7243	316	3.09046E+01
7243	595	3.09151E+01
10688	469	3.09188E+01
10772	462	3.09201E+01
10688	556	3.09256E+01
7243	627	3.09264E+01
7243	266	3.09294E+01
9858	559	3.09302E+01
8190	321	3.09438E+01
9858	728	3.09503E+01
10688	764	3.09530E+01
8190	139	3.09535E+01
7243	459	3.09539E+01
7243	132	3.09613E+01
9858	365	3.09631E+01
7243	449	3.09865E+01
9858	228	3.09946E+01
9858	333	3.09960E+01
10772	371	3.10048E+01
10688	640	3.10108E+01
9858	416	3.10119E+01
7243	551	3.10131E+01
9858	645	3.10150E+01
9858	758	3.10271E+01
9858	675	3.10282E+01
10772	331	3.10310E+01
10688	465	3.10418E+01
9858	374	3.10435E+01
7243	710	3.10442E+01
10772	721	3.10452E+01
8190	413	3.10493E+01
10688	732	3.10507E+01
7243	541	3.10529E+01
7243	408	3.10671E+01
10688	681	3.10756E+01
10688	563	3.10812E+01
10688	470	3.10832E+01
10688	599	3.10834E+01
10688	649	3.10937E+01
9858	467	3.11088E+01
10772	804	3.11239E+01
10772	282	3.11283E+01
8190	590	3.11592E+01
7243	217	3.11665E+01
9858	770	3.11739E+01
9858	275	3.11742E+01
7243	678	3.11789E+01
9858	426	3.11835E+01
7243	761	3.11917E+01
7243	327	3.11972E+01
8190	756	3.12035E+01
7243	230	3.12057E+01
10604	727	3.12299E+01
7243	585	3.12319E+01
10604	769	3.12358E+01
7243	668	3.12449E+01
10604	768	3.12528E+01
10604	810	3.12604E+01
10604	728	3.12675E+01
10604	686	3.12676E+01
10688	427	3.12683E+01
8190	362	3.12719E+01
10688	426	3.12727E+01
10688	722	3.12749E+01
10604	811	3.12785E+01
10688	608	3.12825E+01
9858	284	3.12845E+01
10688	464	3.12889E+01
8190	224	3.12894E+01
10688	555	3.12947E+01
7243	131	3.12948E+01
9858	604	3.12950E+01
10604	685	3.12950E+01
8190	566	3.12982E+01
10604	726	3.12997E+01
7243	793	3.13049E+01
10604	770	3.13185E+01
10688	805	3.13189E+01
9858	548	3.13207E+01
8190	454	3.13218E+01
9858	568	3.13236E+01
10688	471	3.13237E+01
10688	691	3.13280E+01
10688	428	3.13308E+01
8190	673	3.13323E+01
8190	546	3.13346E+01
7243	356	3.13419E+01
9858	812	3.13421E+01
10604	809	3.13435E+01
9858	687	3.13441E+01
10772	597	3.13448E+01
10604	687	3.13454E+01
10688	425	3.13495E+01
10604	645	3.13633E+01
10604	644	3.13651E+01
7243	265	3.13740E+01
10604	767	3.13796E+01
9858	324	3.13802E+01
7243	315	3.13845E+01
10604	812	3.13876E+01
9858	592	3.13921E+01
10604	729	3.14038E+01
8190	272	3.14293E+01
10604	684	3.14349E+01
9858	456	3.14424E+01
7243	751	3.14445E+01
7153	138	3.14469E+01
10772	638	3.14476E+01
10688	564	3.14518E+01
7153	139	3.14537E+01
10688	429	3.14576E+01
10772	553	3.14609E+01
10604	646	3.14636E+01
7243	419	3.14637E+01
7153	223	3.14686E+01
9858	716	3.14697E+01
10604	643	3.14747E+01
9858	334	3.14812E+01
10604	725	3.14860E+01
7243	637	3.14879E+01
10604	771	3.14915E+01
7243	626	3.14975E+01
7153	271	3.15002E+01
7243	803	3.15034E+01
8190	798	3.15040E+01
10688	424	3.15072E+01
10604	603	3.15168E+01
9858	560	3.15169E+01
7153	224	3.15183E+01
10604	688	3.15211E+01
9858	227	3.15218E+01
10604	604	3.15224E+01
7153	137	3.15245E+01
7153	222	3.15306E+01
10026	805	3.15315E+01
7153	321	3.15347E+01
7243	448	3.15379E+01
10604	808	3.15395E+01
7243	278	3.15402E+01
9858	375	3.15430E+01
10772	421	3.15496E+01
7243	216	3.15563E+01
7153	140	3.15584E+01
7153	320	3.15603E+01
7153	272	3.15619E+01
7153	270	3.15644E+01
7153	361	3.15685E+01
10688	650	3.15713E+01
7243	235	3.15775E+01
10604	813	3.15783E+01
10026	806	3.15804E+01
10026	763	3.15868E+01
7153	362	3.15906E+01
10026	764	3.15907E+01
10688	639	3.15949E+01
7243	407	3.16020E+01
7243	720	3.16033E+01
7153	413	3.16061E+01
10688	763	3.16081E+01
10604	602	3.16123E+01
7243	130	3.16127E+01
10688	598	3.16149E+01
10772	762	3.16171E+01
7243	709	3.16174E+01
7243	368	3.16178E+01
7243	540	3.16185E+01
10026	804	3.16201E+01
9858	799	3.16247E+01
10604	605	3.16252E+01
7153	412	3.16256E+01
10604	766	3.16271E+01
9858	633	3.16290E+01
10604	730	3.16305E+01
10772	330	3.16360E+01
7153	381	3.16380E+01
10688	472	3.16405E+01
10026	722	3.16410E+01
10688	463	3.16413E+01
9858	729	3.16422E+01
10688	430	3.16479E+01
7153	453	3.16483E+01
7153	322	3.16523E+01
10604	647	3.16605E+01
7243	91	3.16643E+01
9858	468	3.16691E+01
7153	136	3.16707E+01
7153	454	3.16732E+01
8190	140	3.16738E+01
10772	281	3.16790E+01
7153	360	3.16821E+01
7153	221	3.16846E+01
10026	721	3.16928E+01
9858	646	3.16934E+01
7153	225	3.16948E+01
10604	683	3.16955E+01
10604	642	3.16983E+01
7153	545	3.16990E+01
10772	370	3.17053E+01
7153	319	3.17070E+01
10688	375	3.17132E+01
9858	427	3.17151E+01
9858	364	3.17167E+01
10026	765	3.17230E+01
10026	723	3.17237E+01
7153	546	3.17254E+01
10026	762	3.17276E+01
10688	680	3.17276E+01
7243	596	3.17317E+01
7153	269	3.17325E+01
7153	566	3.17382E+01
10688	374	3.17413E+01
7153	414	3.17418E+01
10604	772	3.17459E+01
10026	680	3.17471E+01
10026	807	3.17507E+01
10772	234	3.17529E+01
10688	376	3.17530E+01
10772	679	3.17554E+01
10688	423	3.17582E+01
8190	715	3.17583E+01
10604	560	3.17610E+01
10688	609	3.17622E+01
10604	559	3.17641E+01
7153	273	3.17664E+01
7153	452	3.17668E+01
7153	590	3.17670E+01
8190	632	3.17672E+01
7153	363	3.17689E+01
10026	681	3.17694E+01
7153	589	3.17710E+01
7153	141	3.17713E+01
7153	339	3.17773E+01
7153	411	3.17783E+01
10604	689	3.17877E+01
10688	554	3.17885E+01
9858	285	3.17915E+01
7243	460	3.17924E+01
10604	724	3.17994E+01
7243	264	3.18075E+01
7243	584	3.18100E+01
10604	601	3.18141E+01
7153	544	3.18181E+01
7153	631	3.18182E+01
10772	461	3.18192E+01
10604	606	3.18215E+01
9858	415	3.18263E+01
7243	667	3.18288E+01
8190	322	3.18289E+01
10604	814	3.18420E+01
10688	373	3.18470E+01
10604	561	3.18473E+01
7243	355	3.18511E+01
10688	377	3.18535E+01
9858	274	3.18552E+01
7243	552	3.18558E+01
7243	90	3.18570E+01
7243	314	3.18587E+01
10604	558	3.18594E+01
7153	455	3.18611E+01
10604	807	3.18616E+01
10026	803	3.18628E+01
10026	679	3.18650E+01
7153	135	3.18688E+01
7153	630	3.18737E+01
10026	639	3.18764E+01
7243	792	3.18784E+01
9858	771	3.18803E+01
10026	720	3.18955E+01
7153	672	3.19001E+01
10688	431	3.19021E+01
10688	565	3.19030E+01
7153	359	3.19054E+01
7153	220	3.19085E+01
7243	129	3.19107E+01
7153	547	3.19159E+01
10026	682	3.19160E+01
7153	588	3.19172E+01
7153	632	3.19177E+01
7153	567	3.19218E+01
7153	591	3.19241E+01
10026	638	3.19247E+01
10026	724	3.19260E+01
7153	673	3.19269E+01
7153	323	3.19279E+01
7243	215	3.19284E+01
10604	731	3.19392E+01
10604	648	3.19484E+01
7153	318	3.19486E+01
10026	640	3.19576E+01
10026	766	3.19693E+01
7153	714	3.19750E+01
9858	605	3.19762E+01
7153	268	3.19800E+01
7243	762	3.19863E+01
8190	414	3.19878E+01
7243	231	3.19947E+01
7153	451	3.20033E+01
7153	226	3.20078E+01
10604	765	3.20084E+01
10688	378	3.20098E+01
10688	721	3.20107E+01
7243	679	3.20151E+01
7153	671	3.20190E+01
9858	674	3.20198E+01
10604	562	3.20208E+01
9858	335	3.20245E+01
7153	713	3.20280E+01
10026	808	3.20281E+01
7243	750	3.20288E+01
10026	761	3.20288E+01
10688	473	3.20332E+01
7243	89	3.20347E+01
7153	410	3.20373E+01
10688	372	3.20435E+01
9858	813	3.20437E+01
10604	641	3.20441E+01
9858	757	3.20455E+01
7153	415	3.20476E+01
10604	557	3.20514E+01
7243	328	3.20581E+01
10026	597	3.20581E+01
7153	543	3.20582E+01
10026	598	3.20636E+01
7153	629	3.20639E+01
10604	773	3.20733E+01
7153	715	3.20740E+01
10688	334	3.20757E+01
10688	804	3.20760E+01
7153	755	3.20769E+01
9858	688	3.20779E+01
7153	756	3.20829E+01
7243	625	3.20843E+01
10604	682	3.20869E+01
7243	447	3.20941E+01
9858	376	3.20957E+01
7153	142	3.20983E+01
10604	468	3.20991E+01
7153	134	3.21028E+01
10604	607	3.21078E+01
10688	333	3.21114E+01
7153	674	3.21153E+01
10688	462	3.21156E+01
7153	364	3.21159E+01
10688	335	3.21168E+01
10688	422	3.21186E+01
10026	637	3.21196E+01
10604	467	3.21200E+01
7153	274	3.21238E+01
8190	591	3.21261E+01
10604	600	3.21288E+01
7243	406	3.21360E+01
10604	690	3.21375E+01
9858	142	3.21383E+01
10026	678	3.21395E+01
8190	757	3.21420E+01
10026	641	3.21530E+01
7153	797	3.21547E+01
10604	469	3.21567E+01
8190	225	3.21639E+01
10026	683	3.21739E+01
9858	323	3.21789E+01
9858	561	3.21795E+01
7153	219	3.21801E+01
7153	587	3.21807E+01
9858	226	3.21815E+01
7153	633	3.21852E+01
7243	128	3.21871E+01
10026	599	3.21888E+01
7243	539	3.21893E+01
10026	596	3.21900E+01
7243	88	3.21986E+01
7243	708	3.22075E+01
7153	358	3.22102E+01
7153	754	3.22106E+01
7153	798	3.22124E+01
7153	712	3.22146E+01
10688	379	3.22190E+01
10688	432	3.22209E+01
7243	263	3.22216E+01
7153	287	3.22223E+01
10604	466	3.22225E+01
7153	456	3.22230E+01
10688	336	3.22251E+01
10688	332	3.22355E+01
10026	725	3.22357E+01
7153	796	3.22398E+01
10026	553	3.22424E+01
7153	757	3.22435E+01
8190	363	3.22466E+01
10604	723	3.22521E+01
7153	592	3.22533E+01
10772	720	3.22566E+01
7153	317	3.22577E+01
7153	670	3.22614E+01
10026	719	3.22642E+01
10026	802	3.22741E+01
7243	214	3.22786E+01
7153	568	3.22792E+01
10604	563	3.22800E+01
7153	548	3.22805E+01
7153	267	3.22819E+01
9858	547	3.22827E+01
10026	554	3.22854E+01
10604	470	3.22916E+01
8190	567	3.22958E+01
9858	469	3.22962E+01
10688	597	3.22965E+01
9858	567	3.22966E+01
9858	428	3.23030E+01
7243	313	3.23176E+01
10026	767	3.23178E+01
8190	674	3.23201E+01
7243	804	3.23211E+01
10604	649	3.23213E+01
10604	732	3.23217E+01
8190	455	3.23237E+01
10604	806	3.23248E+01
7153	450	3.23297E+01
10026	552	3.23308E+01
7153	716	3.23364E+01
10688	284	3.23395E+01
8190	547	3.23400E+01
10688	638	3.23400E+01
10688	285	3.23440E+01
10604	556	3.23467E+01
10688	371	3.23478E+01
7243	354	3.23495E+01
7243	87	3.23504E+01
10772	803	3.23525E+01
7153	133	3.23581E+01
9858	286	3.23587E+01
7153	628	3.23629E+01
7153	324	3.23687E+01
10772	280	3.23688E+01
10772	233	3.23731E+01
7153	409	3.23740E+01
7243	420	3.23808E+01
8190	273	3.23839E+01
7243	638	3.23879E+01
7243	583	3.23894E+01
7153	542	3.23911E+01
9858	455	3.23918E+01
10688	337	3.23926E+01
10772	329	3.23931E+01
9858	591	3.24002E+01
10026	809	3.24007E+01
9858	730	3.24052E+01
10604	465	3.24120E+01
7243	666	3.24185E+01
10026	600	3.24188E+01
7243	279	3.24191E+01
7153	799	3.24240E+01
10688	553	3.24247E+01
10688	283	3.24253E+01
10688	286	3.24289E+01
10026	555	3.24408E+01
7243	127	3.24420E+01
10688	762	3.24429E+01
10026	461	3.24478E+01
7153	795	3.24493E+01
9858	647	3.24512E+01
10026	642	3.24513E+01
7153	227	3.24606E+01
10688	331	3.24622E+01
7153	753	3.24626E+01
7243	791	3.24640E+01
7153	675	3.24728E+01
10772	420	3.24775E+01
10026	636	3.24776E+01
10026	595	3.24778E+01
10688	380	3.24792E+01
7153	218	3.24793E+01
10604	608	3.24799E+01
8190	799	3.24826E+01
7243	721	3.24884E+01
7243	86	3.24923E+01
10772	596	3.24935E+01
10604	471	3.25035E+01
10026	760	3.25038E+01
10026	462	3.25071E+01
7153	711	3.25103E+01
8190	141	3.25198E+01
10026	460	3.25199E+01
10604	640	3.25227E+01
7153	416	3.25288E+01
10604	427	3.25319E+01
10026	684	3.25330E+01
7153	586	3.25334E+01
10604	764	3.25381E+01
7243	369	3.25499E+01
10688	679	3.25526E+01
9858	715	3.25560E+01
10772	552	3.25569E+01
10604	428	3.25624E+01
10604	691	3.25628E+01
7153	758	3.25659E+01
10604	599	3.25660E+01
10772	369	3.25693E+01
7153	357	3.25695E+01
10604	426	3.25700E+01
10026	551	3.25705E+01
10026	677	3.25848E+01
7153	669	3.26004E+01
7243	213	3.26051E+01
10688	421	3.26081E+01
7153	316	3.26090E+01
10688	282	3.26125E+01
10688	338	3.26126E+01
7243	262	3.26128E+01
7153	266	3.26157E+01
7243	749	3.26165E+01
9858	336	3.26190E+01
10604	681	3.26217E+01
7153	132	3.26223E+01
10604	564	3.26232E+01
7153	634	3.26254E+01
7243	85	3.26261E+01
7153	365	3.26350E+01
9858	363	3.26356E+01
7153	275	3.26370E+01
7243	446	3.26391E+01
10026	726	3.26434E+01
9858	772	3.26487E+01
10026	420	3.26487E+01
7243	405	3.26563E+01
10604	429	3.26584E+01
7243	624	3.26657E+01
10772	637	3.26717E+01
7243	597	3.26750E+01
7243	126	3.26773E+01
10026	463	3.26774E+01
9858	273	3.26806E+01
10604	425	3.26822E+01
10026	421	3.26877E+01
10026	556	3.26931E+01
10604	464	3.26971E+01
9858	377	3.26975E+01
9858	632	3.27048E+01
7153	449	3.27183E+01
10688	461	3.27315E+01
9858	606	3.27363E+01
7153	627	3.27424E+01
10026	601	3.27431E+01
10026	459	3.27437E+01
7243	538	3.27482E+01
9858	798	3.27487E+01
10026	419	3.27494E+01
7243	461	3.27514E+01
7243	84	3.27533E+01
10604	555	3.27553E+01
7243	312	3.27560E+01
7153	593	3.27569E+01
10026	768	3.27585E+01
7153	794	3.27594E+01
7153	457	3.27610E+01
7153	408	3.27621E+01
7153	717	3.27656E+01
10604	650	3.27724E+01
10688	370	3.27798E+01
9858	141	3.27882E+01
7153	541	3.27889E+01
7153	217	3.27899E+01
7243	707	3.27922E+01
10604	472	3.27925E+01
7153	800	3.27933E+01
9858	814	3.27992E+01
7153	752	3.28068E+01
9858	414	3.28082E+01
10688	330	3.28083E+01
10026	718	3.28101E+01
8190	716	3.28127E+01
10604	430	3.28189E+01
7243	553	3.28199E+01
7153	549	3.28204E+01
10026	369	3.28239E+01
7243	353	3.28292E+01
10026	643	3.28446E+01
8190	633	3.28450E+01
10026	422	3.28454E+01
10026	810	3.28581E+01
10604	722	3.28591E+01
10026	801	3.28645E+01
7243	83	3.28749E+01
7243	232	3.28772E+01
10604	424	3.28776E+01
10026	368	3.28780E+01
9858	689	3.28845E+01
7153	131	3.28858E+01
7153	710	3.28873E+01
8190	323	3.28920E+01
7243	125	3.28951E+01
10772	460	3.28960E+01
7243	763	3.29009E+01
10026	370	3.29071E+01
7243	212	3.29084E+01
10688	281	3.29130E+01
9858	562	3.29173E+01
10688	720	3.29311E+01
10604	609	3.29328E+01
10026	594	3.29365E+01
10026	464	3.29412E+01
10772	761	3.29418E+01
10604	805	3.29463E+01
9858	429	3.29469E+01
7153	585	3.29472E+01
7243	582	3.29530E+01
7153	356	3.29601E+01
7153	265	3.29627E+01
9858	225	3.29645E+01
7153	325	3.29733E+01
7243	680	3.29744E+01
10026	550	3.29785E+01
7243	261	3.29808E+01
7153	315	3.29814E+01
10026	685	3.29862E+01
10026	328	3.29895E+01
9858	470	3.29908E+01
10604	375	3.29915E+01
7243	82	3.29916E+01
7243	665	3.29942E+01
10604	376	3.29969E+01
7153	676	3.29994E+01
7153	668	3.30075E+01
10026	418	3.30091E+01
10026	635	3.30112E+01
10026	329	3.30163E+01
10688	803	3.30230E+01
7243	329	3.30265E+01
10026	557	3.30315E+01
7243	790	3.30399E+01
10604	431	3.30443E+01
10604	565	3.30476E+01
7153	759	3.30501E+01
7153	228	3.30506E+01
10604	374	3.30558E+01
10688	234	3.30565E+01
10604	377	3.30645E+01
10772	678	3.30730E+01
10026	367	3.30876E+01
10604	463	3.30903E+01
7243	124	3.30983E+01
7153	216	3.30997E+01
10026	423	3.31020E+01
7243	81	3.31040E+01
10026	327	3.31068E+01
10026	371	3.31071E+01
8190	415	3.31113E+01
7153	235	3.31202E+01
10772	232	3.31229E+01
9858	322	3.31253E+01
10026	458	3.31367E+01
10604	598	3.31392E+01
7153	130	3.31411E+01
10026	727	3.31413E+01
7153	793	3.31434E+01
7153	448	3.31442E+01
10688	596	3.31468E+01
10604	639	3.31483E+01
7243	404	3.31542E+01
10026	602	3.31552E+01
10026	279	3.31559E+01
10604	473	3.31578E+01
10026	759	3.31604E+01
7243	445	3.31620E+01
10604	423	3.31686E+01
10026	330	3.31694E+01
7243	311	3.31721E+01
7153	626	3.31745E+01
9858	673	3.31755E+01
7153	407	3.31787E+01
7153	91	3.31814E+01
7153	417	3.31816E+01
7243	748	3.31876E+01
10604	378	3.31892E+01
8190	226	3.31899E+01
7243	211	3.31904E+01
10604	373	3.31997E+01
1226	638	3.32066E+01
10026	676	3.32099E+01
10026	278	3.32100E+01
10772	279	3.32116E+01
7243	80	3.32125E+01
7153	751	3.32155E+01
10688	552	3.32236E+01
1226	596	3.32245E+01
7243	623	3.32254E+01
7153	540	3.32257E+01
1226	680	3.32275E+01
9858	756	3.32281E+01
10026	280	3.32292E+01
9858	731	3.32321E+01
10604	763	3.32331E+01
7153	635	3.32349E+01
1226	597	3.32407E+01
8190	758	3.32442E+01
7243	805	3.32471E+01
10688	420	3.32484E+01
1226	552	3.32509E+01
1226	639	3.32552E+01
9858	337	3.32596E+01
10688	637	3.32633E+01
8190	592	3.32730E+01
1226	679	3.32745E+01
1226	637	3.32771E+01
1226	722	3.32824E+01
7243	537	3.32828E+01
10026	769	3.32828E+01
9858	648	3.32840E+01
10026	465	3.32852E+01
7243	352	3.32854E+01
7243	123	3.32890E+01
1226	681	3.32898E+01
10604	554	3.32914E+01
10688	329	3.32929E+01
1226	551	3.32953E+01
7153	276	3.33012E+01
7153	264	3.33089E+01
1226	460	3.33104E+01
1226	459	3.33143E+01
10604	680	3.33155E+01
7153	801	3.33173E+01
7243	79	3.33176E+01
7153	709	3.33180E+01
7153	366	3.33208E+01
1226	721	3.33211E+01
10772	328	3.33214E+01
7243	260	3.33271E+01
10026	644	3.33276E+01
10604	432	3.33349E+01
1226	553	3.33366E+01
1226	595	3.33387E+01
7153	90	3.33393E+01
10688	280	3.33403E+01
1226	723	3.33439E+01
9858	378	3.33462E+01
7243	706	3.33540E+01
7153	718	3.33576E+01
1226	419	3.33578E+01
7153	314	3.33590E+01
10688	369	3.33608E+01
10604	334	3.33635E+01
7153	355	3.33637E+01
10604	379	3.33678E+01
10604	335	3.33683E+01
1226	764	3.33693E+01
1226	418	3.33700E+01
1226	598	3.33725E+01
10026	231	3.33825E+01
10026	326	3.33827E+01
7153	129	3.33834E+01
10026	232	3.33895E+01
10026	811	3.33912E+01
7243	280	3.33923E+01
7153	584	3.33961E+01
1226	367	3.33975E+01
7153	215	3.34004E+01
7243	421	3.34028E+01
7243	639	3.34029E+01
8190	364	3.34036E+01
9858	546	3.34040E+01
10026	372	3.34043E+01
10026	277	3.34050E+01
1226	640	3.34089E+01
1226	763	3.34121E+01
10026	281	3.34157E+01
1226	765	3.34176E+01
7243	78	3.34200E+01
10688	233	3.34283E+01
9858	566	3.34285E+01
7153	594	3.34292E+01
10026	331	3.34302E+01
10604	372	3.34367E+01
10604	333	3.34373E+01
1226	461	3.34397E+01
10026	424	3.34406E+01
10604	336	3.34419E+01
10026	417	3.34425E+01
1226	678	3.34436E+01
1226	682	3.34490E+01
10026	558	3.34494E+01
1226	368	3.34504E+01
7243	210	3.34542E+01
7153	667	3.34557E+01
10026	366	3.34667E+01
1226	458	3.34672E+01
7153	458	3.34681E+01
1226	326	3.34693E+01
7243	122	3.34693E+01
1226	720	3.34723E+01
10688	761	3.34723E+01
9858	773	3.34724E+01
8190	568	3.34743E+01
1226	327	3.34759E+01
1226	636	3.34795E+01
8190	675	3.34796E+01
1226	550	3.34845E+01
7153	89	3.34853E+01
7243	722	3.34861E+01
1226	420	3.34874E+01
7243	581	3.34884E+01
1226	806	3.34888E+01
8190	142	3.34912E+01
10026	230	3.34927E+01
1226	724	3.34943E+01
9858	454	3.34974E+01
1226	366	3.34995E+01
10026	233	3.35037E+01
8190	274	3.35057E+01
8190	456	3.35088E+01
10688	460	3.35102E+01
1226	807	3.35136E+01
7243	77	3.35208E+01
8190	548	3.35268E+01
10026	686	3.35275E+01
7153	550	3.35285E+01
9858	140	3.35306E+01
1226	277	3.35347E+01
1226	554	3.35357E+01
1226	417	3.35387E+01
10026	717	3.35387E+01
7243	664	3.35413E+01
1226	805	3.35459E+01
1226	766	3.35463E+01
1226	762	3.35577E+01
9858	590	3.35648E+01
7243	310	3.35655E+01
10026	549	3.35660E+01
10688	678	3.35660E+01
10604	422	3.35718E+01
9858	607	3.35722E+01
7153	792	3.35745E+01
10026	593	3.35756E+01
10604	337	3.35760E+01
7243	370	3.35816E+01
7153	447	3.35866E+01
7243	789	3.35890E+01
1226	276	3.35898E+01
10772	419	3.35911E+01
1226	594	3.35961E+01
10604	380	3.35983E+01
10604	332	3.36017E+01
1226	599	3.36050E+01
7153	406	3.36059E+01
10604	462	3.36082E+01
7153	128	3.36101E+01
1226	808	3.36102E+01
10604	285	3.36121E+01
8190	800	3.36160E+01
10772	368	3.36167E+01
1226	325	3.36195E+01
7153	88	3.36202E+01
7243	76	3.36210E+01
1226	278	3.36225E+01
7243	403	3.36244E+01
1226	328	3.36286E+01
9858	272	3.36325E+01
7153	625	3.36340E+01
10604	721	3.36370E+01
10026	800	3.36381E+01
7243	121	3.36408E+01
1226	369	3.36438E+01
7153	263	3.36453E+01
10604	284	3.36459E+01
9858	430	3.36479E+01
10026	603	3.36512E+01
1226	229	3.36515E+01
7243	259	3.36543E+01
7243	444	3.36551E+01
1226	641	3.36556E+01
10604	286	3.36603E+01
7153	750	3.36624E+01
7153	539	3.36796E+01
10772	719	3.36826E+01
1226	462	3.36841E+01
7153	214	3.36868E+01
7153	677	3.36879E+01
7153	760	3.36892E+01
1226	230	3.36938E+01
1226	683	3.36945E+01
1226	804	3.36959E+01
9858	362	3.36988E+01
10026	466	3.37009E+01
10026	282	3.37015E+01
7243	209	3.37037E+01
10026	457	3.37099E+01
10026	234	3.37146E+01
7243	351	3.37157E+01
7243	75	3.37217E+01
10026	728	3.37221E+01
1226	725	3.37238E+01
7243	598	3.37256E+01
10026	634	3.37262E+01
7243	747	3.37273E+01
10026	229	3.37290E+01
9858	563	3.37293E+01
7153	313	3.37313E+01
7153	326	3.37331E+01
1226	228	3.37380E+01
1226	421	3.37409E+01
10604	804	3.37439E+01
1226	677	3.37453E+01
7153	87	3.37453E+01
1226	767	3.37464E+01
1226	719	3.37469E+01
10026	276	3.37510E+01
7243	622	3.37517E+01
9858	471	3.37535E+01
9858	690	3.37578E+01
10604	338	3.37637E+01
1226	365	3.37653E+01
7153	354	3.37673E+01
1226	809	3.37700E+01
7153	229	3.37701E+01
10604	283	3.37719E+01
7153	708	3.37768E+01
1226	457	3.37798E+01
10026	373	3.37816E+01
10026	332	3.37817E+01
10604	371	3.37841E+01
7243	536	3.37848E+01
1226	275	3.37953E+01
9858	714	3.37957E+01
10772	802	3.38023E+01
7243	120	3.38058E+01
7243	462	3.38097E+01
1226	761	3.38172E+01
7153	127	3.38204E+01
7243	74	3.38235E+01
1226	635	3.38238E+01
10026	325	3.38259E+01
1226	549	3.38287E+01
1226	555	3.38321E+01
7243	233	3.38400E+01
1226	279	3.38413E+01
10772	595	3.38428E+01
10772	551	3.38488E+01
10026	425	3.38488E+01
9858	224	3.38551E+01
1226	231	3.38563E+01
7153	583	3.38584E+01
7153	86	3.38621E+01
10604	597	3.38655E+01
10604	331	3.38708E+01
1226	416	3.38722E+01
7243	705	3.38801E+01
10026	770	3.38826E+01
7243	554	3.38854E+01
10026	645	3.38960E+01
10688	279	3.39083E+01
1226	329	3.39119E+01
7243	764	3.39171E+01
10688	232	3.39195E+01
7153	666	3.39214E+01
1226	600	3.39262E+01
7243	73	3.39269E+01
9858	631	3.39302E+01
1226	324	3.39311E+01
9858	413	3.39337E+01
10688	328	3.39348E+01
7243	309	3.39367E+01
10604	638	3.39379E+01
9858	338	3.39421E+01
7243	208	3.39424E+01
10026	559	3.39432E+01
1226	803	3.39500E+01
7153	213	3.39563E+01
1226	227	3.39578E+01
1226	370	3.39596E+01
7243	258	3.39651E+01
7243	119	3.39665E+01
7153	262	3.39669E+01
7153	85	3.39724E+01
10604	553	3.39730E+01
1226	642	3.39856E+01
1226	810	3.39857E+01
