GRAM	c2h2	chi_tot
7586	609	2.10180E+01
7586	650	2.10378E+01
7586	565	2.11048E+01
7586	691	2.11569E+01
7586	608	2.13069E+01
7586	473	2.13147E+01
7586	649	2.13333E+01
7586	732	2.13692E+01
7586	564	2.13989E+01
7586	690	2.14679E+01
7586	472	2.16348E+01
7586	607	2.16590E+01
7586	773	2.16712E+01
7586	648	2.16919E+01
7586	731	2.17034E+01
7586	432	2.17128E+01
7586	563	2.17576E+01
7586	689	2.18422E+01
7586	471	2.20240E+01
7586	772	2.20349E+01
7586	814	2.20610E+01
7586	606	2.20791E+01
7586	431	2.20981E+01
7586	730	2.21011E+01
7586	647	2.21184E+01
7586	562	2.21865E+01
7586	688	2.22849E+01
7586	813	2.24590E+01
7586	771	2.24623E+01
486	473	2.24707E+01
7586	470	2.24877E+01
486	565	2.24993E+01
7586	380	2.25057E+01
7586	430	2.25586E+01
7586	729	2.25678E+01
7586	605	2.25728E+01
7586	646	2.26181E+01
7586	561	2.26912E+01
486	432	2.26924E+01
486	609	2.27195E+01
376	473	2.27340E+01
376	565	2.27684E+01
7586	687	2.28017E+01
486	472	2.28861E+01
486	564	2.29024E+01
7586	812	2.29209E+01
376	432	2.29498E+01
7586	770	2.29593E+01
376	609	2.29951E+01
7586	379	2.30184E+01
7586	469	2.30315E+01
266	473	2.30886E+01
7586	429	2.30991E+01
7586	728	2.31096E+01
486	650	2.31211E+01
486	608	2.31313E+01
266	565	2.31423E+01
7586	604	2.31462E+01
376	472	2.31487E+01
486	431	2.31598E+01
376	564	2.31712E+01
7586	645	2.31970E+01
7586	560	2.32781E+01
266	432	2.32939E+01
486	380	2.33660E+01
486	563	2.33679E+01
486	471	2.33689E+01
7586	686	2.33984E+01
266	609	2.33986E+01
376	650	2.34049E+01
376	608	2.34071E+01
376	431	2.34159E+01
7586	811	2.34535E+01
266	472	2.35138E+01
7586	769	2.35327E+01
486	649	2.35523E+01
266	564	2.35571E+01
486	607	2.36028E+01
7586	378	2.36115E+01
376	380	2.36162E+01
376	471	2.36305E+01
376	563	2.36362E+01
7586	468	2.36609E+01
486	430	2.37014E+01
486	691	2.37032E+01
7586	428	2.37240E+01
7586	727	2.37329E+01
266	431	2.37691E+01
7586	603	2.38060E+01
266	608	2.38235E+01
376	649	2.38365E+01
266	650	2.38489E+01
7586	644	2.38619E+01
376	607	2.38785E+01
486	562	2.39009E+01
486	470	2.39245E+01
486	379	2.39495E+01
7586	559	2.39533E+01
376	430	2.39560E+01
266	380	2.39574E+01
376	691	2.39969E+01
266	471	2.40059E+01
266	563	2.40336E+01
486	648	2.40418E+01
7586	810	2.40638E+01
7586	685	2.40819E+01
486	606	2.41386E+01
486	690	2.41602E+01
376	562	2.41685E+01
376	470	2.41849E+01
7586	768	2.41894E+01
376	379	2.41978E+01
7586	338	2.42161E+01
7586	377	2.42881E+01
266	649	2.42941E+01
266	607	2.43075E+01
266	430	2.43179E+01
486	429	2.43219E+01
376	648	2.43262E+01
5421	232	2.43574E+01
5421	233	2.43581E+01
7586	467	2.43809E+01
5421	231	2.43971E+01
5421	234	2.44009E+01
376	606	2.44141E+01
7586	427	2.44373E+01
7586	726	2.44447E+01
376	690	2.44545E+01
486	732	2.44645E+01
5421	230	2.44747E+01
266	691	2.44930E+01
486	561	2.45069E+01
266	379	2.45465E+01
5421	279	2.45492E+01
5421	278	2.45576E+01
486	469	2.45582E+01
7586	602	2.45594E+01
266	470	2.45702E+01
376	429	2.45748E+01
266	562	2.45771E+01
5421	229	2.45876E+01
486	647	2.45943E+01
5421	280	2.45962E+01
486	378	2.46132E+01
5421	277	2.46182E+01
7586	643	2.46200E+01
486	689	2.46745E+01
5421	281	2.47008E+01
7586	558	2.47230E+01
5421	276	2.47267E+01
5421	228	2.47322E+01
486	605	2.47441E+01
4261	565	2.47548E+01
5421	327	2.47558E+01
7586	809	2.47594E+01
376	732	2.47704E+01
376	561	2.47735E+01
5421	328	2.47850E+01
5421	326	2.47906E+01
266	648	2.47970E+01
376	469	2.48172E+01
266	606	2.48551E+01
376	378	2.48595E+01
7586	684	2.48597E+01
5421	282	2.48645E+01
5421	275	2.48774E+01
376	647	2.48786E+01
4261	473	2.48809E+01
5421	329	2.48825E+01
5421	325	2.48840E+01
4261	609	2.48841E+01
5421	227	2.49045E+01
7586	337	2.49368E+01
7586	767	2.49368E+01
266	429	2.49452E+01
486	731	2.49511E+01
266	690	2.49644E+01
5421	367	2.49663E+01
376	689	2.49692E+01
5421	366	2.49848E+01
376	605	2.50189E+01
486	338	2.50197E+01
5421	368	2.50204E+01
4159	565	2.50243E+01
486	428	2.50256E+01
5421	324	2.50287E+01
5421	142	2.50367E+01
7586	376	2.50506E+01
5421	330	2.50508E+01
5421	274	2.50637E+01
5421	365	2.50690E+01
5421	283	2.50881E+01
5421	226	2.50997E+01
4159	473	2.51344E+01
5421	369	2.51521E+01
4159	609	2.51602E+01
5421	417	2.51668E+01
5421	418	2.51809E+01
486	560	2.51917E+01
266	561	2.51928E+01
7586	466	2.51964E+01
5421	364	2.52102E+01
266	469	2.52120E+01
486	646	2.52145E+01
266	378	2.52154E+01
5421	323	2.52159E+01
5421	141	2.52186E+01
5421	416	2.52254E+01
4261	650	2.52367E+01
7586	426	2.52425E+01
486	688	2.52508E+01
7586	725	2.52527E+01
376	731	2.52577E+01
376	338	2.52598E+01
5421	419	2.52750E+01
486	468	2.52751E+01
376	428	2.52767E+01
5421	273	2.52782E+01
5421	331	2.52913E+01
4261	564	2.53126E+01
5421	225	2.53129E+01
266	732	2.53300E+01
5421	415	2.53475E+01
4261	432	2.53519E+01
5421	457	2.53555E+01
486	377	2.53601E+01
5421	458	2.53603E+01
266	647	2.53620E+01
5421	370	2.53641E+01
5421	284	2.53724E+01
5421	363	2.53981E+01
486	773	2.54033E+01
5421	140	2.54101E+01
7586	601	2.54131E+01
5421	456	2.54241E+01
486	604	2.54248E+01
5421	322	2.54361E+01
4261	608	2.54421E+01
5421	459	2.54468E+01
5421	420	2.54537E+01
376	560	2.54571E+01
4261	472	2.54594E+01
266	605	2.54715E+01
7586	642	2.54790E+01
266	689	2.54923E+01
486	730	2.54940E+01
376	646	2.54985E+01
4159	650	2.55127E+01
5421	272	2.55131E+01
5421	549	2.55188E+01
5421	414	2.55220E+01
376	468	2.55325E+01
5421	224	2.55387E+01
376	688	2.55456E+01
7586	808	2.55481E+01
5421	548	2.55543E+01
5421	455	2.55559E+01
4159	564	2.55612E+01
5421	550	2.55616E+01
4159	432	2.55764E+01
7586	557	2.55930E+01
5421	568	2.55974E+01
376	377	2.56043E+01
5421	332	2.56046E+01
266	338	2.56049E+01
5421	139	2.56087E+01
5421	460	2.56205E+01
5421	362	2.56216E+01
266	428	2.56553E+01
5421	371	2.56579E+01
5421	547	2.56583E+01
5421	593	2.56776E+01
5421	321	2.56795E+01
5421	551	2.56900E+01
4159	472	2.56912E+01
5421	567	2.56963E+01
4159	608	2.56983E+01
376	604	2.56986E+01
5421	592	2.57000E+01
5421	285	2.57180E+01
5421	421	2.57197E+01
376	773	2.57237E+01
5421	594	2.57345E+01
7586	336	2.57360E+01
5421	413	2.57371E+01
5421	454	2.57389E+01
7586	683	2.57395E+01
5421	271	2.57606E+01
5421	223	2.57718E+01
7586	766	2.57827E+01
5421	591	2.57924E+01
4261	691	2.57943E+01
376	730	2.58011E+01
486	337	2.58045E+01
4261	649	2.58056E+01
5421	138	2.58115E+01
486	427	2.58167E+01
5421	546	2.58192E+01
5421	634	2.58220E+01
266	731	2.58308E+01
5421	633	2.58477E+01
5421	566	2.58530E+01
5421	361	2.58696E+01
5421	635	2.58739E+01
5421	595	2.58775E+01
5421	461	2.58844E+01
266	560	2.58866E+01
486	687	2.58940E+01
7586	375	2.59008E+01
486	645	2.59079E+01
5421	552	2.59083E+01
486	772	2.59212E+01
266	468	2.59365E+01
5421	320	2.59367E+01
4261	563	2.59381E+01
5421	632	2.59419E+01
5421	590	2.59434E+01
5421	675	2.59556E+01
4056	565	2.59599E+01
5421	453	2.59606E+01
486	559	2.59611E+01
266	377	2.59673E+01
5421	412	2.59808E+01
5421	676	2.59887E+01
5421	333	2.59905E+01
4261	431	2.59908E+01
266	646	2.59938E+01
5421	674	2.59965E+01
5421	222	2.60070E+01
5421	636	2.60100E+01
5421	270	2.60136E+01
5421	137	2.60152E+01
5421	545	2.60246E+01
5421	372	2.60329E+01
5421	381	2.60367E+01
376	337	2.60422E+01
4056	473	2.60484E+01
4159	649	2.60626E+01
4159	691	2.60656E+01
376	427	2.60657E+01
4261	607	2.60659E+01
5421	422	2.60728E+01
486	467	2.60804E+01
266	688	2.60813E+01
5421	716	2.60871E+01
5421	717	2.60924E+01
5421	631	2.60933E+01
486	729	2.60981E+01
5421	673	2.61021E+01
5421	677	2.61024E+01
4261	471	2.61102E+01
5421	596	2.61102E+01
7586	465	2.61117E+01
5421	286	2.61253E+01
5421	360	2.61318E+01
4056	609	2.61322E+01
5421	589	2.61405E+01
7586	425	2.61425E+01
5421	715	2.61505E+01
266	604	2.61622E+01
7586	724	2.61644E+01
4159	563	2.61651E+01
5421	718	2.61736E+01
486	603	2.61869E+01
376	687	2.61885E+01
376	645	2.61912E+01
4159	431	2.61927E+01
486	376	2.61931E+01
5421	758	2.61979E+01
5421	319	2.61993E+01
5421	452	2.62087E+01
5421	136	2.62170E+01
5421	553	2.62179E+01
5421	757	2.62248E+01
376	559	2.62250E+01
5421	637	2.62338E+01
5421	462	2.62384E+01
5421	221	2.62396E+01
5421	759	2.62409E+01
5421	411	2.62417E+01
376	772	2.62422E+01
5421	672	2.62612E+01
5421	544	2.62615E+01
5421	269	2.62657E+01
5421	339	2.62718E+01
5421	714	2.62731E+01
5421	630	2.62895E+01
5421	678	2.63006E+01
4159	607	2.63012E+01
5421	756	2.63141E+01
5421	799	2.63149E+01
5421	800	2.63176E+01
4159	471	2.63195E+01
5421	719	2.63349E+01
376	467	2.63359E+01
266	773	2.63584E+01
5421	760	2.63587E+01
5421	588	2.63708E+01
7586	600	2.63733E+01
5421	798	2.63751E+01
4261	690	2.63814E+01
266	730	2.63869E+01
5421	801	2.63891E+01
266	337	2.63935E+01
5421	359	2.63990E+01
376	729	2.64052E+01
5421	135	2.64137E+01
4261	380	2.64144E+01
5421	597	2.64331E+01
376	376	2.64349E+01
7586	807	2.64376E+01
4261	648	2.64398E+01
5421	713	2.64435E+01
7586	641	2.64455E+01
5421	334	2.64481E+01
266	427	2.64521E+01
5421	755	2.64557E+01
376	603	2.64595E+01
5421	318	2.64603E+01
5421	671	2.64612E+01
5421	220	2.64658E+01
5421	451	2.64718E+01
4056	432	2.64841E+01
5421	373	2.64873E+01
5421	797	2.64903E+01
486	771	2.64943E+01
5421	410	2.65101E+01
5421	423	2.65110E+01
5421	268	2.65117E+01
486	814	2.65169E+01
5421	629	2.65175E+01
5421	543	2.65178E+01
4056	564	2.65184E+01
5421	802	2.65323E+01
4056	650	2.65358E+01
4261	732	2.65422E+01
5421	638	2.65456E+01
5421	761	2.65533E+01
7586	556	2.65683E+01
5421	720	2.65775E+01
5421	679	2.65837E+01
4159	380	2.65912E+01
5421	134	2.66030E+01
486	686	2.66095E+01
7586	335	2.66132E+01
5421	554	2.66171E+01
5421	587	2.66219E+01
4056	472	2.66256E+01
4159	690	2.66345E+01
4261	562	2.66367E+01
5421	754	2.66384E+01
5421	712	2.66496E+01
5421	796	2.66501E+01
5421	358	2.66640E+01
266	559	2.66641E+01
486	336	2.66689E+01
4159	648	2.66768E+01
5421	463	2.66799E+01
486	644	2.66807E+01
5421	219	2.66823E+01
5421	670	2.66896E+01
4056	608	2.66928E+01
5421	287	2.66960E+01
266	645	2.66977E+01
486	426	2.66985E+01
4261	430	2.67083E+01
5421	317	2.67142E+01
7586	682	2.67281E+01
7586	765	2.67344E+01
266	687	2.67360E+01
5421	450	2.67402E+01
5421	803	2.67472E+01
5421	267	2.67478E+01
266	467	2.67484E+01
4261	606	2.67603E+01
5421	628	2.67650E+01
486	728	2.67686E+01
5421	409	2.67778E+01
5421	542	2.67829E+01
5421	133	2.67829E+01
266	376	2.68047E+01
4159	732	2.68057E+01
376	771	2.68156E+01
486	558	2.68211E+01
5421	762	2.68238E+01
4261	470	2.68388E+01
7586	374	2.68395E+01
4159	562	2.68413E+01
5421	795	2.68434E+01
5421	598	2.68437E+01
5421	753	2.68501E+01
376	814	2.68542E+01
5421	711	2.68789E+01
5421	586	2.68825E+01
4159	430	2.68868E+01
5421	218	2.68869E+01
266	772	2.68893E+01
5421	721	2.68994E+01
376	686	2.69034E+01
376	336	2.69042E+01
5421	357	2.69213E+01
266	603	2.69333E+01
5421	669	2.69341E+01
5421	639	2.69427E+01
376	426	2.69453E+01
5421	680	2.69494E+01
5421	132	2.69522E+01
5421	316	2.69572E+01
376	644	2.69629E+01
5421	266	2.69715E+01
4159	606	2.69739E+01
5421	335	2.69758E+01
486	466	2.69785E+01
266	729	2.70031E+01
5421	449	2.70058E+01
5421	374	2.70182E+01
5421	627	2.70207E+01
4159	470	2.70250E+01
5421	424	2.70305E+01
5421	804	2.70310E+01
4261	689	2.70334E+01
486	602	2.70369E+01
5421	408	2.70386E+01
5421	541	2.70475E+01
5421	794	2.70587E+01
486	813	2.70655E+01
376	728	2.70753E+01
5421	217	2.70786E+01
5421	752	2.70791E+01
376	558	2.70832E+01
5421	555	2.71017E+01
4056	649	2.71086E+01
5421	131	2.71101E+01
486	375	2.71141E+01
4056	431	2.71195E+01
5421	710	2.71198E+01
486	770	2.71279E+01
7586	464	2.71302E+01
7586	424	2.71395E+01
5421	585	2.71430E+01
4056	563	2.71436E+01
4261	647	2.71440E+01
4261	731	2.71527E+01
4056	691	2.71539E+01
5421	763	2.71662E+01
5421	356	2.71672E+01
4261	379	2.71767E+01
5421	265	2.71815E+01
5421	668	2.71840E+01
6114	565	2.71850E+01
7586	723	2.71866E+01
5421	315	2.71870E+01
5421	464	2.72044E+01
376	466	2.72319E+01
5421	91	2.72456E+01
5421	130	2.72568E+01
5421	216	2.72570E+01
266	336	2.72614E+01
5421	448	2.72623E+01
4159	689	2.72673E+01
6114	473	2.72691E+01
5421	235	2.72718E+01
4056	471	2.72742E+01
5421	626	2.72751E+01
6114	609	2.72815E+01
5421	793	2.72849E+01
5421	407	2.72880E+01
5421	722	2.72961E+01
5421	540	2.73044E+01
376	602	2.73080E+01
5421	751	2.73147E+01
4056	607	2.73179E+01
4159	379	2.73301E+01
5421	599	2.73371E+01
266	426	2.73391E+01
5421	90	2.73458E+01
376	375	2.73534E+01
4159	647	2.73600E+01
5421	709	2.73624E+01
5421	264	2.73773E+01
5421	805	2.73785E+01
5421	681	2.73924E+01
5421	129	2.73925E+01
5421	584	2.73960E+01
4159	731	2.73988E+01
5421	355	2.73991E+01
5421	314	2.74025E+01
376	813	2.74031E+01
486	685	2.74034E+01
4261	561	2.74143E+01
5421	640	2.74198E+01
5421	215	2.74225E+01
5421	667	2.74304E+01
7586	806	2.74351E+01
5421	89	2.74385E+01
7586	599	2.74446E+01
376	770	2.74490E+01
266	686	2.74619E+01
4261	773	2.74686E+01
266	771	2.74744E+01
266	644	2.74798E+01
5421	447	2.75053E+01
4056	380	2.75089E+01
4261	429	2.75090E+01
486	727	2.75109E+01
5421	792	2.75125E+01
5421	128	2.75180E+01
5421	625	2.75208E+01
5421	406	2.75228E+01
5421	88	2.75243E+01
7586	640	2.75247E+01
4261	605	2.75307E+01
266	558	2.75311E+01
6114	650	2.75370E+01
486	643	2.75396E+01
5421	750	2.75478E+01
5421	539	2.75484E+01
5421	263	2.75592E+01
7586	334	2.75661E+01
5421	336	2.75707E+01
5421	764	2.75746E+01
266	814	2.75747E+01
5421	214	2.75759E+01
6114	564	2.75814E+01
4159	561	2.75957E+01
5421	708	2.75984E+01
5421	313	2.76032E+01
5421	87	2.76039E+01
6114	432	2.76089E+01
486	335	2.76123E+01
5421	354	2.76156E+01
5421	375	2.76218E+01
5421	425	2.76267E+01
5421	127	2.76343E+01
5421	583	2.76357E+01
4261	469	2.76509E+01
266	466	2.76525E+01
7586	555	2.76525E+01
4159	429	2.76636E+01
5421	556	2.76659E+01
5421	666	2.76661E+01
486	812	2.76684E+01
486	425	2.76742E+01
5421	86	2.76781E+01
6114	608	2.76787E+01
266	728	2.76843E+01
6114	472	2.76870E+01
376	685	2.76963E+01
6209	565	2.76966E+01
5421	213	2.77181E+01
4159	605	2.77218E+01
4159	773	2.77226E+01
5421	262	2.77279E+01
266	375	2.77298E+01
5421	446	2.77318E+01
5421	791	2.77336E+01
5421	405	2.77410E+01
5421	126	2.77423E+01
4056	648	2.77455E+01
4056	690	2.77458E+01
5421	85	2.77474E+01
5421	624	2.77522E+01
4261	688	2.77554E+01
5421	723	2.77608E+01
5421	749	2.77711E+01
5421	538	2.77757E+01
486	557	2.77769E+01
6209	609	2.77781E+01
5421	806	2.77828E+01
6209	473	2.77857E+01
5421	312	2.77892E+01
266	602	2.77911E+01
7586	764	2.77981E+01
5421	465	2.78064E+01
5421	84	2.78128E+01
4159	469	2.78131E+01
5421	353	2.78160E+01
376	727	2.78169E+01
376	643	2.78203E+01
5421	707	2.78215E+01
486	769	2.78272E+01
4261	730	2.78278E+01
7586	681	2.78307E+01
4056	430	2.78325E+01
4056	562	2.78409E+01
5421	125	2.78430E+01
376	335	2.78451E+01
5421	212	2.78500E+01
5421	582	2.78581E+01
7586	373	2.78660E+01
5421	83	2.78749E+01
5421	261	2.78841E+01
5421	665	2.78860E+01
7586	286	2.78973E+01
5421	682	2.79058E+01
5421	600	2.79067E+01
376	425	2.79186E+01
4261	646	2.79232E+01
5421	82	2.79344E+01
5421	124	2.79371E+01
5421	445	2.79397E+01
5421	404	2.79414E+01
5421	790	2.79420E+01
6114	691	2.79431E+01
6114	649	2.79476E+01
5421	311	2.79609E+01
5421	623	2.79655E+01
4159	688	2.79689E+01
5421	641	2.79701E+01
5421	211	2.79725E+01
4056	732	2.79729E+01
486	465	2.79738E+01
5421	748	2.79794E+01
486	601	2.79812E+01
5421	537	2.79838E+01
5421	81	2.79916E+01
4056	470	2.79996E+01
5421	352	2.79998E+01
376	812	2.80059E+01
6209	650	2.80103E+01
4056	606	2.80124E+01
4261	378	2.80226E+01
5421	123	2.80256E+01
5421	706	2.80274E+01
5421	260	2.80288E+01
376	557	2.80369E+01
5421	765	2.80411E+01
6114	563	2.80442E+01
5421	80	2.80471E+01
4159	730	2.80552E+01
5421	581	2.80607E+01
6209	564	2.80746E+01
5421	210	2.80867E+01
5421	664	2.80868E+01
6114	431	2.80893E+01
5421	79	2.81010E+01
4261	772	2.81061E+01
5421	122	2.81091E+01
4159	646	2.81173E+01
5421	310	2.81185E+01
266	770	2.81186E+01
6209	432	2.81189E+01
5421	403	2.81235E+01
486	374	2.81239E+01
5421	444	2.81281E+01
5421	789	2.81337E+01
266	813	2.81344E+01
6114	607	2.81401E+01
376	769	2.81478E+01
4159	378	2.81519E+01
5421	78	2.81536E+01
6209	608	2.81568E+01
5421	622	2.81583E+01
5421	259	2.81627E+01
5421	351	2.81673E+01
5421	747	2.81692E+01
5421	536	2.81715E+01
6114	471	2.81762E+01
6209	472	2.81855E+01
5421	121	2.81883E+01
5421	209	2.81934E+01
5421	77	2.82050E+01
266	335	2.82082E+01
5421	705	2.82133E+01
376	465	2.82248E+01
5421	337	2.82295E+01
7586	423	2.82343E+01
5421	807	2.82357E+01
5421	580	2.82422E+01
376	601	2.82503E+01
7586	463	2.82538E+01
5421	76	2.82553E+01
5421	309	2.82627E+01
5421	120	2.82636E+01
266	685	2.82647E+01
4056	379	2.82654E+01
5421	663	2.82666E+01
4261	560	2.82768E+01
486	684	2.82823E+01
5421	724	2.82856E+01
5421	258	2.82866E+01
5421	402	2.82872E+01
5421	208	2.82934E+01
5421	376	2.82939E+01
5421	426	2.82945E+01
5421	443	2.82966E+01
5421	557	2.83035E+01
5421	75	2.83047E+01
5421	788	2.83060E+01
5421	350	2.83186E+01
266	425	2.83194E+01
7586	722	2.83237E+01
5421	621	2.83295E+01
486	811	2.83310E+01
486	726	2.83313E+01
5421	119	2.83354E+01
5421	535	2.83382E+01
5421	746	2.83386E+01
4159	772	2.83432E+01
266	643	2.83466E+01
5421	74	2.83530E+01
376	374	2.83607E+01
6114	690	2.83756E+01
5421	704	2.83780E+01
4261	604	2.83832E+01
6209	691	2.83853E+01
5421	207	2.83873E+01
5421	308	2.83938E+01
4261	428	2.83973E+01
5421	73	2.84001E+01
5421	257	2.84008E+01
4056	689	2.84011E+01
5421	579	2.84022E+01
6209	649	2.84022E+01
5421	118	2.84041E+01
6114	648	2.84213E+01
5421	662	2.84249E+01
6114	380	2.84295E+01
5421	401	2.84327E+01
4159	560	2.84340E+01
266	727	2.84360E+01
5421	442	2.84453E+01
5421	72	2.84457E+01
4056	647	2.84509E+01
5421	349	2.84540E+01
5421	787	2.84580E+01
5421	117	2.84698E+01
5421	206	2.84755E+01
5421	620	2.84792E+01
5421	466	2.84802E+01
5421	683	2.84816E+01
5421	534	2.84844E+01
5421	745	2.84870E+01
5421	71	2.84896E+01
486	642	2.84910E+01
266	557	2.84930E+01
6114	732	2.84941E+01
5421	256	2.85059E+01
5421	307	2.85122E+01
6209	563	2.85191E+01
5421	703	2.85216E+01
4159	428	2.85273E+01
5421	70	2.85319E+01
5421	116	2.85327E+01
5421	578	2.85413E+01
7586	805	2.85455E+01
5421	601	2.85456E+01
5421	514	2.85491E+01
4159	604	2.85508E+01
4261	468	2.85515E+01
4261	687	2.85524E+01
5421	766	2.85575E+01
5421	205	2.85581E+01
5421	400	2.85606E+01
5421	661	2.85620E+01
4261	814	2.85641E+01
5421	513	2.85676E+01
5421	69	2.85724E+01
4261	729	2.85727E+01
376	684	2.85736E+01
5421	348	2.85741E+01
5421	441	2.85750E+01
6114	562	2.85787E+01
6209	431	2.85814E+01
5421	512	2.85855E+01
5421	642	2.85858E+01
4056	731	2.85885E+01
5421	786	2.85898E+01
7586	333	2.85917E+01
5421	115	2.85928E+01
486	768	2.85982E+01
6209	607	2.85997E+01
5421	255	2.86018E+01
5421	511	2.86030E+01
5421	619	2.86083E+01
5421	533	2.86107E+01
5421	68	2.86114E+01
5421	744	2.86151E+01
4056	561	2.86160E+01
5421	306	2.86182E+01
5421	510	2.86202E+01
4056	429	2.86279E+01
7586	598	2.86291E+01
486	334	2.86331E+01
5421	204	2.86354E+01
376	726	2.86361E+01
5421	509	2.86370E+01
5421	702	2.86448E+01
6114	430	2.86472E+01
5421	67	2.86488E+01
5421	114	2.86504E+01
266	465	2.86528E+01
5421	508	2.86538E+01
6209	471	2.86566E+01
4261	338	2.86574E+01
5421	577	2.86606E+01
376	811	2.86680E+01
6114	606	2.86703E+01
5421	507	2.86706E+01
5421	399	2.86717E+01
5421	660	2.86791E+01
5421	347	2.86794E+01
5421	66	2.86848E+01
5421	440	2.86866E+01
5421	506	2.86875E+01
4159	468	2.86890E+01
5421	254	2.86890E+01
5421	785	2.87024E+01
5421	505	2.87044E+01
5421	113	2.87054E+01
5421	203	2.87072E+01
5421	305	2.87123E+01
5421	183	2.87158E+01
5421	618	2.87181E+01
5421	532	2.87187E+01
7586	639	2.87188E+01
5421	65	2.87196E+01
5421	504	2.87214E+01
5421	743	2.87241E+01
5421	182	2.87278E+01
5421	808	2.87293E+01
5421	503	2.87384E+01
5421	181	2.87403E+01
266	601	2.87419E+01
6114	470	2.87419E+01
266	374	2.87433E+01
4159	687	2.87446E+01
486	424	2.87461E+01
266	812	2.87471E+01
486	286	2.87475E+01
5421	701	2.87493E+01
5421	180	2.87531E+01
5421	64	2.87535E+01
5421	502	2.87557E+01
5421	112	2.87579E+01
4159	338	2.87600E+01
5421	576	2.87618E+01
5421	179	2.87664E+01
5421	398	2.87671E+01
5421	253	2.87673E+01
376	642	2.87699E+01
5421	346	2.87706E+01
5421	501	2.87734E+01
5421	202	2.87736E+01
5421	659	2.87780E+01
5421	178	2.87800E+01
4159	729	2.87804E+01
4056	605	2.87817E+01
5421	439	2.87817E+01
4261	645	2.87833E+01
5421	63	2.87869E+01
5421	500	2.87914E+01
5421	177	2.87939E+01
5421	304	2.87948E+01
5421	784	2.87974E+01
6209	690	2.87992E+01
4056	469	2.88075E+01
4261	771	2.88076E+01
4159	814	2.88076E+01
5421	111	2.88078E+01
5421	176	2.88081E+01
5421	531	2.88099E+01
5421	499	2.88101E+01
5421	617	2.88105E+01
5421	742	2.88157E+01
5421	62	2.88198E+01
5421	175	2.88226E+01
266	769	2.88271E+01
5421	498	2.88294E+01
486	556	2.88335E+01
5421	201	2.88345E+01
5421	700	2.88368E+01
5421	252	2.88372E+01
5421	174	2.88375E+01
5421	575	2.88466E+01
7586	554	2.88467E+01
5421	397	2.88481E+01
5421	345	2.88490E+01
5421	497	2.88495E+01
5421	61	2.88524E+01
5421	173	2.88527E+01
7586	285	2.88547E+01
5421	110	2.88549E+01
6209	648	2.88574E+01
5421	658	2.88607E+01
5421	725	2.88617E+01
5421	438	2.88618E+01
376	334	2.88633E+01
5421	303	2.88664E+01
5421	172	2.88682E+01
5421	496	2.88704E+01
6114	689	2.88704E+01
5421	783	2.88767E+01
5421	171	2.88843E+01
5421	60	2.88848E+01
5421	530	2.88862E+01
5421	616	2.88875E+01
5421	200	2.88899E+01
5421	741	2.88920E+01
5421	495	2.88923E+01
5421	40	2.88924E+01
6209	732	2.88982E+01
5421	251	2.88987E+01
5421	109	2.88993E+01
5421	170	2.89010E+01
5421	39	2.89067E+01
5421	699	2.89094E+01
5421	494	2.89151E+01
5421	344	2.89154E+01
5421	396	2.89163E+01
5421	59	2.89167E+01
5421	574	2.89171E+01
376	768	2.89178E+01
6209	380	2.89181E+01
5421	169	2.89183E+01
5421	38	2.89213E+01
5421	302	2.89278E+01
5421	437	2.89287E+01
5421	657	2.89291E+01
5421	37	2.89360E+01
5421	168	2.89362E+01
5421	493	2.89386E+01
5421	199	2.89396E+01
5421	108	2.89408E+01
5421	782	2.89423E+01
5421	58	2.89480E+01
5421	338	2.89482E+01
5421	529	2.89495E+01
5421	36	2.89506E+01
5421	615	2.89511E+01
5421	250	2.89523E+01
4159	645	2.89544E+01
5421	167	2.89546E+01
6114	731	2.89547E+01
5421	740	2.89549E+01
4261	377	2.89552E+01
5421	492	2.89625E+01
6114	647	2.89627E+01
5421	35	2.89647E+01
5421	698	2.89693E+01
5421	343	2.89713E+01
5421	395	2.89732E+01
376	286	2.89733E+01
5421	166	2.89733E+01
5421	573	2.89753E+01
7586	763	2.89772E+01
5421	34	2.89784E+01
5421	57	2.89785E+01
7586	372	2.89786E+01
5421	107	2.89791E+01
5421	301	2.89801E+01
4056	773	2.89816E+01
5421	198	2.89838E+01
5421	436	2.89841E+01
5421	656	2.89854E+01
5421	491	2.89867E+01
376	424	2.89878E+01
5421	33	2.89913E+01
5421	165	2.89920E+01
5421	781	2.89961E+01
5421	249	2.89985E+01
5421	528	2.90016E+01
5421	614	2.90032E+01
5421	32	2.90036E+01
5421	739	2.90065E+01
5421	558	2.90077E+01
5421	56	2.90079E+01
5421	164	2.90105E+01
5421	490	2.90108E+01
5421	106	2.90141E+01
5421	31	2.90152E+01
5421	342	2.90179E+01
5421	697	2.90182E+01
5421	394	2.90202E+01
5421	197	2.90226E+01
5421	572	2.90229E+01
5421	300	2.90240E+01
486	600	2.90252E+01
5421	30	2.90263E+01
4159	771	2.90266E+01
5421	163	2.90287E+01
5421	427	2.90292E+01
5421	435	2.90296E+01
5421	377	2.90302E+01
5421	655	2.90313E+01
5421	489	2.90345E+01
6209	562	2.90353E+01
5421	55	2.90357E+01
6114	379	2.90358E+01
5421	29	2.90370E+01
5421	248	2.90379E+01
5421	780	2.90400E+01
5421	527	2.90442E+01
5421	105	2.90457E+01
5421	613	2.90458E+01
5421	162	2.90464E+01
5421	28	2.90474E+01
5421	738	2.90485E+01
7586	680	2.90493E+01
5421	196	2.90562E+01
5421	341	2.90564E+01
5421	488	2.90573E+01
5421	27	2.90578E+01
5421	696	2.90580E+01
486	810	2.90588E+01
5421	393	2.90588E+01
4159	377	2.90600E+01
5421	299	2.90607E+01
5421	54	2.90616E+01
5421	571	2.90616E+01
5421	161	2.90636E+01
5421	434	2.90668E+01
5421	26	2.90682E+01
5421	654	2.90686E+01
486	464	2.90696E+01
5421	247	2.90711E+01
5421	104	2.90736E+01
5421	779	2.90757E+01
5421	25	2.90787E+01
5421	526	2.90788E+01
5421	487	2.90788E+01
5421	160	2.90802E+01
5421	612	2.90803E+01
5421	737	2.90825E+01
5421	195	2.90850E+01
5421	53	2.90852E+01
5421	340	2.90880E+01
5421	24	2.90893E+01
5421	695	2.90902E+01
5421	392	2.90903E+01
376	556	2.90910E+01
5421	298	2.90910E+01
5421	570	2.90931E+01
5421	159	2.90960E+01
5421	433	2.90971E+01
5421	103	2.90981E+01
5421	653	2.90987E+01
5421	246	2.90988E+01
5421	486	2.90988E+01
5421	23	2.90999E+01
5421	778	2.91045E+01
4056	378	2.91048E+01
5421	52	2.91065E+01
5421	525	2.91069E+01
5421	611	2.91082E+01
5421	194	2.91094E+01
5421	736	2.91100E+01
5421	22	2.91103E+01
5421	158	2.91108E+01
5421	684	2.91112E+01
6209	606	2.91115E+01
5421	767	2.91154E+01
5421	297	2.91159E+01
5421	391	2.91159E+01
5421	694	2.91162E+01
5421	485	2.91170E+01
5421	569	2.91184E+01
5421	102	2.91193E+01
5421	21	2.91203E+01
6209	430	2.91214E+01
5421	245	2.91218E+01
5421	652	2.91231E+01
4462	285	2.91246E+01
5421	157	2.91246E+01
4056	688	2.91248E+01
5421	51	2.91252E+01
5421	777	2.91277E+01
5421	524	2.91295E+01
5421	20	2.91298E+01
5421	193	2.91299E+01
5421	610	2.91306E+01
5421	735	2.91321E+01
5421	484	2.91333E+01
5421	296	2.91363E+01
5421	390	2.91367E+01
5421	693	2.91371E+01
5421	101	2.91373E+01
5421	156	2.91373E+01
5421	19	2.91388E+01
5421	244	2.91407E+01
5421	50	2.91415E+01
5421	651	2.91426E+01
5421	776	2.91463E+01
5421	192	2.91469E+01
5421	18	2.91472E+01
5421	483	2.91477E+01
5421	523	2.91477E+01
5421	155	2.91489E+01
5421	734	2.91499E+01
266	684	2.91509E+01
5421	100	2.91525E+01
4462	284	2.91527E+01
5421	295	2.91528E+01
5421	389	2.91534E+01
5421	692	2.91539E+01
5421	17	2.91549E+01
5421	49	2.91554E+01
5421	243	2.91562E+01
4462	286	2.91586E+01
5421	154	2.91593E+01
5421	482	2.91601E+01
5421	191	2.91609E+01
5421	775	2.91612E+01
5421	16	2.91620E+01
5421	522	2.91623E+01
5421	733	2.91641E+01
5421	99	2.91652E+01
5421	294	2.91662E+01
5421	388	2.91668E+01
5421	48	2.91672E+01
5421	153	2.91685E+01
5421	15	2.91686E+01
5421	242	2.91688E+01
5421	481	2.91708E+01
5421	190	2.91724E+01
5421	774	2.91732E+01
5421	521	2.91740E+01
5421	14	2.91745E+01
5421	98	2.91756E+01
5421	152	2.91766E+01
5421	293	2.91770E+01
5421	47	2.91771E+01
5421	387	2.91776E+01
5421	241	2.91789E+01
5421	480	2.91797E+01
5421	13	2.91799E+01
5421	189	2.91818E+01
5421	520	2.91834E+01
5421	151	2.91836E+01
5421	97	2.91842E+01
5421	12	2.91848E+01
5421	46	2.91853E+01
5421	292	2.91856E+01
5421	386	2.91862E+01
6114	773	2.91862E+01
5421	240	2.91872E+01
5421	479	2.91873E+01
5421	11	2.91893E+01
5421	188	2.91893E+01
5421	150	2.91898E+01
6114	561	2.91904E+01
5421	519	2.91909E+01
5421	96	2.91912E+01
5421	45	2.91920E+01
5421	291	2.91926E+01
5421	385	2.91931E+01
5421	10	2.91933E+01
5421	478	2.91935E+01
5421	239	2.91938E+01
5421	149	2.91950E+01
5421	187	2.91955E+01
5421	518	2.91968E+01
5421	9	2.91969E+01
5421	95	2.91969E+01
5421	44	2.91975E+01
5421	290	2.91982E+01
5421	384	2.91986E+01
5421	477	2.91986E+01
5421	238	2.91991E+01
5421	148	2.91995E+01
5421	8	2.92002E+01
5421	186	2.92004E+01
5421	94	2.92015E+01
5421	517	2.92016E+01
5421	43	2.92019E+01
5421	289	2.92026E+01
5421	476	2.92028E+01
5421	383	2.92030E+01
5421	7	2.92031E+01
5421	147	2.92032E+01
5421	237	2.92033E+01
6209	470	2.92042E+01
5421	185	2.92044E+01
5421	93	2.92053E+01
5421	516	2.92053E+01
5421	42	2.92055E+01
5421	6	2.92057E+01
5421	288	2.92062E+01
5421	475	2.92062E+01
5421	146	2.92063E+01
5421	382	2.92064E+01
5421	236	2.92067E+01
5421	184	2.92075E+01
5421	5	2.92080E+01
5421	92	2.92082E+01
5421	515	2.92084E+01
5421	41	2.92084E+01
5421	145	2.92089E+01
5421	474	2.92090E+01
5421	4	2.92099E+01
5421	144	2.92111E+01
5421	3	2.92117E+01
5421	143	2.92128E+01
5421	2	2.92131E+01
5421	1	2.92144E+01
5421	0	2.92154E+01
5421	467	2.92201E+01
486	373	2.92223E+01
4056	646	2.92298E+01
4261	813	2.92299E+01
4261	559	2.92301E+01
266	334	2.92321E+01
486	725	2.92360E+01
4462	283	2.92419E+01
5421	602	2.92460E+01
486	683	2.92526E+01
5421	809	2.92560E+01
5421	643	2.92586E+01
266	726	2.92641E+01
4056	730	2.92669E+01
6114	605	2.92746E+01
6209	689	2.92756E+01
6114	429	2.92869E+01
376	600	2.92920E+01
266	642	2.93045E+01
376	464	2.93180E+01
4261	603	2.93242E+01
266	286	2.93305E+01
6209	731	2.93405E+01
4159	559	2.93625E+01
4462	333	2.93699E+01
4261	427	2.93771E+01
6209	647	2.93804E+01
6114	469	2.93892E+01
4462	282	2.93911E+01
4462	332	2.93912E+01
4261	728	2.93929E+01
376	810	2.93949E+01
266	424	2.93952E+01
266	811	2.94180E+01
4462	334	2.94228E+01
7586	422	2.94255E+01
4261	686	2.94302E+01
6114	688	2.94324E+01
486	767	2.94469E+01
376	373	2.94564E+01
4159	813	2.94569E+01
4159	603	2.94674E+01
4056	560	2.94748E+01
6114	730	2.94769E+01
5421	726	2.94808E+01
7586	462	2.94814E+01
4159	427	2.94819E+01
4462	331	2.94866E+01
6209	379	2.95070E+01
4056	428	2.95102E+01
376	725	2.95391E+01
486	641	2.95410E+01
376	683	2.95420E+01
4261	467	2.95456E+01
6209	773	2.95459E+01
4462	335	2.95491E+01
266	556	2.95544E+01
7586	721	2.95768E+01
6114	646	2.95769E+01
4261	770	2.95787E+01
4159	728	2.95798E+01
4462	281	2.95989E+01
4159	686	2.96000E+01
266	768	2.96056E+01
4462	372	2.96168E+01
4056	772	2.96235E+01
4261	337	2.96251E+01
6209	561	2.96287E+01
4056	604	2.96317E+01
4462	373	2.96415E+01
4462	234	2.96532E+01
4462	330	2.96552E+01
4565	286	2.96568E+01
4159	467	2.96577E+01
4565	285	2.96682E+01
4462	371	2.96753E+01
6114	772	2.96791E+01
7586	332	2.96862E+01
6209	605	2.96976E+01
4056	468	2.97028E+01
4159	337	2.97037E+01
4056	338	2.97066E+01
5421	768	2.97072E+01
6114	378	2.97244E+01
486	333	2.97283E+01
4261	644	2.97306E+01
4565	284	2.97415E+01
6209	429	2.97433E+01
4462	336	2.97472E+01
4462	374	2.97478E+01
266	464	2.97529E+01
376	767	2.97650E+01
7586	804	2.97709E+01
486	285	2.97715E+01
5421	559	2.97715E+01
4159	770	2.97785E+01
5421	685	2.97859E+01
266	600	2.97911E+01
5421	810	2.98090E+01
376	641	2.98175E+01
4462	370	2.98175E+01
6209	688	2.98193E+01
5421	428	2.98255E+01
5421	378	2.98263E+01
6209	469	2.98335E+01
6209	730	2.98445E+01
266	373	2.98451E+01
486	809	2.98580E+01
4462	423	2.98621E+01
4462	280	2.98634E+01
7586	284	2.98636E+01
4462	422	2.98731E+01
4565	283	2.98755E+01
4159	644	2.98778E+01
6114	560	2.98850E+01
4462	329	2.98951E+01
4565	333	2.98981E+01
4565	334	2.99017E+01
486	423	2.99151E+01
4056	687	2.99219E+01
7586	597	2.99250E+01
4462	233	2.99290E+01
4462	375	2.99330E+01
4462	424	2.99387E+01
376	333	2.99559E+01
6114	604	2.99590E+01
4261	812	2.99594E+01
4565	332	2.99687E+01
4462	421	2.99736E+01
6209	646	2.99763E+01
4261	376	2.99769E+01
4565	335	2.99788E+01
5421	644	2.99800E+01
486	555	2.99940E+01
376	285	2.99949E+01
5421	603	2.99997E+01
6114	428	3.00125E+01
4056	729	3.00134E+01
4462	337	3.00144E+01
6114	814	3.00168E+01
5421	468	3.00196E+01
6209	772	3.00209E+01
7586	638	3.00264E+01
4056	377	3.00301E+01
4462	369	3.00415E+01
4159	376	3.00566E+01
6114	729	3.00658E+01
6114	687	3.00669E+01
4565	282	3.00690E+01
4056	645	3.00880E+01
4462	463	3.00885E+01
4462	425	3.00991E+01
4462	462	3.01089E+01
4565	331	3.01132E+01
6114	468	3.01233E+01
4359	285	3.01245E+01
266	683	3.01267E+01
4565	336	3.01280E+01
4565	373	3.01326E+01
5421	727	3.01353E+01
4359	286	3.01482E+01
7586	553	3.01483E+01
266	810	3.01525E+01
376	423	3.01540E+01
4462	464	3.01581E+01
4565	372	3.01598E+01
4359	284	3.01627E+01
4462	420	3.01633E+01
4159	812	3.01687E+01
4056	814	3.01705E+01
486	599	3.01729E+01
7586	371	3.01736E+01
266	725	3.01746E+01
6209	378	3.01781E+01
4462	279	3.01822E+01
4565	374	3.01873E+01
376	809	3.01926E+01
4462	376	3.01934E+01
4462	328	3.02031E+01
4462	461	3.02216E+01
486	724	3.02313E+01
6114	771	3.02328E+01
4462	232	3.02433E+01
376	555	3.02488E+01
4359	283	3.02617E+01
486	463	3.02679E+01
6114	645	3.02697E+01
4565	371	3.02705E+01
7586	762	3.02712E+01
4261	558	3.02801E+01
6114	338	3.02809E+01
4261	727	3.02945E+01
4462	554	3.03040E+01
6209	560	3.03051E+01
4462	465	3.03136E+01
486	682	3.03200E+01
4565	281	3.03204E+01
4565	375	3.03214E+01
4462	555	3.03224E+01
5421	769	3.03262E+01
6209	814	3.03262E+01
4056	771	3.03277E+01
266	333	3.03302E+01
4565	330	3.03305E+01
4462	426	3.03392E+01
4462	368	3.03438E+01
4565	337	3.03470E+01
4462	338	3.03476E+01
266	285	3.03571E+01
266	641	3.03592E+01
4261	602	3.03604E+01
6209	604	3.03636E+01
4359	333	3.03680E+01
4565	423	3.03688E+01
4462	553	3.03775E+01
486	766	3.03796E+01
7586	679	3.03815E+01
5421	811	3.03822E+01
4159	558	3.03868E+01
4565	424	3.03921E+01
4261	685	3.03952E+01
4359	332	3.04003E+01
486	372	3.04077E+01
4359	334	3.04097E+01
6209	729	3.04155E+01
4359	282	3.04205E+01
4056	559	3.04231E+01
5318	232	3.04231E+01
4261	769	3.04255E+01
4462	460	3.04264E+01
4462	556	3.04287E+01
4565	234	3.04289E+01
4565	422	3.04336E+01
6209	687	3.04356E+01
376	599	3.04370E+01
4462	419	3.04391E+01
5318	231	3.04397E+01
5318	233	3.04474E+01
6209	428	3.04512E+01
4261	426	3.04517E+01
4159	727	3.04594E+01
266	767	3.04599E+01
4565	370	3.04647E+01
4159	602	3.04783E+01
4056	427	3.04830E+01
5318	230	3.04950E+01
6114	377	3.04980E+01
5421	686	3.04982E+01
4565	425	3.05000E+01
4462	598	3.05029E+01
4359	331	3.05065E+01
376	463	3.05134E+01
5318	234	3.05143E+01
4359	335	3.05248E+01
4462	377	3.05254E+01
4462	599	3.05277E+01
4159	426	3.05308E+01
4565	376	3.05315E+01
376	724	3.05321E+01
4159	685	3.05415E+01
6114	813	3.05438E+01
4462	552	3.05441E+01
6209	468	3.05495E+01
4462	466	3.05497E+01
4462	278	3.05516E+01
6209	771	3.05569E+01
266	423	3.05675E+01
4462	597	3.05680E+01
4056	603	3.05687E+01
4462	327	3.05743E+01
5318	229	3.05861E+01
5421	560	3.05872E+01
4565	421	3.05882E+01
4462	231	3.05936E+01
4565	463	3.05949E+01
4159	769	3.06049E+01
376	682	3.06069E+01
4565	464	3.06104E+01
4462	557	3.06179E+01
4565	329	3.06186E+01
4359	372	3.06197E+01
5318	278	3.06253E+01
4565	280	3.06280E+01
4359	373	3.06324E+01
4565	338	3.06327E+01
4261	466	3.06376E+01
4359	281	3.06377E+01
4462	600	3.06379E+01
376	372	3.06389E+01
5318	279	3.06447E+01
6209	645	3.06507E+01
4462	427	3.06543E+01
5318	277	3.06590E+01
4056	337	3.06666E+01
6114	559	3.06684E+01
4565	462	3.06701E+01
4261	336	3.06742E+01
5421	379	3.06774E+01
5421	429	3.06776E+01
4359	330	3.06857E+01
4565	426	3.06884E+01
8402	338	3.06888E+01
4359	371	3.06901E+01
4056	467	3.06906E+01
486	640	3.06936E+01
4462	639	3.06954E+01
376	766	3.06955E+01
4359	234	3.07018E+01
4462	640	3.07034E+01
7586	421	3.07084E+01
5318	228	3.07098E+01
4359	336	3.07114E+01
4565	465	3.07127E+01
4462	367	3.07185E+01
266	555	3.07186E+01
4462	459	3.07197E+01
5318	280	3.07201E+01
4159	466	3.07237E+01
4462	596	3.07250E+01
4359	374	3.07266E+01
6114	728	3.07271E+01
4159	336	3.07285E+01
6209	338	3.07292E+01
6114	603	3.07297E+01
486	808	3.07345E+01
4565	369	3.07404E+01
4565	233	3.07408E+01
5318	276	3.07414E+01
5421	645	3.07420E+01
4261	811	3.07584E+01
8402	337	3.07662E+01
4261	643	3.07721E+01
4462	638	3.07748E+01
6114	686	3.07795E+01
4462	641	3.07939E+01
4462	418	3.07953E+01
4056	686	3.07979E+01
5421	604	3.07989E+01
4565	555	3.08005E+01
4462	551	3.08020E+01
7586	461	3.08083E+01
8490	338	3.08101E+01
4565	377	3.08140E+01
5421	728	3.08183E+01
4462	601	3.08275E+01
6114	427	3.08277E+01
4565	420	3.08319E+01
4056	728	3.08333E+01
6209	813	3.08361E+01
4565	554	3.08370E+01
4565	461	3.08381E+01
4056	813	3.08394E+01
8402	378	3.08421E+01
4359	370	3.08438E+01
7586	331	3.08455E+01
5318	327	3.08457E+01
486	284	3.08494E+01
5318	326	3.08501E+01
6114	770	3.08528E+01
4565	556	3.08531E+01
5318	281	3.08538E+01
8402	377	3.08568E+01
4359	423	3.08581E+01
4462	467	3.08609E+01
5318	227	3.08620E+01
4462	681	3.08660E+01
5318	275	3.08673E+01
5421	469	3.08720E+01
4359	422	3.08819E+01
4462	558	3.08835E+01
4462	680	3.08910E+01
4159	643	3.08945E+01
486	332	3.08946E+01
4565	466	3.08968E+01
4359	375	3.08995E+01
8402	379	3.09005E+01
5318	328	3.09063E+01
4359	280	3.09114E+01
5318	325	3.09142E+01
8490	378	3.09157E+01
8402	336	3.09164E+01
7586	283	3.09202E+01
4462	682	3.09209E+01
8490	337	3.09211E+01
4359	424	3.09217E+01
4462	378	3.09247E+01
6209	377	3.09343E+01
4359	329	3.09360E+01
7586	720	3.09423E+01
8490	379	3.09423E+01
266	599	3.09425E+01
4462	637	3.09437E+01
8402	376	3.09482E+01
4159	811	3.09488E+01
6114	467	3.09489E+01
4565	427	3.09528E+01
266	463	3.09544E+01
266	809	3.09563E+01
5318	142	3.09587E+01
4462	642	3.09607E+01
8490	377	3.09634E+01
4565	553	3.09660E+01
5421	770	3.09664E+01
4462	277	3.09665E+01
4359	337	3.09671E+01
376	640	3.09673E+01
5421	812	3.09704E+01
4462	595	3.09728E+01
4565	328	3.09739E+01
4462	230	3.09764E+01
4359	233	3.09854E+01
4565	279	3.09889E+01
4565	557	3.09897E+01
4359	421	3.09949E+01
4565	599	3.09972E+01
4462	679	3.10004E+01
8402	428	3.10016E+01
4462	326	3.10022E+01
4565	598	3.10268E+01
8402	380	3.10282E+01
5318	274	3.10299E+01
5318	324	3.10307E+01
4056	644	3.10318E+01
266	372	3.10333E+01
8402	427	3.10338E+01
5318	329	3.10358E+01
4462	722	3.10363E+01
5318	226	3.10381E+01
4462	428	3.10392E+01
8490	380	3.10393E+01
4056	376	3.10440E+01
4462	723	3.10452E+01
8402	429	3.10457E+01
5318	282	3.10470E+01
6114	644	3.10473E+01
4462	683	3.10492E+01
4565	600	3.10543E+01
5318	366	3.10548E+01
6209	728	3.10589E+01
8490	428	3.10646E+01
376	808	3.10670E+01
5318	367	3.10691E+01
4359	425	3.10692E+01
6209	559	3.10702E+01
376	284	3.10703E+01
8490	429	3.10778E+01
4359	369	3.10792E+01
4359	463	3.10861E+01
8490	376	3.10887E+01
4462	602	3.10893E+01
4261	375	3.10895E+01
4565	232	3.10905E+01
4565	368	3.10937E+01
6114	337	3.10939E+01
4462	458	3.10948E+01
4565	460	3.10982E+01
4056	770	3.10995E+01
4462	721	3.11045E+01
8490	336	3.11055E+01
5318	365	3.11074E+01
7586	803	3.11088E+01
6209	603	3.11159E+01
376	332	3.11194E+01
8402	375	3.11194E+01
4359	462	3.11200E+01
4462	724	3.11253E+01
5318	141	3.11266E+01
8490	427	3.11290E+01
6209	686	3.11301E+01
6114	812	3.11312E+01
8402	335	3.11408E+01
4359	464	3.11421E+01
4159	375	3.11437E+01
4462	550	3.11459E+01
8402	426	3.11469E+01
4565	597	3.11473E+01
4359	376	3.11477E+01
5318	368	3.11568E+01
4565	467	3.11570E+01
4462	366	3.11573E+01
8402	468	3.11576E+01
6209	770	3.11596E+01
8402	430	3.11609E+01
4565	419	3.11613E+01
8490	430	3.11635E+01
4565	378	3.11647E+01
266	724	3.11737E+01
4565	640	3.11790E+01
486	422	3.11798E+01
8402	467	3.11875E+01
4565	552	3.11886E+01
4462	764	3.11901E+01
5318	323	3.11914E+01
4565	601	3.11921E+01
4462	678	3.11958E+01
4462	643	3.11960E+01
4359	420	3.11968E+01
266	682	3.11978E+01
4462	636	3.12009E+01
8490	468	3.12019E+01
8402	469	3.12037E+01
4565	558	3.12040E+01
4462	765	3.12163E+01
4565	641	3.12172E+01
5318	364	3.12183E+01
4462	559	3.12188E+01
8490	469	3.12194E+01
5318	273	3.12220E+01
4462	417	3.12231E+01
4565	639	3.12249E+01
4462	763	3.12330E+01
5318	225	3.12332E+01
5318	330	3.12366E+01
4359	279	3.12390E+01
5421	687	3.12409E+01
4462	468	3.12410E+01
4462	684	3.12434E+01
4359	461	3.12460E+01
6209	427	3.12487E+01
5318	417	3.12524E+01
4462	720	3.12538E+01
4359	328	3.12540E+01
486	554	3.12593E+01
8490	467	3.12622E+01
4462	725	3.12692E+01
8490	426	3.12756E+01
5318	416	3.12776E+01
4359	465	3.12837E+01
4261	726	3.12839E+01
4565	428	3.12881E+01
4359	338	3.12887E+01
8490	375	3.12948E+01
4359	426	3.12961E+01
8402	466	3.12997E+01
5318	283	3.13005E+01
5318	418	3.13010E+01
4462	766	3.13048E+01
5318	140	3.13048E+01
4462	594	3.13068E+01
4359	232	3.13072E+01
8490	470	3.13085E+01
8402	559	3.13088E+01
4359	554	3.13107E+01
4359	555	3.13147E+01
8490	431	3.13165E+01
8402	560	3.13171E+01
8402	470	3.13198E+01
486	723	3.13222E+01
5318	369	3.13227E+01
7586	596	3.13263E+01
8490	560	3.13308E+01
4565	642	3.13331E+01
8402	431	3.13419E+01
4462	806	3.13431E+01
8402	425	3.13452E+01
8490	559	3.13491E+01
4462	762	3.13502E+01
4261	768	3.13543E+01
6209	467	3.13569E+01
6114	376	3.13588E+01
4565	681	3.13589E+01
4565	638	3.13592E+01
4565	596	3.13602E+01
4565	682	3.13623E+01
8490	335	3.13648E+01
5318	415	3.13676E+01
8402	374	3.13730E+01
4462	805	3.13733E+01
4462	807	3.13737E+01
5318	363	3.13776E+01
8402	558	3.13784E+01
8490	561	3.13852E+01
4462	379	3.13866E+01
5318	322	3.13866E+01
4462	229	3.13878E+01
4565	327	3.13915E+01
4359	368	3.13925E+01
266	766	3.13959E+01
8402	561	3.13963E+01
8402	286	3.13975E+01
4359	553	3.13981E+01
4565	278	3.13994E+01
486	765	3.14018E+01
4565	602	3.14036E+01
8490	466	3.14062E+01
4359	556	3.14065E+01
6209	812	3.14066E+01
6209	644	3.14101E+01
4462	603	3.14156E+01
376	422	3.14157E+01
4462	276	3.14207E+01
4159	726	3.14257E+01
486	598	3.14259E+01
5318	419	3.14303E+01
4261	557	3.14322E+01
5318	272	3.14359E+01
5318	457	3.14369E+01
4565	680	3.14370E+01
266	284	3.14375E+01
8402	334	3.14401E+01
4565	683	3.14407E+01
7586	637	3.14411E+01
5318	224	3.14419E+01
8402	603	3.14426E+01
7586	370	3.14454E+01
4565	459	3.14464E+01
5421	561	3.14472E+01
8490	558	3.14474E+01
4462	767	3.14481E+01
8490	604	3.14533E+01
4261	684	3.14544E+01
8402	604	3.14576E+01
4462	808	3.14584E+01
8490	603	3.14613E+01
8490	471	3.14629E+01
4359	460	3.14636E+01
6114	727	3.14667E+01
4056	558	3.14668E+01
4359	377	3.14673E+01
4462	726	3.14691E+01
4462	804	3.14704E+01
5318	456	3.14715E+01
4565	231	3.14752E+01
4462	677	3.14759E+01
5318	458	3.14768E+01
4462	325	3.14784E+01
4359	419	3.14845E+01
4462	719	3.14850E+01
4565	468	3.14874E+01
486	681	3.14885E+01
4462	429	3.14885E+01
4565	559	3.14893E+01
5318	139	3.14907E+01
4462	644	3.14918E+01
4462	685	3.14953E+01
4261	601	3.14980E+01
266	332	3.14991E+01
8402	465	3.14994E+01
8402	471	3.14997E+01
8402	602	3.15017E+01
4565	551	3.15024E+01
8490	562	3.15054E+01
4359	466	3.15059E+01
8490	425	3.15085E+01
4359	598	3.15100E+01
5318	331	3.15101E+01
376	554	3.15110E+01
5318	414	3.15117E+01
4159	768	3.15120E+01
4159	557	3.15125E+01
4565	723	3.15132E+01
8490	605	3.15142E+01
5016	565	3.15143E+01
266	640	3.15147E+01
4565	367	3.15183E+01
4565	643	3.15192E+01
4359	599	3.15198E+01
5421	729	3.15239E+01
6209	337	3.15253E+01
8490	432	3.15317E+01
8402	557	3.15328E+01
5421	646	3.15376E+01
8402	605	3.15394E+01
8402	562	3.15395E+01
4462	457	3.15417E+01
4462	635	3.15419E+01
4565	724	3.15444E+01
4462	761	3.15445E+01
6114	769	3.15453E+01
8490	602	3.15458E+01
6114	558	3.15464E+01
4056	426	3.15499E+01
7586	552	3.15501E+01
4565	722	3.15549E+01
8490	645	3.15614E+01
4462	549	3.15668E+01
486	462	3.15674E+01
5421	813	3.15685E+01
5318	370	3.15696E+01
4056	812	3.15699E+01
4565	418	3.15702E+01
5318	455	3.15706E+01
5318	362	3.15743E+01
8402	644	3.15757E+01
4159	684	3.15761E+01
8402	645	3.15765E+01
6114	685	3.15766E+01
4359	552	3.15784E+01
5421	380	3.15785E+01
4565	379	3.15792E+01
5421	430	3.15793E+01
8490	644	3.15802E+01
4359	557	3.15810E+01
4565	637	3.15836E+01
8402	432	3.15836E+01
8490	374	3.15841E+01
4565	684	3.15868E+01
4359	597	3.15897E+01
4159	601	3.15899E+01
4462	809	3.15901E+01
6114	602	3.15932E+01
4359	427	3.15980E+01
5318	459	3.15991E+01
4056	602	3.15993E+01
