GRAM	c2h2	chi_tot
2898	769	6.27686E+01
2898	727	6.27748E+01
2898	811	6.27774E+01
2898	812	6.27816E+01
2898	726	6.27899E+01
2792	812	6.27903E+01
2792	769	6.27907E+01
2898	685	6.27914E+01
2898	768	6.27934E+01
2792	727	6.27944E+01
2792	770	6.28013E+01
2898	770	6.28019E+01
2792	811	6.28088E+01
2898	684	6.28144E+01
2792	685	6.28150E+01
2792	813	6.28170E+01
2792	728	6.28232E+01
2898	810	6.28240E+01
2898	728	6.28258E+01
2898	643	6.28297E+01
2898	813	6.28314E+01
2792	726	6.28315E+01
2792	768	6.28379E+01
2898	686	6.28430E+01
2792	686	6.28451E+01
2898	644	6.28586E+01
2792	684	6.28592E+01
2792	643	6.28628E+01
2792	771	6.28639E+01
2792	644	6.28713E+01
2792	810	6.28779E+01
2898	725	6.28780E+01
2898	767	6.28828E+01
2898	642	6.28838E+01
2792	814	6.28846E+01
2898	771	6.28874E+01
2898	602	6.29017E+01
2792	729	6.29115E+01
2898	683	6.29191E+01
2898	814	6.29223E+01
2898	601	6.29247E+01
2898	809	6.29275E+01
2792	602	6.29301E+01
2898	729	6.29365E+01
2792	642	6.29372E+01
2792	725	6.29415E+01
2792	687	6.29431E+01
2792	767	6.29495E+01
2792	645	6.29561E+01
2898	687	6.29626E+01
2898	603	6.29630E+01
2898	645	6.29641E+01
2792	603	6.29721E+01
2792	601	6.29724E+01
2792	772	6.29733E+01
2792	683	6.29850E+01
2792	809	6.30037E+01
2898	558	6.30184E+01
2898	772	6.30199E+01
2898	641	6.30279E+01
2898	557	6.30361E+01
2898	600	6.30381E+01
2898	766	6.30443E+01
2898	724	6.30469E+01
2792	558	6.30492E+01
2792	730	6.30538E+01
2792	557	6.30847E+01
2898	559	6.30859E+01
2792	604	6.30926E+01
2898	808	6.30947E+01
2792	559	6.30985E+01
2792	641	6.31014E+01
2898	730	6.31015E+01
2792	688	6.31029E+01
2898	604	6.31031E+01
2792	600	6.31047E+01
2792	646	6.31111E+01
2898	682	6.31131E+01
2792	773	6.31251E+01
2792	724	6.31319E+01
2792	766	6.31329E+01
2898	646	6.31400E+01
2898	556	6.31432E+01
2898	688	6.31444E+01
2898	466	6.31918E+01
2792	808	6.31930E+01
2898	773	6.31952E+01
2792	682	6.31999E+01
2792	556	6.32094E+01
2792	560	6.32281E+01
2792	466	6.32317E+01
2898	467	6.32327E+01
2898	560	6.32337E+01
2898	465	6.32342E+01
2792	731	6.32452E+01
2898	599	6.32474E+01
2792	467	6.32560E+01
2898	640	6.32688E+01
2792	605	6.32859E+01
2898	765	6.32859E+01
2792	465	6.32905E+01
2898	723	6.33046E+01
2898	731	6.33158E+01
2898	605	6.33162E+01
2792	689	6.33194E+01
2792	647	6.33308E+01
2792	599	6.33328E+01
2898	807	6.33336E+01
2898	555	6.33439E+01
2898	468	6.33541E+01
2792	468	6.33607E+01
2792	640	6.33621E+01
2898	464	6.33627E+01
2898	647	6.33807E+01
2898	689	6.33831E+01
2792	765	6.33961E+01
2898	681	6.34043E+01
2792	723	6.34108E+01
2792	555	6.34277E+01
2792	561	6.34330E+01
2792	464	6.34352E+01
2898	426	6.34530E+01
2792	807	6.34535E+01
2898	561	6.34571E+01
2898	425	6.34721E+01
2792	732	6.34812E+01
2792	426	6.34938E+01
2898	427	6.35102E+01
2792	681	6.35115E+01
2792	425	6.35278E+01
2792	427	6.35358E+01
2792	469	6.35419E+01
2792	606	6.35468E+01
2898	469	6.35524E+01
2898	598	6.35585E+01
2898	424	6.35686E+01
2898	732	6.35751E+01
2898	463	6.35799E+01
2792	690	6.35879E+01
2898	606	6.35971E+01
2792	648	6.36103E+01
2898	639	6.36135E+01
3004	769	6.36150E+01
2898	764	6.36161E+01
3004	812	6.36222E+01
3004	811	6.36228E+01
3004	727	6.36232E+01
2792	424	6.36389E+01
2898	428	6.36420E+01
2898	554	6.36426E+01
3004	770	6.36426E+01
3004	685	6.36436E+01
3004	726	6.36455E+01
3004	768	6.36460E+01
2792	428	6.36523E+01
2898	806	6.36523E+01
2898	722	6.36595E+01
2792	598	6.36623E+01
3004	728	6.36676E+01
3004	813	6.36678E+01
2792	463	6.36683E+01
2898	690	6.36740E+01
3004	810	6.36747E+01
3004	684	6.36748E+01
2898	648	6.36816E+01
3004	686	6.36876E+01
3004	643	6.36881E+01
2792	562	6.37084E+01
3004	644	6.37084E+01
3004	771	6.37231E+01
2792	639	6.37262E+01
3004	725	6.37415E+01
3004	767	6.37423E+01
2898	423	6.37435E+01
2792	554	6.37436E+01
2792	764	6.37476E+01
2898	562	6.37512E+01
3004	642	6.37514E+01
3004	814	6.37552E+01
3004	602	6.37599E+01
3004	729	6.37723E+01
3004	809	6.37842E+01
2792	722	6.37865E+01
3004	683	6.37883E+01
3004	601	6.37925E+01
2792	806	6.37936E+01
2792	470	6.37960E+01
2898	680	6.38001E+01
3004	687	6.38002E+01
3004	645	6.38058E+01
2898	375	6.38115E+01
3004	603	6.38122E+01
2898	470	6.38238E+01
2792	423	6.38283E+01
2792	429	6.38413E+01
2898	376	6.38415E+01
2898	429	6.38467E+01
2898	374	6.38475E+01
3004	772	6.38512E+01
2792	375	6.38627E+01
2792	607	6.38709E+01
2792	376	6.38792E+01
3004	558	6.38793E+01
2898	462	6.38886E+01
2792	691	6.39041E+01
3004	641	6.39051E+01
3004	557	6.39068E+01
3004	766	6.39113E+01
2792	374	6.39119E+01
3004	600	6.39158E+01
3004	724	6.39188E+01
2792	680	6.39274E+01
3004	730	6.39319E+01
3004	559	6.39372E+01
2898	377	6.39375E+01
2898	607	6.39415E+01
3004	604	6.39437E+01
2792	649	6.39454E+01
2898	373	6.39495E+01
3004	808	6.39582E+01
2792	377	6.39614E+01
3004	646	6.39741E+01
3004	688	6.39755E+01
2898	597	6.39764E+01
3004	682	6.39916E+01
2792	462	6.39927E+01
2898	422	6.39989E+01
2898	691	6.40130E+01
3004	773	6.40226E+01
3004	556	6.40241E+01
2792	373	6.40269E+01
2898	649	6.40383E+01
2898	763	6.40432E+01
2898	553	6.40433E+01
2792	563	6.40501E+01
3004	466	6.40591E+01
2898	805	6.40594E+01
2898	638	6.40678E+01
3004	560	6.40760E+01
3004	467	6.40903E+01
2792	422	6.40980E+01
2792	597	6.40983E+01
2898	378	6.40995E+01
2792	430	6.41009E+01
2792	378	6.41093E+01
3004	465	6.41117E+01
2898	563	6.41119E+01
2898	372	6.41182E+01
2898	721	6.41192E+01
2792	471	6.41192E+01
2898	430	6.41222E+01
3004	599	6.41355E+01
3004	731	6.41414E+01
3004	605	6.41487E+01
3004	640	6.41562E+01
3004	765	6.41611E+01
2792	553	6.41612E+01
2898	471	6.41645E+01
3004	723	6.41856E+01
2792	763	6.41955E+01
2792	638	6.41995E+01
3004	468	6.42022E+01
3004	807	6.42044E+01
3004	647	6.42079E+01
3004	689	6.42083E+01
2792	372	6.42084E+01
2792	805	6.42215E+01
3004	555	6.42354E+01
3004	464	6.42505E+01
2792	608	6.42543E+01
2792	721	6.42665E+01
2898	335	6.42902E+01
3004	561	6.42907E+01
2898	461	6.42923E+01
3004	681	6.42927E+01
2898	679	6.43068E+01
2898	336	6.43151E+01
2898	334	6.43181E+01
3004	426	6.43220E+01
2792	379	6.43227E+01
2898	379	6.43274E+01
2792	650	6.43321E+01
2898	421	6.43373E+01
2898	608	6.43455E+01
2792	335	6.43492E+01
3004	425	6.43510E+01
2898	371	6.43553E+01
2792	336	6.43622E+01
3004	427	6.43695E+01
2792	334	6.43887E+01
3004	469	6.43914E+01
2898	337	6.43937E+01
3004	732	6.43965E+01
2898	333	6.43986E+01
2792	461	6.44119E+01
3004	606	6.44221E+01
2792	337	6.44285E+01
2792	431	6.44285E+01
2898	650	6.44471E+01
2792	421	6.44505E+01
2792	679	6.44536E+01
2792	564	6.44547E+01
3004	598	6.44574E+01
3004	424	6.44574E+01
2792	371	6.44581E+01
2898	431	6.44662E+01
3004	463	6.44782E+01
2792	333	6.44805E+01
3004	428	6.44920E+01
3004	690	6.44940E+01
3004	764	6.45002E+01
3004	648	6.45023E+01
2898	596	6.45050E+01
2792	472	6.45083E+01
3004	639	6.45114E+01
2898	338	6.45271E+01
3004	806	6.45311E+01
2898	332	6.45325E+01
2898	564	6.45359E+01
3004	554	6.45449E+01
2792	338	6.45491E+01
2898	552	6.45493E+01
3004	722	6.45501E+01
2898	804	6.45628E+01
2898	472	6.45715E+01
2898	762	6.45745E+01
3004	562	6.45767E+01
2792	380	6.46016E+01
2898	380	6.46213E+01
2792	332	6.46256E+01
2898	637	6.46359E+01
3004	423	6.46425E+01
2792	596	6.46446E+01
3004	470	6.46541E+01
2898	370	6.46640E+01
2792	552	6.46838E+01
3004	429	6.46877E+01
3004	375	6.46886E+01
2898	720	6.46895E+01
2792	609	6.46938E+01
3004	680	6.46989E+01
3004	376	6.47094E+01
2898	331	6.47222E+01
3004	374	6.47339E+01
2792	804	6.47451E+01
2792	762	6.47469E+01
3105	455	6.47554E+01
3004	607	6.47594E+01
2898	420	6.47624E+01
3105	547	6.47639E+01
3105	454	6.47652E+01
3105	414	6.47689E+01
3105	546	6.47692E+01
3105	567	6.47693E+01
3105	566	6.47772E+01
2792	370	6.47793E+01
2792	637	6.47861E+01
3105	591	6.47876E+01
2898	460	6.47939E+01
3004	377	6.47964E+01
3004	462	6.47977E+01
2898	609	6.48061E+01
3105	413	6.48061E+01
3105	590	6.48076E+01
2792	432	6.48221E+01
3105	415	6.48229E+01
2792	331	6.48262E+01
3105	363	6.48262E+01
3004	691	6.48284E+01
3105	632	6.48308E+01
3105	362	6.48358E+01
3105	456	6.48440E+01
3004	373	6.48453E+01
3004	649	6.48533E+01
2792	720	6.48565E+01
3105	548	6.48615E+01
3105	453	6.48645E+01
3105	568	6.48652E+01
3105	545	6.48680E+01
3105	592	6.48722E+01
2898	432	6.48765E+01
3105	631	6.48806E+01
3105	633	6.48845E+01
2898	286	6.48850E+01
3004	597	6.48864E+01
2792	420	6.48895E+01
2898	285	6.48977E+01
3105	673	6.49023E+01
3105	364	6.49038E+01
3105	322	6.49063E+01
3004	422	6.49081E+01
3105	674	6.49120E+01
2792	565	6.49194E+01
3105	589	6.49219E+01
3105	361	6.49252E+01
3105	412	6.49252E+01
2898	678	6.49282E+01
2792	460	6.49288E+01
3004	563	6.49298E+01
3105	321	6.49355E+01
3004	763	6.49369E+01
3004	805	6.49470E+01
3004	378	6.49496E+01
2898	284	6.49510E+01
2792	286	6.49530E+01
3004	430	6.49544E+01
3105	323	6.49556E+01
3004	553	6.49567E+01
2792	473	6.49608E+01
3105	715	6.49685E+01
2898	330	6.49715E+01
3105	416	6.49734E+01
2792	285	6.49757E+01
3004	638	6.49768E+01
3004	471	6.49866E+01
3105	381	6.49889E+01
3105	672	6.49922E+01
3105	714	6.50112E+01
3004	721	6.50201E+01
2898	565	6.50204E+01
3105	630	6.50223E+01
3004	372	6.50235E+01
3105	716	6.50292E+01
3105	675	6.50304E+01
3105	272	6.50319E+01
3105	320	6.50351E+01
3105	457	6.50360E+01
2792	284	6.50389E+01
3105	452	6.50411E+01
2898	473	6.50423E+01
2898	283	6.50475E+01
3105	544	6.50475E+01
2898	369	6.50488E+01
3105	634	6.50498E+01
3105	757	6.50632E+01
3105	273	6.50637E+01
3105	756	6.50659E+01
3105	549	6.50677E+01
3105	271	6.50681E+01
3105	593	6.50682E+01
3105	365	6.50720E+01
3105	360	6.50834E+01
2792	330	6.50865E+01
3105	324	6.50872E+01
2792	678	6.50938E+01
3105	411	6.51137E+01
3105	588	6.51169E+01
3105	798	6.51449E+01
2792	283	6.51450E+01
2898	595	6.51457E+01
3105	713	6.51464E+01
3004	608	6.51571E+01
2898	551	6.51623E+01
3105	755	6.51639E+01
3105	758	6.51642E+01
3105	270	6.51650E+01
3105	274	6.51678E+01
3105	671	6.51685E+01
2898	803	6.51687E+01
3004	379	6.51690E+01
3105	799	6.51735E+01
3004	335	6.51744E+01
2792	369	6.51766E+01
2898	282	6.51909E+01
3004	336	6.51911E+01
3105	319	6.51947E+01
3105	717	6.52000E+01
3105	224	6.52057E+01
3004	334	6.52107E+01
3105	797	6.52115E+01
3004	461	6.52123E+01
2898	761	6.52148E+01
3105	223	6.52160E+01
3004	679	6.52166E+01
3105	339	6.52175E+01
3105	417	6.52220E+01
3105	629	6.52413E+01
3105	225	6.52530E+01
3004	421	6.52570E+01
3004	650	6.52570E+01
3004	337	6.52615E+01
3105	676	6.52629E+01
3004	371	6.52702E+01
2898	419	6.52776E+01
3105	222	6.52789E+01
3105	451	6.52804E+01
2898	329	6.52862E+01
3004	431	6.52902E+01
3105	543	6.52928E+01
3105	359	6.52971E+01
2792	282	6.52979E+01
3004	333	6.52996E+01
3105	325	6.53015E+01
2792	595	6.53024E+01
3105	800	6.53031E+01
3105	269	6.53129E+01
2792	551	6.53130E+01
2898	636	6.53188E+01
3105	366	6.53304E+01
3105	635	6.53307E+01
3105	458	6.53329E+01
3105	275	6.53451E+01
3105	754	6.53454E+01
3004	564	6.53468E+01
3105	410	6.53571E+01
3105	226	6.53603E+01
3105	712	6.53603E+01
3105	796	6.53635E+01
2792	803	6.53703E+01
3105	759	6.53731E+01
2898	719	6.53734E+01
3105	587	6.53769E+01
3105	594	6.53788E+01
3105	550	6.53846E+01
3004	472	6.53860E+01
2898	281	6.53861E+01
3004	338	6.53869E+01
3105	221	6.53876E+01
2898	459	6.53955E+01
3105	318	6.54014E+01
2792	761	6.54064E+01
3105	138	6.54094E+01
2792	329	6.54121E+01
3105	670	6.54161E+01
2792	419	6.54186E+01
3105	139	6.54260E+01
3004	596	6.54264E+01
3105	137	6.54345E+01
3004	332	6.54420E+01
3004	380	6.54547E+01
3004	804	6.54599E+01
3004	552	6.54741E+01
3004	762	6.54784E+01
3105	718	6.54835E+01
2792	636	6.54867E+01
3105	140	6.54869E+01
3105	136	6.54970E+01
3105	268	6.55006E+01
2792	281	6.55028E+01
2898	368	6.55149E+01
3105	628	6.55213E+01
3105	227	6.55279E+01
3105	220	6.55332E+01
3105	801	6.55352E+01
2792	459	6.55454E+01
3105	358	6.55523E+01
3004	637	6.55564E+01
2792	719	6.55591E+01
3105	418	6.55668E+01
3105	450	6.55668E+01
3105	795	6.55879E+01
3105	542	6.55879E+01
3004	370	6.55886E+01
3105	135	6.55914E+01
3105	141	6.55930E+01
3105	276	6.55935E+01
3105	326	6.55952E+01
3105	753	6.55954E+01
3004	720	6.56013E+01
3105	677	6.56110E+01
3004	609	6.56119E+01
3105	711	6.56367E+01
2898	280	6.56391E+01
3004	331	6.56402E+01
3105	409	6.56406E+01
3105	317	6.56424E+01
3105	287	6.56445E+01
2792	368	6.56550E+01
2898	677	6.56643E+01
2898	328	6.56725E+01
3105	367	6.56753E+01
3105	586	6.56854E+01
3105	760	6.56897E+01
3004	420	6.56925E+01
3004	432	6.56928E+01
3105	219	6.57063E+01
3105	134	6.57112E+01
3105	267	6.57168E+01
3105	669	6.57179E+01
3004	460	6.57250E+01
3105	636	6.57277E+01
3105	459	6.57330E+01
3105	142	6.57436E+01
3105	228	6.57539E+01
2792	280	6.57653E+01
3004	286	6.57786E+01
3004	285	6.57983E+01
3105	595	6.58034E+01
2792	328	6.58094E+01
3105	551	6.58112E+01
3004	565	6.58249E+01
3105	357	6.58354E+01
3105	627	6.58455E+01
2792	677	6.58480E+01
3004	678	6.58493E+01
2898	234	6.58495E+01
3004	473	6.58497E+01
3105	133	6.58498E+01
3004	284	6.58587E+01
3105	802	6.58672E+01
3105	794	6.58692E+01
3105	719	6.58781E+01
2898	802	6.58804E+01
2898	550	6.58813E+01
3105	449	6.58854E+01
2898	418	6.58860E+01
2898	594	6.58967E+01
3105	752	6.58976E+01
3105	218	6.58976E+01
3004	330	6.58983E+01
3105	316	6.59054E+01
3105	277	6.59081E+01
3105	541	6.59170E+01
3105	408	6.59503E+01
3105	266	6.59510E+01
2898	279	6.59559E+01
3105	710	6.59587E+01
3105	327	6.59625E+01
3004	283	6.59625E+01
2898	760	6.59656E+01
2792	234	6.59659E+01
3004	369	6.59832E+01
3105	132	6.60009E+01
3105	419	6.60036E+01
3105	585	6.60263E+01
3105	229	6.60346E+01
2792	418	6.60405E+01
2898	233	6.60449E+01
2792	550	6.60476E+01
3105	668	6.60572E+01
2898	367	6.60668E+01
2792	594	6.60700E+01
3105	678	6.60720E+01
3004	803	6.60760E+01
3004	595	6.60788E+01
2792	279	6.60919E+01
2898	458	6.60970E+01
3004	551	6.60986E+01
3105	217	6.60991E+01
2792	802	6.61004E+01
3105	368	6.61009E+01
3105	761	6.61098E+01
3004	282	6.61133E+01
2898	635	6.61137E+01
3004	761	6.61296E+01
3105	356	6.61344E+01
2898	327	6.61366E+01
3105	131	6.61587E+01
2898	718	6.61696E+01
2792	233	6.61700E+01
2792	760	6.61753E+01
3105	315	6.61799E+01
3105	793	6.61914E+01
3105	265	6.61938E+01
3105	626	6.61977E+01
3004	419	6.62184E+01
2792	367	6.62193E+01
3004	329	6.62219E+01
3105	448	6.62226E+01
3105	460	6.62327E+01
3105	751	6.62354E+01
3105	637	6.62375E+01
3004	636	6.62510E+01
2792	458	6.62615E+01
3105	540	6.62657E+01
3105	407	6.62741E+01
3105	91	6.62799E+01
3105	278	6.62826E+01
2792	327	6.62846E+01
3105	803	6.62931E+01
2898	232	6.62959E+01
3004	719	6.62966E+01
2792	635	6.62984E+01
3105	216	6.63042E+01
3105	709	6.63099E+01
3105	235	6.63133E+01
3004	281	6.63163E+01
3105	130	6.63186E+01
3004	459	6.63377E+01
3105	596	6.63387E+01
2898	278	6.63425E+01
3105	552	6.63440E+01
3105	230	6.63655E+01
2792	718	6.63730E+01
3105	720	6.63788E+01
3105	584	6.63848E+01
3105	90	6.63871E+01
3105	328	6.63963E+01
3105	667	6.64181E+01
2792	232	6.64299E+01
3105	264	6.64384E+01
3105	355	6.64398E+01
3105	314	6.64579E+01
3004	368	6.64592E+01
3105	129	6.64766E+01
2792	278	6.64882E+01
3105	89	6.64910E+01
3105	215	6.65080E+01
2898	676	6.65112E+01
3105	420	6.65274E+01
3105	792	6.65387E+01
3105	625	6.65633E+01
3105	447	6.65669E+01
3004	280	6.65771E+01
2898	417	6.65882E+01
3105	88	6.65910E+01
3105	750	6.65932E+01
3004	677	6.65973E+01
3105	369	6.66010E+01
3105	406	6.66021E+01
2898	231	6.66062E+01
3004	328	6.66172E+01
3105	539	6.66217E+01
3105	762	6.66263E+01
3105	128	6.66303E+01
3105	679	6.66402E+01
3105	708	6.66750E+01
3105	263	6.66797E+01
2898	326	6.66836E+01
3105	87	6.66870E+01
2898	801	6.66974E+01
2898	549	6.67023E+01
3105	214	6.67073E+01
2898	366	6.67078E+01
3105	279	6.67103E+01
2792	676	6.67118E+01
3105	313	6.67334E+01
3105	231	6.67417E+01
3105	354	6.67444E+01
3105	583	6.67483E+01
2792	231	6.67490E+01
2898	593	6.67527E+01
2792	417	6.67561E+01
3105	127	6.67784E+01
3105	86	6.67792E+01
3004	234	6.67826E+01
3105	666	6.67865E+01
3004	802	6.67986E+01
2898	277	6.68037E+01
3105	804	6.68042E+01
2898	759	6.68237E+01
3105	461	6.68274E+01
3004	550	6.68293E+01
3004	418	6.68375E+01
3004	594	6.68418E+01
2792	326	6.68427E+01
3105	638	6.68543E+01
3105	85	6.68680E+01
2792	366	6.68725E+01
10366	551	6.68731E+01
10366	550	6.68756E+01
10366	594	6.68825E+01
10366	459	6.68834E+01
2792	549	6.68836E+01
3105	329	6.68899E+01
3004	760	6.68917E+01
2898	457	6.68958E+01
3105	791	6.68966E+01
10366	595	6.68998E+01
3105	213	6.69001E+01
3004	279	6.69021E+01
3105	446	6.69092E+01
3105	262	6.69148E+01
3105	126	6.69204E+01
3105	405	6.69268E+01
10366	458	6.69272E+01
10366	635	6.69280E+01
3105	624	6.69298E+01
2792	801	6.69344E+01
2792	593	6.69415E+01
10366	636	6.69432E+01
10366	460	6.69519E+01
3105	84	6.69537E+01
3105	749	6.69568E+01
2792	277	6.69594E+01
10366	419	6.69649E+01
10366	418	6.69689E+01
3105	538	6.69749E+01
3105	721	6.69774E+01
3105	553	6.69781E+01
2898	230	6.69786E+01
3105	597	6.69793E+01
3004	233	6.69847E+01
10366	552	6.69939E+01
10366	677	6.69969E+01
10366	593	6.69985E+01
10366	549	6.70020E+01
3105	312	6.70028E+01
10366	676	6.70042E+01
10450	551	6.70045E+01
2898	634	6.70135E+01
10450	550	6.70164E+01
10450	459	6.70183E+01
3004	367	6.70213E+01
10450	594	6.70217E+01
10450	595	6.70309E+01
3105	83	6.70369E+01
3105	707	6.70411E+01
3105	353	6.70430E+01
10366	596	6.70500E+01
2792	759	6.70504E+01
3004	458	6.70506E+01
10366	634	6.70532E+01
3105	125	6.70567E+01
3004	635	6.70579E+01
10366	420	6.70589E+01
10366	718	6.70636E+01
10450	635	6.70672E+01
2898	717	6.70724E+01
10450	458	6.70726E+01
2792	457	6.70743E+01
10366	417	6.70744E+01
10450	636	6.70760E+01
10450	460	6.70768E+01
10366	457	6.70844E+01
3105	212	6.70857E+01
10366	368	6.70884E+01
3004	327	6.70907E+01
10366	367	6.70959E+01
10450	419	6.70967E+01
10366	637	6.70990E+01
3004	718	6.71046E+01
3105	582	6.71066E+01
10366	717	6.71115E+01
10450	418	6.71116E+01
10450	552	6.71167E+01
3105	82	6.71182E+01
10366	461	6.71295E+01
2792	230	6.71304E+01
10450	677	6.71320E+01
3105	421	6.71331E+01
10366	678	6.71356E+01
3105	261	6.71421E+01
10450	676	6.71443E+01
10450	593	6.71468E+01
3105	665	6.71508E+01
10366	759	6.71517E+01
10450	549	6.71531E+01
10366	675	6.71568E+01
3105	232	6.71584E+01
10366	719	6.71653E+01
10366	369	6.71659E+01
3105	370	6.71700E+01
10450	596	6.71743E+01
10450	420	6.71802E+01
3105	280	6.71850E+01
3105	124	6.71878E+01
10366	366	6.71933E+01
3105	81	6.71983E+01
10366	760	6.71998E+01
10450	634	6.72004E+01
10450	718	6.72010E+01
2792	634	6.72142E+01
10450	368	6.72221E+01
10450	637	6.72267E+01
10450	417	6.72285E+01
3105	763	6.72293E+01
10366	553	6.72348E+01
10366	568	6.72392E+01
10450	367	6.72407E+01
10450	457	6.72410E+01
3105	445	6.72423E+01
3105	404	6.72426E+01
3004	232	6.72428E+01
10366	592	6.72442E+01
10534	551	6.72448E+01
10450	461	6.72451E+01
10366	421	6.72465E+01
10366	548	6.72499E+01
3105	790	6.72525E+01
10450	717	6.72525E+01
10366	801	6.72526E+01
10366	758	6.72546E+01
3105	311	6.72640E+01
3105	211	6.72641E+01
10534	459	6.72668E+01
10450	678	6.72675E+01
10366	327	6.72683E+01
10366	800	6.72709E+01
10534	595	6.72715E+01
3105	80	6.72778E+01
10366	416	6.72830E+01
3105	623	6.72874E+01
10450	369	6.72888E+01
10366	328	6.72891E+01
10534	550	6.72897E+01
10450	759	6.72904E+01
2792	717	6.72923E+01
10534	460	6.72929E+01
10534	594	6.72942E+01
3004	278	6.72969E+01
10450	719	6.73011E+01
10450	675	6.73037E+01
10366	716	6.73070E+01
3105	680	6.73073E+01
10366	633	6.73142E+01
3105	748	6.73146E+01
3105	123	6.73148E+01
2898	325	6.73156E+01
3105	537	6.73175E+01
10366	370	6.73228E+01
10534	636	6.73230E+01
10366	326	6.73248E+01
10534	552	6.73254E+01
10366	597	6.73296E+01
10534	419	6.73319E+01
3105	352	6.73322E+01
10450	760	6.73385E+01
2898	276	6.73426E+01
10534	635	6.73451E+01
10450	366	6.73497E+01
10450	553	6.73498E+01
10366	456	6.73531E+01
10534	458	6.73548E+01
3105	79	6.73571E+01
10450	421	6.73578E+01
3105	260	6.73616E+01
10534	418	6.73797E+01
10366	329	6.73810E+01
2898	416	6.73822E+01
10534	420	6.73836E+01
10366	365	6.73840E+01
10534	596	6.73844E+01
10366	802	6.73845E+01
10534	677	6.73897E+01
3105	805	6.73900E+01
10366	638	6.73915E+01
10450	801	6.73927E+01
10450	758	6.73960E+01
10366	761	6.73969E+01
3105	706	6.73973E+01
10450	568	6.74000E+01
10450	592	6.74026E+01
10450	800	6.74099E+01
10450	327	6.74115E+01
10450	548	6.74120E+01
10366	462	6.74120E+01
10366	720	6.74133E+01
2898	229	6.74151E+01
10366	679	6.74165E+01
10450	328	6.74213E+01
10534	461	6.74299E+01
10534	676	6.74316E+01
10450	370	6.74353E+01
3105	210	6.74359E+01
3105	78	6.74367E+01
3105	330	6.74376E+01
2898	365	6.74377E+01
3105	122	6.74382E+01
10366	799	6.74396E+01
10534	637	6.74448E+01
10450	597	6.74480E+01
10366	674	6.74486E+01
10450	416	6.74488E+01
3105	581	6.74517E+01
10534	593	6.74528E+01
10450	716	6.74537E+01
3004	676	6.74563E+01
10534	368	6.74593E+01
2898	675	6.74602E+01
10534	549	6.74605E+01
10366	325	6.74634E+01
10450	633	6.74706E+01
10534	718	6.74719E+01
10450	326	6.74792E+01
2792	325	6.74857E+01
10534	369	6.74949E+01
10534	678	6.74978E+01
3105	664	6.75016E+01
10450	329	6.75027E+01
10366	757	6.75049E+01
2792	276	6.75083E+01
10534	367	6.75100E+01
10534	634	6.75107E+01
3105	462	6.75120E+01
10450	638	6.75155E+01
3105	310	6.75158E+01
3105	77	6.75168E+01
10366	278	6.75174E+01
10450	462	6.75189E+01
10450	456	6.75214E+01
10366	422	6.75234E+01
10534	553	6.75284E+01
10450	802	6.75285E+01
10534	417	6.75304E+01
10534	421	6.75305E+01
10366	330	6.75380E+01
10450	761	6.75380E+01
10366	277	6.75407E+01
3105	403	6.75455E+01
10534	719	6.75461E+01
10450	679	6.75470E+01
10450	720	6.75497E+01
3004	417	6.75505E+01
10534	717	6.75519E+01
10450	365	6.75522E+01
10366	371	6.75545E+01
10534	457	6.75576E+01
3105	121	6.75588E+01
10366	279	6.75590E+01
3004	231	6.75605E+01
3105	444	6.75612E+01
2792	416	6.75630E+01
3105	639	6.75703E+01
3105	259	6.75734E+01
2792	229	6.75759E+01
10534	759	6.75760E+01
10450	799	6.75806E+01
10366	554	6.75907E+01
10366	415	6.75927E+01
3105	789	6.75960E+01
3105	76	6.75976E+01
10534	760	6.75994E+01
10366	567	6.76017E+01
3105	209	6.76023E+01
10450	674	6.76038E+01
3105	351	6.76096E+01
10534	370	6.76115E+01
3105	233	6.76116E+01
10366	591	6.76117E+01
10366	547	6.76126E+01
2792	365	6.76144E+01
2898	800	6.76147E+01
2898	548	6.76175E+01
2898	568	6.76188E+01
10534	675	6.76225E+01
10450	422	6.76252E+01
3004	801	6.76271E+01
3105	622	6.76281E+01
10450	325	6.76294E+01
10534	597	6.76296E+01
10366	276	6.76339E+01
10366	715	6.76420E+01
3105	536	6.76437E+01
3004	326	6.76470E+01
10450	330	6.76496E+01
10534	328	6.76506E+01
10450	757	6.76512E+01
10534	366	6.76520E+01
3105	747	6.76570E+01
10450	371	6.76570E+01
10450	278	6.76594E+01
10366	280	6.76600E+01
10366	803	6.76608E+01
3004	549	6.76620E+01
3105	722	6.76638E+01
10366	364	6.76680E+01
10534	801	6.76696E+01
10534	327	6.76711E+01
3004	366	6.76724E+01
10534	462	6.76738E+01
2792	675	6.76764E+01
3105	120	6.76774E+01
3105	75	6.76790E+01
10366	324	6.76866E+01
10450	279	6.76908E+01
10450	277	6.76934E+01
10450	554	6.76989E+01
10366	632	6.77014E+01
3105	281	6.77018E+01
10534	329	6.77027E+01
2898	592	6.77040E+01
10534	638	6.77068E+01
3105	554	6.77076E+01
10534	758	6.77090E+01
3004	593	6.77097E+01
10534	800	6.77106E+01
3105	598	6.77180E+01
10366	455	6.77277E+01
10366	598	6.77323E+01
3105	705	6.77353E+01
10366	762	6.77358E+01
10534	568	6.77411E+01
10534	592	6.77431E+01
10534	679	6.77522E+01
10366	798	6.77528E+01
10534	548	6.77543E+01
10366	331	6.77552E+01
3105	309	6.77574E+01
3105	74	6.77611E+01
3004	759	6.77618E+01
3105	208	6.77643E+01
3004	277	6.77667E+01
10534	422	6.77683E+01
10534	326	6.77702E+01
10450	415	6.77707E+01
10534	720	6.77714E+01
10450	567	6.77739E+01
10534	761	6.77771E+01
3105	580	6.77773E+01
3105	258	6.77780E+01
10450	591	6.77812E+01
2898	758	6.77816E+01
10450	280	6.77818E+01
10534	716	6.77837E+01
10534	802	6.77849E+01
2898	456	6.77852E+01
10534	416	6.77853E+01
10450	547	6.77862E+01
3105	119	6.77947E+01
10366	463	6.77951E+01
10450	715	6.77964E+01
10450	276	6.77977E+01
10366	721	6.77998E+01
10366	275	6.78005E+01
3105	371	6.78038E+01
10534	371	6.78043E+01
10450	803	6.78113E+01
2792	548	6.78131E+01
10366	639	6.78133E+01
10534	633	6.78148E+01
10366	281	6.78149E+01
2792	568	6.78163E+01
3105	422	6.78165E+01
10534	330	6.78215E+01
3105	663	6.78316E+01
10366	680	6.78318E+01
3105	402	6.78326E+01
3105	73	6.78436E+01
10450	598	6.78461E+01
10450	364	6.78482E+01
10534	554	6.78490E+01
10366	230	6.78562E+01
10450	331	6.78570E+01
10366	372	6.78579E+01
3004	457	6.78606E+01
3105	443	6.78618E+01
10450	324	6.78643E+01
2792	800	6.78672E+01
10366	673	6.78680E+01
10450	632	6.78682E+01
10366	231	6.78700E+01
10534	456	6.78732E+01
3105	350	6.78735E+01
10450	762	6.78817E+01
10366	423	6.78865E+01
10534	365	6.78882E+01
10366	756	6.78922E+01
10450	463	6.78938E+01
10366	229	6.78975E+01
10450	798	6.78984E+01
2792	592	6.79076E+01
10534	799	6.79078E+01
10450	455	6.79080E+01
3105	764	6.79081E+01
3105	118	6.79110E+01
10534	278	6.79117E+01
10534	279	6.79148E+01
2898	228	6.79165E+01
3105	788	6.79192E+01
3105	207	6.79227E+01
3105	72	6.79264E+01
10450	281	6.79272E+01
10450	639	6.79352E+01
10366	232	6.79354E+01
10450	721	6.79389E+01
3004	230	6.79404E+01
3105	621	6.79462E+01
3105	535	6.79489E+01
10450	372	6.79508E+01
10534	325	6.79527E+01
10534	674	6.79557E+01
2898	275	6.79593E+01
10450	680	6.79626E+01
3004	634	6.79699E+01
10534	277	6.79750E+01
10450	275	6.79756E+01
3105	257	6.79758E+01
3105	746	6.79769E+01
2792	456	6.79772E+01
10534	280	6.79789E+01
10450	423	6.79791E+01
3105	308	6.79884E+01
10366	323	6.79932E+01
10534	757	6.79940E+01
10366	228	6.79967E+01
10366	414	6.79974E+01
10534	598	6.80010E+01
10534	331	6.80018E+01
10450	230	6.80059E+01
2898	633	6.80072E+01
3105	71	6.80092E+01
10450	231	6.80099E+01
10366	282	6.80190E+01
3004	717	6.80196E+01
10534	463	6.80203E+01
2792	758	6.80237E+01
3105	117	6.80270E+01
10366	332	6.80292E+01
2898	324	6.80312E+01
10450	673	6.80330E+01
3105	331	6.80358E+01
3105	806	6.80396E+01
10366	363	6.80409E+01
10366	274	6.80412E+01
10450	756	6.80459E+01
3105	704	6.80490E+01
10366	233	6.80491E+01
10534	803	6.80505E+01
10366	555	6.80560E+01
10450	229	6.80572E+01
3105	681	6.80633E+01
10450	232	6.80661E+01
10366	566	6.80698E+01
10534	372	6.80701E+01
10366	804	6.80710E+01
2898	716	6.80713E+01
3105	206	6.80782E+01
10366	546	6.80789E+01
3105	579	6.80792E+01
2792	228	6.80865E+01
10366	590	6.80884E+01
3105	70	6.80921E+01
10534	423	6.80938E+01
3881	676	6.80963E+01
3105	234	6.80977E+01
10534	281	6.80985E+01
3105	401	6.81016E+01
10534	639	6.81018E+01
10534	762	6.81020E+01
10366	714	6.81030E+01
10534	276	6.81095E+01
3881	634	6.81123E+01
3881	635	6.81146E+01
3881	718	6.81166E+01
3881	593	6.81211E+01
10450	332	6.81214E+01
3881	717	6.81221E+01
10450	282	6.81222E+01
3105	349	6.81223E+01
3881	759	6.81291E+01
2792	275	6.81352E+01
3105	514	6.81358E+01
3105	662	6.81359E+01
10534	721	6.81400E+01
3105	442	6.81413E+01
10534	415	6.81420E+01
3105	116	6.81428E+01
10534	680	6.81453E+01
3881	675	6.81456E+01
10534	567	6.81503E+01
3881	801	6.81538E+01
3881	760	6.81549E+01
3881	677	6.81551E+01
10366	227	6.81557E+01
10534	591	6.81568E+01
10450	555	6.81582E+01
10534	715	6.81587E+01
3881	594	6.81605E+01
3881	549	6.81610E+01
10534	547	6.81640E+01
10450	228	6.81667E+01
3105	256	6.81669E+01
10450	233	6.81709E+01
3105	69	6.81750E+01
10450	323	6.81827E+01
3105	513	6.81848E+01
10450	414	6.81876E+01
3881	592	6.81878E+01
3881	568	6.81963E+01
10366	797	6.81976E+01
10366	454	6.81977E+01
3881	802	6.81981E+01
10366	631	6.82004E+01
10366	763	6.82055E+01
3881	758	6.82058E+01
3881	548	6.82067E+01
3881	800	6.82070E+01
10366	234	6.82075E+01
3105	307	6.82081E+01
2792	324	6.82123E+01
3105	787	6.82164E+01
3881	633	6.82164E+01
3881	719	6.82172E+01
10534	364	6.82183E+01
3881	550	6.82184E+01
10534	324	6.82205E+01
2792	633	6.82227E+01
3881	457	6.82249E+01
3881	636	6.82256E+01
10450	274	6.82276E+01
3105	534	6.82301E+01
10450	804	6.82306E+01
3105	205	6.82312E+01
10366	373	6.82316E+01
3881	716	6.82326E+01
10450	363	6.82333E+01
3105	512	6.82336E+01
3105	620	6.82376E+01
10534	332	6.82400E+01
10534	632	6.82471E+01
10366	599	6.82505E+01
10534	231	6.82513E+01
2898	364	6.82521E+01
10450	566	6.82539E+01
10534	798	6.82548E+01
3105	282	6.82572E+01
3105	68	6.82581E+01
3105	115	6.82587E+01
2898	415	6.82615E+01
10450	546	6.82646E+01
10450	714	6.82669E+01
10366	283	6.82684E+01
10534	282	6.82687E+01
3105	745	6.82695E+01
10450	590	6.82696E+01
3881	456	6.82705E+01
10534	230	6.82735E+01
10366	464	6.82747E+01
3881	458	6.82780E+01
10534	555	6.82813E+01
3881	761	6.82817E+01
3105	463	6.82821E+01
3105	511	6.82823E+01
10534	232	6.82823E+01
3004	325	6.82886E+01
10534	455	6.82951E+01
3881	674	6.82994E+01
2792	716	6.83062E+01
3881	595	6.83069E+01
10366	722	6.83137E+01
3004	276	6.83144E+01
10450	373	6.83151E+01
3881	416	6.83181E+01
10534	275	6.83184E+01
10450	234	6.83208E+01
3881	678	6.83215E+01
3105	510	6.83312E+01
10366	424	6.83337E+01
3105	703	6.83344E+01
10450	227	6.83361E+01
3881	803	6.83364E+01
3881	417	6.83407E+01
3105	67	6.83413E+01
3881	567	6.83468E+01
10450	797	6.83504E+01
3105	400	6.83505E+01
3105	255	6.83508E+01
3881	547	6.83521E+01
10534	229	6.83521E+01
10366	273	6.83533E+01
3105	578	6.83542E+01
3105	348	6.83549E+01
10366	640	6.83552E+01
3004	416	6.83553E+01
3881	591	6.83559E+01
3881	799	6.83574E+01
10366	333	6.83582E+01
10450	763	6.83584E+01
10450	599	6.83608E+01
10450	283	6.83627E+01
10534	233	6.83631E+01
10450	464	6.83660E+01
10366	681	6.83710E+01
10366	226	6.83743E+01
3105	114	6.83747E+01
3105	640	6.83761E+01
10366	322	6.83777E+01
10450	631	6.83785E+01
3881	551	6.83793E+01
3105	509	6.83804E+01
3105	204	6.83816E+01
3881	757	6.83826E+01
3004	229	6.83847E+01
3881	415	6.83886E+01
10450	454	6.83902E+01
3105	441	6.83976E+01
10366	672	6.83986E+01
10366	755	6.84006E+01
10534	373	6.84074E+01
3105	661	6.84112E+01
3881	455	6.84119E+01
3004	365	6.84125E+01
3105	306	6.84156E+01
3004	675	6.84176E+01
10450	424	6.84177E+01
10534	673	6.84191E+01
10534	756	6.84204E+01
3881	720	6.84208E+01
3881	632	6.84212E+01
3105	66	6.84249E+01
3105	723	6.84271E+01
3881	459	6.84293E+01
3105	508	6.84301E+01
3881	365	6.84333E+01
2792	364	6.84406E+01
10450	333	6.84412E+01
3881	715	6.84433E+01
3881	637	6.84440E+01
2792	415	6.84548E+01
10534	804	6.84556E+01
3881	418	6.84560E+01
10450	722	6.84573E+01
10534	464	6.84652E+01
3881	364	6.84731E+01
10450	640	6.84763E+01
3105	507	6.84805E+01
3881	366	6.84810E+01
2898	227	6.84818E+01
3105	786	6.84844E+01
3105	533	6.84852E+01
10534	283	6.84855E+01
10366	413	6.84862E+01
10534	228	6.84898E+01
10534	234	6.84902E+01
3105	113	6.84907E+01
10534	599	6.84908E+01
10366	362	6.84940E+01
2898	674	6.84981E+01
3105	619	6.85000E+01
3105	372	6.85008E+01
10450	681	6.85037E+01
3881	762	6.85046E+01
10534	424	6.85050E+01
3105	65	6.85087E+01
3105	555	6.85265E+01
3105	254	6.85270E+01
3105	203	6.85288E+01
3105	506	6.85314E+01
3105	744	6.85320E+01
10534	333	6.85344E+01
3105	599	6.85471E+01
3881	414	6.85492E+01
3881	673	6.85502E+01
10450	273	6.85512E+01
3004	800	6.85564E+01
3775	676	6.85574E+01
3881	596	6.85585E+01
3775	634	6.85597E+01
10366	284	6.85601E+01
3881	804	6.85624E+01
10534	763	6.85628E+01
10450	755	6.85636E+01
10450	226	6.85653E+01
3775	593	6.85661E+01
3105	347	6.85699E+01
10534	323	6.85720E+01
10450	672	6.85747E+01
3775	635	6.85752E+01
3105	423	6.85752E+01
3105	399	6.85781E+01
10450	322	6.85791E+01
3775	717	6.85826E+01
3105	505	6.85830E+01
3881	324	6.85859E+01
3004	548	6.85889E+01
3775	718	6.85890E+01
3105	702	6.85892E+01
3004	568	6.85892E+01
3881	546	6.85898E+01
3881	566	6.85900E+01
3881	679	6.85917E+01
3105	64	6.85931E+01
3775	675	6.85938E+01
10534	414	6.85938E+01
3881	363	6.85990E+01
3775	759	6.86001E+01
3881	798	6.86006E+01
3105	577	6.86008E+01
3775	549	6.86012E+01
10366	805	6.86017E+01
10534	274	6.86019E+01
3881	325	6.86050E+01
3105	112	6.86065E+01
3105	305	6.86098E+01
3881	367	6.86139E+01
2898	547	6.86151E+01
3881	590	6.86168E+01
3775	594	6.86188E+01
3775	592	6.86194E+01
10534	640	6.86203E+01
2898	799	6.86222E+01
10366	556	6.86247E+01
3775	568	6.86249E+01
2898	567	6.86265E+01
3775	677	6.86285E+01
3105	440	6.86291E+01
10366	545	6.86335E+01
3775	548	6.86336E+01
3775	801	6.86338E+01
3105	504	6.86351E+01
3775	760	6.86364E+01
10534	363	6.86376E+01
10534	722	6.86404E+01
3881	552	6.86412E+01
3881	454	6.86424E+01
10450	284	6.86459E+01
3881	323	6.86476E+01
2898	274	6.86504E+01
3775	633	6.86505E+01
10366	225	6.86506E+01
3105	765	6.86514E+01
3881	756	6.86527E+01
3105	660	6.86560E+01
10366	589	6.86575E+01
3775	457	6.86576E+01
3881	419	6.86606E+01
10366	142	6.86606E+01
2792	227	6.86609E+01
10534	714	6.86628E+01
3775	758	6.86654E+01
10534	566	6.86658E+01
10534	681	6.86662E+01
10366	713	6.86712E+01
3775	550	6.86721E+01
3105	202	6.86723E+01
3004	592	6.86731E+01
10366	374	6.86753E+01
3881	460	6.86759E+01
3775	800	6.86767E+01
10534	546	6.86778E+01
3105	63	6.86782E+01
3775	716	6.86806E+01
10534	590	6.86806E+01
3105	332	6.86829E+01
3775	802	6.86871E+01
3105	503	6.86877E+01
10534	227	6.86880E+01
10450	413	6.86886E+01
3775	456	6.86901E+01
3105	253	6.86944E+01
10450	362	6.86985E+01
3775	636	6.86990E+01
3775	719	6.87006E+01
3881	326	6.87034E+01
3105	532	6.87130E+01
3881	631	6.87167E+01
3105	785	6.87216E+01
3105	111	6.87217E+01
3881	721	6.87217E+01
10450	556	6.87218E+01
3775	458	6.87238E+01
2792	674	6.87287E+01
10366	272	6.87308E+01
3004	758	6.87320E+01
3105	618	6.87325E+01
3775	674	6.87344E+01
2898	591	6.87374E+01
10534	797	6.87380E+01
3775	416	6.87395E+01
3105	502	6.87409E+01
10366	334	6.87420E+01
3105	807	6.87426E+01
3881	714	6.87450E+01
10534	284	6.87459E+01
10366	453	6.87484E+01
10450	374	6.87497E+01
2898	455	6.87546E+01
10366	796	6.87554E+01
3004	456	6.87613E+01
3775	567	6.87621E+01
3105	743	6.87634E+01
3105	62	6.87639E+01
3881	638	6.87654E+01
3775	547	6.87658E+01
3105	346	6.87663E+01
10450	805	6.87725E+01
3775	761	6.87727E+01
3775	591	6.87741E+01
3775	417	6.87748E+01
3775	595	6.87785E+01
3881	275	6.87815E+01
3105	398	6.87833E+01
3881	274	6.87853E+01
3881	322	6.87878E+01
3105	304	6.87896E+01
3881	413	6.87924E+01
10366	764	6.87924E+01
10366	630	6.87925E+01
10534	631	6.87925E+01
3105	501	6.87946E+01
3775	415	6.87976E+01
3881	362	6.88056E+01
3775	678	6.88066E+01
3105	201	6.88110E+01
10534	454	6.88125E+01
3105	701	6.88130E+01
3775	799	6.88157E+01
10534	374	6.88157E+01
10450	334	6.88159E+01
3881	763	6.88161E+01
3105	576	6.88185E+01
3775	455	6.88187E+01
10534	556	6.88195E+01
2792	547	6.88241E+01
2898	323	6.88243E+01
2898	757	6.88267E+01
3881	368	6.88273E+01
3775	757	6.88298E+01
10366	321	6.88305E+01
10450	545	6.88315E+01
3775	803	6.88330E+01
3105	439	6.88355E+01
3105	110	6.88356E+01
2792	274	6.88363E+01
2792	567	6.88376E+01
3775	632	6.88419E+01
10366	141	6.88451E+01
10450	713	6.88460E+01
3775	551	6.88464E+01
10366	465	6.88476E+01
3105	500	6.88488E+01
3105	283	6.88489E+01
3881	276	6.88490E+01
10450	142	6.88501E+01
3105	61	6.88503E+01
10450	589	6.88507E+01
3775	365	6.88512E+01
3105	252	6.88518E+01
10450	225	6.88521E+01
3881	273	6.88604E+01
10366	425	6.88638E+01
3881	805	6.88676E+01
3105	659	6.88703E+01
10366	600	6.88761E+01
3881	327	6.88767E+01
3775	715	6.88783E+01
3775	364	6.88790E+01
10534	334	6.88845E+01
3881	672	6.88869E+01
3775	459	6.88883E+01
2792	799	6.88886E+01
10366	285	6.88922E+01
3004	228	6.88941E+01
3105	682	6.88977E+01
3775	418	6.89028E+01
3105	499	6.89037E+01
3881	545	6.89088E+01
3881	597	6.89109E+01
3775	366	6.89110E+01
3105	531	6.89135E+01
3775	720	6.89144E+01
10450	796	6.89177E+01
3105	784	6.89280E+01
3881	797	6.89282E+01
3775	637	6.89297E+01
10450	465	6.89321E+01
3105	617	6.89353E+01
3105	183	6.89366E+01
3105	60	6.89371E+01
10450	425	6.89396E+01
10450	272	6.89398E+01
3004	275	6.89401E+01
10366	723	6.89418E+01
3105	345	6.89432E+01
3105	200	6.89437E+01
3775	414	6.89459E+01
10534	226	6.89464E+01
3105	109	6.89473E+01
3881	420	6.89499E+01
3881	453	6.89512E+01
10450	453	6.89532E+01
3105	303	6.89541E+01
10450	764	6.89541E+01
2792	591	6.89546E+01
10534	273	6.89570E+01
3881	589	6.89587E+01
3105	498	6.89590E+01
3881	680	6.89592E+01
2792	455	6.89593E+01
3105	742	6.89642E+01
3105	397	6.89659E+01
3105	182	6.89659E+01
10450	285	6.89697E+01
10534	755	6.89712E+01
3775	673	6.89719E+01
3004	633	6.89758E+01
10366	224	6.89800E+01
10450	630	6.89826E+01
10450	600	6.89839E+01
3881	277	6.89847E+01
10534	805	6.89865E+01
3775	546	6.89906E+01
3775	566	6.89923E+01
3775	363	6.89933E+01
3775	324	6.89933E+01
3105	181	6.89949E+01
10534	672	6.89954E+01
3105	251	6.89982E+01
3881	553	6.89999E+01
3881	321	6.89999E+01
10534	425	6.90006E+01
10534	322	6.90013E+01
3881	272	6.90038E+01
3775	762	6.90039E+01
3881	755	6.90053E+01
10534	465	6.90053E+01
3105	700	6.90065E+01
10366	641	6.90069E+01
3105	575	6.90078E+01
10366	754	6.90091E+01
3881	461	6.90135E+01
3004	324	6.90137E+01
10366	361	6.90139E+01
3105	497	6.90146E+01
2792	323	6.90162E+01
3105	438	6.90166E+01
10366	671	6.90196E+01
3775	590	6.90218E+01
10366	682	6.90221E+01
3775	325	6.90237E+01
3105	59	6.90237E+01
3105	180	6.90238E+01
3004	716	6.90309E+01
3881	226	6.90333E+01
3881	227	6.90356E+01
3775	454	6.90366E+01
3775	596	6.90430E+01
10450	321	6.90435E+01
10450	141	6.90436E+01
3775	323	6.90438E+01
10366	412	6.90438E+01
3775	798	6.90466E+01
10534	285	6.90476E+01
3105	179	6.90527E+01
3105	658	6.90550E+01
3105	108	6.90559E+01
3775	367	6.90560E+01
3775	804	6.90652E+01
3105	199	6.90692E+01
3105	496	6.90704E+01
10366	140	6.90705E+01
2898	632	6.90793E+01
3105	178	6.90818E+01
2792	757	6.90826E+01
3881	361	6.90832E+01
3775	756	6.90868E+01
3105	530	6.90875E+01
3775	679	6.90878E+01
3881	630	6.90896E+01
3881	225	6.90897E+01
10534	600	6.90909E+01
10450	723	6.90916E+01
3881	228	6.90964E+01
3105	344	6.91006E+01
3105	302	6.91025E+01
3105	783	6.91052E+01
3881	412	6.91070E+01
2898	226	6.91071E+01
3105	616	6.91097E+01
3105	58	6.91097E+01
3105	177	6.91109E+01
3881	722	6.91116E+01
3881	369	6.91151E+01
3881	328	6.91188E+01
3775	419	6.91203E+01
3775	552	6.91216E+01
3775	631	6.91241E+01
3881	713	6.91249E+01
3105	396	6.91259E+01
3105	495	6.91262E+01
10450	641	6.91284E+01
10534	413	6.91292E+01
3105	250	6.91325E+01
3775	326	6.91334E+01
3105	464	6.91339E+01
3105	741	6.91360E+01
10534	362	6.91365E+01
3105	176	6.91400E+01
2898	363	6.91418E+01
10534	764	6.91454E+01
3775	460	6.91482E+01
2898	715	6.91511E+01
10450	682	6.91581E+01
3105	107	6.91602E+01
10366	271	6.91639E+01
3775	714	6.91666E+01
3105	175	6.91691E+01
3105	574	6.91703E+01
3105	699	6.91717E+01
3775	322	6.91730E+01
3105	437	6.91736E+01
3775	413	6.91773E+01
10366	335	6.91811E+01
3105	494	6.91819E+01
3775	274	6.91830E+01
10450	754	6.91830E+01
3881	639	6.91834E+01
3881	278	6.91835E+01
3105	198	6.91862E+01
3775	362	6.91885E+01
10366	375	6.91893E+01
3775	275	6.91898E+01
10450	224	6.91919E+01
3105	57	6.91942E+01
3105	174	6.91981E+01
3881	224	6.92026E+01
3881	764	6.92073E+01
10450	671	6.92077E+01
3881	271	6.92088E+01
3105	657	6.92123E+01
3881	229	6.92137E+01
2898	414	6.92147E+01
10534	142	6.92198E+01
3775	721	6.92245E+01
3105	173	6.92266E+01
10450	361	6.92302E+01
3105	301	6.92345E+01
3105	529	6.92365E+01
3004	364	6.92371E+01
3105	493	6.92373E+01
10366	806	6.92381E+01
3105	343	6.92385E+01
3881	381	6.92396E+01
3881	806	6.92428E+01
3004	415	6.92453E+01
10450	335	6.92463E+01
3775	273	6.92478E+01
10534	641	6.92520E+01
3105	249	6.92538E+01
3105	172	6.92546E+01
10450	375	6.92549E+01
3105	782	6.92552E+01
3105	724	6.92563E+01
10366	544	6.92575E+01
3105	615	6.92578E+01
10450	412	6.92582E+01
3105	106	6.92590E+01
10534	723	6.92594E+01
3105	373	6.92608E+01
3105	641	6.92624E+01
10534	225	6.92625E+01
3775	638	6.92631E+01
10366	286	6.92640E+01
3105	395	6.92645E+01
3775	276	6.92678E+01
2898	142	6.92695E+01
3881	320	6.92741E+01
3105	56	6.92762E+01
10534	713	6.92762E+01
10450	140	6.92780E+01
10366	381	6.92783E+01
10534	545	6.92796E+01
3105	740	6.92811E+01
3775	368	6.92815E+01
3105	171	6.92819E+01
10534	335	6.92908E+01
10366	557	6.92912E+01
3105	492	6.92922E+01
3105	197	6.92937E+01
3881	671	6.92948E+01
3881	544	6.92949E+01
3775	672	6.92952E+01
2792	226	6.92953E+01
10534	375	6.92955E+01
3105	40	6.92967E+01
10534	589	6.92969E+01
3775	545	6.92971E+01
10366	588	6.92987E+01
10534	682	6.93027E+01
3105	436	6.93078E+01
3105	573	6.93080E+01
2792	632	6.93083E+01
3105	170	6.93084E+01
3105	698	6.93109E+01
3105	39	6.93116E+01
3775	327	6.93181E+01
3881	421	6.93187E+01
3775	763	6.93226E+01
10366	712	6.93240E+01
3881	452	6.93246E+01
3105	38	6.93268E+01
3881	796	6.93277E+01
3775	453	6.93334E+01
10450	286	6.93335E+01
3105	169	6.93341E+01
10366	139	6.93344E+01
10534	796	6.93380E+01
10366	320	6.93381E+01
2792	363	6.93416E+01
3105	37	6.93424E+01
3105	656	6.93446E+01
3105	491	6.93464E+01
3105	300	6.93503E+01
3775	589	6.93508E+01
3105	105	6.93511E+01
3105	55	6.93549E+01
10366	223	6.93555E+01
3105	342	6.93578E+01
3881	598	6.93579E+01
3105	36	6.93580E+01
3105	168	6.93591E+01
3775	797	6.93610E+01
10366	452	6.93617E+01
3105	248	6.93618E+01
3881	141	6.93625E+01
3105	528	6.93626E+01
3881	588	6.93663E+01
3881	223	6.93676E+01
3881	142	6.93699E+01
3105	35	6.93737E+01
3775	321	6.93745E+01
3775	805	6.93754E+01
10534	272	6.93769E+01
3105	333	6.93792E+01
3105	781	6.93809E+01
3775	272	6.93811E+01
3105	614	6.93822E+01
3105	394	6.93828E+01
3105	167	6.93837E+01
10450	557	6.93839E+01
10450	271	6.93839E+01
3881	230	6.93841E+01
3105	34	6.93890E+01
10534	286	6.93901E+01
3105	196	6.93909E+01
3881	140	6.93978E+01
2792	715	6.93995E+01
3105	490	6.93996E+01
3105	739	6.94024E+01
10366	795	6.94032E+01
3105	33	6.94040E+01
3105	424	6.94077E+01
2898	273	6.94080E+01
3775	597	6.94081E+01
3105	166	6.94081E+01
10534	453	6.94100E+01
3775	277	6.94140E+01
3881	681	6.94159E+01
3105	32	6.94184E+01
3881	360	6.94187E+01
2792	414	6.94199E+01
3105	435	6.94212E+01
10450	806	6.94222E+01
3775	420	6.94225E+01
3881	329	6.94229E+01
3105	572	6.94234E+01
3775	226	6.94248E+01
3775	755	6.94260E+01
3881	754	6.94262E+01
3105	697	6.94271E+01
3105	556	6.94290E+01
3105	54	6.94293E+01
10534	630	6.94316E+01
3105	31	6.94322E+01
3105	165	6.94325E+01
3105	104	6.94356E+01
3775	227	6.94365E+01
3881	462	6.94375E+01
10534	141	6.94386E+01
3881	279	6.94395E+01
3105	30	6.94457E+01
3105	766	6.94491E+01
3881	554	6.94500E+01
3105	299	6.94504E+01
3105	489	6.94515E+01
2792	142	6.94538E+01
3105	655	6.94548E+01
3775	361	6.94551E+01
10366	629	6.94559E+01
3105	247	6.94566E+01
3105	164	6.94568E+01
10534	557	6.94578E+01
3105	29	6.94588E+01
3105	600	6.94588E+01
3105	341	6.94597E+01
3775	680	6.94656E+01
3881	270	6.94663E+01
3004	227	6.94674E+01
3004	674	6.94678E+01
10450	544	6.94678E+01
3105	527	6.94682E+01
3881	370	6.94717E+01
3105	28	6.94717E+01
3775	225	6.94719E+01
3881	139	6.94751E+01
3105	284	6.94756E+01
10366	426	6.94758E+01
3105	195	6.94775E+01
3881	411	6.94788E+01
3775	412	6.94805E+01
3105	163	6.94810E+01
10366	765	6.94821E+01
3105	393	6.94827E+01
3775	630	6.94839E+01
3105	27	6.94845E+01
3105	780	6.94852E+01
3105	613	6.94856E+01
3105	808	6.94896E+01
3775	553	6.94935E+01
3105	26	6.94972E+01
10534	321	6.94980E+01
3105	53	6.94985E+01
10450	381	6.94989E+01
3775	461	6.94992E+01
3105	488	6.95019E+01
3105	738	6.95029E+01
10450	588	6.95044E+01
3105	162	6.95052E+01
3775	228	6.95068E+01
3105	25	6.95099E+01
10366	466	6.95105E+01
10450	712	6.95108E+01
3105	103	6.95118E+01
3105	434	6.95161E+01
3105	571	6.95194E+01
3105	24	6.95228E+01
3105	696	6.95232E+01
3881	629	6.95240E+01
3105	161	6.95292E+01
