GRAM	c2h2	chi_tot
6694	380	3.46795E+01
6694	432	3.49211E+01
6694	431	3.52483E+01
6694	379	3.53726E+01
6694	430	3.57646E+01
6694	473	3.59596E+01
6694	472	3.60349E+01
6694	338	3.62201E+01
6694	378	3.62494E+01
6694	471	3.62967E+01
6694	429	3.64784E+01
6694	470	3.67563E+01
6694	564	3.71805E+01
6694	565	3.72474E+01
6694	563	3.72920E+01
6694	377	3.73166E+01
6694	337	3.73809E+01
6694	428	3.73984E+01
6694	469	3.74249E+01
6694	562	3.75959E+01
6694	561	3.81058E+01
6694	468	3.83141E+01
6694	608	3.84068E+01
6694	607	3.84595E+01
6694	609	3.85218E+01
6694	427	3.85345E+01
6694	376	3.85824E+01
6694	606	3.86959E+01
6694	336	3.87131E+01
6694	560	3.88358E+01
6694	605	3.91318E+01
6694	467	3.94369E+01
6694	649	3.96090E+01
6694	648	3.96762E+01
6694	650	3.96977E+01
6694	604	3.97835E+01
6694	559	3.98014E+01
6694	426	3.98980E+01
6694	647	3.99170E+01
6694	375	4.00555E+01
6694	335	4.02240E+01
6694	646	4.03491E+01
6694	603	4.06690E+01
6694	690	4.07837E+01
6694	691	4.07935E+01
6694	466	4.08080E+01
11295	473	4.08552E+01
6694	689	4.09191E+01
6694	645	4.09911E+01
11213	473	4.09967E+01
6694	558	4.10200E+01
11295	565	4.10921E+01
6694	286	4.11478E+01
11132	473	4.12051E+01
6694	688	4.12186E+01
11213	565	4.12739E+01
11132	565	4.14969E+01
6694	425	4.15015E+01
11295	432	4.15792E+01
11213	432	4.16657E+01
5173	432	4.16954E+01
6694	687	4.17012E+01
5173	473	4.17152E+01
6694	374	4.17458E+01
6694	602	4.18088E+01
11295	609	4.18159E+01
11132	432	4.18558E+01
6694	644	4.18633E+01
6694	732	4.18758E+01
6694	334	4.19216E+01
6694	731	4.19778E+01
11213	609	4.20284E+01
11295	564	4.20365E+01
11295	472	4.20384E+01
11213	472	4.21640E+01
11213	564	4.22064E+01
6694	730	4.22170E+01
11132	609	4.22646E+01
11132	472	4.23723E+01
6694	686	4.23876E+01
11132	564	4.24318E+01
6694	465	4.24436E+01
6694	557	4.25106E+01
11295	608	4.26118E+01
6694	729	4.26126E+01
5173	565	4.26162E+01
5070	432	4.27606E+01
11295	650	4.27609E+01
11213	608	4.28165E+01
5070	473	4.28470E+01
6694	285	4.28474E+01
5173	472	4.28820E+01
6694	643	4.29890E+01
11213	650	4.29990E+01
6694	773	4.30214E+01
11132	608	4.30574E+01
11295	431	4.30966E+01
5173	431	4.31246E+01
11213	431	4.31638E+01
6694	728	4.31847E+01
11295	563	4.32172E+01
6694	601	4.32252E+01
11132	650	4.32487E+01
6694	772	4.32534E+01
5173	380	4.32730E+01
6694	685	4.33005E+01
11132	431	4.33517E+01
6694	424	4.33589E+01
11213	563	4.33729E+01
11295	471	4.34594E+01
11295	649	4.34858E+01
11213	471	4.35671E+01
11132	563	4.35998E+01
6694	771	4.36178E+01
5173	564	4.36257E+01
11295	607	4.36383E+01
6694	373	4.36643E+01
11213	649	4.37201E+01
11132	471	4.37746E+01
11295	691	4.37988E+01
5070	565	4.38024E+01
6694	333	4.38154E+01
11213	607	4.38328E+01
6694	727	4.39557E+01
11132	649	4.39769E+01
5070	472	4.39973E+01
5173	609	4.40063E+01
11295	380	4.40401E+01
11213	380	4.40526E+01
11213	691	4.40613E+01
11132	607	4.40775E+01
6694	770	4.41334E+01
5070	431	4.41689E+01
11132	380	4.42194E+01
5070	380	4.42525E+01
5173	471	4.42628E+01
6694	556	4.42932E+01
6694	814	4.42978E+01
11132	691	4.43265E+01
6694	464	4.43608E+01
6694	642	4.43937E+01
11295	648	4.44336E+01
6694	684	4.44656E+01
11295	690	4.45143E+01
11295	562	4.46496E+01
11213	648	4.46616E+01
6694	813	4.46691E+01
6694	284	4.47157E+01
5173	430	4.47666E+01
11213	690	4.47767E+01
11213	562	4.47889E+01
5070	564	4.48002E+01
6694	769	4.48212E+01
5173	563	4.48434E+01
11295	430	4.48452E+01
11295	732	4.48839E+01
11213	430	4.48914E+01
11295	606	4.49141E+01
11132	648	4.49246E+01
6694	600	4.49413E+01
5173	608	4.49498E+01
6694	726	4.49503E+01
11132	562	4.50164E+01
11132	690	4.50512E+01
5173	379	4.50684E+01
11132	430	4.50766E+01
11213	606	4.50959E+01
11295	470	4.51296E+01
6694	812	4.51699E+01
11213	732	4.51725E+01
11213	470	4.52174E+01
5070	609	4.52422E+01
11132	606	4.53435E+01
5070	471	4.53595E+01
11725	473	4.54081E+01
11132	470	4.54234E+01
11295	689	4.54452E+01
11132	732	4.54565E+01
11654	473	4.54580E+01
6694	423	4.54853E+01
11295	647	4.56258E+01
11725	565	4.56342E+01
11295	731	4.56352E+01
11654	565	4.56958E+01
5173	650	4.57003E+01
6694	768	4.57048E+01
11213	689	4.57049E+01
5070	430	4.57885E+01
6694	811	4.58194E+01
6694	372	4.58240E+01
11213	647	4.58449E+01
5173	470	4.58692E+01
6694	683	4.59112E+01
6694	332	4.59160E+01
11213	731	4.59271E+01
11213	379	4.59663E+01
11295	379	4.59755E+01
11132	689	4.59878E+01
5070	563	4.60039E+01
11295	773	4.60129E+01
5070	379	4.60241E+01
5173	607	4.60926E+01
6694	641	4.61034E+01
11132	647	4.61130E+01
11132	379	4.61295E+01
5070	608	4.61788E+01
11725	432	4.61869E+01
6694	725	4.61967E+01
11654	432	4.62219E+01
11132	731	4.62224E+01
5173	562	4.62843E+01
11213	773	4.63315E+01
11295	561	4.63481E+01
11725	609	4.63783E+01
6694	555	4.63871E+01
11654	609	4.64497E+01
11295	605	4.64570E+01
11213	561	4.64689E+01
6694	463	4.65768E+01
11295	730	4.65966E+01
11295	688	4.66152E+01
11213	605	4.66236E+01
5173	429	4.66295E+01
11132	773	4.66385E+01
6694	810	4.66391E+01
5173	649	4.66494E+01
11725	564	4.66716E+01
11725	472	4.66883E+01
11132	561	4.66961E+01
11654	564	4.67325E+01
11654	472	4.67359E+01
6694	283	4.67630E+01
6694	767	4.68110E+01
11295	772	4.68321E+01
11295	429	4.68325E+01
11213	429	4.68562E+01
11213	688	4.68694E+01
11132	605	4.68732E+01
11213	730	4.68890E+01
5070	470	4.69454E+01
6694	599	4.69790E+01
5070	650	4.69878E+01
11132	429	4.70381E+01
11295	469	4.70597E+01
5173	378	4.70664E+01
11295	646	4.70834E+01
11213	469	4.71258E+01
11213	772	4.71568E+01
11132	688	4.71596E+01
11132	730	4.71947E+01
11295	814	4.71992E+01
11725	608	4.72629E+01
11213	646	4.72908E+01
5070	607	4.73122E+01
11132	469	4.73296E+01
11654	608	4.73354E+01
11725	650	4.73653E+01
5070	562	4.74285E+01
11654	650	4.74463E+01
5173	606	4.74521E+01
11132	772	4.74769E+01
11213	814	4.75530E+01
11132	646	4.75630E+01
5070	429	4.76275E+01
5173	691	4.76362E+01
5173	338	4.76460E+01
6694	809	4.76539E+01
6694	682	4.76656E+01
5173	469	4.77118E+01
6694	724	4.77248E+01
5173	648	4.77882E+01
11295	729	4.77931E+01
11725	431	4.78061E+01
11654	431	4.78375E+01
11295	771	4.78590E+01
11132	814	4.78875E+01
6694	422	4.78958E+01
5070	649	4.79345E+01
11725	563	4.79438E+01
5173	561	4.79620E+01
5070	378	4.79971E+01
11654	563	4.80037E+01
11295	687	4.80480E+01
11213	729	4.80831E+01
11213	378	4.80941E+01
11295	813	4.81093E+01
11295	378	4.81262E+01
6694	640	4.81426E+01
6694	766	4.81695E+01
11725	649	4.81747E+01
11213	771	4.81871E+01
11725	471	4.82050E+01
6694	331	4.82357E+01
6694	371	4.82389E+01
11654	471	4.82501E+01
11132	378	4.82532E+01
11654	649	4.82584E+01
11295	604	4.82855E+01
11213	687	4.82939E+01
11295	560	4.83279E+01
11725	607	4.83769E+01
11132	729	4.83980E+01
11213	560	4.84280E+01
11213	604	4.84346E+01
11654	607	4.84499E+01
11725	691	4.84598E+01
11213	813	4.84717E+01
5070	338	4.85166E+01
11132	771	4.85191E+01
11654	691	4.85512E+01
11132	687	4.85902E+01
5173	690	4.86425E+01
11132	560	4.86541E+01
5070	606	4.86597E+01
11132	604	4.86851E+01
5173	428	4.87220E+01
5070	469	4.87657E+01
11725	380	4.87734E+01
11654	380	4.87892E+01
6694	554	4.88094E+01
11132	813	4.88208E+01
11295	645	4.88283E+01
5092	473	4.88511E+01
5092	432	4.88790E+01
6694	808	4.88919E+01
5070	691	4.89831E+01
6694	282	4.89986E+01
11213	645	4.90213E+01
5173	605	4.90446E+01
11213	428	4.90665E+01
11295	428	4.90669E+01
5070	648	4.90680E+01
5070	561	4.90876E+01
6694	462	4.91065E+01
11295	770	4.91194E+01
5173	647	4.91356E+01
11725	648	4.92062E+01
5195	473	4.92069E+01
11295	812	4.92275E+01
11132	428	4.92447E+01
11295	728	4.92507E+01
11725	690	4.92560E+01
11295	468	4.92617E+01
5173	377	4.92740E+01
11654	648	4.92919E+01
11132	645	4.92964E+01
5195	432	4.92971E+01
11213	468	4.93044E+01
11654	690	4.93516E+01
6694	598	4.93571E+01
11213	338	4.93589E+01
11295	338	4.94418E+01
11213	770	4.94478E+01
11725	562	4.94676E+01
11132	338	4.94972E+01
11132	468	4.95053E+01
11654	562	4.95259E+01
11213	728	4.95355E+01
6694	723	4.95645E+01
11213	812	4.95955E+01
11725	732	4.96110E+01
11725	430	4.96559E+01
11654	430	4.96836E+01
5070	428	4.96947E+01
11654	732	4.97146E+01
11725	606	4.97402E+01
6694	681	4.97547E+01
11295	686	4.97690E+01
5092	565	4.97723E+01
11132	770	4.97907E+01
5173	468	4.98025E+01
6694	765	4.98113E+01
11654	606	4.98132E+01
5173	732	4.98152E+01
5173	689	4.98293E+01
11132	728	4.98582E+01
5173	560	4.98908E+01
5173	337	4.98910E+01
11132	812	4.99581E+01
11725	470	4.99710E+01
5070	690	4.99904E+01
11213	686	5.00037E+01
11654	470	5.00131E+01
5195	565	5.00695E+01
5092	472	5.01111E+01
5070	377	5.01787E+01
5070	605	5.02376E+01
11725	689	5.02670E+01
11132	686	5.03048E+01
11654	689	5.03661E+01
6694	807	5.03837E+01
5092	431	5.03902E+01
5070	647	5.04073E+01
11295	603	5.04209E+01
11725	731	5.04396E+01
11213	377	5.04427E+01
5195	472	5.04713E+01
11725	647	5.04822E+01
11295	377	5.04990E+01
6694	639	5.05311E+01
11654	731	5.05487E+01
11213	603	5.05499E+01
5092	380	5.05653E+01
11654	647	5.05694E+01
11295	811	5.05807E+01
11132	377	5.05973E+01
6694	421	5.06029E+01
11295	559	5.06063E+01
11295	769	5.06418E+01
11213	559	5.06835E+01
11880	565	5.07010E+01
5173	646	5.07100E+01
5070	337	5.07365E+01
11812	565	5.07494E+01
6694	330	5.07865E+01
11132	603	5.08002E+01
11725	773	5.08121E+01
5195	431	5.08172E+01
11725	379	5.08177E+01
11654	379	5.08292E+01
5070	468	5.08323E+01
11880	609	5.08543E+01
5092	564	5.08855E+01
11295	644	5.08856E+01
5173	604	5.08868E+01
11132	559	5.09077E+01
5173	731	5.09116E+01
11812	609	5.09183E+01
6694	370	5.09214E+01
11654	773	5.09302E+01
11213	811	5.09513E+01
11213	769	5.09674E+01
5070	560	5.09956E+01
11295	727	5.09986E+01
5173	427	5.10546E+01
5195	380	5.10552E+01
11213	644	5.10615E+01
5070	689	5.11755E+01
5195	564	5.11824E+01
5173	688	5.12170E+01
5070	732	5.12332E+01
5092	609	5.12508E+01
11725	561	5.12584E+01
11213	727	5.12748E+01
11654	561	5.13146E+01
11132	769	5.13197E+01
11132	811	5.13260E+01
11132	644	5.13382E+01
11725	605	5.13715E+01
6694	281	5.14297E+01
11654	605	5.14438E+01
11725	730	5.14779E+01
5195	609	5.14871E+01
11880	473	5.14883E+01
7360	565	5.14913E+01
7360	473	5.14996E+01
11725	688	5.15174E+01
11812	473	5.15218E+01
11213	427	5.15329E+01
11295	427	5.15587E+01
6694	553	5.15715E+01
11880	650	5.15885E+01
5092	471	5.15902E+01
11654	730	5.15920E+01
11132	727	5.16040E+01
11654	688	5.16195E+01
11812	650	5.16696E+01
5173	376	5.17002E+01
11725	772	5.17057E+01
11132	427	5.17067E+01
6694	722	5.17421E+01
11725	429	5.17450E+01
11213	337	5.17479E+01
11295	467	5.17499E+01
6694	764	5.17665E+01
11213	467	5.17674E+01
11654	429	5.17686E+01
11295	685	5.18075E+01
11654	772	5.18306E+01
11295	337	5.18534E+01
11132	337	5.18817E+01
5195	471	5.19569E+01
6694	461	5.19596E+01
11132	467	5.19647E+01
5070	646	5.19708E+01
11725	469	5.19980E+01
5070	427	5.20006E+01
11725	646	5.20248E+01
11213	685	5.20277E+01
11654	469	5.20368E+01
5070	604	5.20625E+01
11725	814	5.20740E+01
5173	559	5.20869E+01
6694	597	5.20878E+01
11654	646	5.21128E+01
5092	430	5.21186E+01
5173	467	5.21553E+01
6694	806	5.21605E+01
5173	730	5.21817E+01
6694	680	5.21989E+01
11295	810	5.21996E+01
11654	814	5.22093E+01
5092	563	5.22123E+01
5173	773	5.22627E+01
7360	609	5.22855E+01
5092	608	5.23085E+01
5173	336	5.23228E+01
11132	685	5.23321E+01
5070	731	5.23333E+01
6694	234	5.24003E+01
5092	379	5.24288E+01
11295	768	5.24584E+01
5195	563	5.25110E+01
5173	645	5.25306E+01
5195	608	5.25396E+01
5195	430	5.25560E+01
5070	688	5.25583E+01
11213	810	5.25693E+01
5070	376	5.25778E+01
11880	691	5.26973E+01
11880	608	5.27457E+01
11725	729	5.27520E+01
11880	564	5.27524E+01
11213	768	5.27777E+01
11812	691	5.27978E+01
11812	564	5.28034E+01
11725	771	5.28068E+01
11812	608	5.28136E+01
5173	687	5.28255E+01
7360	432	5.28330E+01
8293	565	5.28443E+01
11654	729	5.28703E+01
8293	473	5.28819E+01
11295	602	5.28875E+01
5195	379	5.29309E+01
11654	771	5.29379E+01
11132	810	5.29547E+01
11213	602	5.29938E+01
5173	603	5.29978E+01
11213	376	5.30208E+01
11725	687	5.30322E+01
11725	813	5.30561E+01
11295	726	5.30696E+01
11725	378	5.30774E+01
11654	378	5.30842E+01
11295	376	5.31023E+01
5092	650	5.31035E+01
11654	687	5.31364E+01
11132	768	5.31379E+01
5070	336	5.31426E+01
5070	467	5.31591E+01
5070	559	5.31685E+01
11132	376	5.31705E+01
11654	813	5.31993E+01
11295	558	5.32036E+01
7360	564	5.32120E+01
11132	602	5.32428E+01
11213	558	5.32558E+01
5195	650	5.32701E+01
6694	638	5.32812E+01
11295	643	5.32841E+01
11725	604	5.32904E+01
5092	470	5.32987E+01
11725	560	5.33323E+01
11213	726	5.33337E+01
11654	604	5.33613E+01
11654	560	5.33858E+01
11880	649	5.33942E+01
10293	432	5.34009E+01
7360	472	5.34276E+01
11213	643	5.34398E+01
5173	772	5.34683E+01
11132	558	5.34770E+01
11812	649	5.34805E+01
5092	607	5.35705E+01
6694	329	5.35776E+01
7360	650	5.35838E+01
5070	730	5.36041E+01
6694	420	5.36122E+01
5173	426	5.36401E+01
5173	729	5.36461E+01
8293	609	5.36573E+01
11132	726	5.36678E+01
5195	470	5.36735E+01
11132	643	5.37168E+01
10293	473	5.37201E+01
3054	473	5.37636E+01
5092	562	5.37661E+01
5070	773	5.37665E+01
5070	645	5.37773E+01
11880	472	5.37846E+01
5195	607	5.37990E+01
11880	432	5.38042E+01
11812	472	5.38193E+01
11812	432	5.38226E+01
11725	645	5.38568E+01
6694	369	5.38789E+01
7360	608	5.38869E+01
11654	645	5.39447E+01
3054	432	5.40524E+01
6694	280	5.40605E+01
6694	763	5.40606E+01
5195	562	5.40688E+01
5092	429	5.40706E+01
11880	732	5.40712E+01
11725	428	5.40825E+01
11654	428	5.41018E+01
11295	809	5.41196E+01
11725	770	5.41426E+01
5070	603	5.41533E+01
5070	687	5.41588E+01
5092	649	5.41761E+01
11812	732	5.41938E+01
11295	684	5.41964E+01
10293	431	5.42090E+01
10293	472	5.42224E+01
11725	812	5.42464E+01
6694	805	5.42514E+01
11213	426	5.42681E+01
8293	432	5.42698E+01
6694	721	5.42770E+01
11654	770	5.42790E+01
11725	728	5.42891E+01
11725	468	5.42989E+01
10293	380	5.43039E+01
11295	426	5.43206E+01
11213	336	5.43316E+01
5195	649	5.43335E+01
11654	468	5.43339E+01
5173	375	5.43552E+01
11654	812	5.43968E+01
11213	684	5.43987E+01
11654	728	5.44108E+01
11654	338	5.44151E+01
11725	338	5.44229E+01
11132	426	5.44371E+01
11132	336	5.44606E+01
11295	336	5.44607E+01
11880	690	5.44786E+01
11213	809	5.44846E+01
5092	378	5.44981E+01
5195	429	5.45199E+01
11213	466	5.45319E+01
3054	565	5.45391E+01
11295	466	5.45412E+01
5070	426	5.45580E+01
5173	558	5.45694E+01
11812	690	5.45854E+01
10293	565	5.45967E+01
11295	767	5.46060E+01
5173	644	5.46191E+01
8293	564	5.46428E+01
6694	552	5.46760E+01
5173	686	5.46762E+01
11132	684	5.47050E+01
11132	466	5.47248E+01
5173	466	5.47865E+01
6694	233	5.48258E+01
11725	686	5.48376E+01
5173	771	5.48430E+01
8293	472	5.48650E+01
11132	809	5.48789E+01
10293	564	5.48926E+01
11880	607	5.48961E+01
11213	767	5.49150E+01
10293	471	5.49218E+01
11654	686	5.49431E+01
5173	335	5.49505E+01
11812	607	5.49674E+01
5070	772	5.49771E+01
5173	814	5.50070E+01
6694	679	5.50095E+01
5195	378	5.50135E+01
8293	650	5.50363E+01
5092	606	5.50529E+01
7360	431	5.50635E+01
11880	563	5.50649E+01
5070	729	5.50659E+01
5092	338	5.50824E+01
11812	563	5.51180E+01
6694	460	5.51365E+01
7360	649	5.51393E+01
7360	563	5.51731E+01
6694	596	5.51741E+01
5070	375	5.52047E+01
3054	472	5.52049E+01
10293	430	5.52139E+01
7360	691	5.52315E+01
5092	469	5.52457E+01
5092	691	5.52704E+01
5195	606	5.52812E+01
11132	767	5.52813E+01
5173	728	5.53263E+01
5195	691	5.53536E+01
8293	608	5.53548E+01
10293	563	5.53807E+01
5173	602	5.53996E+01
5092	648	5.54430E+01
11880	648	5.54548E+01
11295	725	5.55012E+01
10293	379	5.55169E+01
11725	603	5.55188E+01
11812	648	5.55458E+01
5092	561	5.55593E+01
11725	377	5.55597E+01
11654	377	5.55616E+01
11654	603	5.55877E+01
5195	648	5.55937E+01
7360	471	5.55974E+01
5070	558	5.56254E+01
5195	469	5.56305E+01
5195	338	5.56565E+01
11880	773	5.56577E+01
10293	609	5.56622E+01
11725	811	5.56732E+01
11725	559	5.57075E+01
11295	601	5.57125E+01
7360	607	5.57236E+01
11725	769	5.57424E+01
5070	335	5.57437E+01
11213	725	5.57493E+01
11654	559	5.57578E+01
5070	466	5.57624E+01
3054	431	5.57677E+01
11213	601	5.57935E+01
11812	773	5.58054E+01
3054	564	5.58113E+01
11654	811	5.58299E+01
10293	470	5.58323E+01
11213	375	5.58384E+01
10293	608	5.58406E+01
5070	644	5.58486E+01
5195	561	5.58682E+01
11880	731	5.58753E+01
11654	769	5.58832E+01
3054	609	5.59373E+01
11295	375	5.59463E+01
11132	375	5.59829E+01
5070	686	5.59981E+01
11725	644	5.60042E+01
11812	731	5.60052E+01
11132	601	5.60399E+01
11295	642	5.60558E+01
10293	562	5.60781E+01
11132	725	5.60865E+01
11654	644	5.60913E+01
11725	727	5.61191E+01
11295	557	5.61425E+01
11213	557	5.61675E+01
3054	380	5.61757E+01
11213	642	5.61880E+01
10293	607	5.62037E+01
11654	727	5.62432E+01
5092	428	5.62539E+01
5173	813	5.63309E+01
11880	471	5.63397E+01
7360	380	5.63481E+01
5070	771	5.63538E+01
11812	471	5.63754E+01
11295	808	5.63806E+01
11132	557	5.63848E+01
6694	637	5.63948E+01
5092	690	5.64074E+01
5173	770	5.64077E+01
10293	429	5.64258E+01
11880	431	5.64317E+01
11812	431	5.64502E+01
11132	642	5.64639E+01
5195	690	5.64783E+01
5173	425	5.64927E+01
11880	689	5.65105E+01
8293	431	5.65280E+01
5070	602	5.65321E+01
6694	328	5.66115E+01
5070	814	5.66123E+01
11812	689	5.66232E+01
5173	286	5.66613E+01
8293	563	5.66723E+01
11725	427	5.66797E+01
6694	804	5.66798E+01
11654	427	5.66943E+01
8293	649	5.67020E+01
6694	762	5.67109E+01
5195	428	5.67164E+01
10293	650	5.67349E+01
11213	808	5.67367E+01
5070	728	5.67401E+01
5092	605	5.67704E+01
10293	606	5.67710E+01
5092	377	5.67792E+01
5173	685	5.67936E+01
7360	690	5.67987E+01
8293	691	5.68343E+01
10293	649	5.68710E+01
3054	471	5.68782E+01
11725	467	5.68890E+01
6694	279	5.68911E+01
10293	378	5.69177E+01
6694	419	5.69196E+01
11654	467	5.69197E+01
5092	647	5.69216E+01
7360	648	5.69237E+01
11654	337	5.69381E+01
11725	337	5.69508E+01
11725	685	5.69637E+01
10293	469	5.69668E+01
11295	683	5.69721E+01
10293	561	5.70006E+01
5173	643	5.70009E+01
5195	605	5.70011E+01
1370	473	5.70532E+01
5195	647	5.70685E+01
11654	685	5.70696E+01
8293	471	5.70803E+01
6694	368	5.71093E+01
11213	335	5.71191E+01
1480	473	5.71241E+01
11295	766	5.71254E+01
3054	608	5.71337E+01
11132	808	5.71380E+01
11213	683	5.71529E+01
7360	732	5.71590E+01
1590	473	5.71594E+01
6694	720	5.71785E+01
10293	648	5.71825E+01
11132	335	5.72430E+01
5173	727	5.72457E+01
5173	374	5.72504E+01
11585	565	5.72611E+01
11295	335	5.72726E+01
8293	607	5.72786E+01
11213	425	5.72870E+01
5195	377	5.73091E+01
3054	563	5.73108E+01
11510	565	5.73181E+01
11880	606	5.73257E+01
5173	557	5.73594E+01
11295	425	5.73676E+01
11725	810	5.73680E+01
5092	337	5.73800E+01
5070	425	5.73811E+01
7360	562	5.73907E+01
6694	232	5.73964E+01
5070	286	5.73988E+01
11812	606	5.74001E+01
11213	766	5.74199E+01
11880	814	5.74325E+01
5092	468	5.74418E+01
11132	425	5.74506E+01
11132	683	5.74592E+01
11880	772	5.75194E+01
7360	430	5.75288E+01
11654	810	5.75300E+01
10293	338	5.75405E+01
10293	605	5.75609E+01
5092	560	5.76049E+01
11585	609	5.76066E+01
11812	814	5.76086E+01
11213	465	5.76169E+01
11725	768	5.76395E+01
11295	465	5.76549E+01
11880	562	5.76552E+01
11812	772	5.76754E+01
11510	609	5.76812E+01
10293	647	5.76913E+01
11812	562	5.77101E+01
3054	430	5.77113E+01
5173	465	5.77144E+01
5092	689	5.77291E+01
5195	732	5.77359E+01
3054	650	5.77360E+01
11585	473	5.77396E+01
10293	691	5.77521E+01
5092	732	5.77533E+01
11510	473	5.77779E+01
11654	768	5.77837E+01
5173	334	5.77844E+01
11132	766	5.77903E+01
5195	689	5.77904E+01
11880	647	5.77935E+01
11132	465	5.78048E+01
1370	565	5.78092E+01
7360	606	5.78147E+01
5173	812	5.78215E+01
8293	380	5.78232E+01
1480	565	5.78275E+01
5195	468	5.78383E+01
1590	565	5.78444E+01
10293	428	5.78552E+01
11812	647	5.78887E+01
1568	380	5.79001E+01
10293	690	5.79037E+01
5070	770	5.79171E+01
5195	560	5.79222E+01
11880	730	5.79271E+01
5070	813	5.79416E+01
3407	473	5.79580E+01
1370	432	5.79623E+01
5195	337	5.79681E+01
7360	470	5.80207E+01
11812	730	5.80639E+01
5070	374	5.80709E+01
10040	565	5.80747E+01
1480	432	5.80762E+01
11725	602	5.80823E+01
5070	685	5.81004E+01
6694	551	5.81138E+01
5173	601	5.81170E+01
1590	432	5.81351E+01
11654	602	5.81484E+01
10293	560	5.81647E+01
10040	609	5.81761E+01
5173	769	5.81849E+01
6694	678	5.81859E+01
9954	565	5.81947E+01
5070	643	5.82096E+01
10293	689	5.82221E+01
3054	379	5.82629E+01
11654	376	5.82709E+01
11725	376	5.82739E+01
11725	726	5.82761E+01
11274	473	5.83042E+01
3407	432	5.83164E+01
11295	724	5.83330E+01
10293	468	5.83391E+01
5070	557	5.83875E+01
9954	609	5.83927E+01
11654	726	5.84015E+01
11725	558	5.84054E+01
10293	646	5.84182E+01
11585	650	5.84349E+01
1568	379	5.84474E+01
11654	558	5.84519E+01
11725	643	5.84968E+01
10293	377	5.85148E+01
1458	380	5.85168E+01
3301	473	5.85204E+01
8293	690	5.85217E+01
11510	650	5.85271E+01
3054	607	5.85487E+01
5070	334	5.85502E+01
11880	380	5.85603E+01
11213	724	5.85610E+01
11812	380	5.85633E+01
11654	643	5.85822E+01
11274	432	5.85877E+01
8293	648	5.85880E+01
7360	689	5.85883E+01
10293	604	5.85924E+01
6694	595	5.86065E+01
6694	459	5.86260E+01
5092	646	5.86291E+01
5070	727	5.86497E+01
5070	465	5.86605E+01
1568	432	5.86779E+01
5092	427	5.86779E+01
10293	732	5.87186E+01
10293	688	5.87308E+01
5092	604	5.87388E+01
3407	565	5.87418E+01
5195	646	5.87749E+01
7360	731	5.87794E+01
3054	470	5.87937E+01
1568	338	5.88170E+01
11880	688	5.88185E+01
11274	565	5.88443E+01
1568	431	5.88546E+01
3301	432	5.88563E+01
11132	724	5.88994E+01
11213	374	5.89075E+01
11295	600	5.89242E+01
10293	731	5.89263E+01
3054	649	5.89302E+01
11812	688	5.89365E+01
8293	562	5.89482E+01
5195	731	5.89533E+01
7360	647	5.89582E+01
7360	379	5.89651E+01
5195	604	5.89743E+01
11213	600	5.89770E+01
8293	732	5.89844E+01
5092	731	5.89850E+01
11585	564	5.90083E+01
8293	430	5.90109E+01
10040	650	5.90157E+01
11295	807	5.90263E+01
11192	473	5.90385E+01
11295	374	5.90427E+01
11132	374	5.90463E+01
3054	562	5.90513E+01
1458	379	5.90528E+01
11510	564	5.90643E+01
10040	473	5.90903E+01
9954	473	5.90982E+01
1348	380	5.91027E+01
5195	427	5.91549E+01
11880	470	5.91656E+01
1568	378	5.91812E+01
11585	608	5.91956E+01
11812	470	5.92020E+01
5173	684	5.92058E+01
11132	600	5.92196E+01
1568	430	5.92211E+01
5070	601	5.92234E+01
11295	641	5.92329E+01
10293	337	5.92352E+01
5092	688	5.92543E+01
11111	473	5.92543E+01
11274	472	5.92559E+01
11192	432	5.92609E+01
11510	608	5.92707E+01
5092	376	5.92802E+01
10293	730	5.92949E+01
11880	430	5.93065E+01
5195	688	5.93089E+01
3301	565	5.93175E+01
1458	432	5.93184E+01
9954	650	5.93210E+01
11812	430	5.93251E+01
11213	641	5.93384E+01
7360	773	5.93414E+01
11725	809	5.93674E+01
11213	807	5.93687E+01
11880	813	5.93779E+01
10293	645	5.93852E+01
11213	286	5.93944E+01
1458	338	5.93981E+01
5173	285	5.94137E+01
5173	726	5.94312E+01
5070	812	5.94342E+01
11213	556	5.94425E+01
1370	472	5.94440E+01
11725	684	5.94448E+01
8293	606	5.94470E+01
11295	556	5.94470E+01
11111	432	5.94488E+01
10293	687	5.94529E+01
6694	803	5.94597E+01
1458	431	5.94842E+01
5173	811	5.94999E+01
11132	286	5.94999E+01
1480	472	5.95074E+01
10293	427	5.95137E+01
11654	809	5.95335E+01
8293	470	5.95388E+01
11654	684	5.95498E+01
11725	426	5.95502E+01
1590	472	5.95521E+01
11274	564	5.95563E+01
11585	691	5.95594E+01
11654	426	5.95597E+01
11812	813	5.95630E+01
3407	472	5.95790E+01
3195	473	5.95827E+01
10293	559	5.95882E+01
11295	286	5.95950E+01
11132	641	5.96116E+01
11585	432	5.96135E+01
11192	565	5.96203E+01
11880	771	5.96285E+01
5173	424	5.96287E+01
11510	432	5.96306E+01
1348	379	5.96376E+01
11132	556	5.96549E+01
11654	336	5.96565E+01
1480	609	5.96665E+01
10293	773	5.96682E+01
1590	609	5.96684E+01
11510	691	5.96707E+01
11725	336	5.96741E+01
5070	769	5.96891E+01
5173	642	5.97038E+01
1370	609	5.97128E+01
6694	761	5.97231E+01
11585	472	5.97352E+01
11274	609	5.97617E+01
11510	472	5.97709E+01
11132	807	5.97747E+01
1458	378	5.97750E+01
1568	429	5.97859E+01
11725	466	5.97860E+01
11812	771	5.97922E+01
11654	466	5.98120E+01
5195	376	5.98255E+01
1458	430	5.98393E+01
3054	691	5.98468E+01
10293	729	5.98483E+01
1568	337	5.98530E+01
11111	565	5.98555E+01
6694	636	5.98603E+01
5092	336	5.98677E+01
11725	767	5.98717E+01
11274	431	5.98761E+01
7360	561	5.98791E+01
6694	327	5.98814E+01
10293	603	5.98867E+01
3054	429	5.98897E+01
3195	432	5.98952E+01
5092	467	5.98999E+01
1348	432	5.99122E+01
6694	278	5.99154E+01
5092	559	5.99179E+01
11585	649	5.99437E+01
7739	338	5.99512E+01
10293	772	5.99596E+01
10293	467	5.99642E+01
11192	472	5.99660E+01
1348	338	5.99702E+01
11654	767	6.00181E+01
11510	649	6.00380E+01
1370	564	6.00431E+01
1480	564	6.00519E+01
11880	605	6.00533E+01
11295	765	6.00591E+01
1568	472	6.00641E+01
1590	564	6.00774E+01
1348	431	6.00791E+01
6694	231	6.01006E+01
1568	377	6.01086E+01
11213	334	6.01206E+01
5070	285	6.01266E+01
3301	472	6.01276E+01
1568	473	6.01290E+01
11812	605	6.01302E+01
11295	682	6.01707E+01
11111	472	6.01727E+01
7360	605	6.01778E+01
1568	471	6.01836E+01
3407	431	6.01896E+01
7829	380	6.01984E+01
3054	606	6.01988E+01
5173	768	6.01999E+01
7739	380	6.02038E+01
3407	564	6.02106E+01
7360	429	6.02367E+01
11132	334	6.02391E+01
3407	609	6.02408E+01
5195	559	6.02457E+01
11880	729	6.02538E+01
7739	379	6.02641E+01
7829	338	6.02934E+01
11295	334	6.02995E+01
5195	467	6.03098E+01
11192	564	6.03121E+01
10293	376	6.03178E+01
11274	608	6.03232E+01
11213	682	6.03259E+01
3054	648	6.03333E+01
11213	765	6.03344E+01
5195	730	6.03509E+01
1348	378	6.03585E+01
7829	379	6.03585E+01
10040	691	6.03707E+01
1458	429	6.03925E+01
5092	730	6.03940E+01
11812	729	6.03969E+01
5173	373	6.03993E+01
10293	771	6.04087E+01
3195	565	6.04101E+01
10293	686	6.04130E+01
1458	337	6.04228E+01
8293	689	6.04233E+01
11274	471	6.04286E+01
11880	646	6.04323E+01
8293	379	6.04346E+01
1348	430	6.04349E+01
5195	773	6.04388E+01
6694	719	6.04425E+01
11274	380	6.04521E+01
10040	608	6.04641E+01
5195	336	6.04706E+01
5173	556	6.04792E+01
5070	424	6.04862E+01
11274	563	6.04864E+01
5070	684	6.04935E+01
1568	470	6.04990E+01
7739	378	6.05057E+01
10040	564	6.05079E+01
6694	418	6.05089E+01
11192	431	6.05218E+01
11812	646	6.05312E+01
7739	337	6.05314E+01
11880	561	6.05383E+01
11111	564	6.05407E+01
1568	428	6.05581E+01
3054	378	6.05650E+01
11192	609	6.05658E+01
5092	773	6.05762E+01
3407	380	6.05778E+01
5092	645	6.05833E+01
9954	564	6.05912E+01
11812	561	6.05946E+01
6694	367	6.05993E+01
1370	431	6.06054E+01
11213	424	6.06064E+01
10293	728	6.06115E+01
10293	644	6.06164E+01
7360	730	6.06173E+01
7360	688	6.06233E+01
11132	682	6.06305E+01
10293	814	6.06412E+01
9954	608	6.06490E+01
1458	377	6.06906E+01
11111	431	6.06984E+01
7829	378	6.07032E+01
11132	765	6.07066E+01
1458	472	6.07082E+01
7360	469	6.07085E+01
1480	431	6.07139E+01
8293	647	6.07145E+01
3301	431	6.07155E+01
11295	424	6.07165E+01
5195	645	6.07309E+01
8293	731	6.07312E+01
9954	691	6.07633E+01
11132	424	6.07640E+01
3301	564	6.07729E+01
1590	431	6.07826E+01
1458	473	6.07833E+01
11725	725	6.07982E+01
11274	650	6.08122E+01
11111	609	6.08146E+01
1458	471	6.08170E+01
5070	726	6.08213E+01
3301	609	6.08223E+01
5173	333	6.08362E+01
5070	642	6.08881E+01
11585	732	6.08885E+01
11654	725	6.09238E+01
7739	377	6.09357E+01
7649	338	6.09416E+01
5173	464	6.09584E+01
3054	469	6.09605E+01
5092	603	6.09758E+01
7829	337	6.09788E+01
1348	429	6.09884E+01
1348	337	6.09924E+01
5092	687	6.10015E+01
11725	601	6.10091E+01
11510	732	6.10210E+01
11585	563	6.10217E+01
1568	469	6.10219E+01
10293	813	6.10349E+01
11192	380	6.10394E+01
10293	770	6.10398E+01
11213	464	6.10432E+01
7360	772	6.10434E+01
3054	561	6.10455E+01
11585	607	6.10470E+01
11585	690	6.10511E+01
5195	687	6.10525E+01
1568	336	6.10641E+01
11654	601	6.10716E+01
11510	563	6.10761E+01
3301	380	6.10840E+01
3054	690	6.10920E+01
11274	607	6.10969E+01
10293	336	6.11022E+01
5070	811	6.11110E+01
11192	608	6.11115E+01
11295	464	6.11117E+01
11192	471	6.11125E+01
1458	470	6.11213E+01
11510	607	6.11221E+01
1458	428	6.11527E+01
11510	690	6.11659E+01
5173	600	6.11753E+01
11111	380	6.11879E+01
5070	373	6.11897E+01
3195	472	6.11999E+01
5195	603	6.12188E+01
11192	563	6.12199E+01
11654	375	6.12228E+01
11132	464	6.12252E+01
10040	649	6.12302E+01
11725	375	6.12310E+01
1568	376	6.12376E+01
7829	377	6.12396E+01
7829	430	6.12513E+01
7360	646	6.12632E+01
1348	377	6.12724E+01
7739	336	6.12817E+01
10293	558	6.12914E+01
7739	430	6.12929E+01
7649	380	6.13002E+01
11274	649	6.13002E+01
11111	471	6.13093E+01
1348	472	6.13094E+01
7829	431	6.13175E+01
7739	429	6.13273E+01
7649	379	6.13346E+01
5092	426	6.13545E+01
11111	608	6.13562E+01
11725	642	6.13676E+01
3054	338	6.13734E+01
1348	473	6.13807E+01
11274	430	6.13821E+01
7829	429	6.13823E+01
5173	810	6.13895E+01
1370	380	6.13970E+01
10293	426	6.14142E+01
3407	471	6.14145E+01
1348	471	6.14215E+01
11880	687	6.14277E+01
11111	563	6.14407E+01
11725	557	6.14497E+01
11654	642	6.14503E+01
7739	431	6.14510E+01
8293	773	6.14610E+01
10293	602	6.14674E+01
5070	556	6.14767E+01
8293	561	6.14841E+01
11654	557	6.14917E+01
7649	337	6.14921E+01
9954	649	6.15083E+01
1568	563	6.15172E+01
1568	564	6.15311E+01
1480	380	6.15459E+01
1568	427	6.15478E+01
7649	378	6.15485E+01
11812	687	6.15504E+01
7739	376	6.15619E+01
7739	428	6.15638E+01
7829	432	6.15718E+01
11880	812	6.15731E+01
5070	333	6.15740E+01
10293	812	6.15856E+01
11880	379	6.15866E+01
11812	379	6.15890E+01
11295	723	6.16041E+01
10293	727	6.16118E+01
1458	336	6.16226E+01
1458	469	6.16326E+01
1590	380	6.16353E+01
11192	650	6.16362E+01
10293	685	6.16385E+01
3407	608	6.16441E+01
11274	562	6.16523E+01
1568	562	6.16914E+01
5070	768	6.16947E+01
9954	432	6.17053E+01
11585	648	6.17090E+01
11725	808	6.17125E+01
6694	677	6.17131E+01
9954	472	6.17174E+01
1568	565	6.17191E+01
7829	428	6.17197E+01
8293	429	6.17261E+01
1348	470	6.17286E+01
1348	428	6.17483E+01
10040	472	6.17512E+01
3195	431	6.17620E+01
1568	468	6.17641E+01
5195	772	6.17663E+01
11812	812	6.17666E+01
7360	814	6.17726E+01
7739	432	6.17926E+01
7360	378	6.17999E+01
11510	648	6.18048E+01
1458	376	6.18075E+01
11213	723	6.18075E+01
1480	608	6.18169E+01
1590	608	6.18268E+01
10040	432	6.18341E+01
11274	470	6.18363E+01
7829	336	6.18365E+01
5195	426	6.18473E+01
10293	466	6.18591E+01
6694	550	6.18618E+01
11192	607	6.18668E+01
5070	464	6.18729E+01
1370	608	6.18745E+01
8293	605	6.18764E+01
3195	564	6.18779E+01
10293	769	6.18795E+01
11654	808	6.18814E+01
11274	691	6.18838E+01
3407	563	6.18891E+01
11111	650	6.18957E+01
5173	725	6.19132E+01
5092	772	6.19187E+01
5173	683	6.19433E+01
5195	729	6.19480E+01
3301	471	6.19487E+01
7649	377	6.19492E+01
11585	431	6.19493E+01
3195	609	6.19543E+01
11510	431	6.19626E+01
3054	647	6.19635E+01
7829	376	6.19753E+01
11274	648	6.19923E+01
11585	471	6.19957E+01
11192	430	6.19986E+01
5092	729	6.19995E+01
5092	375	6.20109E+01
7739	427	6.20128E+01
11880	770	6.20137E+01
11510	471	6.20285E+01
1568	561	6.20673E+01
1370	471	6.20779E+01
3054	605	6.20995E+01
11295	806	6.21010E+01
11274	606	6.21031E+01
3195	380	6.21048E+01
11111	607	6.21063E+01
11192	649	6.21126E+01
10040	732	6.21160E+01
1458	427	6.21301E+01
1480	471	6.21346E+01
10293	643	6.21389E+01
11132	723	6.21448E+01
1458	563	6.21583E+01
11111	430	6.21634E+01
11274	379	6.21687E+01
1458	564	6.21820E+01
11812	770	6.21845E+01
1590	471	6.21890E+01
1348	336	6.21895E+01
7739	335	6.22085E+01
7649	336	6.22116E+01
3301	608	6.22127E+01
3407	650	6.22403E+01
1348	469	6.22419E+01
11213	373	6.22419E+01
8293	469	6.22509E+01
3054	732	6.22511E+01
5070	600	6.22525E+01
11880	469	6.22733E+01
7829	427	6.22740E+01
3407	430	6.22754E+01
11213	285	6.22999E+01
11812	469	6.23100E+01
3054	428	6.23102E+01
11725	683	6.23179E+01
10293	811	6.23185E+01
1458	562	6.23221E+01
10293	375	6.23369E+01
1590	650	6.23439E+01
1480	650	6.23549E+01
5173	284	6.23568E+01
7829	470	6.23582E+01
11274	690	6.23594E+01
6694	594	6.23609E+01
11192	562	6.23611E+01
1458	468	6.23628E+01
11111	649	6.23705E+01
11132	373	6.23747E+01
1458	565	6.23793E+01
11585	773	6.23841E+01
1348	376	6.23873E+01
7739	375	6.23930E+01
7829	469	6.23989E+01
11132	285	6.24006E+01
6694	458	6.24038E+01
11295	373	6.24055E+01
7649	430	6.24086E+01
11585	731	6.24105E+01
7739	469	6.24114E+01
7649	429	6.24194E+01
11654	683	6.24211E+01
11213	806	6.24242E+01
11880	429	6.24365E+01
3301	563	6.24373E+01
11812	429	6.24547E+01
1568	335	6.24575E+01
7739	470	6.24583E+01
1370	650	6.24801E+01
11725	766	6.24810E+01
5173	767	6.24816E+01
11192	470	6.24921E+01
6350	380	6.24993E+01
5092	558	6.25162E+01
1370	563	6.25169E+01
1480	563	6.25169E+01
11295	285	6.25231E+01
7829	471	6.25248E+01
3054	689	6.25368E+01
11510	773	6.25405E+01
7649	376	6.25447E+01
11510	731	6.25477E+01
11295	599	6.25486E+01
1590	563	6.25518E+01
5092	335	6.25538E+01
8293	688	6.25608E+01
11213	599	6.25703E+01
10040	690	6.25706E+01
5195	375	6.25724E+01
11111	562	6.25732E+01
1568	375	6.25771E+01
7739	468	6.25787E+01
11654	335	6.25796E+01
7649	431	6.25883E+01
6694	802	6.25922E+01
9954	732	6.25989E+01
11725	335	6.26024E+01
7739	286	6.26236E+01
11654	766	6.26281E+01
7649	428	6.26301E+01
5092	466	6.26353E+01
7360	560	6.26531E+01
1568	560	6.26594E+01
7829	468	6.26596E+01
11111	470	6.26780E+01
7739	426	6.26854E+01
1458	561	6.26872E+01
8293	730	6.26875E+01
7360	729	6.26971E+01
7739	471	6.27069E+01
11725	425	6.27092E+01
11654	425	6.27134E+01
11192	691	6.27241E+01
1348	427	6.27251E+01
11192	379	6.27263E+01
1568	467	6.27391E+01
5173	641	6.27560E+01
1568	426	6.27667E+01
1348	563	6.27710E+01
3301	430	6.27868E+01
1348	564	6.27887E+01
11192	648	6.27904E+01
11585	689	6.27932E+01
3407	379	6.28014E+01
5092	644	6.28047E+01
11132	599	6.28077E+01
3301	650	6.28216E+01
7360	604	6.28310E+01
11132	806	6.28323E+01
11295	640	6.28450E+01
11192	606	6.28522E+01
5195	558	6.28567E+01
11111	379	6.28622E+01
7829	335	6.28728E+01
10293	726	6.28797E+01
11880	728	6.28836E+01
7829	472	6.28866E+01
11510	689	6.29108E+01
11274	647	6.29118E+01
7829	375	6.29190E+01
11213	640	6.29202E+01
6694	230	6.29250E+01
7360	687	6.29267E+01
9954	690	6.29397E+01
1348	562	6.29403E+01
11274	732	6.29443E+01
7649	432	6.29491E+01
1568	607	6.29559E+01
5195	644	6.29573E+01
10293	768	6.29574E+01
7360	771	6.29606E+01
1348	468	6.29736E+01
7739	467	6.29741E+01
1348	565	6.29792E+01
5092	686	6.29909E+01
11111	691	6.29936E+01
5070	810	6.29951E+01
1458	335	6.30043E+01
1568	608	6.30073E+01
11725	465	6.30100E+01
6254	380	6.30138E+01
10040	607	6.30168E+01
3195	471	6.30302E+01
11654	465	6.30308E+01
11274	689	6.30315E+01
11812	728	6.30322E+01
5195	686	6.30415E+01
5070	284	6.30445E+01
11111	648	6.30456E+01
7649	427	6.30513E+01
7829	426	6.30563E+01
5195	466	6.30604E+01
5173	423	6.30655E+01
11274	561	6.30703E+01
1568	606	6.30819E+01
6350	379	6.30843E+01
11111	606	6.30852E+01
3054	377	6.30880E+01
6694	760	6.30889E+01
11880	604	6.30982E+01
8293	646	6.31006E+01
11213	555	6.31037E+01
7649	335	6.31066E+01
1568	286	6.31155E+01
11274	429	6.31156E+01
6694	277	6.31198E+01
1458	375	6.31346E+01
11295	555	6.31401E+01
6350	432	6.31442E+01
7739	472	6.31449E+01
10293	335	6.31506E+01
7829	467	6.31539E+01
10293	684	6.31600E+01
9954	607	6.31653E+01
5195	335	6.31721E+01
11812	604	6.31771E+01
11585	606	6.31796E+01
11132	640	6.31890E+01
11192	690	6.31919E+01
7360	428	6.31957E+01
10040	563	6.32073E+01
5070	683	6.32077E+01
1568	609	6.32202E+01
3407	607	6.32493E+01
9954	563	6.32496E+01
11510	606	6.32539E+01
8293	378	6.32543E+01
10293	810	6.32615E+01
1458	560	6.32678E+01
5195	771	6.32690E+01
5070	725	6.32849E+01
8293	772	6.32921E+01
3301	379	6.32936E+01
10293	557	6.32962E+01
3054	560	6.33067E+01
1348	561	6.33100E+01
11132	555	6.33101E+01
11585	562	6.33164E+01
7739	334	6.33191E+01
1458	467	6.33255E+01
1458	426	6.33363E+01
6350	431	6.33401E+01
7649	375	6.33437E+01
11213	333	6.33482E+01
3195	608	6.33594E+01
10293	601	6.33604E+01
11274	605	6.33614E+01
6694	326	6.33681E+01
11510	562	6.33687E+01
7360	338	6.33721E+01
3054	468	6.33892E+01
11880	645	6.33943E+01
1568	605	6.34009E+01
7829	473	6.34313E+01
5092	771	6.34333E+01
7739	374	6.34381E+01
11295	764	6.34477E+01
11274	731	6.34520E+01
7829	286	6.34535E+01
11132	333	6.34610E+01
7649	286	6.34616E+01
11111	690	6.34622E+01
7829	561	6.34695E+01
3407	470	6.34768E+01
1568	559	6.34833E+01
1370	430	6.34852E+01
5195	814	6.34863E+01
11274	469	6.34921E+01
11812	645	6.34962E+01
5092	602	6.35023E+01
5173	809	6.35174E+01
7829	560	6.35313E+01
7649	469	6.35316E+01
11295	333	6.35534E+01
3195	563	6.35539E+01
7739	560	6.35662E+01
1348	335	6.35684E+01
10293	425	6.35710E+01
7360	813	6.35754E+01
3054	731	6.35818E+01
7739	561	6.35828E+01
1480	430	6.35888E+01
6254	379	6.35928E+01
7739	425	6.35940E+01
7649	470	6.35971E+01
1458	607	6.35991E+01
7739	466	6.36122E+01
6350	338	6.36229E+01
7829	562	6.36256E+01
3407	649	6.36455E+01
1458	286	6.36480E+01
6694	635	6.36507E+01
1458	608	6.36595E+01
1590	430	6.36677E+01
7360	468	6.36725E+01
7649	468	6.36779E+01
6254	432	6.36790E+01
11192	647	6.36929E+01
7649	426	6.36943E+01
11213	764	6.36985E+01
11192	429	6.37013E+01
10040	648	6.37060E+01
1348	375	6.37121E+01
1458	606	6.37156E+01
11725	724	6.37266E+01
11880	560	6.37297E+01
6350	430	6.37325E+01
11192	561	6.37522E+01
11585	647	6.37526E+01
5195	602	6.37556E+01
7739	473	6.37602E+01
5092	814	6.37639E+01
5195	728	6.37647E+01
11510	380	6.37662E+01
11585	380	6.37736E+01
7739	559	6.37770E+01
11812	560	6.37870E+01
3407	562	6.37930E+01
7739	285	6.37989E+01
11192	732	6.38004E+01
3301	607	6.38042E+01
7739	562	6.38103E+01
5173	372	6.38173E+01
5092	728	6.38212E+01
11295	681	6.38242E+01
7829	559	6.38274E+01
3054	646	6.38387E+01
3195	430	6.38403E+01
11510	647	6.38491E+01
11654	724	6.38509E+01
11192	689	6.38535E+01
11111	429	6.38535E+01
7360	645	6.38599E+01
6350	378	6.38608E+01
7649	471	6.38617E+01
6254	431	6.38714E+01
1458	609	6.38807E+01
5070	423	6.38908E+01
1348	560	6.38945E+01
7829	466	6.38970E+01
3054	337	6.39075E+01
5070	641	6.39121E+01
11274	688	6.39253E+01
1568	604	6.39293E+01
1348	426	6.39301E+01
1348	467	6.39371E+01
11111	647	6.39440E+01
11213	681	6.39497E+01
5173	555	6.39499E+01
9954	648	6.39521E+01
11111	561	6.39545E+01
1568	466	6.39619E+01
5070	767	6.39626E+01
11585	772	6.39708E+01
10293	642	6.39826E+01
7829	563	6.39842E+01
3301	470	6.39961E+01
11274	773	6.40007E+01
3195	650	6.40044E+01
1458	605	6.40245E+01
11585	814	6.40329E+01
1568	334	6.40409E+01
10293	465	6.40419E+01
11880	811	6.40482E+01
7649	467	6.40495E+01
6694	718	6.40496E+01
11132	764	6.40700E+01
7829	425	6.40792E+01
1458	559	6.40798E+01
7829	374	6.40798E+01
11274	646	6.40810E+01
11111	732	6.40811E+01
11192	605	6.40871E+01
11274	378	6.40904E+01
7829	334	6.40950E+01
6254	338	6.41056E+01
1825	473	6.41103E+01
11192	469	6.41179E+01
5173	332	6.41194E+01
11111	689	6.41234E+01
11510	772	6.41330E+01
1568	374	6.41368E+01
11274	730	6.41511E+01
11585	730	6.41787E+01
7649	334	6.41843E+01
10040	773	6.41848E+01
1348	286	6.42007E+01
1480	607	6.42007E+01
3054	688	6.42008E+01
3301	649	6.42144E+01
11510	814	6.42163E+01
1590	607	6.42194E+01
1348	607	6.42223E+01
1568	425	6.42273E+01
7739	558	6.42331E+01
7739	563	6.42337E+01
11213	423	6.42448E+01
11812	811	6.42493E+01
11132	681	6.42506E+01
8293	814	6.42551E+01
5092	286	6.42569E+01
6254	430	6.42594E+01
3054	604	6.42669E+01
1370	607	6.42687E+01
1348	608	6.42738E+01
11111	469	6.42921E+01
8293	560	6.42939E+01
5092	425	6.42977E+01
11192	731	6.43039E+01
10293	767	6.43069E+01
11111	605	6.43126E+01
7649	472	6.43130E+01
11510	730	6.43199E+01
3195	379	6.43201E+01
6694	366	6.43224E+01
3301	562	6.43265E+01
11725	600	6.43283E+01
6350	429	6.43295E+01
10040	731	6.43463E+01
1348	606	6.43468E+01
6694	417	6.43509E+01
7649	374	6.43554E+01
6254	378	6.43628E+01
11880	686	6.43651E+01
7829	558	6.43761E+01
1370	379	6.43763E+01
11295	423	6.43857E+01
11654	600	6.43863E+01
11132	423	6.43959E+01
1568	648	6.44080E+01
1568	649	6.44226E+01
11654	374	6.44295E+01
11725	374	6.44431E+01
10293	809	6.44464E+01
11725	807	6.44479E+01
10293	725	6.44490E+01
6350	472	6.44546E+01
1348	609	6.44854E+01
11812	686	6.44917E+01
1590	649	6.44928E+01
1480	649	6.44963E+01
7739	465	6.45091E+01
3093	473	6.45110E+01
1480	379	6.45215E+01
6350	473	6.45243E+01
7829	564	6.45306E+01
11585	470	6.45317E+01
1458	466	6.45355E+01
5173	463	6.45377E+01
11585	430	6.45389E+01
1458	604	6.45421E+01
11510	430	6.45481E+01
1568	558	6.45568E+01
1568	647	6.45590E+01
11510	470	6.45610E+01
7649	425	6.45714E+01
11274	772	6.45722E+01
1458	334	6.45760E+01
5070	372	6.45767E+01
6350	471	6.45776E+01
3407	429	6.45824E+01
10293	374	6.45835E+01
8293	604	6.45840E+01
1568	650	6.45854E+01
11111	731	6.45876E+01
7829	604	6.45887E+01
9954	471	6.45956E+01
5173	599	6.45977E+01
7649	285	6.46068E+01
11192	378	6.46169E+01
11654	807	6.46180E+01
1590	379	6.46208E+01
7739	333	6.46217E+01
9954	431	6.46308E+01
1370	649	6.46339E+01
7829	605	6.46390E+01
11725	641	6.46500E+01
3407	691	6.46521E+01
7649	466	6.46614E+01
1348	605	6.46629E+01
10040	471	6.46751E+01
1458	374	6.46817E+01
8293	428	6.46818E+01
1568	603	6.46850E+01
7739	604	6.46956E+01
11880	769	6.47056E+01
7649	560	6.47057E+01
7739	373	6.47074E+01
6350	337	6.47076E+01
1348	559	6.47096E+01
1568	285	6.47200E+01
5173	724	6.47242E+01
11654	641	6.47289E+01
7829	285	6.47322E+01
11192	688	6.47341E+01
7649	561	6.47355E+01
11111	378	6.47398E+01
7739	424	6.47519E+01
11274	560	6.47576E+01
9954	773	6.47646E+01
7829	603	6.47700E+01
1458	425	6.47840E+01
8293	338	6.47966E+01
10293	286	6.47969E+01
10040	431	6.48060E+01
7739	603	6.48067E+01
5195	425	6.48075E+01
7739	605	6.48079E+01
9954	731	6.48088E+01
11585	688	6.48100E+01
5070	332	6.48284E+01
11213	463	6.48311E+01
1825	565	6.48344E+01
6350	377	6.48356E+01
7739	564	6.48385E+01
11880	378	6.48392E+01
11812	378	6.48408E+01
11192	646	6.48424E+01
1825	432	6.48449E+01
6254	429	6.48514E+01
7360	377	6.48599E+01
11725	556	6.48651E+01
11192	773	6.48749E+01
8293	729	6.48764E+01
11812	769	6.48826E+01
11274	604	6.48919E+01
1568	646	6.48931E+01
7649	559	6.49002E+01
7829	606	6.49015E+01
11654	556	6.49020E+01
6350	470	6.49044E+01
7829	465	6.49049E+01
5070	555	6.49141E+01
5195	286	6.49268E+01
11510	688	6.49296E+01
5195	813	6.49314E+01
11295	463	6.49319E+01
7649	473	6.49389E+01
7739	557	6.49538E+01
8293	687	6.49558E+01
3054	773	6.49601E+01
1370	470	6.49644E+01
3195	607	6.49645E+01
5195	770	6.49663E+01
11654	286	6.49667E+01
7649	562	6.49731E+01
5092	374	6.49822E+01
3054	427	6.49823E+01
11192	730	6.49960E+01
6254	472	6.49999E+01
11111	688	6.50021E+01
11725	286	6.50022E+01
11132	463	6.50064E+01
10293	683	6.50109E+01
1480	470	6.50150E+01
3093	432	6.50175E+01
10040	689	6.50278E+01
5173	682	6.50365E+01
7360	728	6.50437E+01
1458	648	6.50495E+01
5173	766	6.50622E+01
11274	687	6.50659E+01
11274	729	6.50677E+01
6254	473	6.50700E+01
1458	649	6.50721E+01
3407	606	6.50743E+01
11274	814	6.50748E+01
3301	429	6.50788E+01
1590	470	6.50797E+01
3195	470	6.50862E+01
11274	428	6.50870E+01
11111	646	6.50881E+01
3054	730	6.51048E+01
5070	809	6.51128E+01
11274	338	6.51128E+01
7360	770	6.51180E+01
6254	471	6.51215E+01
7739	606	6.51247E+01
1348	334	6.51370E+01
7739	284	6.51373E+01
5092	770	6.51393E+01
6350	428	6.51398E+01
1458	558	6.51409E+01
1348	466	6.51472E+01
7739	602	6.51621E+01
11111	773	6.51693E+01
6254	337	6.51828E+01
1348	604	6.51868E+01
1458	647	6.51918E+01
7829	557	6.51970E+01
7829	602	6.52042E+01
5092	813	6.52233E+01
3407	378	6.52264E+01
8293	468	6.52278E+01
3301	691	6.52284E+01
1480	562	6.52362E+01
1458	285	6.52419E+01
1458	650	6.52423E+01
3407	648	6.52439E+01
1370	562	6.52440E+01
5092	685	6.52455E+01
7829	565	6.52506E+01
1348	374	6.52567E+01
3093	565	6.52632E+01
1590	562	6.52809E+01
11111	730	6.52814E+01
1458	603	6.52866E+01
5195	685	6.52992E+01
5092	643	6.53174E+01
6254	377	6.53304E+01
8293	771	6.53305E+01
11274	771	6.53328E+01
7649	558	6.53367E+01
11295	722	6.53478E+01
7829	424	6.53558E+01
7829	607	6.53588E+01
9954	689	6.53686E+01
1348	425	6.53762E+01
10293	334	6.53904E+01
11213	284	6.54031E+01
7649	563	6.54034E+01
11274	468	6.54098E+01
