GRAM	c2h2	chi_tot
7484	91	3.46533E+02
7484	142	3.46786E+02
7484	141	3.46861E+02
7484	140	3.46973E+02
7484	90	3.46996E+02
7484	139	3.47120E+02
7484	138	3.47295E+02
7484	89	3.47398E+02
7484	137	3.47490E+02
7484	136	3.47697E+02
7484	88	3.47741E+02
7484	135	3.47909E+02
7484	87	3.48030E+02
7484	134	3.48119E+02
7484	86	3.48272E+02
7484	133	3.48323E+02
7484	222	3.48352E+02
7484	221	3.48375E+02
7484	223	3.48399E+02
7484	220	3.48453E+02
7484	85	3.48474E+02
7484	132	3.48516E+02
7484	224	3.48532E+02
7484	219	3.48568E+02
7484	269	3.48631E+02
7484	84	3.48641E+02
7484	268	3.48662E+02
7484	270	3.48675E+02
7484	131	3.48696E+02
7484	218	3.48705E+02
7484	267	3.48748E+02
7484	225	3.48762E+02
7484	83	3.48779E+02
7484	287	3.48795E+02
7484	271	3.48814E+02
7484	318	3.48821E+02
7484	319	3.48847E+02
7484	217	3.48853E+02
7484	130	3.48859E+02
7484	317	3.48869E+02
7484	266	3.48872E+02
7484	82	3.48894E+02
7484	339	3.48925E+02
7484	316	3.48970E+02
7484	320	3.48970E+02
7484	359	3.48986E+02
7484	358	3.48988E+02
7484	81	3.48991E+02
7484	216	3.49003E+02
7484	129	3.49005E+02
7484	265	3.49018E+02
7484	235	3.49051E+02
7484	357	3.49062E+02
7484	272	3.49064E+02
7484	80	3.49074E+02
7484	360	3.49075E+02
7484	226	3.49096E+02
7484	315	3.49109E+02
7484	410	3.49121E+02
7484	409	3.49130E+02
7484	128	3.49132E+02
7484	79	3.49148E+02
7484	215	3.49150E+02
7484	264	3.49175E+02
7484	356	3.49187E+02
7484	411	3.49205E+02
7484	321	3.49210E+02
7484	408	3.49214E+02
7484	78	3.49217E+02
7484	450	3.49241E+02
7484	381	3.49241E+02
7484	127	3.49243E+02
7484	314	3.49270E+02
7484	451	3.49271E+02
7484	361	3.49277E+02
7484	77	3.49284E+02
7484	214	3.49290E+02
7484	449	3.49296E+02
7484	263	3.49336E+02
7484	126	3.49340E+02
7484	355	3.49348E+02
7484	407	3.49351E+02
7484	76	3.49351E+02
7484	542	3.49355E+02
7484	543	3.49398E+02
7484	541	3.49403E+02
7484	412	3.49404E+02
7484	452	3.49408E+02
7484	448	3.49418E+02
7484	75	3.49422E+02
7484	213	3.49423E+02
7484	125	3.49425E+02
7484	273	3.49441E+02
7484	313	3.49445E+02
7484	586	3.49465E+02
7484	74	3.49496E+02
7484	262	3.49496E+02
7484	587	3.49499E+02
7484	124	3.49503E+02
7484	514	3.49503E+02
7484	540	3.49522E+02
7484	585	3.49522E+02
7484	406	3.49528E+02
7484	354	3.49533E+02
7484	227	3.49534E+02
7484	212	3.49548E+02
7484	544	3.49554E+02
7484	73	3.49575E+02
7484	123	3.49575E+02
7484	627	3.49575E+02
7484	322	3.49583E+02
7484	628	3.49585E+02
7484	447	3.49588E+02
7484	362	3.49612E+02
7484	312	3.49629E+02
7484	588	3.49644E+02
7484	122	3.49645E+02
7484	584	3.49649E+02
7484	626	3.49653E+02
7484	261	3.49656E+02
7484	72	3.49660E+02
7484	211	3.49667E+02
7484	669	3.49670E+02
7484	453	3.49671E+02
7484	513	3.49678E+02
7484	539	3.49692E+02
7484	668	3.49695E+02
7484	629	3.49701E+02
7484	121	3.49716E+02
7484	405	3.49730E+02
7484	353	3.49733E+02
7484	413	3.49737E+02
7484	670	3.49745E+02
7484	71	3.49753E+02
7484	710	3.49767E+02
7484	210	3.49784E+02
7484	120	3.49790E+02
7484	446	3.49790E+02
7484	711	3.49794E+02
7484	625	3.49796E+02
7484	667	3.49798E+02
7484	260	3.49815E+02
7484	311	3.49818E+02
7484	583	3.49827E+02
7484	709	3.49829E+02
7484	545	3.49839E+02
7484	512	3.49842E+02
7484	70	3.49853E+02
7484	752	3.49862E+02
7484	119	3.49870E+02
7484	751	3.49882E+02
7484	538	3.49898E+02
7484	209	3.49901E+02
7484	589	3.49920E+02
7484	712	3.49931E+02
7484	671	3.49938E+02
7484	753	3.49940E+02
7484	630	3.49943E+02
7484	352	3.49943E+02
7484	404	3.49948E+02
7484	274	3.49950E+02
7484	793	3.49954E+02
7484	118	3.49959E+02
7484	708	3.49960E+02
7484	666	3.49960E+02
7484	69	3.49961E+02
7484	794	3.49975E+02
7484	259	3.49976E+02
7484	750	3.49981E+02
7484	624	3.49985E+02
7484	511	3.49997E+02
7484	310	3.50010E+02
7484	445	3.50013E+02
7484	792	3.50019E+02
7484	208	3.50021E+02
7484	582	3.50039E+02
7484	117	3.50058E+02
7484	228	3.50072E+02
7484	454	3.50076E+02
7484	68	3.50078E+02
7484	363	3.50092E+02
7484	323	3.50097E+02
7484	795	3.50101E+02
7484	537	3.50125E+02
7484	754	3.50135E+02
7484	749	3.50138E+02
7484	258	3.50139E+02
7484	707	3.50141E+02
7484	510	3.50143E+02
7484	207	3.50148E+02
7484	791	3.50150E+02
7484	351	3.50158E+02
7484	665	3.50162E+02
7484	116	3.50168E+02
7484	403	3.50175E+02
7484	713	3.50195E+02
7484	67	3.50202E+02
7484	623	3.50205E+02
7484	309	3.50206E+02
7484	414	3.50216E+02
7484	444	3.50248E+02
7484	672	3.50266E+02
7484	546	3.50268E+02
7484	581	3.50271E+02
7484	509	3.50280E+02
7484	206	3.50282E+02
7484	115	3.50289E+02
7484	566	3.50300E+02
7484	257	3.50306E+02
7484	631	3.50324E+02
7484	790	3.50328E+02
7484	66	3.50333E+02
7484	748	3.50334E+02
7484	590	3.50338E+02
7484	796	3.50348E+02
7484	706	3.50353E+02
7484	536	3.50364E+02
7484	350	3.50376E+02
7484	664	3.50388E+02
7484	308	3.50403E+02
7484	402	3.50406E+02
7484	508	3.50411E+02
7484	114	3.50420E+02
7484	205	3.50425E+02
7484	622	3.50440E+02
7484	755	3.50460E+02
7484	65	3.50469E+02
7484	256	3.50478E+02
7484	443	3.50486E+02
7484	580	3.50513E+02
7484	789	3.50535E+02
7484	507	3.50535E+02
7484	747	3.50553E+02
7484	113	3.50560E+02
7484	204	3.50576E+02
7484	705	3.50582E+02
7484	275	3.50591E+02
7484	349	3.50593E+02
7484	714	3.50597E+02
7484	307	3.50602E+02
7484	535	3.50606E+02
7484	64	3.50609E+02
7484	663	3.50625E+02
7484	455	3.50633E+02
7484	401	3.50635E+02
7484	506	3.50654E+02
7484	255	3.50654E+02
7484	621	3.50681E+02
7484	229	3.50700E+02
7484	112	3.50707E+02
7484	442	3.50722E+02
7484	364	3.50723E+02
7484	797	3.50727E+02
7484	203	3.50734E+02
7484	673	3.50737E+02
7484	63	3.50750E+02
7484	579	3.50754E+02
7484	788	3.50756E+02
7484	324	3.50757E+02
7484	505	3.50767E+02
7484	746	3.50781E+02
7484	306	3.50800E+02
7484	348	3.50808E+02
7484	704	3.50816E+02
7484	254	3.50832E+02
7484	534	3.50843E+02
7484	547	3.50849E+02
7484	415	3.50850E+02
7484	632	3.50853E+02
7484	111	3.50860E+02
7484	400	3.50860E+02
7484	662	3.50861E+02
7484	504	3.50875E+02
7484	567	3.50881E+02
7484	62	3.50892E+02
7484	202	3.50896E+02
7484	591	3.50905E+02
7484	620	3.50918E+02
7484	756	3.50924E+02
7484	441	3.50951E+02
7484	503	3.50977E+02
7484	787	3.50979E+02
7484	578	3.50987E+02
7484	305	3.50994E+02
7484	745	3.51008E+02
7484	253	3.51011E+02
7484	110	3.51015E+02
7484	347	3.51016E+02
7484	61	3.51033E+02
7484	703	3.51044E+02
7484	201	3.51061E+02
7484	183	3.51067E+02
7484	533	3.51070E+02
7484	502	3.51073E+02
7484	399	3.51075E+02
7484	661	3.51089E+02
7484	715	3.51142E+02
7484	619	3.51143E+02
7484	182	3.51161E+02
7484	501	3.51164E+02
7484	440	3.51167E+02
7484	60	3.51170E+02
7484	109	3.51170E+02
7484	304	3.51183E+02
7484	252	3.51186E+02
7484	786	3.51194E+02
7484	577	3.51207E+02
7484	346	3.51214E+02
7484	744	3.51224E+02
7484	200	3.51225E+02
7484	798	3.51242E+02
7484	181	3.51242E+02
7484	500	3.51248E+02
7484	702	3.51260E+02
7484	40	3.51267E+02
7484	398	3.51278E+02
7484	532	3.51282E+02
7484	660	3.51302E+02
7484	59	3.51303E+02
7484	180	3.51311E+02
7484	108	3.51322E+02
7484	499	3.51327E+02
7484	456	3.51343E+02
7484	618	3.51352E+02
7484	674	3.51355E+02
7484	39	3.51355E+02
7484	251	3.51356E+02
7484	276	3.51359E+02
7484	303	3.51362E+02
7484	439	3.51368E+02
7484	179	3.51370E+02
7484	199	3.51384E+02
7484	785	3.51395E+02
7484	345	3.51400E+02
7484	230	3.51401E+02
7484	498	3.51401E+02
7484	576	3.51409E+02
7484	178	3.51422E+02
7484	743	3.51424E+02
7484	58	3.51431E+02
7484	38	3.51432E+02
7484	701	3.51458E+02
7484	397	3.51464E+02
7484	177	3.51468E+02
7484	107	3.51469E+02
7484	497	3.51471E+02
7484	531	3.51475E+02
7484	659	3.51496E+02
7484	37	3.51499E+02
7484	365	3.51503E+02
7484	176	3.51509E+02
7484	250	3.51516E+02
7484	757	3.51528E+02
7484	633	3.51530E+02
7484	302	3.51530E+02
7484	198	3.51535E+02
7484	496	3.51537E+02
7484	617	3.51540E+02
7484	175	3.51546E+02
7484	438	3.51550E+02
7484	57	3.51553E+02
7484	325	3.51557E+02
7484	36	3.51558E+02
7484	344	3.51570E+02
7484	784	3.51577E+02
7484	174	3.51582E+02
7484	548	3.51582E+02
7484	575	3.51591E+02
7484	495	3.51601E+02
7484	742	3.51604E+02
7484	106	3.51607E+02
7484	35	3.51609E+02
7484	568	3.51613E+02
7484	173	3.51615E+02
7484	592	3.51624E+02
7484	396	3.51633E+02
7484	416	3.51634E+02
7484	700	3.51634E+02
7484	172	3.51647E+02
7484	530	3.51648E+02
7484	34	3.51654E+02
7484	494	3.51662E+02
7484	249	3.51665E+02
7484	56	3.51668E+02
7484	658	3.51669E+02
7484	197	3.51676E+02
7484	171	3.51677E+02
7484	301	3.51683E+02
7484	33	3.51695E+02
7484	170	3.51706E+02
7484	616	3.51707E+02
7484	437	3.51712E+02
7484	493	3.51721E+02
7484	343	3.51724E+02
7484	32	3.51730E+02
7484	169	3.51735E+02
7484	105	3.51736E+02
7484	783	3.51739E+02
7484	574	3.51751E+02
7484	31	3.51763E+02
7484	741	3.51763E+02
7484	168	3.51763E+02
7484	55	3.51776E+02
7484	492	3.51780E+02
7484	395	3.51783E+02
7484	699	3.51790E+02
7484	167	3.51791E+02
7484	30	3.51792E+02
7484	529	3.51799E+02
7484	248	3.51800E+02
7484	196	3.51806E+02
7484	166	3.51819E+02
7484	29	3.51819E+02
7484	657	3.51819E+02
7484	300	3.51820E+02
7484	716	3.51828E+02
7484	491	3.51837E+02
7484	28	3.51844E+02
7484	165	3.51847E+02
7484	615	3.51852E+02
7484	436	3.51854E+02
7484	104	3.51854E+02
7484	342	3.51859E+02
7484	27	3.51869E+02
7484	54	3.51877E+02
7484	164	3.51877E+02
7484	782	3.51879E+02
7484	573	3.51889E+02
7484	799	3.51891E+02
7484	26	3.51892E+02
7484	490	3.51894E+02
7484	740	3.51900E+02
7484	163	3.51908E+02
7484	394	3.51913E+02
7484	25	3.51914E+02
7484	247	3.51920E+02
7484	195	3.51922E+02
7484	698	3.51923E+02
7484	528	3.51930E+02
7484	24	3.51937E+02
7484	162	3.51940E+02
7484	299	3.51941E+02
7484	656	3.51948E+02
7484	489	3.51950E+02
7484	23	3.51959E+02
7484	103	3.51960E+02
7484	53	3.51969E+02
7484	161	3.51973E+02
7484	435	3.51976E+02
7484	614	3.51976E+02
7484	341	3.51977E+02
7484	22	3.51982E+02
7484	781	3.51999E+02
7484	21	3.52006E+02
7484	488	3.52006E+02
7484	160	3.52007E+02
7484	572	3.52007E+02
7484	739	3.52017E+02
7484	194	3.52025E+02
7484	393	3.52025E+02
7484	246	3.52026E+02
7484	20	3.52031E+02
7484	697	3.52036E+02
7484	159	3.52041E+02
7484	527	3.52042E+02
7484	298	3.52046E+02
7484	52	3.52053E+02
7484	102	3.52055E+02
7484	19	3.52057E+02
7484	655	3.52058E+02
7484	487	3.52062E+02
7484	158	3.52076E+02
7484	340	3.52079E+02
7484	434	3.52079E+02
7484	613	3.52081E+02
7484	18	3.52084E+02
7484	780	3.52100E+02
7484	571	3.52107E+02
7484	17	3.52111E+02
7484	157	3.52112E+02
7484	193	3.52114E+02
7484	675	3.52114E+02
7484	738	3.52115E+02
7484	486	3.52115E+02
7484	245	3.52117E+02
7484	392	3.52120E+02
7484	51	3.52128E+02
7484	696	3.52132E+02
7484	297	3.52135E+02
7484	526	3.52135E+02
7484	101	3.52137E+02
7484	16	3.52138E+02
7484	156	3.52148E+02
7484	654	3.52149E+02
7484	231	3.52157E+02
7484	15	3.52166E+02
7484	433	3.52166E+02
7484	485	3.52167E+02
7484	612	3.52169E+02
7484	779	3.52184E+02
7484	155	3.52185E+02
7484	570	3.52190E+02
7484	192	3.52191E+02
7484	14	3.52193E+02
7484	244	3.52194E+02
7484	50	3.52195E+02
7484	737	3.52197E+02
7484	391	3.52200E+02
7484	457	3.52201E+02
7484	100	3.52208E+02
7484	695	3.52210E+02
7484	296	3.52211E+02
7484	525	3.52213E+02
7484	484	3.52217E+02
7484	13	3.52220E+02
7484	154	3.52221E+02
7484	653	3.52225E+02
7484	277	3.52240E+02
7484	611	3.52241E+02
7484	12	3.52247E+02
7484	778	3.52254E+02
7484	49	3.52254E+02
7484	191	3.52256E+02
7484	153	3.52256E+02
7484	569	3.52258E+02
7484	243	3.52259E+02
7484	483	3.52263E+02
7484	736	3.52264E+02
7484	390	3.52266E+02
7484	758	3.52267E+02
7484	99	3.52269E+02
7484	11	3.52273E+02
7484	295	3.52274E+02
7484	694	3.52275E+02
7484	524	3.52277E+02
7484	652	3.52287E+02
7484	152	3.52291E+02
7484	10	3.52299E+02
7484	610	3.52300E+02
7484	48	3.52305E+02
7484	482	3.52305E+02
7484	190	3.52310E+02
7484	777	3.52311E+02
7484	242	3.52313E+02
7484	735	3.52319E+02
7484	389	3.52320E+02
7484	98	3.52320E+02
7484	151	3.52323E+02
7484	9	3.52325E+02
7484	294	3.52326E+02
7484	693	3.52328E+02
7484	523	3.52330E+02
7484	651	3.52338E+02
7484	481	3.52343E+02
7484	47	3.52348E+02
7484	634	3.52350E+02
7484	8	3.52350E+02
7484	150	3.52354E+02
7484	189	3.52355E+02
7484	776	3.52357E+02
7484	241	3.52358E+02
7484	97	3.52363E+02
7484	734	3.52364E+02
7484	388	3.52364E+02
7484	293	3.52369E+02
7484	692	3.52371E+02
7484	522	3.52372E+02
7484	7	3.52374E+02
7484	480	3.52376E+02
7484	149	3.52382E+02
7484	46	3.52384E+02
7484	188	3.52392E+02
7484	775	3.52395E+02
7484	240	3.52395E+02
7484	6	3.52397E+02
7484	96	3.52398E+02
7484	387	3.52400E+02
7484	733	3.52400E+02
7484	292	3.52403E+02
7484	479	3.52406E+02
7484	521	3.52407E+02
7484	148	3.52408E+02
7484	45	3.52415E+02
7484	5	3.52418E+02
7484	187	3.52422E+02
7484	366	3.52422E+02
7484	239	3.52425E+02
7484	774	3.52425E+02
7484	95	3.52427E+02
7484	386	3.52429E+02
7484	478	3.52431E+02
7484	147	3.52431E+02
7484	291	3.52432E+02
7484	520	3.52435E+02
7484	4	3.52437E+02
7484	44	3.52440E+02
7484	186	3.52447E+02
7484	238	3.52449E+02
7484	94	3.52450E+02
7484	146	3.52451E+02
7484	477	3.52452E+02
7484	385	3.52453E+02
7484	3	3.52454E+02
7484	290	3.52455E+02
7484	519	3.52457E+02
7484	43	3.52460E+02
7484	549	3.52461E+02
7484	185	3.52466E+02
7484	145	3.52467E+02
7484	237	3.52468E+02
7484	93	3.52469E+02
7484	476	3.52469E+02
7484	2	3.52469E+02
7484	384	3.52472E+02
7484	289	3.52473E+02
7484	518	3.52475E+02
7484	42	3.52477E+02
7484	144	3.52482E+02
7484	184	3.52482E+02
7484	1	3.52483E+02
7484	236	3.52484E+02
7484	475	3.52484E+02
7484	92	3.52484E+02
7484	593	3.52485E+02
7484	383	3.52487E+02
7484	326	3.52487E+02
7484	288	3.52488E+02
7484	517	3.52490E+02
7484	41	3.52491E+02
7484	143	3.52494E+02
7484	0	3.52494E+02
7484	474	3.52496E+02
7484	382	3.52499E+02
7484	516	3.52501E+02
7484	515	3.52510E+02
7484	417	3.52561E+02
7484	717	3.52649E+02
7484	800	3.52667E+02
7484	232	3.52947E+02
7484	676	3.53007E+02
7484	759	3.53130E+02
7484	458	3.53195E+02
7484	278	3.53216E+02
7484	635	3.53301E+02
7484	367	3.53466E+02
7484	550	3.53470E+02
7484	594	3.53478E+02
7484	327	3.53531E+02
7484	801	3.53558E+02
7484	718	3.53592E+02
7484	418	3.53614E+02
7484	233	3.53752E+02
7484	677	3.54019E+02
7484	760	3.54104E+02
7484	279	3.54268E+02
7484	459	3.54306E+02
7484	636	3.54368E+02
7484	802	3.54547E+02
7484	234	3.54553E+02
7484	595	3.54583E+02
7484	551	3.54593E+02
7484	368	3.54614E+02
7484	719	3.54640E+02
7484	328	3.54669E+02
7484	419	3.54775E+02
7484	678	3.55130E+02
7484	761	3.55171E+02
7484	280	3.55373E+02
7484	460	3.55513E+02
7484	637	3.55530E+02
7484	803	3.55617E+02
7484	720	3.55774E+02
7484	596	3.55781E+02
7484	552	3.55808E+02
7484	369	3.55847E+02
7484	329	3.55877E+02
7484	420	3.56021E+02
7484	762	3.56311E+02
7484	679	3.56322E+02
7484	281	3.56510E+02
7484	804	3.56748E+02
7484	638	3.56766E+02
7484	461	3.56795E+02
7484	721	3.56976E+02
7484	597	3.57049E+02
7484	553	3.57093E+02
7484	330	3.57133E+02
7484	370	3.57140E+02
7484	421	3.57330E+02
7484	763	3.57506E+02
7484	680	3.57573E+02
7484	282	3.57657E+02
7484	805	3.57923E+02
7484	639	3.58057E+02
7484	462	3.58130E+02
7484	722	3.58225E+02
7484	598	3.58368E+02
7484	331	3.58416E+02
7484	554	3.58428E+02
7484	371	3.58471E+02
7484	422	3.58681E+02
7484	764	3.58738E+02
7484	283	3.58797E+02
7484	681	3.58867E+02
7484	806	3.59125E+02
7484	640	3.59385E+02
7484	463	3.59498E+02
7484	723	3.59505E+02
7484	332	3.59707E+02
7484	599	3.59720E+02
7484	555	3.59794E+02
7484	372	3.59821E+02
7484	284	3.59910E+02
7484	765	3.59992E+02
7484	423	3.60055E+02
7484	682	3.60186E+02
7484	807	3.60342E+02
7484	641	3.60734E+02
7484	724	3.60804E+02
7484	464	3.60882E+02
7484	285	3.60977E+02
7484	333	3.60988E+02
7484	600	3.61090E+02
7484	373	3.61172E+02
7484	556	3.61175E+02
7484	766	3.61257E+02
7484	424	3.61432E+02
7484	683	3.61520E+02
7484	808	3.61562E+02
7484	286	3.61977E+02
7484	642	3.62094E+02
7484	725	3.62110E+02
7484	334	3.62243E+02
7484	465	3.62267E+02
7484	601	3.62466E+02
7484	374	3.62508E+02
7484	767	3.62523E+02
7484	557	3.62560E+02
7484	809	3.62777E+02
7484	425	3.62800E+02
7484	684	3.62859E+02
7484	726	3.63415E+02
7484	335	3.63455E+02
7484	643	3.63456E+02
7484	466	3.63641E+02
7484	768	3.63783E+02
7484	375	3.63816E+02
7484	602	3.63840E+02
7484	558	3.63936E+02
7484	810	3.63979E+02
7484	426	3.64147E+02
7484	685	3.64194E+02
7484	336	3.64607E+02
7484	727	3.64713E+02
7484	644	3.64810E+02
7484	467	3.64996E+02
7484	769	3.65029E+02
7484	376	3.65084E+02
7484	811	3.65159E+02
7484	603	3.65203E+02
7484	559	3.65298E+02
7484	427	3.65463E+02
7484	686	3.65519E+02
7484	337	3.65684E+02
7484	728	3.65994E+02
7484	645	3.66151E+02
7484	770	3.66251E+02
7484	377	3.66300E+02
7484	812	3.66306E+02
7484	468	3.66324E+02
7484	604	3.66548E+02
7484	560	3.66638E+02
7484	338	3.66671E+02
7484	428	3.66741E+02
7484	687	3.66826E+02
7484	729	3.67250E+02
7484	813	3.67408E+02
7484	771	3.67438E+02
7484	378	3.67455E+02
7484	646	3.67472E+02
7484	469	3.67620E+02
7484	605	3.67871E+02
7484	561	3.67951E+02
7484	429	3.67973E+02
7484	688	3.68107E+02
7484	814	3.68452E+02
7484	730	3.68470E+02
7484	379	3.68533E+02
7484	772	3.68577E+02
7484	647	3.68766E+02
7484	470	3.68876E+02
7484	430	3.69148E+02
7484	606	3.69163E+02
7484	562	3.69229E+02
7484	689	3.69351E+02
7484	380	3.69523E+02
7484	731	3.69641E+02
7484	773	3.69654E+02
7484	648	3.70020E+02
7484	471	3.70081E+02
7484	431	3.70252E+02
7484	607	3.70414E+02
7484	563	3.70462E+02
7484	690	3.70543E+02
7484	732	3.70746E+02
7484	472	3.71221E+02
7484	649	3.71222E+02
7484	432	3.71272E+02
7484	608	3.71609E+02
7484	564	3.71635E+02
7484	691	3.71668E+02
7484	473	3.72280E+02
7484	650	3.72354E+02
7484	609	3.72733E+02
7484	565	3.72733E+02
9869	142	3.76009E+02
9869	141	3.76694E+02
9869	230	3.76915E+02
9869	231	3.76954E+02
9869	229	3.76968E+02
9869	232	3.77073E+02
9869	228	3.77124E+02
9869	233	3.77257E+02
9869	227	3.77389E+02
9869	140	3.77422E+02
9869	234	3.77490E+02
9869	226	3.77763E+02
9869	276	3.77837E+02
9869	277	3.77861E+02
9869	275	3.77950E+02
9869	278	3.78012E+02
9869	139	3.78180E+02
9869	274	3.78201E+02
9869	225	3.78241E+02
9869	279	3.78277E+02
9869	325	3.78347E+02
9869	326	3.78372E+02
9869	324	3.78471E+02
9869	327	3.78539E+02
9869	273	3.78586E+02
9869	280	3.78636E+02
9869	323	3.78743E+02
9869	366	3.78743E+02
9869	365	3.78752E+02
9869	224	3.78810E+02
9869	328	3.78838E+02
9869	367	3.78884E+02
9869	364	3.78917E+02
9869	138	3.78952E+02
9869	281	3.79071E+02
9869	417	3.79073E+02
9869	416	3.79078E+02
9869	272	3.79091E+02
9869	322	3.79154E+02
9869	368	3.79166E+02
9869	418	3.79221E+02
9869	363	3.79234E+02
9869	415	3.79244E+02
9869	329	3.79251E+02
9869	457	3.79349E+02
9869	458	3.79429E+02
9869	456	3.79430E+02
9869	223	3.79453E+02
9869	419	3.79514E+02
9869	282	3.79564E+02
9869	414	3.79566E+02
9869	369	3.79573E+02
9869	549	3.79626E+02
9869	459	3.79661E+02
9869	455	3.79672E+02
9869	548	3.79673E+02
9869	321	3.79689E+02
9869	362	3.79694E+02
9869	271	3.79695E+02
9869	137	3.79722E+02
9869	550	3.79739E+02
9869	568	3.79750E+02
9869	330	3.79757E+02
9869	547	3.79883E+02
9869	593	3.79886E+02
9869	420	3.79935E+02
9869	592	3.79935E+02
9869	567	3.79957E+02
9869	594	3.79997E+02
9869	551	3.80004E+02
9869	460	3.80031E+02
9869	413	3.80034E+02
9869	454	3.80069E+02
9869	370	3.80086E+02
9869	283	3.80096E+02
9869	634	3.80135E+02
9869	591	3.80148E+02
9869	222	3.80149E+02
9869	633	3.80213E+02
9869	635	3.80219E+02
9869	546	3.80250E+02
9869	595	3.80261E+02
9869	361	3.80277E+02
9869	566	3.80322E+02
9869	320	3.80326E+02
9869	331	3.80336E+02
9869	270	3.80374E+02
9869	675	3.80388E+02
9869	552	3.80406E+02
9869	676	3.80424E+02
9869	632	3.80453E+02
9869	636	3.80456E+02
9869	421	3.80465E+02
9869	136	3.80475E+02
9869	674	3.80513E+02
9869	590	3.80517E+02
9869	461	3.80521E+02
9869	453	3.80604E+02
9869	677	3.80616E+02
9869	412	3.80628E+02
9869	717	3.80633E+02
9869	284	3.80651E+02
9869	716	3.80659E+02
9869	596	3.80662E+02
9869	371	3.80686E+02
9869	381	3.80743E+02
9869	545	3.80760E+02
9869	718	3.80765E+02
9869	673	3.80799E+02
9869	637	3.80834E+02
9869	715	3.80845E+02
9869	631	3.80848E+02
9869	758	3.80864E+02
9869	221	3.80873E+02
9869	759	3.80924E+02
9869	553	3.80924E+02
9869	678	3.80953E+02
9869	360	3.80957E+02
9869	757	3.80961E+02
9869	332	3.80969E+02
9869	589	3.81030E+02
9869	319	3.81039E+02
9869	719	3.81046E+02
9869	422	3.81084E+02
9869	269	3.81101E+02
9869	800	3.81109E+02
9869	462	3.81111E+02
9869	799	3.81128E+02
9869	760	3.81136E+02
9869	597	3.81183E+02
9869	714	3.81189E+02
9869	135	3.81198E+02
9869	285	3.81213E+02
9869	756	3.81218E+02
9869	672	3.81236E+02
9869	801	3.81243E+02
9869	452	3.81254E+02
9869	339	3.81298E+02
9869	798	3.81305E+02
9869	411	3.81320E+02
9869	638	3.81336E+02
9869	372	3.81352E+02
9869	630	3.81385E+02
9869	544	3.81391E+02
9869	679	3.81419E+02
9869	720	3.81461E+02
9869	761	3.81488E+02
9869	802	3.81521E+02
9869	554	3.81541E+02
9869	220	3.81602E+02
9869	755	3.81627E+02
9869	333	3.81636E+02
9869	797	3.81637E+02
9869	588	3.81666E+02
9869	713	3.81679E+02
9869	359	3.81705E+02
9869	286	3.81766E+02
9869	423	3.81772E+02
9869	463	3.81782E+02
9869	318	3.81797E+02
9869	598	3.81802E+02
9869	671	3.81809E+02
9869	268	3.81850E+02
9869	134	3.81883E+02
9869	803	3.81929E+02
9869	639	3.81941E+02
9869	762	3.81964E+02
9869	451	3.81991E+02
9869	721	3.81993E+02
9869	680	3.81994E+02
9869	629	3.82040E+02
9869	373	3.82063E+02
9869	410	3.82080E+02
9869	796	3.82114E+02
9869	543	3.82118E+02
9869	754	3.82174E+02
9869	555	3.82234E+02
9869	712	3.82296E+02
9869	219	3.82315E+02
9869	334	3.82322E+02
9869	587	3.82398E+02
9869	804	3.82449E+02
9869	287	3.82474E+02
9869	358	3.82490E+02
9869	670	3.82495E+02
9869	599	3.82501E+02
9869	424	3.82511E+02
9869	464	3.82514E+02
9869	133	3.82524E+02
9869	763	3.82544E+02
9869	91	3.82569E+02
9869	317	3.82573E+02
9869	267	3.82598E+02
9869	722	3.82622E+02
9869	640	3.82630E+02
9869	681	3.82659E+02
9869	795	3.82717E+02
9869	450	3.82785E+02
9869	628	3.82789E+02
9869	374	3.82803E+02
9869	753	3.82836E+02
9869	409	3.82881E+02
9869	542	3.82912E+02
9869	556	3.82989E+02
9869	218	3.82997E+02
9869	335	3.83012E+02
9869	711	3.83015E+02
9869	805	3.83061E+02
9869	90	3.83094E+02
9869	132	3.83118E+02
9869	586	3.83198E+02
9869	764	3.83208E+02
9869	600	3.83262E+02
9869	669	3.83265E+02
9869	425	3.83283E+02
9869	357	3.83286E+02
9869	465	3.83292E+02
9869	266	3.83325E+02
9869	723	3.83329E+02
9869	316	3.83343E+02
9869	641	3.83385E+02
9869	682	3.83397E+02
9869	794	3.83421E+02
9869	375	3.83558E+02
9869	89	3.83561E+02
9869	752	3.83586E+02
9869	627	3.83601E+02
9869	449	3.83611E+02
9869	217	3.83638E+02
9869	131	3.83664E+02
9869	336	3.83692E+02
9869	408	3.83696E+02
9869	541	3.83744E+02
9869	806	3.83746E+02
9869	557	3.83789E+02
9869	710	3.83806E+02
9869	765	3.83940E+02
9869	88	3.83974E+02
9869	265	3.84019E+02
9869	585	3.84037E+02
9869	601	3.84072E+02
9869	356	3.84073E+02
9869	426	3.84077E+02
9869	668	3.84089E+02
9869	315	3.84090E+02
9869	724	3.84096E+02
9869	466	3.84101E+02
9869	130	3.84160E+02
9869	683	3.84190E+02
9869	642	3.84192E+02
9869	793	3.84198E+02
9869	216	3.84233E+02
9869	235	3.84298E+02
9869	376	3.84317E+02
9869	87	3.84339E+02
9869	337	3.84349E+02
9869	751	3.84395E+02
9869	448	3.84443E+02
9869	626	3.84446E+02
9869	807	3.84488E+02
9869	407	3.84506E+02
9869	540	3.84588E+02
9869	129	3.84608E+02
9869	558	3.84622E+02
9869	709	3.84639E+02
9869	86	3.84661E+02
9869	264	3.84671E+02
9869	766	3.84724E+02
9869	215	3.84781E+02
9869	314	3.84803E+02
9869	355	3.84838E+02
9869	427	3.84882E+02
9869	584	3.84888E+02
9869	725	3.84912E+02
9869	602	3.84919E+02
9869	467	3.84933E+02
9869	667	3.84938E+02
9869	85	3.84948E+02
9869	338	3.84972E+02
9869	128	3.85010E+02
9869	792	3.85017E+02
9869	684	3.85028E+02
9869	643	3.85041E+02
9869	377	3.85068E+02
9869	84	3.85204E+02
9869	750	3.85232E+02
9869	447	3.85263E+02
9869	808	3.85273E+02
9869	263	3.85279E+02
9869	214	3.85284E+02
9869	406	3.85295E+02
9869	625	3.85298E+02
9869	127	3.85373E+02
9869	539	3.85423E+02
9869	83	3.85434E+02
9869	313	3.85478E+02
9869	559	3.85481E+02
9869	708	3.85486E+02
9869	767	3.85547E+02
9869	354	3.85571E+02
9869	82	3.85644E+02
9869	428	3.85689E+02
9869	126	3.85701E+02
9869	583	3.85728E+02
9869	213	3.85747E+02
9869	726	3.85765E+02
9869	468	3.85777E+02
9869	666	3.85786E+02
9869	603	3.85794E+02
9869	378	3.85804E+02
9869	81	3.85836E+02
9869	262	3.85845E+02
9869	791	3.85849E+02
9869	685	3.85900E+02
9869	644	3.85921E+02
9869	125	3.86001E+02
9869	80	3.86017E+02
9869	405	3.86054E+02
9869	446	3.86056E+02
9869	749	3.86070E+02
9869	809	3.86090E+02
9869	312	3.86116E+02
9869	624	3.86136E+02
9869	212	3.86174E+02
9869	79	3.86190E+02
9869	538	3.86233E+02
9869	353	3.86270E+02
9869	124	3.86279E+02
9869	707	3.86323E+02
9869	560	3.86357E+02
9869	78	3.86358E+02
9869	261	3.86373E+02
9869	768	3.86400E+02
9869	429	3.86491E+02
9869	379	3.86512E+02
9869	77	3.86526E+02
9869	123	3.86540E+02
9869	582	3.86541E+02
9869	211	3.86571E+02
9869	665	3.86612E+02
9869	469	3.86627E+02
9869	727	3.86645E+02
9869	790	3.86669E+02
9869	604	3.86690E+02
9869	76	3.86696E+02
9869	311	3.86718E+02
9869	404	3.86776E+02
9869	122	3.86790E+02
9869	686	3.86798E+02
9869	445	3.86813E+02
9869	645	3.86825E+02
9869	75	3.86869E+02
9869	260	3.86871E+02
9869	748	3.86887E+02
9869	810	3.86928E+02
9869	352	3.86931E+02
9869	623	3.86941E+02
9869	210	3.86945E+02
9869	537	3.87006E+02
9869	121	3.87032E+02
9869	74	3.87047E+02
9869	706	3.87129E+02
9869	380	3.87185E+02
9869	73	3.87233E+02
9869	561	3.87242E+02
9869	120	3.87272E+02
9869	769	3.87273E+02
9869	430	3.87278E+02
9869	310	3.87288E+02
9869	209	3.87304E+02
9869	581	3.87314E+02
9869	259	3.87344E+02
9869	664	3.87400E+02
9869	72	3.87426E+02
9869	789	3.87457E+02
9869	403	3.87459E+02
9869	470	3.87476E+02
9869	119	3.87515E+02
9869	444	3.87528E+02
9869	728	3.87545E+02
9869	351	3.87556E+02
9869	605	3.87600E+02
9869	71	3.87629E+02
9869	208	3.87654E+02
9869	514	3.87656E+02
9869	747	3.87663E+02
9869	622	3.87701E+02
9869	687	3.87714E+02
9869	536	3.87733E+02
9869	646	3.87744E+02
9869	118	3.87763E+02
9869	811	3.87778E+02
9869	258	3.87798E+02
9869	309	3.87829E+02
9869	70	3.87842E+02
9869	705	3.87889E+02
9869	513	3.87900E+02
9869	207	3.87999E+02
9869	117	3.88020E+02
9869	580	3.88037E+02
9869	431	3.88042E+02
9869	69	3.88067E+02
9869	402	3.88099E+02
9869	562	3.88130E+02
9869	663	3.88136E+02
9869	512	3.88140E+02
9869	350	3.88146E+02
9869	770	3.88157E+02
9869	443	3.88196E+02
9869	788	3.88196E+02
9869	257	3.88237E+02
9869	116	3.88287E+02
9869	68	3.88303E+02
9869	471	3.88314E+02
9869	206	3.88343E+02
9869	308	3.88344E+02
9869	511	3.88373E+02
9869	746	3.88387E+02
9869	621	3.88407E+02
9869	535	3.88409E+02
9869	729	3.88456E+02
9869	606	3.88515E+02
9869	67	3.88550E+02
9869	115	3.88564E+02
9869	704	3.88591E+02
9869	510	3.88599E+02
9869	812	3.88629E+02
9869	688	3.88640E+02
9869	256	3.88663E+02
9869	647	3.88672E+02
9869	205	3.88688E+02
9869	401	3.88696E+02
9869	349	3.88699E+02
9869	579	3.88705E+02
9869	432	3.88773E+02
9869	66	3.88805E+02
9869	662	3.88812E+02
9869	442	3.88814E+02
9869	509	3.88818E+02
9869	307	3.88834E+02
9869	114	3.88850E+02
9869	787	3.88876E+02
9869	563	3.89012E+02
9869	534	3.89029E+02
9869	508	3.89030E+02
9869	204	3.89035E+02
9869	771	3.89041E+02
9869	745	3.89047E+02
9869	620	3.89052E+02
9869	65	3.89066E+02
9869	255	3.89077E+02
9869	472	3.89133E+02
9869	113	3.89145E+02
9869	348	3.89217E+02
9869	703	3.89229E+02
9869	507	3.89235E+02
9869	400	3.89248E+02
9869	306	3.89299E+02
9869	578	3.89311E+02
9869	64	3.89331E+02
9869	730	3.89366E+02
9869	441	3.89380E+02
9869	203	3.89380E+02
9869	661	3.89423E+02
9869	607	3.89427E+02
9869	506	3.89434E+02
9869	112	3.89445E+02
9869	813	3.89470E+02
9869	254	3.89478E+02
9869	786	3.89488E+02
9869	689	3.89565E+02
9869	533	3.89592E+02
9869	63	3.89597E+02
9869	648	3.89599E+02
9869	505	3.89626E+02
9869	619	3.89631E+02
9869	744	3.89639E+02
9869	347	3.89697E+02
9869	202	3.89723E+02
9869	305	3.89736E+02
9869	111	3.89747E+02
9869	399	3.89752E+02
9869	702	3.89798E+02
9869	504	3.89811E+02
9869	577	3.89855E+02
9869	62	3.89860E+02
9869	253	3.89863E+02
9869	564	3.89877E+02
9869	440	3.89892E+02
9869	772	3.89914E+02
9869	473	3.89921E+02
9869	660	3.89966E+02
9869	503	3.89988E+02
9869	785	3.90029E+02
9869	110	3.90048E+02
9869	201	3.90059E+02
9869	532	3.90094E+02
9869	61	3.90119E+02
9869	346	3.90137E+02
9869	304	3.90144E+02
9869	618	3.90145E+02
9869	502	3.90157E+02
9869	743	3.90161E+02
9869	398	3.90209E+02
9869	252	3.90230E+02
9869	731	3.90264E+02
9869	814	3.90290E+02
9869	701	3.90298E+02
9869	501	3.90316E+02
9869	608	3.90325E+02
9869	576	3.90335E+02
9869	109	3.90343E+02
9869	439	3.90349E+02
9869	60	3.90371E+02
9869	200	3.90383E+02
9869	659	3.90441E+02
9869	500	3.90466E+02
9869	690	3.90478E+02
9869	183	3.90495E+02
9869	784	3.90501E+02
9869	649	3.90513E+02
9869	303	3.90520E+02
9869	345	3.90535E+02
9869	531	3.90537E+02
9869	251	3.90573E+02
9869	182	3.90586E+02
9869	617	3.90592E+02
9869	499	3.90608E+02
9869	59	3.90613E+02
9869	742	3.90614E+02
9869	397	3.90616E+02
9869	108	3.90627E+02
9869	181	3.90668E+02
9869	199	3.90691E+02
9869	565	3.90715E+02
9869	700	3.90730E+02
9869	180	3.90742E+02
9869	498	3.90742E+02
9869	438	3.90751E+02
9869	575	3.90752E+02
9869	773	3.90763E+02
9869	179	3.90810E+02
9869	58	3.90845E+02
9869	658	3.90851E+02
9869	302	3.90861E+02
9869	497	3.90870E+02
9869	178	3.90872E+02
9869	250	3.90889E+02
9869	344	3.90891E+02
9869	107	3.90897E+02
9869	783	3.90906E+02
9869	530	3.90921E+02
9869	40	3.90922E+02
9869	177	3.90931E+02
9869	396	3.90975E+02
9869	616	3.90977E+02
9869	198	3.90978E+02
9869	176	3.90987E+02
9869	496	3.90992E+02
9869	39	3.91000E+02
9869	741	3.91001E+02
9869	175	3.91041E+02
9869	57	3.91064E+02
9869	38	3.91072E+02
9869	174	3.91095E+02
9869	699	3.91098E+02
9869	437	3.91100E+02
9869	495	3.91110E+02
9869	574	3.91111E+02
9869	732	3.91136E+02
9869	37	3.91137E+02
9869	173	3.91148E+02
9869	106	3.91150E+02
9869	301	3.91166E+02
9869	249	3.91177E+02
9869	36	3.91198E+02
9869	609	3.91198E+02
9869	657	3.91200E+02
9869	172	3.91200E+02
9869	343	3.91205E+02
9869	494	3.91224E+02
9869	197	3.91242E+02
9869	782	3.91249E+02
9869	529	3.91251E+02
9869	171	3.91252E+02
9869	35	3.91255E+02
9869	56	3.91271E+02
9869	395	3.91286E+02
9869	170	3.91303E+02
9869	615	3.91305E+02
9869	34	3.91307E+02
9869	740	3.91328E+02
9869	493	3.91334E+02
9869	169	3.91353E+02
9869	33	3.91357E+02
9869	691	3.91365E+02
9869	105	3.91382E+02
9869	436	3.91399E+02
9869	650	3.91402E+02
9869	168	3.91403E+02
9869	32	3.91404E+02
9869	698	3.91409E+02
9869	573	3.91415E+02
9869	248	3.91433E+02
9869	300	3.91435E+02
9869	492	3.91442E+02
9869	31	3.91448E+02
9869	167	3.91454E+02
9869	55	3.91463E+02
9869	342	3.91477E+02
9869	196	3.91480E+02
9869	30	3.91490E+02
9869	656	3.91493E+02
9869	166	3.91505E+02
9869	29	3.91531E+02
9869	528	3.91531E+02
9869	781	3.91536E+02
9869	491	3.91549E+02
9869	394	3.91552E+02
9869	165	3.91559E+02
9869	28	3.91570E+02
9869	614	3.91580E+02
9869	104	3.91592E+02
9869	739	3.91602E+02
9869	27	3.91609E+02
9869	164	3.91614E+02
9869	54	3.91641E+02
9869	26	3.91648E+02
9869	435	3.91652E+02
9869	490	3.91654E+02
9869	247	3.91659E+02
9869	299	3.91668E+02
9869	697	3.91669E+02
9869	572	3.91670E+02
9869	163	3.91671E+02
9869	25	3.91686E+02
9869	195	3.91692E+02
9869	341	3.91709E+02
9869	24	3.91726E+02
9869	162	3.91731E+02
9869	655	3.91737E+02
9869	489	3.91757E+02
9869	527	3.91765E+02
9869	23	3.91766E+02
9869	780	3.91774E+02
9869	393	3.91778E+02
9869	103	3.91781E+02
9869	161	3.91792E+02
9869	53	3.91803E+02
9869	22	3.91807E+02
9869	613	3.91809E+02
9869	738	3.91829E+02
9869	21	3.91851E+02
9869	160	3.91854E+02
9869	246	3.91855E+02
9869	488	3.91859E+02
9869	434	3.91864E+02
9869	298	3.91867E+02
9869	194	3.91877E+02
9869	571	3.91882E+02
9869	696	3.91883E+02
9869	20	3.91896E+02
9869	340	3.91907E+02
9869	159	3.91918E+02
9869	654	3.91939E+02
9869	19	3.91944E+02
9869	102	3.91946E+02
9869	52	3.91950E+02
9869	487	3.91958E+02
9869	526	3.91960E+02
9869	392	3.91967E+02
9869	779	3.91971E+02
9869	158	3.91982E+02
9869	18	3.91993E+02
9869	612	3.91997E+02
9869	737	3.92015E+02
9869	245	3.92022E+02
9869	297	3.92036E+02
9869	193	3.92036E+02
9869	433	3.92040E+02
9869	17	3.92043E+02
9869	157	3.92047E+02
9869	486	3.92054E+02
9869	570	3.92057E+02
9869	695	3.92059E+02
9869	51	3.92081E+02
9869	101	3.92090E+02
9869	16	3.92093E+02
9869	653	3.92105E+02
9869	156	3.92112E+02
9869	525	3.92120E+02
9869	391	3.92123E+02
9869	778	3.92131E+02
9869	15	3.92143E+02
9869	485	3.92145E+02
9869	611	3.92152E+02
9869	244	3.92163E+02
9869	736	3.92167E+02
9869	192	3.92172E+02
9869	155	3.92176E+02
9869	296	3.92177E+02
9869	14	3.92192E+02
9869	50	3.92197E+02
9869	569	3.92200E+02
9869	694	3.92203E+02
9869	100	3.92214E+02
9869	484	3.92232E+02
9869	652	3.92240E+02
9869	154	3.92240E+02
9869	13	3.92241E+02
9869	524	3.92251E+02
9869	390	3.92252E+02
9869	777	3.92262E+02
9869	610	3.92278E+02
9869	243	3.92281E+02
9869	191	3.92286E+02
9869	12	3.92288E+02
9869	735	3.92291E+02
9869	295	3.92294E+02
9869	49	3.92297E+02
9869	153	3.92302E+02
9869	483	3.92311E+02
9869	99	3.92319E+02
9869	693	3.92320E+02
9869	11	3.92335E+02
9869	651	3.92350E+02
9869	523	3.92358E+02
9869	389	3.92358E+02
9869	152	3.92362E+02
9869	776	3.92367E+02
9869	242	3.92378E+02
9869	10	3.92381E+02
9869	190	3.92382E+02
9869	48	3.92384E+02
9869	482	3.92384E+02
9869	294	3.92390E+02
9869	734	3.92391E+02
9869	98	3.92407E+02
9869	692	3.92414E+02
9869	151	3.92418E+02
9869	9	3.92426E+02
9869	388	3.92443E+02
9869	522	3.92444E+02
9869	481	3.92449E+02
9869	775	3.92452E+02
9869	47	3.92458E+02
9869	241	3.92458E+02
9869	189	3.92460E+02
9869	8	3.92468E+02
9869	293	3.92469E+02
9869	150	3.92471E+02
9869	733	3.92471E+02
9869	97	3.92480E+02
9869	480	3.92507E+02
9869	7	3.92509E+02
9869	387	3.92513E+02
9869	521	3.92514E+02
9869	149	3.92519E+02
9869	46	3.92519E+02
9869	774	3.92521E+02
9869	240	3.92524E+02
9869	188	3.92525E+02
9869	292	3.92533E+02
9869	96	3.92540E+02
9869	6	3.92547E+02
9869	479	3.92556E+02
9869	148	3.92562E+02
9869	386	3.92569E+02
9869	520	3.92570E+02
9869	45	3.92571E+02
9869	239	3.92577E+02
9869	187	3.92577E+02
9869	5	3.92582E+02
9869	291	3.92584E+02
9869	95	3.92589E+02
9869	478	3.92599E+02
9869	147	3.92600E+02
9869	44	3.92613E+02
9869	4	3.92614E+02
9869	385	3.92614E+02
9869	519	3.92615E+02
9869	238	3.92620E+02
9869	186	3.92620E+02
9869	290	3.92626E+02
9869	94	3.92629E+02
9869	146	3.92634E+02
9869	477	3.92634E+02
9869	3	3.92642E+02
9869	43	3.92648E+02
9869	384	3.92650E+02
9869	518	3.92651E+02
9869	185	3.92654E+02
9869	237	3.92655E+02
9869	289	3.92660E+02
9869	93	3.92662E+02
9869	145	3.92662E+02
9869	476	3.92664E+02
9869	2	3.92667E+02
9869	42	3.92677E+02
9869	383	3.92679E+02
9869	517	3.92680E+02
9869	184	3.92682E+02
9869	236	3.92682E+02
9869	144	3.92686E+02
9869	288	3.92687E+02
9869	92	3.92688E+02
9869	475	3.92689E+02
9869	1	3.92689E+02
9869	41	3.92700E+02
9869	382	3.92702E+02
9869	516	3.92703E+02
9869	143	3.92706E+02
9869	0	3.92708E+02
9869	474	3.92709E+02
9869	515	3.92721E+02
7849	234	3.99941E+02
7849	233	3.99977E+02
7849	232	4.00070E+02
7849	231	4.00237E+02
7849	230	4.00491E+02
7849	142	4.00737E+02
7849	229	4.00844E+02
7849	228	4.01304E+02
7849	279	4.01332E+02
7849	278	4.01381E+02
7849	280	4.01388E+02
7849	281	4.01529E+02
7849	277	4.01550E+02
7849	141	4.01684E+02
7849	282	4.01738E+02
7849	276	4.01854E+02
7849	227	4.01874E+02
7849	328	4.01948E+02
7849	327	4.01985E+02
7849	283	4.01996E+02
7849	329	4.02036E+02
7849	326	4.02161E+02
7849	330	4.02228E+02
7849	284	4.02288E+02
7849	275	4.02297E+02
7849	368	4.02391E+02
7849	369	4.02452E+02
7849	367	4.02465E+02
7849	325	4.02486E+02
7849	331	4.02505E+02
7849	226	4.02551E+02
7849	285	4.02596E+02
7849	370	4.02631E+02
7849	140	4.02669E+02
7849	366	4.02686E+02
7849	419	4.02765E+02
7849	420	4.02823E+02
7849	418	4.02843E+02
7849	332	4.02846E+02
7849	274	4.02880E+02
7849	286	4.02905E+02
7849	371	4.02908E+02
7849	324	4.02961E+02
7849	421	4.03001E+02
7849	365	4.03062E+02
7849	417	4.03071E+02
7849	460	4.03110E+02
7849	459	4.03122E+02
7849	461	4.03228E+02
7849	333	4.03233E+02
7849	372	4.03262E+02
7849	458	4.03278E+02
7849	422	4.03280E+02
7849	225	4.03328E+02
7849	551	4.03425E+02
7849	552	4.03432E+02
7849	416	4.03456E+02
7849	462	4.03456E+02
7849	550	4.03561E+02
7849	553	4.03564E+02
7849	323	4.03582E+02
7849	457	4.03589E+02
7849	364	4.03592E+02
7849	273	4.03593E+02
7849	423	4.03640E+02
7849	334	4.03649E+02
7849	373	4.03673E+02
7849	139	4.03677E+02
7849	596	4.03726E+02
7849	595	4.03735E+02
7849	463	4.03775E+02
7849	554	4.03803E+02
7849	597	4.03844E+02
7849	549	4.03851E+02
7849	594	4.03886E+02
7849	415	4.03999E+02
7849	637	4.04013E+02
7849	636	4.04059E+02
7849	456	4.04061E+02
7849	424	4.04062E+02
7849	598	4.04068E+02
7849	335	4.04078E+02
7849	638	4.04094E+02
7849	374	4.04125E+02
7849	555	4.04129E+02
7849	464	4.04167E+02
7849	224	4.04188E+02
7849	593	4.04189E+02
7849	635	4.04249E+02
7849	363	4.04270E+02
7849	639	4.04286E+02
7849	548	4.04300E+02
7849	678	4.04311E+02
7849	322	4.04335E+02
7849	679	4.04340E+02
7849	599	4.04381E+02
7849	568	4.04395E+02
7849	677	4.04413E+02
7849	272	4.04418E+02
7849	680	4.04484E+02
7849	336	4.04507E+02
7849	556	4.04526E+02
7849	425	4.04529E+02
7849	640	4.04569E+02
7849	634	4.04591E+02
7849	375	4.04602E+02
7849	720	4.04604E+02
7849	465	4.04615E+02
7849	719	4.04640E+02
7849	592	4.04650E+02
7849	676	4.04659E+02
7849	721	4.04688E+02
7849	138	4.04689E+02
7849	455	4.04690E+02
7849	414	4.04694E+02
7849	681	4.04724E+02
7849	600	4.04765E+02
7849	718	4.04810E+02
7849	722	4.04873E+02
7849	761	4.04905E+02
7849	547	4.04906E+02
7849	762	4.04918E+02
7849	337	4.04923E+02
7849	641	4.04926E+02
7849	557	4.04977E+02
7849	567	4.05001E+02
7849	760	4.05015E+02
7849	426	4.05027E+02
7849	763	4.05039E+02
7849	682	4.05043E+02
7849	675	4.05056E+02
7849	362	4.05082E+02
7849	633	4.05088E+02
7849	376	4.05092E+02
7849	466	4.05104E+02
7849	223	4.05113E+02
7849	717	4.05124E+02
7849	723	4.05143E+02
7849	803	4.05191E+02
7849	321	4.05203E+02
7849	601	4.05205E+02
7849	804	4.05239E+02
7849	764	4.05249E+02
7849	802	4.05256E+02
7849	759	4.05261E+02
7849	591	4.05266E+02
7849	338	4.05314E+02
7849	271	4.05331E+02
7849	642	4.05342E+02
7849	805	4.05382E+02
7849	683	4.05424E+02
7849	801	4.05447E+02
7849	454	4.05463E+02
7849	558	4.05472E+02
7849	724	4.05480E+02
7849	413	4.05524E+02
7849	765	4.05532E+02
7849	427	4.05545E+02
7849	377	4.05583E+02
7849	716	4.05587E+02
7849	806	4.05604E+02
7849	674	4.05605E+02
7849	467	4.05624E+02
7849	758	4.05651E+02
7849	546	4.05659E+02
7849	137	4.05686E+02
7849	602	4.05691E+02
7849	632	4.05736E+02
7849	566	4.05754E+02
7849	800	4.05775E+02
7849	643	4.05807E+02
7849	684	4.05856E+02
7849	725	4.05870E+02
7849	766	4.05873E+02
7849	807	4.05888E+02
7849	559	4.05999E+02
7849	361	4.06005E+02
7849	590	4.06027E+02
7849	378	4.06066E+02
7849	428	4.06073E+02
7849	222	4.06076E+02
7849	320	4.06159E+02
7849	468	4.06165E+02
7849	757	4.06186E+02
7849	715	4.06197E+02
7849	603	4.06211E+02
7849	808	4.06221E+02
7849	799	4.06244E+02
7849	767	4.06260E+02
7849	673	4.06300E+02
7849	726	4.06304E+02
7849	270	4.06304E+02
7849	644	4.06309E+02
7849	685	4.06329E+02
7849	453	4.06361E+02
7849	412	4.06466E+02
7849	631	4.06526E+02
7849	379	4.06529E+02
7849	545	4.06540E+02
7849	560	4.06548E+02
7849	809	4.06593E+02
7849	429	4.06602E+02
7849	136	4.06652E+02
7849	381	4.06669E+02
7849	768	4.06683E+02
7849	469	4.06717E+02
7849	604	4.06758E+02
7849	727	4.06772E+02
7849	686	4.06834E+02
7849	645	4.06840E+02
7849	798	4.06854E+02
7849	756	4.06863E+02
7849	589	4.06916E+02
7849	714	4.06948E+02
7849	380	4.06963E+02
7849	810	4.06994E+02
7849	360	4.07009E+02
7849	221	4.07053E+02
7849	561	4.07113E+02
7849	430	4.07122E+02
7849	672	4.07129E+02
7849	769	4.07133E+02
7849	319	4.07174E+02
7849	728	4.07264E+02
7849	470	4.07272E+02
7849	269	4.07308E+02
7849	605	4.07322E+02
7849	452	4.07356E+02
7849	687	4.07361E+02
7849	646	4.07392E+02
7849	811	4.07413E+02
7849	630	4.07437E+02
7849	411	4.07487E+02
7849	339	4.07514E+02
7849	544	4.07525E+02
7849	135	4.07575E+02
7849	797	4.07598E+02
7849	770	4.07600E+02
7849	431	4.07624E+02
7849	755	4.07671E+02
7849	562	4.07684E+02
7849	729	4.07774E+02
7849	471	4.07821E+02
7849	713	4.07823E+02
7849	812	4.07843E+02
7849	606	4.07896E+02
7849	688	4.07903E+02
7849	588	4.07907E+02
7849	647	4.07956E+02
7849	220	4.08017E+02
7849	359	4.08060E+02
7849	671	4.08073E+02
7849	771	4.08076E+02
7849	432	4.08097E+02
7849	318	4.08215E+02
7849	563	4.08251E+02
7849	813	4.08272E+02
7849	730	4.08289E+02
7849	268	4.08314E+02
7849	472	4.08354E+02
7849	451	4.08417E+02
7849	134	4.08444E+02
7849	629	4.08446E+02
7849	689	4.08450E+02
7849	796	4.08461E+02
7849	607	4.08470E+02
7849	648	4.08523E+02
7849	772	4.08548E+02
7849	410	4.08557E+02
7849	543	4.08584E+02
7849	754	4.08592E+02
7849	814	4.08689E+02
7849	731	4.08799E+02
7849	712	4.08800E+02
7849	564	4.08805E+02
7849	473	4.08860E+02
7849	219	4.08947E+02
7849	587	4.08972E+02
7849	690	4.08989E+02
7849	773	4.09005E+02
7849	608	4.09033E+02
7849	649	4.09081E+02
7849	670	4.09103E+02
7849	358	4.09128E+02
7849	287	4.09130E+02
7849	317	4.09253E+02
7849	133	4.09255E+02
7849	732	4.09290E+02
7849	267	4.09299E+02
7849	565	4.09334E+02
7849	795	4.09422E+02
7849	691	4.09509E+02
7849	450	4.09513E+02
7849	628	4.09522E+02
7849	609	4.09573E+02
7849	753	4.09600E+02
7849	650	4.09617E+02
7849	409	4.09644E+02
7849	542	4.09686E+02
7849	91	4.09694E+02
7849	218	4.09826E+02
7849	711	4.09852E+02
7849	132	4.10004E+02
7849	586	4.10080E+02
7849	357	4.10185E+02
7849	669	4.10192E+02
7849	266	4.10244E+02
7849	316	4.10263E+02
7849	90	4.10298E+02
7849	794	4.10454E+02
7849	449	4.10616E+02
7849	627	4.10635E+02
7849	217	4.10647E+02
7849	752	4.10667E+02
7849	131	4.10691E+02
7849	408	4.10723E+02
7849	541	4.10801E+02
7849	89	4.10838E+02
7849	710	4.10947E+02
7849	265	4.11136E+02
7849	585	4.11201E+02
7849	356	4.11210E+02
7849	315	4.11229E+02
7849	668	4.11306E+02
7849	130	4.11317E+02
7849	88	4.11320E+02
7849	216	4.11405E+02
7849	235	4.11490E+02
7849	793	4.11526E+02
7849	448	4.11702E+02
7849	87	4.11749E+02
7849	626	4.11755E+02
7849	751	4.11761E+02
7849	407	4.11774E+02
7849	129	4.11883E+02
7849	540	4.11903E+02
7849	264	4.11969E+02
7849	709	4.12055E+02
7849	215	4.12102E+02
7849	86	4.12132E+02
7849	314	4.12142E+02
7849	355	4.12192E+02
7849	584	4.12307E+02
7849	128	4.12393E+02
7849	667	4.12417E+02
7849	85	4.12476E+02
7849	792	4.12608E+02
7849	214	4.12740E+02
7849	263	4.12741E+02
7849	447	4.12752E+02
7849	406	4.12782E+02
7849	84	4.12787E+02
7849	750	4.12853E+02
7849	625	4.12854E+02
7849	127	4.12855E+02
7849	539	4.12972E+02
7849	313	4.12998E+02
7849	83	4.13070E+02
7849	354	4.13123E+02
7849	708	4.13147E+02
7849	126	4.13274E+02
7849	213	4.13327E+02
7849	82	4.13329E+02
7849	583	4.13377E+02
7849	262	4.13456E+02
7849	666	4.13498E+02
7849	81	4.13569E+02
7849	125	4.13659E+02
7849	791	4.13673E+02
7849	405	4.13739E+02
