GRAM	c2h2	chi_tot
7478	609	3.70150E+01
7478	650	3.70609E+01
7478	565	3.71366E+01
7478	691	3.72340E+01
7478	608	3.73258E+01
7478	649	3.73683E+01
7478	564	3.74573E+01
7478	473	3.74673E+01
7478	732	3.75097E+01
7478	690	3.75492E+01
7478	607	3.76825E+01
7478	648	3.77242E+01
7478	472	3.77935E+01
7478	563	3.78188E+01
7478	731	3.78431E+01
7478	773	3.78766E+01
7478	689	3.79135E+01
7478	432	3.80045E+01
4635	565	3.80529E+01
7478	606	3.80863E+01
7478	647	3.81315E+01
7478	471	3.81537E+01
4635	609	3.81617E+01
7478	562	3.82211E+01
7478	730	3.82261E+01
7478	772	3.82367E+01
7478	431	3.83209E+01
7478	814	3.83306E+01
7478	688	3.83318E+01
4635	473	3.84448E+01
7478	605	3.85382E+01
7478	470	3.85487E+01
7478	646	3.85926E+01
7478	771	3.86469E+01
7478	729	3.86645E+01
7478	561	3.86650E+01
7478	430	3.86682E+01
7478	380	3.86688E+01
4635	650	3.86880E+01
7478	813	3.87235E+01
7478	687	3.88080E+01
7478	379	3.89770E+01
7478	469	3.89801E+01
4635	564	3.89954E+01
7478	604	3.90408E+01
7478	429	3.90495E+01
4635	608	3.90943E+01
7478	645	3.91108E+01
7478	770	3.91136E+01
7478	560	3.91529E+01
7478	728	3.91634E+01
7478	812	3.91675E+01
7478	378	3.93227E+01
7478	686	3.93461E+01
4635	432	3.93677E+01
4635	472	3.93841E+01
7478	468	3.94516E+01
7478	338	3.94685E+01
7478	428	3.94686E+01
4635	691	3.95483E+01
7478	603	3.95983E+01
4635	649	3.96115E+01
7478	769	3.96423E+01
7478	811	3.96685E+01
7478	559	3.96896E+01
7478	644	3.96901E+01
7478	377	3.97099E+01
7478	727	3.97276E+01
7478	337	3.98201E+01
7478	427	3.99309E+01
7478	685	3.99506E+01
7478	467	3.99696E+01
4635	563	3.99949E+01
4635	607	4.00916E+01
7478	376	4.01437E+01
7478	602	4.02165E+01
7478	336	4.02189E+01
7478	810	4.02327E+01
7478	768	4.02386E+01
4635	431	4.02790E+01
7478	558	4.02825E+01
7478	643	4.03358E+01
7478	726	4.03620E+01
4635	471	4.03716E+01
7478	426	4.04436E+01
4635	690	4.04713E+01
7478	466	4.05427E+01
4635	648	4.06042E+01
7478	684	4.06266E+01
7478	375	4.06298E+01
7478	335	4.06704E+01
4635	732	4.06798E+01
4635	380	4.07678E+01
7478	286	4.07917E+01
7478	809	4.08659E+01
7478	601	4.09028E+01
7478	767	4.09079E+01
7478	557	4.09403E+01
7478	425	4.10157E+01
4635	562	4.10491E+01
7478	642	4.10540E+01
7478	725	4.10720E+01
4635	606	4.11520E+01
7478	374	4.11751E+01
7478	465	4.11808E+01
7478	334	4.11809E+01
4635	430	4.12339E+01
7478	285	4.12807E+01
7478	683	4.13797E+01
4635	470	4.14058E+01
4635	689	4.14654E+01
7478	808	4.15749E+01
4635	731	4.16122E+01
4635	379	4.16455E+01
7478	766	4.16566E+01
7478	424	4.16572E+01
7478	600	4.16649E+01
4635	647	4.16667E+01
7478	556	4.16721E+01
7478	333	4.17573E+01
7478	373	4.17883E+01
7478	284	4.18374E+01
7478	641	4.18518E+01
7478	724	4.18639E+01
11348	609	4.18908E+01
7478	464	4.18946E+01
11426	609	4.19326E+01
11348	650	4.19689E+01
11426	650	4.20030E+01
11348	565	4.20366E+01
4635	773	4.20412E+01
11426	565	4.20875E+01
4635	561	4.21565E+01
11348	691	4.22058E+01
7478	682	4.22172E+01
11426	691	4.22324E+01
4635	429	4.22331E+01
10306	650	4.22380E+01
10306	691	4.22697E+01
4635	605	4.22745E+01
7478	807	4.23672E+01
7478	423	4.23799E+01
7478	332	4.24080E+01
10306	609	4.24362E+01
11348	608	4.24596E+01
7478	283	4.24703E+01
10306	732	4.24750E+01
11348	473	4.24775E+01
7478	372	4.24802E+01
4635	469	4.24861E+01
7478	555	4.24883E+01
7478	765	4.24921E+01
11426	608	4.25060E+01
7478	599	4.25121E+01
11348	649	4.25188E+01
4635	688	4.25336E+01
11426	473	4.25391E+01
11426	649	4.25566E+01
11348	732	4.25574E+01
4635	378	4.25718E+01
11006	565	4.25744E+01
11426	732	4.25766E+01
11006	609	4.25853E+01
4635	730	4.26166E+01
11348	564	4.26299E+01
11426	564	4.26858E+01
4635	338	4.26915E+01
7478	463	4.26956E+01
11006	650	4.27299E+01
7478	640	4.27382E+01
7478	723	4.27459E+01
11348	690	4.27482E+01
11006	473	4.27570E+01
11426	690	4.27780E+01
4635	646	4.27995E+01
10306	773	4.28175E+01
10306	649	4.28524E+01
10306	690	4.28763E+01
11006	608	4.29020E+01
1230	565	4.29169E+01
11006	564	4.29179E+01
10306	565	4.29380E+01
11006	691	4.29595E+01
1230	473	4.29723E+01
4635	772	4.29911E+01
11348	773	4.29990E+01
11426	773	4.30100E+01
11006	649	4.30296E+01
10306	608	4.30678E+01
11348	607	4.30781E+01
10306	731	4.30857E+01
11348	472	4.30875E+01
11348	731	4.31046E+01
1230	609	4.31062E+01
11348	648	4.31219E+01
11426	731	4.31262E+01
11006	472	4.31271E+01
11426	607	4.31290E+01
7478	331	4.31432E+01
7478	681	4.31489E+01
11426	472	4.31545E+01
11426	648	4.31637E+01
11006	432	4.31655E+01
7478	282	4.31877E+01
7478	422	4.31970E+01
11348	432	4.32426E+01
11006	732	4.32467E+01
7478	806	4.32519E+01
11006	690	4.32558E+01
7478	371	4.32643E+01
11348	563	4.32663E+01
11006	607	4.32676E+01
1230	432	4.32706E+01
10306	814	4.32754E+01
4635	428	4.32789E+01
11006	563	4.33061E+01
11426	432	4.33169E+01
4635	560	4.33183E+01
11426	563	4.33273E+01
1230	564	4.33318E+01
11348	689	4.33458E+01
11426	689	4.33790E+01
1230	472	4.33791E+01
11006	648	4.33801E+01
7478	554	4.34009E+01
7478	764	4.34243E+01
10306	772	4.34436E+01
7478	598	4.34560E+01
4635	604	4.34604E+01
1230	650	4.35082E+01
11348	814	4.35174E+01
11426	814	4.35194E+01
1230	608	4.35268E+01
10306	648	4.35326E+01
11006	471	4.35359E+01
4635	377	4.35500E+01
11006	431	4.35511E+01
11006	731	4.35517E+01
10306	689	4.35520E+01
11348	772	4.35614E+01
11426	772	4.35743E+01
11006	773	4.35796E+01
10306	564	4.35850E+01
4635	337	4.35856E+01
7478	462	4.35968E+01
11006	689	4.36031E+01
4635	814	4.36046E+01
4635	468	4.36152E+01
1230	431	4.36581E+01
4635	687	4.36783E+01
11006	606	4.36849E+01
4635	729	4.36974E+01
11348	730	4.37084E+01
7478	639	4.37251E+01
7478	722	4.37290E+01
11426	730	4.37328E+01
11348	471	4.37332E+01
11006	562	4.37405E+01
1230	380	4.37477E+01
11348	606	4.37485E+01
10306	607	4.37583E+01
10306	730	4.37674E+01
1230	563	4.37753E+01
11006	380	4.37785E+01
11348	647	4.37828E+01
11006	647	4.37860E+01
10306	473	4.38027E+01
11426	606	4.38041E+01
11426	471	4.38055E+01
1230	471	4.38101E+01
11426	647	4.38288E+01
11348	431	4.38498E+01
11006	772	4.39032E+01
11006	730	4.39083E+01
10306	813	4.39259E+01
11426	431	4.39296E+01
1230	649	4.39402E+01
11348	562	4.39472E+01
11006	814	4.39548E+01
10924	565	4.39619E+01
11006	430	4.39729E+01
7478	330	4.39764E+01
1230	607	4.39791E+01
10924	609	4.39849E+01
11006	470	4.39853E+01
7478	281	4.39984E+01
4635	645	4.40044E+01
11348	688	4.40051E+01
11006	688	4.40082E+01
11426	562	4.40134E+01
4635	771	4.40135E+01
11426	688	4.40418E+01
1230	430	4.40690E+01
7478	234	4.40806E+01
1230	691	4.40946E+01
11348	813	4.41035E+01
11426	813	4.41070E+01
1230	379	4.41216E+01
7478	421	4.41227E+01
10924	473	4.41278E+01
10924	650	4.41377E+01
10306	771	4.41418E+01
7478	370	4.41558E+01
11006	605	4.41568E+01
11348	771	4.41821E+01
11006	379	4.41842E+01
7478	680	4.41874E+01
11426	771	4.41973E+01
11006	561	4.42230E+01
7478	805	4.42405E+01
1230	562	4.42500E+01
11006	646	4.42518E+01
1230	470	4.42684E+01
10306	647	4.42783E+01
11006	771	4.42796E+01
10306	563	4.42805E+01
11348	380	4.42903E+01
10924	608	4.42982E+01
10306	688	4.42991E+01
10924	564	4.43014E+01
11006	813	4.43049E+01
11006	729	4.43242E+01
10924	691	4.43729E+01
4635	427	4.43763E+01
11348	729	4.43767E+01
11426	380	4.43791E+01
10843	565	4.43911E+01
11426	729	4.44042E+01
1230	648	4.44051E+01
11348	470	4.44163E+01
7478	553	4.44238E+01
10843	609	4.44277E+01
10924	649	4.44346E+01
11006	429	4.44347E+01
1230	338	4.44359E+01
10306	472	4.44456E+01
7478	763	4.44655E+01
1230	606	4.44668E+01
11348	605	4.44731E+01
11006	687	4.44772E+01
11006	469	4.44780E+01
11348	430	4.44894E+01
10924	472	4.44931E+01
11426	470	4.44940E+01
11348	646	4.45053E+01
10306	606	4.45054E+01
1230	429	4.45082E+01
7478	597	4.45107E+01
10924	432	4.45143E+01
10306	729	4.45241E+01
1230	378	4.45270E+01
11426	605	4.45336E+01
10843	473	4.45382E+01
4635	559	4.45397E+01
4635	336	4.45405E+01
1230	690	4.45458E+01
11426	646	4.45557E+01
11426	430	4.45745E+01
4635	813	4.45777E+01
4635	376	4.45847E+01
10843	650	4.45904E+01
7478	461	4.46123E+01
11006	378	4.46320E+01
10306	812	4.46498E+01
10924	607	4.46574E+01
10924	732	4.46640E+01
10924	690	4.46668E+01
11348	561	4.46744E+01
11006	338	4.46824E+01
10924	563	4.46827E+01
11006	604	4.46871E+01
11006	812	4.47092E+01
4635	603	4.47139E+01
11006	770	4.47167E+01
10843	564	4.47205E+01
11348	687	4.47318E+01
10843	608	4.47321E+01
11426	561	4.47456E+01
11348	812	4.47500E+01
11426	812	4.47553E+01
1230	469	4.47573E+01
11006	560	4.47575E+01
1230	561	4.47585E+01
11426	687	4.47724E+01
10924	648	4.47792E+01
11006	645	4.47826E+01
4635	467	4.48001E+01
11006	728	4.48067E+01
7478	721	4.48267E+01
7478	638	4.48269E+01
10843	691	4.48334E+01
1230	732	4.48497E+01
1230	337	4.48501E+01
4635	728	4.48584E+01
11348	770	4.48697E+01
10843	649	4.48798E+01
11426	770	4.48875E+01
11348	379	4.48925E+01
10843	472	4.48926E+01
10924	431	4.48945E+01
10924	471	4.48946E+01
10843	432	4.49001E+01
4635	686	4.49020E+01
1230	647	4.49080E+01
7478	280	4.49115E+01
10306	770	4.49175E+01
7478	329	4.49222E+01
11006	428	4.49408E+01
7478	233	4.49594E+01
10924	731	4.49668E+01
1230	377	4.49698E+01
1230	428	4.49810E+01
11426	379	4.49865E+01
1230	605	4.49930E+01
10924	773	4.49999E+01
10924	689	4.50086E+01
10306	432	4.50088E+01
11006	686	4.50161E+01
11006	468	4.50186E+01
10306	562	4.50216E+01
1230	689	4.50302E+01
7532	565	4.50313E+01
10924	606	4.50659E+01
7532	473	4.50669E+01
10843	607	4.50814E+01
10306	646	4.50890E+01
10843	563	4.50908E+01
10924	380	4.51002E+01
7532	609	4.51072E+01
10924	562	4.51079E+01
4635	770	4.51136E+01
11348	728	4.51165E+01
10306	687	4.51191E+01
10843	690	4.51210E+01
10306	471	4.51253E+01
11006	377	4.51269E+01
10843	732	4.51316E+01
11348	469	4.51395E+01
11426	728	4.51474E+01
11006	337	4.51572E+01
11348	429	4.51653E+01
7478	369	4.51701E+01
7478	420	4.51713E+01
11006	811	4.51757E+01
7532	564	4.51764E+01
10924	647	4.51767E+01
10843	648	4.52156E+01
7532	432	4.52218E+01
11006	769	4.52224E+01
11426	469	4.52224E+01
7532	472	4.52258E+01
7532	608	4.52411E+01
11426	429	4.52557E+01
11348	604	4.52559E+01
7532	650	4.52612E+01
10843	431	4.52691E+01
11006	603	4.52820E+01
1230	468	4.52822E+01
10843	471	4.52825E+01
4635	644	4.52854E+01
11348	645	4.52941E+01
1230	560	4.53052E+01
1230	336	4.53072E+01
10306	605	4.53074E+01
10924	430	4.53086E+01
10924	730	4.53181E+01
10924	772	4.53212E+01
11426	604	4.53213E+01
1230	731	4.53267E+01
10924	470	4.53345E+01
7478	804	4.53461E+01
7478	679	4.53470E+01
11426	645	4.53491E+01
11006	559	4.53501E+01
7532	563	4.53536E+01
10306	728	4.53590E+01
11006	727	4.53628E+01
10924	814	4.53776E+01
11006	644	4.53843E+01
7532	431	4.53876E+01
7532	649	4.53947E+01
10924	688	4.54057E+01
7532	607	4.54100E+01
7532	471	4.54125E+01
10843	731	4.54291E+01
7532	380	4.54506E+01
11348	560	4.54513E+01
10306	811	4.54526E+01
1230	646	4.54535E+01
10843	689	4.54553E+01
10843	380	4.54558E+01
1230	376	4.54561E+01
11348	811	4.54652E+01
7532	691	4.54694E+01
11426	811	4.54727E+01
10843	773	4.54747E+01
10843	606	4.54791E+01
1230	427	4.54941E+01
11006	427	4.54976E+01
10924	379	4.54997E+01
10843	562	4.55043E+01
10924	605	4.55269E+01
11426	560	4.55277E+01
11348	686	4.55315E+01
11348	378	4.55336E+01
4635	426	4.55337E+01
1230	688	4.55543E+01
1230	604	4.55620E+01
4635	335	4.55631E+01
7532	648	4.55636E+01
7532	562	4.55658E+01
7478	552	4.55716E+01
11426	686	4.55763E+01
10924	561	4.55793E+01
7532	430	4.55801E+01
10843	647	4.56033E+01
7248	380	4.56038E+01
10306	431	4.56129E+01
7532	690	4.56146E+01
11006	467	4.56146E+01
7532	606	4.56176E+01
4635	812	4.56235E+01
7248	379	4.56277E+01
7248	338	4.56282E+01
7478	762	4.56291E+01
7532	470	4.56301E+01
11006	685	4.56315E+01
7532	379	4.56317E+01
11348	769	4.56317E+01
10924	646	4.56320E+01
11426	378	4.56328E+01
7248	431	4.56491E+01
11426	769	4.56525E+01
7248	432	4.56616E+01
4635	286	4.56633E+01
10843	430	4.56715E+01
11006	376	4.56744E+01
7248	430	4.56765E+01
11348	338	4.56819E+01
4635	375	4.56827E+01
11006	336	4.56835E+01
7478	596	4.56909E+01
10924	771	4.56923E+01
7248	472	4.56971E+01
7248	378	4.56975E+01
7248	471	4.57047E+01
10843	470	4.57103E+01
11006	810	4.57124E+01
7532	732	4.57234E+01
10924	813	4.57251E+01
10924	729	4.57262E+01
7248	473	4.57312E+01
7158	338	4.57330E+01
7248	337	4.57443E+01
7248	429	4.57469E+01
1230	286	4.57544E+01
7248	470	4.57549E+01
7478	460	4.57556E+01
10924	429	4.57608E+01
1230	773	4.57674E+01
7532	647	4.57735E+01
10843	730	4.57740E+01
10306	769	4.57748E+01
1469	565	4.57829E+01
7248	563	4.57832E+01
11426	338	4.57869E+01
10843	772	4.57917E+01
7248	564	4.57927E+01
7532	689	4.57948E+01
7158	337	4.57952E+01
11006	768	4.58042E+01
7532	429	4.58044E+01
7532	338	4.58058E+01
10306	561	4.58063E+01
1230	335	4.58142E+01
7532	561	4.58160E+01
10924	469	4.58160E+01
7248	377	4.58166E+01
7248	562	4.58198E+01
4635	558	4.58294E+01
7158	379	4.58361E+01
1230	730	4.58371E+01
10306	470	4.58403E+01
10843	688	4.58436E+01
10843	379	4.58443E+01
7532	378	4.58469E+01
1579	565	4.58471E+01
7248	565	4.58478E+01
7158	378	4.58483E+01
7248	469	4.58495E+01
1230	467	4.58506E+01
10843	814	4.58605E+01
7248	428	4.58637E+01
10924	687	4.58643E+01
7532	605	4.58676E+01
7158	380	4.58681E+01
11348	428	4.58821E+01
7532	469	4.58825E+01
7532	731	4.58903E+01
1230	559	4.58963E+01
7248	561	4.59038E+01
11348	468	4.59074E+01
7158	336	4.59078E+01
7158	377	4.59084E+01
7248	336	4.59127E+01
7248	607	4.59174E+01
10843	605	4.59284E+01
11348	727	4.59344E+01
7478	279	4.59357E+01
7478	232	4.59372E+01
7248	608	4.59373E+01
10924	378	4.59395E+01
7248	606	4.59463E+01
7158	430	4.59484E+01
11006	602	4.59490E+01
1469	609	4.59536E+01
7158	429	4.59588E+01
10843	561	4.59635E+01
10306	645	4.59652E+01
11426	727	4.59691E+01
10924	338	4.59712E+01
11426	428	4.59778E+01
7158	431	4.59791E+01
7248	376	4.59892E+01
7248	468	4.59922E+01
1230	375	4.59929E+01
7478	328	4.59944E+01
11426	468	4.59957E+01
11006	726	4.59996E+01
7248	609	4.60045E+01
11006	558	4.60099E+01
10306	686	4.60135E+01
7158	428	4.60141E+01
1579	609	4.60144E+01
7532	688	4.60171E+01
7158	376	4.60207E+01
7532	773	4.60252E+01
7248	605	4.60261E+01
7532	646	4.60294E+01
7248	427	4.60317E+01
1469	473	4.60327E+01
7248	560	4.60377E+01
4635	602	4.60421E+01
10924	604	4.60447E+01
7158	286	4.60463E+01
1230	645	4.60465E+01
7158	432	4.60476E+01
10843	646	4.60478E+01
4635	466	4.60514E+01
7478	720	4.60522E+01
7532	337	4.60540E+01
1230	426	4.60558E+01
7158	470	4.60570E+01
7478	637	4.60576E+01
11006	643	4.60643E+01
7532	428	4.60657E+01
7158	471	4.60659E+01
7158	335	4.60753E+01
7158	469	4.60907E+01
7532	730	4.60922E+01
7248	648	4.60949E+01
10924	560	4.61011E+01
7532	377	4.61017E+01
11348	603	4.61026E+01
4635	727	4.61032E+01
7532	560	4.61083E+01
10843	429	4.61115E+01
7248	649	4.61127E+01
1579	473	4.61128E+01
11006	426	4.61130E+01
7158	472	4.61150E+01
7158	427	4.61193E+01
10924	770	4.61216E+01
1230	687	4.61237E+01
10924	812	4.61240E+01
7248	647	4.61268E+01
7248	335	4.61375E+01
7248	286	4.61453E+01
10924	645	4.61503E+01
11348	644	4.61550E+01
10843	771	4.61573E+01
7248	604	4.61597E+01
10306	604	4.61641E+01
7532	604	4.61645E+01
7158	468	4.61706E+01
11426	603	4.61731E+01
10843	729	4.61743E+01
7532	468	4.61746E+01
7248	650	4.61767E+01
10843	469	4.61793E+01
1230	603	4.61797E+01
7158	562	4.61855E+01
7248	467	4.61887E+01
7158	375	4.61897E+01
10924	728	4.61985E+01
7158	473	4.62029E+01
10843	813	4.62045E+01
7158	563	4.62050E+01
4635	685	4.62087E+01
7158	561	4.62107E+01
7248	646	4.62118E+01
11426	644	4.62148E+01
11348	377	4.62189E+01
7248	375	4.62199E+01
7532	772	4.62211E+01
7248	559	4.62265E+01
10306	430	4.62479E+01
10924	428	4.62559E+01
7248	426	4.62570E+01
11348	810	4.62571E+01
11426	810	4.62674E+01
7158	564	4.62675E+01
11006	335	4.62677E+01
10843	378	4.62726E+01
1230	772	4.62740E+01
10306	727	4.62749E+01
11006	466	4.62760E+01
7158	285	4.62779E+01
7158	426	4.62806E+01
11006	375	4.62808E+01
7158	560	4.62836E+01
11348	559	4.62845E+01
7532	687	4.62877E+01
10843	338	4.62911E+01
10843	687	4.62924E+01
4635	769	4.62956E+01
7158	334	4.63023E+01
7158	467	4.63028E+01
7248	689	4.63043E+01
1230	285	4.63048E+01
7248	690	4.63062E+01
7478	368	4.63187E+01
11426	377	4.63233E+01
11006	809	4.63276E+01
11348	337	4.63276E+01
1359	565	4.63284E+01
11006	684	4.63305E+01
7532	645	4.63365E+01
7532	729	4.63369E+01
10306	810	4.63392E+01
10924	468	4.63441E+01
7532	336	4.63455E+01
11006	286	4.63486E+01
7248	603	4.63516E+01
7248	688	4.63518E+01
7248	691	4.63525E+01
7158	606	4.63531E+01
7248	645	4.63539E+01
7478	419	4.63541E+01
11426	559	4.63662E+01
7532	427	4.63702E+01
7158	565	4.63722E+01
7158	607	4.63758E+01
7158	605	4.63780E+01
1230	334	4.63785E+01
7532	814	4.63801E+01
1230	729	4.63881E+01
10924	686	4.63909E+01
7532	376	4.64019E+01
10306	380	4.64082E+01
7158	559	4.64091E+01
11348	685	4.64104E+01
7158	374	4.64211E+01
7248	334	4.64236E+01
10924	377	4.64247E+01
7248	285	4.64310E+01
10843	604	4.64338E+01
11426	337	4.64376E+01
10924	337	4.64391E+01
7158	608	4.64436E+01
7248	466	4.64467E+01
7532	559	4.64489E+01
7532	771	4.64527E+01
7248	687	4.64533E+01
7158	604	4.64535E+01
11426	685	4.64598E+01
11006	767	4.64704E+01
1230	466	4.64725E+01
10843	560	4.64725E+01
11348	768	4.64755E+01
7248	558	4.64769E+01
1469	650	4.64916E+01
7158	466	4.64947E+01
11426	768	4.64998E+01
7158	425	4.65054E+01
7532	467	4.65137E+01
7532	603	4.65140E+01
7248	374	4.65143E+01
7248	731	4.65178E+01
1359	609	4.65246E+01
7248	732	4.65354E+01
1469	564	4.65378E+01
1230	558	4.65405E+01
7248	730	4.65433E+01
7248	425	4.65474E+01
7158	609	4.65543E+01
10843	645	4.65544E+01
7248	644	4.65579E+01
7158	647	4.65583E+01
1579	650	4.65592E+01
1359	473	4.65622E+01
7158	284	4.65725E+01
7158	648	4.65727E+01
10843	770	4.65797E+01
7478	803	4.65810E+01
10924	811	4.65826E+01
7158	603	4.65845E+01
1230	374	4.65881E+01
10306	469	4.65902E+01
7158	646	4.65930E+01
7158	558	4.65941E+01
10843	428	4.65941E+01
7158	333	4.65943E+01
10843	812	4.65986E+01
7248	602	4.66080E+01
7532	813	4.66104E+01
7532	686	4.66130E+01
7248	686	4.66139E+01
10924	769	4.66172E+01
7248	729	4.66175E+01
1579	564	4.66239E+01
10924	603	4.66254E+01
7532	728	4.66315E+01
7158	649	4.66324E+01
10306	560	4.66351E+01
10843	728	4.66378E+01
7478	678	4.66403E+01
11348	427	4.66465E+01
4635	643	4.66481E+01
4635	334	4.66610E+01
1230	425	4.66761E+01
10924	559	4.66798E+01
7158	645	4.66810E+01
7532	335	4.66863E+01
7532	286	4.66872E+01
1230	644	4.66927E+01
10843	468	4.66943E+01
11006	601	4.66973E+01
4635	285	4.66998E+01
1469	432	4.67007E+01
7532	644	4.67009E+01
1469	608	4.67113E+01
10306	768	4.67176E+01
7158	373	4.67215E+01
11006	725	4.67249E+01
7532	426	4.67258E+01
7532	770	4.67280E+01
11348	467	4.67282E+01
7158	650	4.67335E+01
7248	773	4.67365E+01
10924	644	4.67380E+01
10924	727	4.67424E+01
1230	686	4.67439E+01
7248	728	4.67461E+01
10843	377	4.67461E+01
4635	811	4.67471E+01
11006	557	4.67471E+01
11426	427	4.67474E+01
10843	337	4.67484E+01
7532	375	4.67536E+01
7158	465	4.67553E+01
7248	772	4.67553E+01
4635	425	4.67625E+01
1469	472	4.67709E+01
7248	465	4.67752E+01
7248	333	4.67765E+01
7158	602	4.67772E+01
7248	284	4.67824E+01
7158	689	4.67913E+01
1579	608	4.67932E+01
11006	425	4.67972E+01
7248	557	4.67974E+01
7158	688	4.67978E+01
10924	427	4.68002E+01
7158	424	4.68022E+01
10843	686	4.68081E+01
1579	432	4.68106E+01
1230	771	4.68148E+01
7248	771	4.68166E+01
11426	467	4.68217E+01
7158	644	4.68272E+01
7158	690	4.68293E+01
7248	643	4.68295E+01
11006	642	4.68306E+01
11348	726	4.68371E+01
7248	685	4.68389E+01
1230	814	4.68448E+01
7532	558	4.68459E+01
7158	557	4.68468E+01
4635	374	4.68529E+01
1230	602	4.68535E+01
7158	687	4.68538E+01
7478	551	4.68562E+01
1579	472	4.68732E+01
11426	726	4.68761E+01
7532	812	4.68775E+01
7248	373	4.68793E+01
2959	565	4.69016E+01
7158	691	4.69065E+01
7532	466	4.69089E+01
10306	644	4.69091E+01
7248	424	4.69115E+01
10306	429	4.69153E+01
11006	334	4.69170E+01
1230	284	4.69204E+01
7532	602	4.69233E+01
7248	770	4.69263E+01
10924	467	4.69263E+01
7478	761	4.69265E+01
7248	727	4.69347E+01
7248	601	4.69361E+01
7158	283	4.69374E+01
11006	374	4.69542E+01
11348	376	4.69545E+01
10924	336	4.69567E+01
7158	332	4.69578E+01
10924	376	4.69611E+01
10306	379	4.69614E+01
7158	686	4.69644E+01
7248	814	4.69688E+01
7532	727	4.69829E+01
11006	285	4.69840E+01
10306	685	4.69845E+01
1230	728	4.69862E+01
10924	685	4.69923E+01
7532	685	4.69991E+01
10843	603	4.70015E+01
1230	333	4.70077E+01
7478	595	4.70087E+01
11006	465	4.70141E+01
7478	231	4.70172E+01
11348	602	4.70212E+01
11348	336	4.70239E+01
7248	813	4.70290E+01
11006	808	4.70308E+01
7158	730	4.70356E+01
7478	459	4.70372E+01
7158	643	4.70376E+01
10843	559	4.70378E+01
7158	601	4.70386E+01
7158	731	4.70410E+01
10843	811	4.70511E+01
7532	769	4.70543E+01
11426	376	4.70640E+01
10843	769	4.70672E+01
7158	729	4.70737E+01
10306	603	4.70782E+01
7478	278	4.70785E+01
7532	334	4.70831E+01
7532	285	4.70839E+01
7158	732	4.70842E+01
2959	609	4.70897E+01
7248	769	4.70902E+01
7158	464	4.70938E+01
11348	643	4.70952E+01
11426	602	4.70970E+01
1359	650	4.70971E+01
7158	372	4.70996E+01
1359	564	4.71013E+01
10924	810	4.71092E+01
11006	683	4.71213E+01
10843	427	4.71257E+01
7532	643	4.71292E+01
10843	644	4.71296E+01
7248	812	4.71318E+01
11348	809	4.71340E+01
7248	684	4.71342E+01
7158	685	4.71352E+01
11426	336	4.71387E+01
7532	425	4.71413E+01
11426	809	4.71476E+01
1230	465	4.71585E+01
11426	643	4.71602E+01
7158	728	4.71612E+01
7532	374	4.71639E+01
2853	565	4.71691E+01
10843	727	4.71715E+01
7248	642	4.71756E+01
7158	556	4.71758E+01
7158	423	4.71806E+01
11348	558	4.71835E+01
7248	464	4.71837E+01
10924	768	4.71870E+01
7248	726	4.71892E+01
7532	811	4.71892E+01
7248	556	4.71966E+01
4635	557	4.71979E+01
7478	327	4.72020E+01
7248	332	4.72030E+01
7248	283	4.72070E+01
1359	432	4.72243E+01
11006	766	4.72297E+01
1230	557	4.72475E+01
1469	649	4.72507E+01
1230	373	4.72511E+01
10843	336	4.72550E+01
10843	467	4.72632E+01
10843	376	4.72703E+01
11426	558	4.72706E+01
10306	726	4.72745E+01
10924	602	4.72771E+01
7158	772	4.72803E+01
7158	773	4.72829E+01
7248	811	4.72829E+01
1359	608	4.73006E+01
7158	727	4.73038E+01
2959	473	4.73077E+01
7532	557	4.73086E+01
7248	768	4.73146E+01
10306	809	4.73147E+01
7158	771	4.73149E+01
1359	472	4.73177E+01
7158	642	4.73188E+01
1469	563	4.73197E+01
7068	338	4.73232E+01
7248	372	4.73239E+01
10924	558	4.73244E+01
1579	649	4.73383E+01
1469	691	4.73398E+01
7248	600	4.73439E+01
7248	423	4.73592E+01
2853	609	4.73650E+01
10924	726	4.73653E+01
1230	424	4.73660E+01
7532	465	4.73703E+01
7158	684	4.73721E+01
7068	337	4.73746E+01
11348	684	4.73754E+01
7158	600	4.73769E+01
10306	468	4.73777E+01
7158	282	4.73801E+01
4635	465	4.73815E+01
1230	813	4.73828E+01
7158	770	4.73926E+01
1230	770	4.73969E+01
1469	431	4.73973E+01
10843	685	4.73976E+01
7532	726	4.73977E+01
1230	643	4.73986E+01
7532	601	4.74006E+01
7158	331	4.74012E+01
10924	426	4.74022E+01
10924	643	4.74025E+01
11348	767	4.74087E+01
7478	719	4.74158E+01
1230	685	4.74209E+01
1579	691	4.74215E+01
7478	636	4.74280E+01
1579	563	4.74297E+01
11426	684	4.74297E+01
4635	726	4.74359E+01
11426	767	4.74371E+01
7532	768	4.74387E+01
7532	684	4.74527E+01
4635	601	4.74529E+01
7068	379	4.74598E+01
7068	378	4.74601E+01
11348	426	4.74673E+01
7068	336	4.74752E+01
7248	810	4.74881E+01
7068	380	4.75020E+01
1469	607	4.75021E+01
7248	683	4.75067E+01
7068	377	4.75072E+01
7158	726	4.75075E+01
10306	559	4.75118E+01
7248	725	4.75162E+01
7158	814	4.75186E+01
7158	769	4.75192E+01
7158	463	4.75203E+01
1579	431	4.75293E+01
1469	471	4.75294E+01
10924	335	4.75309E+01
11006	600	4.75363E+01
7532	284	4.75421E+01
7532	333	4.75427E+01
11006	724	4.75475E+01
10306	378	4.75525E+01
7532	810	4.75527E+01
10924	375	4.75554E+01
7158	813	4.75609E+01
11006	424	4.75615E+01
4635	768	4.75641E+01
2853	473	4.75647E+01
7158	371	4.75661E+01
10843	810	4.75701E+01
11006	556	4.75724E+01
10924	466	4.75729E+01
11426	426	4.75734E+01
7068	286	4.75822E+01
7158	555	4.75906E+01
1230	601	4.75916E+01
7068	429	4.75941E+01
10924	286	4.75956E+01
7068	430	4.75964E+01
4635	684	4.76032E+01
7248	641	4.76036E+01
7068	376	4.76053E+01
7248	767	4.76059E+01
1579	607	4.76072E+01
7478	367	4.76079E+01
1230	283	4.76104E+01
11348	466	4.76125E+01
10306	428	4.76182E+01
7532	424	4.76268E+01
10843	768	4.76275E+01
7532	642	4.76288E+01
7068	335	4.76294E+01
7068	428	4.76355E+01
1230	727	4.76372E+01
7068	431	4.76383E+01
11006	333	4.76388E+01
10843	602	4.76395E+01
7158	812	4.76403E+01
7532	373	4.76413E+01
7158	422	4.76517E+01
1579	471	4.76557E+01
10843	558	4.76686E+01
10924	684	4.76759E+01
7478	418	4.76780E+01
7158	641	4.76785E+01
7158	683	4.76820E+01
7248	463	4.76827E+01
7248	555	4.76842E+01
11006	641	4.76922E+01
11006	284	4.76929E+01
1469	380	4.76935E+01
7158	768	4.77010E+01
11006	373	4.77039E+01
1230	332	4.77108E+01
11426	466	4.77114E+01
7248	331	4.77118E+01
7248	282	4.77121E+01
10924	809	4.77124E+01
10843	426	4.77146E+01
7068	432	4.77161E+01
7068	470	4.77215E+01
7068	427	4.77259E+01
7068	469	4.77420E+01
7068	471	4.77420E+01
11348	375	4.77479E+01
10306	767	4.77496E+01
7248	809	4.77540E+01
7068	375	4.77594E+01
7158	811	4.77626E+01
2959	650	4.77743E+01
11348	335	4.77781E+01
7158	725	4.77788E+01
10843	643	4.77808E+01
10843	726	4.77831E+01
7068	472	4.78009E+01
7158	599	4.78010E+01
7068	285	4.78018E+01
2747	565	4.78067E+01
7068	468	4.78076E+01
10843	335	4.78177E+01
4635	284	4.78281E+01
11348	725	4.78319E+01
11006	807	4.78322E+01
10924	767	4.78393E+01
7248	599	4.78407E+01
11006	464	4.78409E+01
7068	334	4.78422E+01
4635	333	4.78427E+01
7532	556	4.78468E+01
1579	380	4.78475E+01
10843	375	4.78521E+01
7248	371	4.78594E+01
11426	375	4.78624E+01
7068	426	4.78714E+01
7068	562	4.78720E+01
10843	286	4.78725E+01
1359	649	4.78743E+01
11426	725	4.78756E+01
7532	725	4.78831E+01
7068	561	4.78856E+01
7532	767	4.78886E+01
10843	466	4.78961E+01
7068	473	4.78965E+01
11426	335	4.78978E+01
1359	563	4.78999E+01
7068	563	4.79014E+01
7248	422	4.79020E+01
11348	286	4.79046E+01
7158	281	4.79080E+01
7532	464	4.79084E+01
1230	464	4.79201E+01
7248	724	4.79231E+01
10306	643	4.79243E+01
7068	467	4.79244E+01
7158	810	4.79334E+01
10306	338	4.79343E+01
7158	330	4.79353E+01
1359	431	4.79375E+01
7158	767	4.79444E+01
7068	560	4.79452E+01
4635	810	4.79533E+01
7478	802	4.79539E+01
7532	600	4.79545E+01
1230	812	4.79558E+01
10342	650	4.79607E+01
7248	682	4.79644E+01
7158	234	4.79687E+01
7248	766	4.79718E+01
7068	564	4.79718E+01
7068	374	4.79750E+01
7532	809	4.79757E+01
7532	683	4.79811E+01
1359	691	4.79879E+01
1230	372	4.79934E+01
10924	601	4.80088E+01
11006	682	4.80132E+01
11348	601	4.80210E+01
2747	609	4.80253E+01
1230	769	4.80268E+01
1230	556	4.80273E+01
11426	286	4.80281E+01
10306	684	4.80353E+01
10342	609	4.80418E+01
10924	557	4.80454E+01
7158	462	4.80461E+01
1469	648	4.80466E+01
10306	602	4.80546E+01
2853	650	4.80553E+01
7068	606	4.80560E+01
7068	559	4.80563E+01
10843	684	4.80682E+01
7532	283	4.80705E+01
7068	605	4.80711E+01
10924	425	4.80720E+01
7158	682	4.80729E+01
7532	332	4.80733E+01
2959	564	4.80750E+01
7478	677	4.80750E+01
10924	725	4.80751E+01
4635	424	4.80760E+01
7068	425	4.80797E+01
7068	565	4.80816E+01
7068	284	4.80832E+01
7068	607	4.80863E+01
7248	808	4.80882E+01
1359	471	4.80925E+01
11006	765	4.80925E+01
4635	642	4.80990E+01
7068	466	4.81000E+01
7158	554	4.81022E+01
11426	601	4.81023E+01
11348	808	4.81047E+01
1469	690	4.81050E+01
4635	373	4.81067E+01
1359	607	4.81083E+01
1469	430	4.81124E+01
7068	333	4.81191E+01
11426	808	4.81222E+01
11348	642	4.81227E+01
7248	640	4.81232E+01
7158	724	4.81252E+01
7158	640	4.81261E+01
1469	562	4.81306E+01
7158	370	4.81337E+01
7068	604	4.81351E+01
1230	423	4.81377E+01
10924	642	4.81520E+01
1579	648	4.81566E+01
10426	650	4.81589E+01
11348	557	4.81590E+01
7068	608	4.81592E+01
7158	809	4.81593E+01
1230	684	4.81606E+01
10843	809	4.81643E+01
10924	334	4.81688E+01
1230	642	4.81713E+01
2747	473	4.81828E+01
10306	377	4.81853E+01
11426	642	4.81930E+01
7532	423	4.81934E+01
7532	372	4.81958E+01
7478	230	4.81991E+01
1579	690	4.82058E+01
7532	641	4.82079E+01
10306	467	4.82086E+01
10924	374	4.82155E+01
10924	285	4.82224E+01
1359	380	4.82226E+01
7068	558	4.82256E+01
7158	421	4.82274E+01
2959	608	4.82514E+01
11426	557	4.82516E+01
7068	603	4.82530E+01
7158	766	4.82569E+01
7068	373	4.82589E+01
1579	562	4.82660E+01
1579	430	4.82678E+01
10843	767	4.82690E+01
7248	554	4.82716E+01
7068	609	4.82723E+01
7068	647	4.82736E+01
7248	462	4.82836E+01
7478	550	4.82846E+01
10426	609	4.82891E+01
7068	648	4.82932E+01
10924	465	4.82953E+01
7068	646	4.83008E+01
7248	281	4.83055E+01
1469	470	4.83110E+01
7248	330	4.83142E+01
7158	598	4.83220E+01
1469	606	4.83286E+01
10342	691	4.83338E+01
2853	564	4.83385E+01
1469	379	4.83430E+01
7478	277	4.83434E+01
7068	465	4.83434E+01
1230	726	4.83471E+01
2959	432	4.83488E+01
7068	649	4.83553E+01
11348	425	4.83557E+01
10843	601	4.83569E+01
7068	424	4.83592E+01
10306	725	4.83612E+01
10306	427	4.83616E+01
7478	760	4.83645E+01
10843	425	4.83709E+01
10843	557	4.83752E+01
7068	645	4.83792E+01
7248	234	4.83814E+01
1230	282	4.83840E+01
10306	808	4.83841E+01
10924	808	4.84015E+01
1230	600	4.84026E+01
7532	766	4.84119E+01
11006	423	4.84188E+01
7248	723	4.84193E+01
7248	765	4.84208E+01
7068	602	4.84311E+01
7068	283	4.84336E+01
11348	683	4.84341E+01
7248	598	4.84377E+01
11348	766	4.84398E+01
11006	332	4.84423E+01
10306	558	4.84433E+01
10843	334	4.84436E+01
7532	724	4.84468E+01
7158	808	4.84478E+01
10924	683	4.84497E+01
1469	732	4.84548E+01
7068	650	4.84557E+01
1579	606	4.84589E+01
7068	557	4.84616E+01
7478	458	4.84625E+01
1579	470	4.84626E+01
10510	650	4.84631E+01
7532	808	4.84661E+01
7068	332	4.84664E+01
11426	425	4.84671E+01
7478	594	4.84703E+01
7532	555	4.84707E+01
11426	766	4.84728E+01
2959	472	4.84738E+01
11006	599	4.84768E+01
11006	723	4.84783E+01
10843	725	4.84804E+01
10426	691	4.84844E+01
11006	283	4.84846E+01
10843	285	4.84884E+01
10306	337	4.84934E+01
11426	683	4.84937E+01
11006	555	4.84974E+01
1230	331	4.84988E+01
7248	370	4.84990E+01
7248	807	4.84993E+01
10843	374	4.84994E+01
7068	644	4.85140E+01
10843	642	4.85161E+01
7248	681	4.85178E+01
1579	379	4.85183E+01
7068	689	4.85204E+01
2853	608	4.85229E+01
7068	688	4.85242E+01
7158	280	4.85292E+01
7532	463	4.85346E+01
11006	372	4.85420E+01
7478	326	4.85470E+01
7248	421	4.85524E+01
7158	681	4.85549E+01
7158	723	4.85558E+01
1579	732	4.85560E+01
7068	690	4.85583E+01
7158	233	4.85693E+01
1230	811	4.85704E+01
7158	329	4.85726E+01
11348	465	4.85726E+01
7068	687	4.85750E+01
10924	766	4.85830E+01
2853	432	4.85924E+01
7532	682	4.85928E+01
7532	599	4.85948E+01
11348	334	4.85982E+01
10843	465	4.86042E+01
11348	374	4.86077E+01
7068	372	4.86196E+01
10510	609	4.86231E+01
7068	691	4.86323E+01
7158	765	4.86470E+01
4635	556	4.86561E+01
11006	640	4.86601E+01
7068	464	4.86639E+01
1359	430	4.86680E+01
7158	639	4.86730E+01
7068	601	4.86768E+01
11426	465	4.86770E+01
7532	282	4.86776E+01
7068	686	4.86780E+01
7158	461	4.86835E+01
7532	331	4.86850E+01
1359	648	4.86871E+01
11348	285	4.86985E+01
1230	768	4.87107E+01
7068	643	4.87113E+01
7068	423	4.87195E+01
10342	565	4.87201E+01
11426	334	4.87228E+01
7158	553	4.87231E+01
1359	562	4.87266E+01
2853	472	4.87266E+01
11426	374	4.87273E+01
2747	650	4.87418E+01
11006	806	4.87444E+01
7248	639	4.87462E+01
10510	691	4.87625E+01
11006	463	4.87691E+01
1230	463	4.87693E+01
1359	690	4.87709E+01
7068	556	4.87729E+01
7068	730	4.87743E+01
7068	731	4.87775E+01
4635	464	4.88036E+01
7158	807	4.88071E+01
7068	729	4.88119E+01
7158	369	4.88153E+01
7068	732	4.88155E+01
10924	424	4.88210E+01
11426	285	4.88268E+01
10843	683	4.88282E+01
1230	371	4.88289E+01
10924	600	4.88302E+01
7068	685	4.88391E+01
7532	371	4.88402E+01
10843	808	4.88430E+01
1469	429	4.88505E+01
10924	556	4.88535E+01
7532	422	4.88536E+01
2959	691	4.88568E+01
7068	282	4.88603E+01
4635	725	4.88615E+01
10306	376	4.88649E+01
10306	766	4.88752E+01
7532	640	4.88762E+01
10924	333	4.88782E+01
10924	724	4.88807E+01
1469	647	4.88835E+01
1359	379	4.88873E+01
1359	470	4.88894E+01
1230	555	4.88906E+01
7068	331	4.88927E+01
7068	728	4.88961E+01
1469	689	4.89089E+01
7158	420	4.89200E+01
2959	649	4.89207E+01
10924	284	4.89212E+01
7478	718	4.89213E+01
4635	767	4.89240E+01
11348	724	4.89272E+01
7478	635	4.89418E+01
1359	606	4.89509E+01
10924	373	4.89511E+01
7158	597	4.89529E+01
4635	600	4.89554E+01
7248	764	4.89640E+01
1230	683	4.89699E+01
7248	553	4.89715E+01
1469	561	4.89726E+01
11426	724	4.89761E+01
7068	642	4.89779E+01
2747	564	4.89811E+01
7248	280	4.89953E+01
10924	641	4.89957E+01
7248	806	4.89978E+01
7068	600	4.89979E+01
7248	461	4.89994E+01
10843	766	4.90006E+01
1469	338	4.90028E+01
1230	422	4.90048E+01
10306	642	4.90156E+01
7248	722	4.90165E+01
7532	765	4.90177E+01
1579	647	4.90180E+01
11006	681	4.90185E+01
1230	641	4.90188E+01
1469	378	4.90195E+01
10426	565	4.90196E+01
7248	329	4.90231E+01
7068	773	4.90233E+01
7068	772	4.90276E+01
1579	429	4.90307E+01
1579	689	4.90312E+01
7068	727	4.90330E+01
7532	807	4.90332E+01
7478	366	4.90367E+01
7248	233	4.90462E+01
10342	732	4.90465E+01
4635	283	4.90578E+01
7068	684	4.90645E+01
7068	771	4.90662E+01
7068	371	4.90678E+01
7068	463	4.90715E+01
11006	764	4.90718E+01
7158	722	4.90822E+01
4635	683	4.90915E+01
10306	466	4.90924E+01
7532	723	4.90986E+01
10306	601	4.90998E+01
10306	336	4.91041E+01
10924	464	4.91054E+01
10843	424	4.91060E+01
11348	600	4.91116E+01
1469	469	4.91185E+01
4635	332	4.91188E+01
1230	725	4.91221E+01
7158	764	4.91255E+01
1579	561	4.91349E+01
10843	333	4.91406E+01
7158	680	4.91408E+01
2853	691	4.91422E+01
7478	417	4.91438E+01
7068	770	4.91450E+01
7248	597	4.91484E+01
10426	732	4.91500E+01
1359	732	4.91533E+01
10306	426	4.91535E+01
10843	600	4.91632E+01
10843	556	4.91684E+01
7068	555	4.91690E+01
10306	683	4.91700E+01
7068	422	4.91715E+01
10843	284	4.91756E+01
4962	565	4.91777E+01
11348	807	4.91794E+01
7248	680	4.91797E+01
10924	807	4.91872E+01
2747	608	4.91886E+01
1230	234	4.91895E+01
7532	554	4.91924E+01
1469	605	4.91933E+01
2747	432	4.91949E+01
2853	649	4.91983E+01
11426	600	4.91986E+01
11426	807	4.92014E+01
1579	338	4.92154E+01
1579	378	4.92173E+01
10843	373	4.92218E+01
11348	556	4.92224E+01
7068	726	4.92286E+01
1469	731	4.92318E+01
1230	810	4.92332E+01
11348	641	4.92463E+01
4635	809	4.92475E+01
7158	806	4.92476E+01
1230	281	4.92506E+01
7158	279	4.92518E+01
7248	369	4.92562E+01
7158	232	4.92602E+01
7532	462	4.92614E+01
7068	769	4.92700E+01
10843	724	4.92723E+01
7068	814	4.92731E+01
4962	609	4.92823E+01
2959	563	4.92912E+01
1230	599	4.92962E+01
1579	469	4.92967E+01
7532	681	4.92986E+01
11426	556	4.93207E+01
7068	641	4.93214E+01
11426	641	4.93224E+01
7248	420	4.93231E+01
10924	682	4.93234E+01
7068	813	4.93235E+01
11348	424	4.93243E+01
7158	328	4.93252E+01
7158	638	4.93330E+01
7532	598	4.93333E+01
11006	331	4.93391E+01
10843	641	4.93448E+01
2747	472	4.93494E+01
1579	605	4.93503E+01
1579	731	4.93513E+01
7068	683	4.93609E+01
11006	282	4.93681E+01
7068	281	4.93712E+01
7532	281	4.93723E+01
11006	422	4.93834E+01
1230	330	4.93857E+01
10510	565	4.93889E+01
7532	330	4.93902E+01
7532	234	4.93976E+01
10843	464	4.93997E+01
7068	599	4.94037E+01
10510	732	4.94040E+01
7068	812	4.94081E+01
7068	330	4.94086E+01
7068	234	4.94201E+01
1359	429	4.94209E+01
10924	765	4.94286E+01
10306	557	4.94385E+01
11426	424	4.94411E+01
7158	460	4.94445E+01
7068	768	4.94475E+01
1230	767	4.94549E+01
4635	372	4.94586E+01
2959	607	4.94641E+01
7158	552	4.94663E+01
7478	801	4.94673E+01
2959	431	4.94767E+01
7478	229	4.94792E+01
11006	371	4.94833E+01
7248	638	4.94866E+01
4635	423	4.94895E+01
7068	725	4.94897E+01
11348	333	4.94928E+01
10342	649	4.95217E+01
11006	722	4.95311E+01
11006	598	4.95325E+01
7068	811	4.95326E+01
11006	554	4.95357E+01
10306	724	4.95396E+01
1359	647	4.95400E+01
11348	373	4.95448E+01
1359	338	4.95491E+01
2853	563	4.95494E+01
10306	807	4.95536E+01
11348	284	4.95695E+01
7068	462	4.95774E+01
1359	378	4.95784E+01
11348	765	4.95786E+01
1359	561	4.95837E+01
7532	370	4.95890E+01
1359	689	4.95912E+01
11348	682	4.95959E+01
7248	805	4.95964E+01
10306	375	4.95977E+01
7248	763	4.96147E+01
7068	370	4.96161E+01
11426	765	4.96167E+01
10843	807	4.96168E+01
1469	428	4.96173E+01
7532	421	4.96211E+01
11348	464	4.96215E+01
7158	368	4.96217E+01
11426	333	4.96224E+01
10342	608	4.96367E+01
4635	641	4.96456E+01
7532	639	4.96463E+01
7478	676	4.96518E+01
1469	337	4.96568E+01
7068	554	4.96608E+01
11426	682	4.96611E+01
10924	423	4.96620E+01
10924	332	4.96682E+01
11426	373	4.96695E+01
2959	471	4.96742E+01
7068	767	4.96842E+01
10843	682	4.96870E+01
4962	473	4.96874E+01
7532	806	4.96876E+01
10924	283	4.97012E+01
11426	284	4.97027E+01
7068	810	4.97030E+01
7158	763	4.97052E+01
7158	596	4.97074E+01
1359	469	4.97117E+01
2853	431	4.97159E+01
7532	764	4.97170E+01
7158	721	4.97179E+01
1230	462	4.97192E+01
7068	421	4.97273E+01
7248	721	4.97288E+01
7478	276	4.97288E+01
1469	377	4.97294E+01
2853	607	4.97306E+01
11426	464	4.97315E+01
10426	649	4.97345E+01
7068	682	4.97364E+01
7158	419	4.97398E+01
11006	639	4.97486E+01
7068	640	4.97512E+01
10924	599	4.97522E+01
1469	688	4.97575E+01
10924	555	4.97604E+01
1469	646	4.97654E+01
10306	335	4.97728E+01
1230	370	4.97735E+01
10924	372	4.97741E+01
7158	805	4.97813E+01
11006	805	4.97826E+01
7248	279	4.97898E+01
10924	723	4.97929E+01
7248	552	4.97974E+01
7248	232	4.98045E+01
1469	773	4.98086E+01
11006	462	4.98131E+01
1579	428	4.98230E+01
7068	724	4.98237E+01
1359	605	4.98308E+01
4859	565	4.98327E+01
10843	765	4.98327E+01
7248	460	4.98422E+01
7158	679	4.98444E+01
1469	560	4.98496E+01
1230	554	4.98496E+01
7532	722	4.98504E+01
7248	328	4.98510E+01
7478	549	4.98563E+01
1230	682	4.98565E+01
2747	691	4.98583E+01
10342	690	4.98699E+01
1579	337	4.98896E+01
2747	649	4.98903E+01
10426	608	4.98994E+01
4962	650	4.99028E+01
1579	688	4.99037E+01
7068	598	4.99051E+01
10843	332	4.99177E+01
2853	471	4.99215E+01
7068	809	4.99258E+01
1579	646	4.99261E+01
1579	773	4.99326E+01
10843	423	4.99326E+01
7478	759	4.99430E+01
10843	283	4.99435E+01
10924	640	4.99446E+01
1359	731	4.99473E+01
1230	640	4.99504E+01
1230	809	4.99504E+01
1579	377	4.99508E+01
1469	468	4.99575E+01
4859	609	4.99578E+01
7248	679	4.99647E+01
1230	724	4.99692E+01
7068	280	4.99743E+01
2959	380	4.99779E+01
1230	421	4.99819E+01
7248	596	4.99867E+01
7068	766	4.99876E+01
2959	690	4.99939E+01
10306	425	5.00041E+01
7068	233	5.00047E+01
10924	463	5.00160E+01
10342	773	5.00196E+01
10306	286	5.00202E+01
7478	325	5.00233E+01
7532	553	5.00254E+01
7068	329	5.00266E+01
7478	457	5.00297E+01
10843	372	5.00311E+01
10426	690	5.00345E+01
1579	560	5.00397E+01
10306	465	5.00399E+01
7158	231	5.00451E+01
1469	730	5.00487E+01
10510	649	5.00566E+01
10843	555	5.00598E+01
10843	599	5.00695E+01
7478	593	5.00743E+01
10426	773	5.00752E+01
10924	806	5.00819E+01
7158	278	5.00829E+01
1469	604	5.01001E+01
10306	765	5.01004E+01
7532	461	5.01023E+01
7532	680	5.01116E+01
7158	637	5.01197E+01
2959	648	5.01239E+01
10342	473	5.01304E+01
1230	233	5.01309E+01
11348	723	5.01335E+01
7248	368	5.01418E+01
11006	680	5.01524E+01
1579	468	5.01631E+01
7532	280	5.01637E+01
7532	233	5.01694E+01
10843	723	5.01697E+01
11006	763	5.01832E+01
7532	597	5.01841E+01
11426	723	5.01881E+01
1579	730	5.01890E+01
10306	641	5.01893E+01
7068	461	5.01938E+01
2747	563	5.01960E+01
7068	681	5.02013E+01
1359	428	5.02018E+01
7158	327	5.02019E+01
7532	329	5.02031E+01
2853	380	5.02052E+01
7068	808	5.02085E+01
4635	555	5.02161E+01
1359	337	5.02168E+01
1230	280	5.02200E+01
10306	600	5.02214E+01
7248	419	5.02245E+01
7068	723	5.02398E+01
10510	608	5.02520E+01
7068	553	5.02608E+01
2959	732	5.02609E+01
1230	766	5.02660E+01
2853	690	5.02760E+01
7068	369	5.02773E+01
10843	640	5.02778E+01
7068	639	5.02788E+01
1230	598	5.02841E+01
1579	604	5.02851E+01
10843	463	5.02951E+01
1359	377	5.03021E+01
11348	599	5.03042E+01
10510	773	5.03062E+01
7248	804	5.03093E+01
10924	681	5.03093E+01
4859	473	5.03157E+01
2747	431	5.03227E+01
10510	690	5.03301E+01
4635	463	5.03320E+01
7158	459	5.03388E+01
10342	564	5.03418E+01
7158	551	5.03431E+01
11006	330	5.03436E+01
1469	336	5.03525E+01
11006	281	5.03529E+01
7248	637	5.03585E+01
7068	765	5.03661E+01
11348	806	5.03700E+01
4635	766	5.03810E+01
11348	555	5.03860E+01
4635	724	5.03862E+01
1230	329	5.03865E+01
11006	234	5.03868E+01
7248	762	5.03873E+01
11348	423	5.03873E+01
10924	764	5.03891E+01
4962	564	5.03900E+01
10306	374	5.03919E+01
10306	682	5.03947E+01
2853	648	5.03965E+01
11426	599	5.03972E+01
11426	806	5.03973E+01
4635	282	5.03985E+01
7068	420	5.03988E+01
7158	762	5.04001E+01
2747	607	5.04005E+01
1469	427	5.04198E+01
7158	804	5.04222E+01
1359	646	5.04369E+01
7532	805	5.04421E+01
1359	688	5.04555E+01
7532	369	5.04565E+01
11006	421	5.04713E+01
11348	332	5.04719E+01
1359	560	5.04751E+01
7158	720	5.04766E+01
11348	640	5.04774E+01
1469	376	5.04796E+01
4962	608	5.04830E+01
10426	473	5.04862E+01
11426	555	5.04902E+01
10843	806	5.04981E+01
4635	331	5.05032E+01
10306	334	5.05062E+01
10306	556	5.05073E+01
7532	420	5.05092E+01
11426	423	5.05095E+01
7068	597	5.05151E+01
7532	763	5.05234E+01
11348	283	5.05274E+01
7532	638	5.05325E+01
11006	370	5.05448E+01
2747	471	5.05482E+01
2853	732	5.05500E+01
10924	331	5.05503E+01
2959	562	5.05506E+01
7158	367	5.05593E+01
7068	807	5.05594E+01
11426	640	5.05595E+01
4635	599	5.05599E+01
1359	773	5.05644E+01
1359	468	5.05648E+01
7478	717	5.05656E+01
7248	720	5.05703E+01
10924	282	5.05718E+01
11348	372	5.05724E+01
10342	731	5.05725E+01
4859	650	5.05939E+01
7478	634	5.05951E+01
7158	595	5.05971E+01
7478	365	5.05975E+01
1469	772	5.06014E+01
11426	332	5.06066E+01
1579	336	5.06067E+01
10924	422	5.06096E+01
2959	430	5.06350E+01
4635	808	5.06359E+01
1579	427	5.06519E+01
1469	687	5.06561E+01
10843	681	5.06568E+01
10426	564	5.06575E+01
7248	231	5.06597E+01
11426	283	5.06656E+01
7068	279	5.06776E+01
7068	232	5.06785E+01
7158	678	5.06787E+01
4635	682	5.06811E+01
10426	731	5.06896E+01
7158	418	5.06936E+01
7248	278	5.06959E+01
1469	645	5.06962E+01
10924	371	5.06994E+01
11426	372	5.07025E+01
11006	553	5.07028E+01
10306	285	5.07099E+01
7532	721	5.07164E+01
11006	597	5.07192E+01
11006	721	5.07226E+01
1579	376	5.07253E+01
1230	808	5.07291E+01
2959	606	5.07292E+01
1579	772	5.07431E+01
7478	416	5.07454E+01
7068	722	5.07495E+01
1359	604	5.07521E+01
7068	328	5.07587E+01
7248	551	5.07609E+01
1469	559	5.07681E+01
7068	680	5.07681E+01
11348	463	5.07730E+01
10843	764	5.07783E+01
10924	554	5.07797E+01
1359	730	5.07800E+01
1230	461	5.07839E+01
10843	331	5.07863E+01
10924	598	5.07882E+01
2747	380	5.07965E+01
10843	282	5.08012E+01
2853	562	5.08024E+01
7248	327	5.08068E+01
10306	723	5.08166E+01
7248	459	5.08220E+01
10924	722	5.08260E+01
1579	687	5.08278E+01
1230	681	5.08304E+01
7068	764	5.08306E+01
10306	806	5.08312E+01
1469	467	5.08360E+01
11348	764	5.08377E+01
1230	369	5.08423E+01
4962	432	5.08459E+01
7478	228	5.08499E+01
10843	422	5.08652E+01
2853	430	5.08688E+01
11348	681	5.08728E+01
11426	764	5.08816E+01
1579	645	5.08847E+01
7248	678	5.08859E+01
11426	463	5.08887E+01
4962	472	5.08895E+01
1230	723	5.08969E+01
10510	473	5.08982E+01
2959	470	5.09097E+01
1469	729	5.09128E+01
7068	638	5.09178E+01
1230	553	5.09182E+01
7158	230	5.09249E+01
10306	424	5.09253E+01
1359	336	5.09257E+01
4635	371	5.09271E+01
7068	460	5.09326E+01
4962	691	5.09363E+01
10843	371	5.09421E+01
11426	681	5.09442E+01
10510	731	5.09611E+01
11006	804	5.09636E+01
7248	595	5.09647E+01
11006	638	5.09741E+01
1230	639	5.09780E+01
7068	552	5.09817E+01
7532	552	5.09838E+01
1579	559	5.09871E+01
11006	461	5.09882E+01
7068	806	5.09887E+01
2853	606	5.09893E+01
2747	690	5.09975E+01
10924	639	5.10129E+01
1359	427	5.10180E+01
4635	422	5.10200E+01
