GRAM	c2h2	chi_tot
8925	234	3.60952E+01
9013	234	3.64244E+01
8925	233	3.65021E+01
9013	233	3.68832E+01
8925	281	3.72930E+01
8925	282	3.74575E+01
8925	232	3.75107E+01
9013	281	3.76079E+01
8970	285	3.76529E+01
9013	282	3.77206E+01
8970	286	3.77665E+01
8925	280	3.78509E+01
9013	232	3.79456E+01
8970	284	3.81785E+01
9013	280	3.82197E+01
8882	285	3.82325E+01
8925	283	3.82970E+01
8882	286	3.83869E+01
9013	283	3.85102E+01
8882	284	3.87159E+01
8925	330	3.89181E+01
8925	231	3.91790E+01
8925	279	3.91911E+01
9013	330	3.92094E+01
8925	331	3.92258E+01
8970	283	3.93722E+01
9013	331	3.94708E+01
8925	329	3.94986E+01
8970	334	3.96096E+01
9013	279	3.96161E+01
9013	231	3.96694E+01
8925	284	3.97749E+01
8970	333	3.98000E+01
9013	329	3.98393E+01
8882	283	3.98661E+01
9013	284	3.99400E+01
8970	335	4.01960E+01
8882	334	4.02243E+01
5327	338	4.02739E+01
5430	338	4.03177E+01
8925	332	4.03638E+01
8882	333	4.03801E+01
9013	332	4.05653E+01
5327	337	4.05893E+01
5430	337	4.06082E+01
8970	332	4.08071E+01
8882	335	4.08430E+01
8925	370	4.09353E+01
8925	328	4.10366E+01
9013	370	4.12066E+01
8970	282	4.12703E+01
8925	371	4.12716E+01
8882	332	4.13503E+01
8925	278	4.13848E+01
9013	328	4.14300E+01
9013	371	4.15088E+01
8970	336	4.15214E+01
8925	230	4.15711E+01
5430	336	4.16097E+01
5327	336	4.16148E+01
8925	369	4.16427E+01
8882	282	4.17190E+01
8925	285	4.18626E+01
9013	278	4.18684E+01
9013	369	4.19525E+01
9013	285	4.19812E+01
8970	373	4.20151E+01
8970	374	4.20386E+01
9013	230	4.21190E+01
8882	336	4.21986E+01
8925	333	4.22854E+01
5430	286	4.23910E+01
5327	286	4.24023E+01
8970	234	4.24393E+01
9013	333	4.24461E+01
8925	372	4.25798E+01
8882	373	4.26297E+01
5327	378	4.26488E+01
8882	374	4.26728E+01
8970	331	4.26780E+01
5430	378	4.26971E+01
9013	372	4.27873E+01
5327	377	4.27919E+01
5430	377	4.28035E+01
8882	234	4.28050E+01
8970	372	4.29361E+01
8970	375	4.29505E+01
8882	331	4.31817E+01
8925	421	4.31843E+01
5327	379	4.32356E+01
5430	379	4.33218E+01
5430	335	4.33607E+01
5327	335	4.33891E+01
9013	421	4.34249E+01
8925	368	4.34719E+01
8882	372	4.35274E+01
8970	337	4.35483E+01
8882	375	4.36006E+01
8925	327	4.36091E+01
5430	376	4.36917E+01
5327	376	4.37157E+01
8925	420	4.37167E+01
8925	422	4.38024E+01
9013	368	4.38252E+01
8970	281	4.39191E+01
9013	420	4.39773E+01
9013	422	4.40296E+01
9013	327	4.40587E+01
8882	337	4.42535E+01
8882	281	4.43209E+01
8970	424	4.44632E+01
5327	380	4.45060E+01
8925	277	4.45087E+01
8925	286	4.45373E+01
9013	286	4.46110E+01
5430	380	4.46312E+01
8970	376	4.46972E+01
8925	229	4.47519E+01
8925	373	4.47972E+01
8970	371	4.48642E+01
8970	425	4.48906E+01
8925	334	4.49524E+01
9013	373	4.49791E+01
5430	285	4.50033E+01
5327	285	4.50294E+01
9013	277	4.50537E+01
8970	423	4.50563E+01
9013	334	4.50748E+01
8882	424	4.51121E+01
5327	428	4.51354E+01
5430	428	4.51421E+01
5327	429	4.51811E+01
5430	429	4.52395E+01
9013	229	4.53593E+01
8882	376	4.53597E+01
8970	233	4.53969E+01
5430	375	4.54148E+01
8882	371	4.54282E+01
8970	330	4.54699E+01
5327	375	4.54733E+01
8925	419	4.54845E+01
8925	423	4.54863E+01
8882	425	4.55358E+01
8925	461	4.56421E+01
8882	423	4.57035E+01
9013	423	4.57062E+01
8882	233	4.57156E+01
9013	419	4.57721E+01
9013	461	4.58528E+01
5430	427	4.58561E+01
5327	427	4.58996E+01
5430	334	4.59002E+01
8925	462	4.59285E+01
8882	330	4.59314E+01
5327	334	4.59512E+01
5327	430	4.59766E+01
5430	430	4.60882E+01
9013	462	4.61484E+01
8970	338	4.62395E+01
8970	426	4.62665E+01
8925	367	4.65006E+01
8925	460	4.66257E+01
8970	422	4.67495E+01
9013	460	4.68364E+01
9013	367	4.69023E+01
8882	426	4.69031E+01
8882	338	4.69706E+01
8970	464	4.71394E+01
8970	377	4.72257E+01
8925	326	4.72922E+01
8970	280	4.73777E+01
8882	422	4.73892E+01
8925	463	4.73896E+01
8970	465	4.73897E+01
5430	426	4.74432E+01
5327	431	4.74639E+01
5327	469	4.75172E+01
5327	426	4.75352E+01
5430	469	4.75419E+01
9013	463	4.76272E+01
5430	431	4.76303E+01
8882	280	4.77306E+01
9013	326	4.78014E+01
5430	468	4.78103E+01
8882	464	4.78270E+01
5327	468	4.78530E+01
8925	374	4.78694E+01
8970	370	4.78707E+01
8882	377	4.78975E+01
5327	470	4.79578E+01
8970	463	4.79995E+01
5430	374	4.80271E+01
9013	374	4.80296E+01
8882	465	4.80479E+01
5430	470	4.80520E+01
8925	553	4.81010E+01
5327	374	4.81189E+01
8925	424	4.81566E+01
9013	553	4.82793E+01
5430	284	4.83044E+01
8925	335	4.83311E+01
5327	284	4.83448E+01
9013	424	4.83748E+01
8882	370	4.84030E+01
9013	335	4.84177E+01
8970	427	4.85251E+01
8925	418	4.85649E+01
8925	276	4.86349E+01
8970	466	4.86595E+01
12068	234	4.86722E+01
8882	463	4.87093E+01
8925	552	4.87162E+01
8925	228	4.87786E+01
8925	554	4.87847E+01
12009	234	4.87864E+01
11950	234	4.88327E+01
9013	552	4.88644E+01
9013	418	4.88867E+01
5430	467	4.89238E+01
8925	459	4.89657E+01
9013	554	4.90048E+01
5327	467	4.90319E+01
8970	232	4.90402E+01
5327	471	4.91099E+01
8882	427	4.91482E+01
9013	459	4.91861E+01
9013	276	4.92436E+01
8970	329	4.92510E+01
5430	333	4.92683E+01
5430	471	4.92753E+01
8882	466	4.92815E+01
12068	233	4.93016E+01
8882	232	4.93104E+01
5327	333	4.93412E+01
12009	233	4.94084E+01
9013	228	4.94476E+01
11950	233	4.94510E+01
8038	284	4.95896E+01
5327	432	4.95900E+01
8970	421	4.96288E+01
8882	329	4.96674E+01
8970	556	4.97642E+01
5430	432	4.98126E+01
8038	283	4.98231E+01
1856	232	4.98539E+01
1746	232	4.98934E+01
12068	282	4.99062E+01
5327	561	4.99208E+01
12068	281	4.99209E+01
8925	464	4.99289E+01
5430	561	4.99303E+01
5430	425	4.99668E+01
8038	285	4.99964E+01
12009	282	5.00281E+01
12009	281	5.00371E+01
1746	233	5.00607E+01
8970	462	5.00686E+01
11950	282	5.00781E+01
11950	281	5.00842E+01
5327	425	5.01056E+01
1856	233	5.01106E+01
5430	560	5.01913E+01
9013	464	5.01919E+01
1856	231	5.02040E+01
8970	555	5.02166E+01
8882	421	5.02548E+01
5327	560	5.02666E+01
5327	562	5.03185E+01
1746	231	5.03359E+01
5430	562	5.04150E+01
8970	557	5.04294E+01
8882	556	5.04785E+01
8970	378	5.04839E+01
12068	232	5.05421E+01
12068	283	5.05787E+01
12009	232	5.06413E+01
8925	597	5.06469E+01
8925	555	5.06624E+01
12068	280	5.06719E+01
11950	232	5.06799E+01
12009	283	5.07059E+01
8925	551	5.07244E+01
8038	282	5.07306E+01
11950	283	5.07585E+01
12009	280	5.07819E+01
1746	234	5.07840E+01
9013	597	5.07855E+01
8882	462	5.07925E+01
8925	366	5.07942E+01
11950	280	5.08259E+01
9013	551	5.08551E+01
8970	467	5.08667E+01
5327	472	5.09119E+01
1856	234	5.09206E+01
9013	555	5.09347E+01
5430	466	5.09525E+01
8038	234	5.09797E+01
8882	555	5.09855E+01
8038	286	5.10161E+01
1856	279	5.10341E+01
1746	280	5.10575E+01
1856	280	5.10756E+01
8882	557	5.10800E+01
1746	279	5.11208E+01
5327	466	5.11237E+01
5430	472	5.11501E+01
8882	378	5.11619E+01
1856	230	5.12218E+01
8925	596	5.12461E+01
9013	366	5.12494E+01
5430	559	5.12682E+01
9013	596	5.13238E+01
8925	598	5.13723E+01
5327	563	5.13933E+01
5327	559	5.14257E+01
8882	467	5.14462E+01
1746	230	5.14493E+01
8038	332	5.14534E+01
8038	333	5.14700E+01
12068	330	5.15483E+01
5430	563	5.15787E+01
5430	373	5.15845E+01
9013	598	5.15860E+01
8970	428	5.16033E+01
12009	330	5.16684E+01
5327	373	5.17084E+01
11950	330	5.17174E+01
8970	279	5.17177E+01
1746	281	5.17196E+01
8925	425	5.17416E+01
8925	375	5.17462E+01
12068	331	5.17631E+01
1856	278	5.17818E+01
1856	281	5.18396E+01
12009	331	5.18851E+01
9013	375	5.18884E+01
8970	554	5.18960E+01
12068	284	5.19005E+01
11950	331	5.19351E+01
9013	425	5.19637E+01
1746	278	5.19767E+01
8882	279	5.20197E+01
12009	284	5.20325E+01
8970	369	5.20338E+01
11950	284	5.20876E+01
8970	558	5.21094E+01
8925	325	5.21468E+01
8882	428	5.22085E+01
12068	279	5.22207E+01
12068	329	5.22448E+01
5430	605	5.22601E+01
8038	331	5.22629E+01
8038	334	5.22689E+01
5327	605	5.23186E+01
12009	279	5.23240E+01
5430	283	5.23285E+01
8038	281	5.23554E+01
12009	329	5.23622E+01
5327	606	5.23629E+01
11950	279	5.23647E+01
5327	283	5.23830E+01
8925	336	5.23882E+01
8970	600	5.24031E+01
5430	606	5.24076E+01
11950	329	5.24097E+01
9013	336	5.24413E+01
12068	231	5.24528E+01
7948	284	5.25261E+01
8882	369	5.25301E+01
12009	231	5.25438E+01
1856	329	5.25546E+01
1746	329	5.25633E+01
11950	231	5.25785E+01
1856	328	5.26775E+01
8882	558	5.26884E+01
8882	554	5.27098E+01
7948	283	5.27165E+01
9013	325	5.27191E+01
8925	458	5.27304E+01
8970	599	5.28016E+01
1746	328	5.28071E+01
12068	332	5.28293E+01
5430	604	5.28316E+01
12009	332	5.29525E+01
9013	458	5.29709E+01
1856	229	5.29712E+01
7948	285	5.29741E+01
5327	604	5.29907E+01
8038	233	5.29932E+01
11950	332	5.30031E+01
8925	417	5.30164E+01
1746	282	5.30525E+01
5327	607	5.30574E+01
5327	564	5.30830E+01
8970	601	5.31313E+01
8882	600	5.31588E+01
1746	330	5.32069E+01
5430	607	5.32076E+01
8925	638	5.32177E+01
5430	558	5.32367E+01
8925	595	5.32683E+01
1856	282	5.32717E+01
9013	638	5.32880E+01
1746	229	5.32978E+01
9013	595	5.33009E+01
5327	473	5.33081E+01
8925	599	5.33105E+01
1856	330	5.33164E+01
5430	564	5.33592E+01
9013	417	5.33798E+01
1856	277	5.33938E+01
8970	231	5.34359E+01
8970	461	5.34461E+01
8925	465	5.34552E+01
5327	558	5.34736E+01
5430	424	5.34958E+01
5430	332	5.35104E+01
12068	370	5.35619E+01
7948	282	5.35790E+01
8038	372	5.35825E+01
5327	332	5.36044E+01
9013	599	5.36121E+01
5430	473	5.36207E+01
8925	556	5.36266E+01
8882	599	5.36451E+01
8882	231	5.36559E+01
5327	424	5.36795E+01
12009	370	5.36859E+01
8925	227	5.36928E+01
8925	639	5.36964E+01
1746	277	5.37003E+01
8038	373	5.37182E+01
11950	370	5.37367E+01
7948	234	5.37483E+01
9013	465	5.37509E+01
1856	327	5.37595E+01
8970	420	5.37821E+01
8882	601	5.37888E+01
8038	335	5.38120E+01
8925	275	5.38163E+01
12068	285	5.38416E+01
9013	639	5.38740E+01
12068	328	5.39237E+01
8970	468	5.39365E+01
12068	371	5.39411E+01
8038	330	5.39521E+01
9013	556	5.39608E+01
5430	465	5.39726E+01
12009	285	5.39781E+01
1746	327	5.40130E+01
7948	286	5.40333E+01
11950	285	5.40354E+01
12009	328	5.40374E+01
12009	371	5.40609E+01
9013	637	5.40676E+01
11950	328	5.40830E+01
8925	637	5.40873E+01
8970	328	5.40990E+01
11950	371	5.41098E+01
8925	142	5.41209E+01
8882	461	5.41756E+01
5430	603	5.41947E+01
8925	550	5.41997E+01
5327	465	5.42043E+01
12068	369	5.42621E+01
9013	550	5.43264E+01
5327	608	5.43413E+01
7948	332	5.43852E+01
8882	420	5.43879E+01
12009	369	5.43889E+01
8038	371	5.44071E+01
8970	379	5.44227E+01
9013	227	5.44249E+01
1856	369	5.44281E+01
7948	333	5.44352E+01
11950	369	5.44410E+01
8970	598	5.44460E+01
5327	603	5.44515E+01
8882	328	5.44670E+01
8882	468	5.44679E+01
5430	647	5.44755E+01
1746	369	5.44903E+01
9013	275	5.44913E+01
5327	647	5.45524E+01
5430	608	5.45990E+01
12068	278	5.46401E+01
5327	648	5.46684E+01
1746	331	5.46728E+01
12068	333	5.46984E+01
5430	648	5.47114E+01
8970	559	5.47115E+01
12009	278	5.47361E+01
8038	280	5.47524E+01
8038	374	5.47545E+01
11950	278	5.47731E+01
12009	333	5.48220E+01
11950	333	5.48730E+01
8970	602	5.48731E+01
5430	646	5.48740E+01
1856	368	5.48808E+01
9013	142	5.48945E+01
1856	331	5.48979E+01
8970	553	5.49129E+01
1746	370	5.49342E+01
8970	641	5.49741E+01
1856	370	5.50073E+01
1746	283	5.50138E+01
5327	646	5.50683E+01
1746	368	5.50807E+01
12068	230	5.50991E+01
8948	286	5.51021E+01
8882	379	5.51038E+01
7948	281	5.51566E+01
7948	331	5.51583E+01
12009	230	5.51815E+01
8882	559	5.52117E+01
11950	230	5.52120E+01
7948	334	5.52645E+01
12068	372	5.53255E+01
1856	283	5.53301E+01
8860	286	5.53303E+01
5327	565	5.53316E+01
5327	649	5.53560E+01
8882	598	5.53656E+01
8925	640	5.54080E+01
8882	602	5.54230E+01
8970	429	5.54390E+01
12009	372	5.54398E+01
11950	372	5.54860E+01
8970	642	5.54862E+01
1856	228	5.55116E+01
5430	649	5.55211E+01
8970	640	5.56032E+01
8038	232	5.56574E+01
5430	565	5.57003E+01
9013	640	5.57080E+01
7948	233	5.57132E+01
8882	553	5.57607E+01
8882	641	5.58107E+01
12068	421	5.58206E+01
1856	326	5.58769E+01
9013	679	5.58936E+01
8038	423	5.59317E+01
8925	679	5.59359E+01
8925	680	5.59391E+01
1746	228	5.59404E+01
1856	276	5.59438E+01
12009	421	5.59457E+01
5430	645	5.59737E+01
11950	421	5.59971E+01
8882	429	5.60222E+01
9013	680	5.60329E+01
8038	336	5.60629E+01
12068	368	5.61225E+01
5430	372	5.61477E+01
5327	609	5.61586E+01
12068	420	5.61651E+01
8925	426	5.61772E+01
5430	557	5.61812E+01
8882	642	5.61911E+01
12009	368	5.62507E+01
1746	326	5.62571E+01
8038	370	5.62598E+01
5327	645	5.62822E+01
12009	420	5.63014E+01
5327	372	5.63024E+01
11950	368	5.63034E+01
8948	285	5.63105E+01
9013	636	5.63137E+01
1746	371	5.63374E+01
8925	600	5.63452E+01
11950	420	5.63582E+01
1746	276	5.63650E+01
12068	286	5.63780E+01
8925	376	5.63789E+01
8038	424	5.63809E+01
8925	365	5.63917E+01
8925	636	5.64041E+01
9013	426	5.64081E+01
5430	602	5.64307E+01
1856	367	5.64419E+01
5327	557	5.64943E+01
9013	376	5.65067E+01
8860	285	5.65089E+01
12009	286	5.65186E+01
5430	609	5.65256E+01
8038	422	5.65264E+01
1856	371	5.65437E+01
7948	372	5.65486E+01
5327	650	5.65590E+01
8882	640	5.65591E+01
11950	286	5.65780E+01
8038	329	5.65855E+01
8038	375	5.66376E+01
12068	327	5.66637E+01
12068	422	5.66779E+01
1856	420	5.66793E+01
5430	689	5.66942E+01
7948	373	5.66991E+01
8948	336	5.67397E+01
9013	600	5.67461E+01
1746	420	5.67706E+01
12009	327	5.67728E+01
1746	367	5.67815E+01
5327	602	5.67820E+01
8925	594	5.67893E+01
12009	422	5.67897E+01
9013	594	5.67938E+01
5430	690	5.68031E+01
7948	330	5.68078E+01
11950	327	5.68160E+01
5327	690	5.68174E+01
8948	335	5.68266E+01
11950	422	5.68348E+01
7948	335	5.68352E+01
5327	689	5.68426E+01
5430	650	5.68483E+01
9013	365	5.69056E+01
1746	332	5.69080E+01
8970	643	5.70175E+01
8970	278	5.70193E+01
8860	336	5.70267E+01
8925	337	5.70891E+01
8860	335	5.70944E+01
9013	337	5.71111E+01
5430	282	5.71188E+01
9013	678	5.71446E+01
5430	688	5.71478E+01
5327	282	5.71871E+01
8925	681	5.71966E+01
1856	419	5.72071E+01
1746	421	5.72149E+01
1856	332	5.72464E+01
8882	278	5.72679E+01
1856	421	5.72758E+01
5327	691	5.72955E+01
8925	678	5.73023E+01
12068	334	5.73308E+01
7948	371	5.73535E+01
8948	337	5.73854E+01
5430	691	5.74176E+01
5327	688	5.74277E+01
8970	368	5.74351E+01
9013	681	5.74446E+01
1746	419	5.74519E+01
12009	334	5.74541E+01
8970	597	5.74550E+01
8970	639	5.75000E+01
7948	280	5.75041E+01
11950	334	5.75050E+01
8970	603	5.75253E+01
1746	284	5.75709E+01
8925	557	5.75754E+01
8882	643	5.75802E+01
8970	682	5.76076E+01
12068	373	5.76501E+01
8970	683	5.76847E+01
8948	334	5.76855E+01
8860	337	5.76899E+01
7948	374	5.77457E+01
12009	373	5.77576E+01
8038	425	5.77977E+01
8970	469	5.77977E+01
12068	419	5.78005E+01
11950	373	5.78007E+01
5430	644	5.78496E+01
8925	466	5.78864E+01
8882	368	5.78904E+01
8860	334	5.79323E+01
12009	419	5.79459E+01
8882	603	5.79595E+01
8925	457	5.79598E+01
9013	557	5.79799E+01
1856	284	5.79824E+01
8038	279	5.79890E+01
11950	419	5.80069E+01
12068	277	5.80080E+01
5430	464	5.80700E+01
12009	277	5.80962E+01
5430	423	5.81068E+01
11950	277	5.81292E+01
12068	461	5.81331E+01
8970	560	5.81520E+01
8948	284	5.81866E+01
8925	324	5.82032E+01
9013	466	5.82214E+01
5430	687	5.82253E+01
8970	460	5.82258E+01
8925	641	5.82299E+01
9013	457	5.82309E+01
8038	421	5.82479E+01
12009	461	5.82653E+01
5327	644	5.82691E+01
8882	469	5.82757E+01
9013	721	5.82943E+01
11950	461	5.83203E+01
7948	232	5.83269E+01
5327	423	5.83333E+01
8925	721	5.83434E+01
8860	284	5.83542E+01
5327	464	5.83595E+01
8882	597	5.84372E+01
8882	683	5.84976E+01
8038	463	5.85255E+01
12068	229	5.85463E+01
8882	639	5.85614E+01
8882	560	5.85668E+01
8882	682	5.85827E+01
12009	229	5.86198E+01
1746	372	5.86330E+01
5327	687	5.86337E+01
11950	229	5.86458E+01
12068	423	5.86480E+01
8970	230	5.86550E+01
9013	641	5.86657E+01
5430	331	5.86816E+01
8970	681	5.86922E+01
8038	464	5.86945E+01
1746	422	5.87040E+01
8948	338	5.87249E+01
12068	460	5.87401E+01
12009	423	5.87446E+01
11950	423	5.87824E+01
9013	720	5.87826E+01
8970	684	5.87949E+01
5327	331	5.87961E+01
8882	230	5.88230E+01
9013	324	5.88419E+01
8925	416	5.88670E+01
12068	462	5.88682E+01
5430	732	5.88768E+01
1856	227	5.88901E+01
12009	460	5.88927E+01
1856	142	5.88975E+01
1856	422	5.89156E+01
1856	418	5.89349E+01
7948	423	5.89361E+01
8882	460	5.89514E+01
11950	460	5.89575E+01
1856	372	5.89704E+01
8925	722	5.89704E+01
12009	462	5.89769E+01
8038	337	5.89846E+01
8925	720	5.89919E+01
8970	380	5.89973E+01
5327	732	5.90201E+01
11950	462	5.90207E+01
5430	731	5.90353E+01
8038	231	5.90361E+01
8860	338	5.90451E+01
1856	325	5.90951E+01
9013	722	5.91028E+01
7948	336	5.91109E+01
1856	366	5.91790E+01
7948	370	5.91815E+01
8925	549	5.91868E+01
8038	369	5.92164E+01
8948	375	5.92232E+01
12068	367	5.92232E+01
9013	416	5.92796E+01
8970	419	5.92932E+01
8038	376	5.93155E+01
8925	141	5.93216E+01
9013	549	5.93235E+01
5327	731	5.93238E+01
1856	461	5.93277E+01
1746	418	5.93338E+01
1856	460	5.93414E+01
12009	367	5.93513E+01
8948	333	5.93559E+01
8970	552	5.93699E+01
7948	424	5.93720E+01
1746	461	5.93736E+01
7948	329	5.93981E+01
11950	367	5.94037E+01
1746	227	5.94237E+01
8882	684	5.94334E+01
1746	142	5.94449E+01
8970	644	5.94557E+01
8948	376	5.94709E+01
1856	275	5.94912E+01
8038	462	5.94983E+01
8925	226	5.95133E+01
8860	375	5.95193E+01
7948	422	5.95373E+01
1746	460	5.95562E+01
8860	333	5.95797E+01
8925	682	5.95823E+01
1746	325	5.96041E+01
5430	601	5.96315E+01
7948	375	5.96348E+01
1746	366	5.96597E+01
8882	380	5.96787E+01
5430	730	5.96933E+01
8860	376	5.97691E+01
8882	681	5.98153E+01
8948	374	5.98521E+01
8882	644	5.98669E+01
1746	333	5.98704E+01
8882	419	5.98716E+01
9013	677	5.98840E+01
8038	465	5.99108E+01
8970	430	5.99707E+01
8970	724	5.99867E+01
5430	686	5.99952E+01
9013	682	6.00001E+01
1746	275	6.00298E+01
5327	601	6.00736E+01
8925	274	6.00743E+01
8970	327	6.00944E+01
9013	635	6.01012E+01
8038	426	6.01133E+01
5327	730	6.01245E+01
8925	677	6.01341E+01
8860	374	6.01429E+01
9013	141	6.01524E+01
5430	556	6.01962E+01
8038	328	6.02379E+01
8882	552	6.02397E+01
8925	635	6.02414E+01
9013	226	6.03101E+01
1856	333	6.03202E+01
1746	462	6.03274E+01
8925	601	6.03645E+01
8882	327	6.04107E+01
1856	462	6.04500E+01
8970	725	6.05142E+01
8970	723	6.05142E+01
8882	430	6.05281E+01
5327	686	6.05287E+01
8948	377	6.05399E+01
12068	326	6.05420E+01
5430	234	6.05730E+01
1856	459	6.05732E+01
5327	556	6.05822E+01
5430	643	6.05881E+01
5327	234	6.06218E+01
12009	326	6.06455E+01
12068	552	6.06683E+01
9013	719	6.06830E+01
11950	326	6.06858E+01
7948	279	6.06887E+01
12068	335	6.06909E+01
12068	553	6.06958E+01
1746	285	6.06983E+01
8925	723	6.07471E+01
8948	283	6.07626E+01
7948	425	6.07691E+01
12068	459	6.07824E+01
8970	638	6.07881E+01
12068	418	6.08081E+01
12009	335	6.08133E+01
9013	274	6.08175E+01
12009	553	6.08185E+01
8970	685	6.08187E+01
12009	552	6.08242E+01
8860	377	6.08377E+01
12068	463	6.08431E+01
12068	374	6.08578E+01
11950	335	6.08640E+01
11950	553	6.08691E+01
9013	601	6.08745E+01
11950	552	6.08909E+01
9013	762	6.08927E+01
8860	283	6.08982E+01
5430	729	6.09082E+01
12009	463	6.09258E+01
12009	459	6.09521E+01
1746	459	6.09568E+01
11950	463	6.09569E+01
12009	374	6.09576E+01
9013	763	6.09596E+01
12009	418	6.09601E+01
8882	724	6.09818E+01
8970	604	6.09955E+01
11950	374	6.09970E+01
8925	763	6.10138E+01
11950	418	6.10241E+01
11950	459	6.10251E+01
8925	719	6.10279E+01
8038	555	6.10422E+01
8970	680	6.10696E+01
9013	723	6.10793E+01
5327	643	6.11148E+01
8925	762	6.11500E+01
1746	423	6.11587E+01
8038	420	6.11825E+01
1856	285	6.12033E+01
7948	421	6.12580E+01
8882	685	6.12722E+01
8882	725	6.13062E+01
8882	604	6.13067E+01
8925	427	6.14041E+01
8948	373	6.14134E+01
5327	729	6.14791E+01
1856	423	6.15192E+01
8038	556	6.15429E+01
7948	463	6.15856E+01
12068	424	6.16474E+01
9013	427	6.16488E+01
7948	231	6.16531E+01
8038	554	6.16937E+01
8860	373	6.16957E+01
8882	723	6.16980E+01
7948	464	6.17104E+01
8038	461	6.17104E+01
8925	377	6.17185E+01
12009	424	6.17272E+01
5430	773	6.17328E+01
11950	424	6.17569E+01
1746	373	6.17634E+01
5430	371	6.17859E+01
9013	377	6.18353E+01
9013	593	6.18478E+01
8925	593	6.18534E+01
8948	332	6.18812E+01
1856	417	6.19231E+01
8948	426	6.19283E+01
8970	596	6.19368E+01
8882	638	6.19390E+01
5327	371	6.19701E+01
8970	726	6.19715E+01
1856	552	6.20241E+01
8925	642	6.20416E+01
8925	764	6.20500E+01
7948	337	6.20546E+01
8860	332	6.20801E+01
8038	466	6.20870E+01
1856	553	6.20891E+01
7948	369	6.21081E+01
12068	554	6.21125E+01
12068	551	6.21340E+01
8038	278	6.21422E+01
9013	761	6.21461E+01
8948	425	6.21501E+01
1746	553	6.21529E+01
12009	554	6.21979E+01
9013	764	6.22206E+01
8970	722	6.22291E+01
1856	373	6.22299E+01
11950	554	6.22306E+01
8860	426	6.22430E+01
5327	773	6.22441E+01
1746	552	6.22723E+01
7948	376	6.23146E+01
12009	551	6.23189E+01
8882	680	6.23240E+01
1746	463	6.23295E+01
8970	561	6.23528E+01
8948	378	6.23764E+01
8970	470	6.23801E+01
9013	338	6.23934E+01
12068	276	6.23969E+01
11950	551	6.23996E+01
8925	338	6.24001E+01
8925	558	6.24159E+01
8970	766	6.24745E+01
1746	417	6.24763E+01
12009	276	6.24765E+01
8860	425	6.24827E+01
11950	276	6.25052E+01
5430	685	6.25359E+01
8038	338	6.25404E+01
8882	726	6.25484E+01
8925	761	6.25814E+01
7948	462	6.25933E+01
1856	463	6.26195E+01
9013	642	6.26246E+01
8948	427	6.26371E+01
8970	765	6.26535E+01
8860	378	6.26709E+01
8882	561	6.26764E+01
5430	772	6.26865E+01
1856	141	6.26943E+01
8970	645	6.27007E+01
5430	281	6.27312E+01
8038	377	6.27367E+01
5430	728	6.27433E+01
8882	470	6.28000E+01
5327	281	6.28130E+01
12068	228	6.28519E+01
7948	465	6.28738E+01
9013	558	6.28986E+01
12068	596	6.29139E+01
12009	228	6.29161E+01
8860	427	6.29297E+01
11950	228	6.29375E+01
8882	645	6.29523E+01
8882	596	6.29668E+01
8925	683	6.29697E+01
7948	328	6.30036E+01
7948	426	6.30590E+01
12009	596	6.30758E+01
1856	458	6.30904E+01
8038	557	6.30905E+01
1856	226	6.31342E+01
1856	365	6.31375E+01
11950	596	6.31458E+01
8925	467	6.31498E+01
1746	554	6.31733E+01
1856	551	6.31859E+01
5327	685	6.31906E+01
8038	230	6.31979E+01
12068	597	6.32279E+01
8970	767	6.32495E+01
9013	804	6.32580E+01
8038	427	6.32643E+01
8925	364	6.32934E+01
1856	554	6.32943E+01
1746	141	6.33354E+01
5430	463	6.33391E+01
12009	597	6.33427E+01
5327	772	6.33482E+01
8038	368	6.33569E+01
8970	277	6.33625E+01
8948	424	6.33716E+01
11950	597	6.33900E+01
5327	728	6.34506E+01
1856	324	6.34533E+01
8882	766	6.35067E+01
1746	334	6.35263E+01
9013	467	6.35303E+01
8925	724	6.35435E+01
8882	277	6.35554E+01
9013	683	6.35705E+01
8925	804	6.35722E+01
8882	722	6.35847E+01
8038	553	6.36050E+01
1746	551	6.36169E+01
12068	366	6.36317E+01
8038	599	6.36363E+01
1746	458	6.36415E+01
8970	686	6.36487E+01
5327	463	6.36835E+01
9013	805	6.37012E+01
8860	424	6.37174E+01
12009	366	6.37580E+01
1746	365	6.37599E+01
8925	805	6.37721E+01
1746	226	6.37751E+01
11950	366	6.38094E+01
9013	364	6.38707E+01
5430	422	6.38842E+01
5430	600	6.39001E+01
8882	686	6.39082E+01
8882	765	6.39125E+01
8970	764	6.39153E+01
12068	464	6.39548E+01
8948	372	6.39665E+01
12009	464	6.40088E+01
11950	464	6.40262E+01
9013	803	6.40350E+01
8882	767	6.40409E+01
1856	274	6.40677E+01
8948	282	6.40783E+01
1856	334	6.40857E+01
9013	718	6.40872E+01
9013	724	6.40910E+01
1746	324	6.40926E+01
8038	600	6.41146E+01
8925	765	6.41287E+01
5430	771	6.41391E+01
7948	555	6.41462E+01
12068	595	6.41470E+01
8970	367	6.41492E+01
5327	422	6.41514E+01
8860	282	6.41807E+01
9013	676	6.41810E+01
7948	420	6.41841E+01
8948	428	6.42110E+01
8860	372	6.42371E+01
8970	727	6.42450E+01
5430	642	6.42878E+01
8038	598	6.43215E+01
12068	458	6.43342E+01
12009	595	6.43505E+01
1746	286	6.43749E+01
5327	600	6.44288E+01
11950	595	6.44404E+01
8860	428	6.44774E+01
8970	459	6.44860E+01
8925	676	6.44984E+01
1746	424	6.45059E+01
12009	458	6.45174E+01
8925	718	6.45405E+01
9013	765	6.45422E+01
8882	367	6.45585E+01
7948	556	6.45616E+01
8925	803	6.45671E+01
8882	727	6.45966E+01
11950	458	6.45968E+01
8948	466	6.46390E+01
8925	456	6.46555E+01
1746	274	6.47257E+01
12068	336	6.47436E+01
8970	229	6.47645E+01
7948	278	6.47873E+01
12068	555	6.48029E+01
9013	760	6.48288E+01
7948	461	6.48301E+01
12009	555	6.48475E+01
5430	330	6.48488E+01
8970	768	6.48597E+01
11950	555	6.48606E+01
8970	679	6.48646E+01
12009	336	6.48646E+01
7948	554	6.48714E+01
1856	597	6.48785E+01
8882	229	6.48788E+01
12068	375	6.48966E+01
11950	336	6.49146E+01
5327	642	6.49173E+01
8948	379	6.49285E+01
8970	807	6.49362E+01
8970	808	6.49414E+01
5327	771	6.49482E+01
9013	456	6.49678E+01
1856	286	6.49722E+01
12068	598	6.49764E+01
5327	330	6.49832E+01
8860	466	6.49834E+01
12009	375	6.49875E+01
8038	327	6.49885E+01
7948	466	6.49891E+01
1856	424	6.50136E+01
11950	375	6.50227E+01
1746	597	6.50256E+01
8948	465	6.50286E+01
8925	806	6.50393E+01
12009	598	6.50393E+01
11950	598	6.50615E+01
1856	596	6.50809E+01
8970	431	6.51403E+01
8038	467	6.51450E+01
12068	550	6.51762E+01
8882	459	6.51978E+01
8970	605	6.52005E+01
12068	637	6.52160E+01
8860	379	6.52172E+01
9013	806	6.52332E+01
1746	555	6.52390E+01
8948	467	6.52418E+01
8925	140	6.52487E+01
12068	417	6.52498E+01
8038	460	6.52546E+01
8970	721	6.52637E+01
8925	602	6.52649E+01
5430	727	6.52704E+01
1746	464	6.52916E+01
8948	331	6.53131E+01
8970	551	6.53522E+01
8882	605	6.53823E+01
8882	764	6.53843E+01
5430	555	6.53852E+01
12009	550	6.53854E+01
12009	637	6.53922E+01
8882	768	6.53982E+01
12009	417	6.54058E+01
8925	760	6.54133E+01
8038	419	6.54136E+01
8860	465	6.54166E+01
1746	596	6.54262E+01
8925	323	6.54481E+01
11950	637	6.54696E+01
9013	634	6.54712E+01
11950	417	6.54716E+01
11950	550	6.54776E+01
8860	331	6.54847E+01
12068	638	6.55180E+01
8860	467	6.55370E+01
1856	555	6.55446E+01
8970	637	6.55776E+01
8038	558	6.55871E+01
12068	425	6.56011E+01
12068	325	6.56204E+01
7948	338	6.56295E+01
12009	638	6.56334E+01
8925	634	6.56391E+01
8038	601	6.56420E+01
1856	550	6.56444E+01
12009	425	6.56623E+01
8882	431	6.56682E+01
8948	423	6.56687E+01
1746	374	6.56788E+01
11950	638	6.56815E+01
11950	425	6.56832E+01
8925	548	6.56919E+01
12009	325	6.57173E+01
7948	377	6.57334E+01
1856	464	6.57479E+01
11950	325	6.57543E+01
7948	230	6.57604E+01
1746	598	6.57629E+01
8970	809	6.58078E+01
1856	598	6.58157E+01
5327	555	6.58403E+01
9013	548	6.58530E+01
9013	602	6.58931E+01
8970	806	6.59149E+01
5430	684	6.59387E+01
7948	557	6.60134E+01
8860	423	6.60230E+01
8882	808	6.60430E+01
8925	415	6.61040E+01
5327	727	6.61100E+01
9013	140	6.61377E+01
5430	770	6.61486E+01
5430	233	6.61517E+01
9013	802	6.61527E+01
9013	323	6.61557E+01
7948	427	6.61784E+01
1856	416	6.62063E+01
5327	233	6.62100E+01
7948	368	6.62130E+01
8882	551	6.62310E+01
8970	418	6.62312E+01
8925	225	6.62313E+01
8882	679	6.62313E+01
1746	550	6.62557E+01
1856	374	6.62727E+01
8038	640	6.62842E+01
8038	597	6.62850E+01
8882	807	6.62992E+01
5430	814	6.63604E+01
8925	568	6.63648E+01
8970	763	6.63937E+01
8038	641	6.64609E+01
9013	568	6.64796E+01
8948	464	6.64972E+01
1856	595	6.65100E+01
12068	636	6.65118E+01
8948	234	6.65368E+01
8860	234	6.65592E+01
9013	415	6.65731E+01
8948	429	6.65856E+01
8882	809	6.66339E+01
8970	646	6.66640E+01
5327	684	6.67100E+01
8925	643	6.67306E+01
12009	636	6.67419E+01
8882	646	6.67490E+01
8948	468	6.67588E+01
8882	721	6.67717E+01
8882	418	6.67751E+01
8882	637	6.67998E+01
7948	599	6.68131E+01
8860	429	6.68223E+01
7948	553	6.68435E+01
11950	636	6.68453E+01
8038	378	6.68501E+01
8925	802	6.68733E+01
8038	552	6.68775E+01
1746	416	6.69127E+01
8860	464	6.69225E+01
1856	457	6.69359E+01
8860	468	6.69994E+01
12068	594	6.70157E+01
1746	595	6.70506E+01
9013	225	6.70936E+01
5327	770	6.71019E+01
8925	766	6.71213E+01
7948	600	6.71648E+01
8038	428	6.71894E+01
1856	140	6.71897E+01
8970	687	6.71909E+01
8970	769	6.71976E+01
8970	728	6.72340E+01
8925	725	6.72342E+01
8925	684	6.72388E+01
8970	562	6.72396E+01
8925	807	6.72449E+01
8882	687	6.72485E+01
12009	594	6.72546E+01
8038	639	6.72851E+01
8038	277	6.72911E+01
12068	639	6.73006E+01
8970	326	6.73100E+01
5327	814	6.73438E+01
12009	639	6.73492E+01
8882	728	6.73514E+01
11950	594	6.73615E+01
8925	428	6.73646E+01
11950	639	6.73649E+01
8925	273	6.73873E+01
8970	810	6.74224E+01
8948	557	6.74608E+01
8882	562	6.74667E+01
9013	643	6.74708E+01
8948	558	6.74730E+01
8882	769	6.74733E+01
8882	806	6.75227E+01
12068	678	6.75406E+01
1746	599	6.75407E+01
8882	326	6.75712E+01
12068	679	6.75784E+01
8948	371	6.75785E+01
7948	598	6.76108E+01
8970	471	6.76153E+01
9013	428	6.76275E+01
1746	457	6.76523E+01
8038	642	6.76940E+01
7948	327	6.77034E+01
12009	679	6.77081E+01
8925	378	6.77174E+01
9013	807	6.77217E+01
12009	678	6.77442E+01
11950	679	6.77636E+01
9013	766	6.77930E+01
1856	599	6.77941E+01
8860	558	6.78207E+01
9013	378	6.78265E+01
8860	371	6.78336E+01
11950	678	6.78354E+01
1746	335	6.78446E+01
12068	275	6.78596E+01
8860	557	6.78850E+01
1856	638	6.79242E+01
1746	140	6.79261E+01
12009	275	6.79301E+01
11950	275	6.79542E+01
8882	810	6.79617E+01
8882	471	6.79728E+01
7948	467	6.79787E+01
8970	595	6.79795E+01
8970	805	6.80079E+01
9013	725	6.80101E+01
12068	599	6.80331E+01
9013	684	6.80339E+01
11950	599	6.80348E+01
12009	599	6.80399E+01
8882	763	6.80527E+01
12068	227	6.80569E+01
8925	559	6.80658E+01
5430	813	6.81045E+01
12068	465	6.81058E+01
8038	602	6.81105E+01
12009	227	6.81114E+01
11950	227	6.81279E+01
12009	465	6.81291E+01
11950	465	6.81316E+01
8948	380	6.81489E+01
8948	281	6.81853E+01
9013	273	6.82001E+01
8038	229	6.82091E+01
1746	638	6.82214E+01
1856	225	6.82473E+01
8860	281	6.82530E+01
1746	556	6.82543E+01
1856	364	6.83292E+01
1856	639	6.83328E+01
7948	460	6.83878E+01
7948	419	6.83984E+01
7948	558	6.84047E+01
1746	639	6.84176E+01
8860	380	6.84295E+01
8925	592	6.84658E+01
8948	559	6.84666E+01
9013	592	6.84685E+01
1856	335	6.85122E+01
8948	556	6.85280E+01
7948	601	6.85533E+01
5430	726	6.85722E+01
5430	370	6.85768E+01
9013	559	6.86337E+01
11950	556	6.86426E+01
12068	556	6.86497E+01
1856	637	6.86503E+01
12009	556	6.86507E+01
12068	142	6.86589E+01
1746	425	6.86801E+01
12009	142	6.87047E+01
11950	142	6.87170E+01
8860	559	6.87313E+01
1856	556	6.87439E+01
8038	367	6.87568E+01
5430	769	6.87815E+01
5327	370	6.87889E+01
8038	682	6.88123E+01
3229	285	6.88319E+01
3229	284	6.89254E+01
8038	559	6.89444E+01
1856	323	6.89518E+01
1746	225	6.89968E+01
8038	468	6.90130E+01
8860	556	6.90209E+01
9013	759	6.90225E+01
8882	595	6.90410E+01
9013	717	6.90550E+01
5430	641	6.90578E+01
1746	364	6.90927E+01
8948	469	6.91158E+01
8948	422	6.91254E+01
1746	465	6.91310E+01
8948	463	6.91407E+01
12068	680	6.91437E+01
12068	677	6.91485E+01
8038	681	6.91529E+01
1746	637	6.91567E+01
8925	468	6.91785E+01
12009	680	6.91922E+01
11950	680	6.92085E+01
1856	594	6.92342E+01
5430	280	6.92360E+01
5327	813	6.92393E+01
8860	469	6.92970E+01
5327	280	6.93311E+01
1856	425	6.93335E+01
5430	599	6.93467E+01
3229	286	6.93716E+01
12068	365	6.93883E+01
12009	677	6.94176E+01
12068	457	6.94402E+01
1856	549	6.94442E+01
12068	337	6.94527E+01
8860	422	6.94826E+01
12068	635	6.94951E+01
12009	365	6.95111E+01
12068	720	6.95307E+01
5327	726	6.95394E+01
11950	677	6.95403E+01
8038	683	6.95413E+01
11950	365	6.95606E+01
12009	337	6.95716E+01
8038	638	6.95828E+01
8925	717	6.95871E+01
7948	640	6.95915E+01
8860	463	6.95964E+01
7948	641	6.96028E+01
9013	468	6.96103E+01
11950	337	6.96207E+01
12009	457	6.96332E+01
8038	596	6.96335E+01
1746	640	6.96491E+01
1856	273	6.96668E+01
7948	597	6.96711E+01
3229	283	6.96783E+01
8970	811	6.96832E+01
12009	720	6.96920E+01
8948	430	6.96974E+01
9013	801	6.97101E+01
8948	330	6.97141E+01
12068	376	6.97149E+01
11950	457	6.97171E+01
1746	323	6.97217E+01
8925	759	6.97245E+01
3335	285	6.97384E+01
8970	720	6.97407E+01
1856	465	6.97524E+01
11950	720	6.97635E+01
12009	635	6.97716E+01
1856	640	6.97785E+01
5327	641	6.97850E+01
12009	376	6.97960E+01
11950	376	6.98265E+01
3335	284	6.98353E+01
7948	378	6.98406E+01
8882	805	6.98406E+01
12068	549	6.98470E+01
8860	330	6.98562E+01
8038	643	6.98676E+01
5327	769	6.98748E+01
5430	462	6.98787E+01
7948	277	6.98787E+01
11950	635	6.98972E+01
8860	430	6.99009E+01
8882	811	6.99260E+01
5327	599	6.99572E+01
1746	594	6.99658E+01
12068	719	6.99674E+01
8970	606	7.00639E+01
7948	428	7.00667E+01
9013	675	7.00686E+01
8948	601	7.00717E+01
12009	549	7.00753E+01
8882	606	7.01107E+01
8948	602	7.01373E+01
7948	552	7.01626E+01
8970	770	7.01677E+01
8882	770	7.01723E+01
11950	549	7.01766E+01
8970	678	7.01852E+01
8038	459	7.02111E+01
12009	719	7.02145E+01
8970	762	7.02188E+01
1746	549	7.02320E+01
1746	600	7.02585E+01
8925	808	7.02658E+01
5327	462	7.02747E+01
3335	286	7.02751E+01
5430	683	7.03068E+01
11950	719	7.03274E+01
1746	375	7.03332E+01
5430	812	7.03513E+01
8948	560	7.03538E+01
11950	640	7.03869E+01
3441	285	7.03971E+01
12009	640	7.04061E+01
8925	675	7.04266E+01
12068	640	7.04294E+01
12068	426	7.04415E+01
1746	273	7.04450E+01
12009	426	7.04827E+01
11950	426	7.04939E+01
8860	602	7.05096E+01
3441	284	7.05189E+01
8860	560	7.05292E+01
8860	601	7.05535E+01
8925	801	7.05859E+01
3335	283	7.05922E+01
1856	636	7.05950E+01
7948	642	7.06560E+01
12068	721	7.06687E+01
8038	680	7.06882E+01
1856	600	7.07127E+01
7948	229	7.07149E+01
8882	729	7.07253E+01
12009	721	7.07354E+01
7948	639	7.07411E+01
11950	721	7.07613E+01
8948	555	7.07817E+01
8860	233	7.08030E+01
3229	333	7.08142E+01
8970	276	7.08147E+01
8948	233	7.08162E+01
8970	729	7.08496E+01
7948	602	7.08721E+01
8970	432	7.08947E+01
8925	767	7.09080E+01
3441	286	7.09093E+01
8038	326	7.09112E+01
5430	421	7.09166E+01
8882	276	7.09495E+01
3229	334	7.09538E+01
8925	603	7.09545E+01
8038	418	7.10126E+01
9013	808	7.10402E+01
1856	375	7.10530E+01
8948	600	7.10891E+01
3229	282	7.11244E+01
12068	416	7.11560E+01
8948	603	7.11774E+01
8882	647	7.11793E+01
5327	683	7.11896E+01
8882	688	7.12113E+01
8038	684	7.12181E+01
5327	421	7.12220E+01
1856	680	7.12568E+01
8970	647	7.12671E+01
3441	283	7.13011E+01
1746	636	7.13059E+01
12009	416	7.13133E+01
8860	555	7.13350E+01
8970	804	7.13474E+01
8970	688	7.13623E+01
8882	720	7.13783E+01
11950	416	7.13797E+01
8882	432	7.13899E+01
8038	603	7.14226E+01
8860	603	7.14325E+01
8038	723	7.14518E+01
8925	363	7.14535E+01
3229	332	7.14712E+01
8038	724	7.15192E+01
12068	761	7.15388E+01
1746	680	7.15497E+01
1856	679	7.15574E+01
3229	234	7.15624E+01
7948	367	7.15714E+01
12068	593	7.15748E+01
8038	551	7.15974E+01
8038	379	7.16077E+01
5327	812	7.16342E+01
8882	678	7.16425E+01
7948	559	7.16482E+01
8860	600	7.16715E+01
8925	726	7.17043E+01
9013	603	7.17084E+01
3335	333	7.17171E+01
12009	761	7.17513E+01
7948	468	7.17714E+01
1856	415	7.17830E+01
1746	641	7.18130E+01
8970	228	7.18177E+01
8038	429	7.18280E+01
12009	593	7.18425E+01
11950	761	7.18484E+01
9013	767	7.18505E+01
3229	335	7.18526E+01
5430	554	7.18550E+01
3335	334	7.18598E+01
8882	228	7.18764E+01
8925	139	7.18822E+01
12068	324	7.19289E+01
8970	636	7.19551E+01
11950	593	7.19631E+01
1856	681	7.19874E+01
12009	324	7.20181E+01
11950	681	7.20327E+01
3335	282	7.20428E+01
8882	762	7.20448E+01
11950	324	7.20513E+01
1746	681	7.20559E+01
12009	681	7.20588E+01
1746	679	7.20713E+01
12068	762	7.20748E+01
5430	329	7.20900E+01
12068	718	7.20943E+01
12068	681	7.20977E+01
9013	363	7.20986E+01
5430	768	7.21131E+01
1856	456	7.21190E+01
1746	557	7.21286E+01
7948	682	7.21292E+01
1856	641	7.21576E+01
12009	762	7.21808E+01
11950	600	7.21813E+01
8925	644	7.21958E+01
12009	600	7.22153E+01
11950	762	7.22266E+01
8970	366	7.22303E+01
8948	470	7.22405E+01
5327	329	7.22434E+01
12068	600	7.22684E+01
8970	458	7.22804E+01
8925	685	7.22810E+01
8948	370	7.23246E+01
8860	470	7.23582E+01
3335	332	7.23721E+01
5327	554	7.23749E+01
1856	139	7.23753E+01
3441	333	7.23903E+01
12009	718	7.24170E+01
9013	633	7.24237E+01
8882	812	7.24373E+01
8038	722	7.24721E+01
12068	676	7.24893E+01
3335	234	7.24985E+01
8970	812	7.24985E+01
5430	232	7.25015E+01
3441	334	7.25042E+01
8038	725	7.25493E+01
8860	370	7.25603E+01
11950	718	7.25662E+01
5327	232	7.25694E+01
8948	643	7.25856E+01
8882	366	7.25887E+01
8925	633	7.25965E+01
12068	760	7.26238E+01
7948	643	7.26371E+01
1746	415	7.26402E+01
7948	683	7.26415E+01
7948	681	7.26696E+01
9013	726	7.27195E+01
8948	642	7.27397E+01
8970	563	7.27417E+01
5430	725	7.27436E+01
3335	335	7.27624E+01
8925	455	7.27738E+01
3441	282	7.27773E+01
1746	336	7.27938E+01
1856	557	7.28014E+01
12009	676	7.28146E+01
9013	139	7.28297E+01
8882	563	7.28679E+01
8038	644	7.28756E+01
8970	550	7.29179E+01
12009	760	7.29321E+01
11950	676	7.29642E+01
8882	458	7.29678E+01
3229	331	7.29690E+01
1856	678	7.29831E+01
1746	456	7.29972E+01
8860	643	7.30284E+01
8948	561	7.30533E+01
8948	462	7.30607E+01
3441	332	7.30745E+01
11950	760	7.30754E+01
8038	560	7.30824E+01
8948	604	7.30949E+01
7948	596	7.30987E+01
9013	644	7.31018E+01
8860	561	7.31341E+01
9013	455	7.31377E+01
8948	280	7.31486E+01
5430	811	7.31610E+01
7948	638	7.31686E+01
8860	280	7.31801E+01
11950	722	7.31829E+01
11950	466	7.31860E+01
12009	466	7.31994E+01
12009	722	7.32064E+01
1746	139	7.32079E+01
12068	466	7.32088E+01
8860	604	7.32258E+01
8882	636	7.32287E+01
3229	373	7.32378E+01
12068	722	7.32417E+01
3441	234	7.32571E+01
9013	685	7.32800E+01
8038	637	7.32855E+01
1856	593	7.32952E+01
3229	281	7.33072E+01
8948	599	7.33072E+01
8860	642	7.33237E+01
5327	768	7.33419E+01
7948	459	7.33459E+01
3441	335	7.33786E+01
8882	804	7.33814E+01
8948	644	7.34075E+01
8882	771	7.34109E+01
3229	374	7.34162E+01
8970	472	7.34397E+01
11950	557	7.34663E+01
3229	336	7.34757E+01
8948	431	7.34854E+01
1746	682	7.34886E+01
12009	557	7.34969E+01
8038	276	7.35048E+01
8038	679	7.35385E+01
8860	462	7.35393E+01
12068	557	7.35422E+01
12068	803	7.35626E+01
1856	336	7.35683E+01
7948	326	7.35715E+01
8038	469	7.36220E+01
1746	426	7.36231E+01
1856	682	7.36465E+01
8860	431	7.36527E+01
8925	547	7.36770E+01
8970	771	7.36844E+01
8860	644	7.37001E+01
1746	678	7.37130E+01
12009	803	7.37302E+01
8038	685	7.37303E+01
8882	472	7.37311E+01
12068	802	7.37722E+01
1746	466	7.37739E+01
8882	550	7.37919E+01
8925	224	7.38057E+01
11950	803	7.38068E+01
1746	601	7.38190E+01
8925	322	7.38196E+01
1856	635	7.38211E+01
8948	421	7.38307E+01
5327	725	7.38330E+01
3335	331	7.38689E+01
9013	547	7.38768E+01
8038	765	7.39403E+01
3229	372	7.39674E+01
7948	418	7.39718E+01
8860	599	7.39802E+01
8948	641	7.39873E+01
8925	809	7.39886E+01
8925	429	7.40012E+01
7948	603	7.40245E+01
3229	233	7.40367E+01
12009	802	7.40561E+01
11950	763	7.40754E+01
12009	763	7.40854E+01
7948	684	7.40872E+01
12068	763	7.40947E+01
8038	228	7.41247E+01
3335	373	7.41298E+01
12068	141	7.41375E+01
12009	141	7.41740E+01
12068	226	7.41789E+01
11950	141	7.41817E+01
8860	421	7.41853E+01
11950	802	7.41888E+01
1856	224	7.42030E+01
1746	593	7.42118E+01
8038	766	7.42138E+01
12068	634	7.42195E+01
12009	226	7.42233E+01
3335	281	7.42308E+01
11950	226	7.42348E+01
9013	429	7.42867E+01
3335	374	7.43209E+01
8925	379	7.43317E+01
8948	554	7.43351E+01
8925	567	7.43649E+01
7948	680	7.43849E+01
3335	336	7.43903E+01
12068	274	7.44160E+01
1856	426	7.44207E+01
8038	726	7.44248E+01
9013	379	7.44365E+01
3229	375	7.44495E+01
8925	560	7.44502E+01
8038	595	7.44559E+01
1856	601	7.44736E+01
12009	274	7.44767E+01
11950	274	7.44961E+01
9013	567	7.45147E+01
12009	634	7.45341E+01
1856	466	7.45591E+01
7948	379	7.45879E+01
5327	811	7.45880E+01
1856	548	7.45970E+01
9013	322	7.45985E+01
3441	331	7.46008E+01
11950	641	7.46084E+01
8970	417	7.46394E+01
8882	730	7.46396E+01
8038	764	7.46500E+01
7948	429	7.46632E+01
12009	641	7.46645E+01
8925	414	7.46677E+01
11950	634	7.46777E+01
8860	641	7.47025E+01
8038	721	7.47060E+01
1856	363	7.47236E+01
1746	635	7.47302E+01
9013	224	7.47341E+01
12068	641	7.47641E+01
9013	758	7.47737E+01
9013	800	7.47757E+01
12068	338	7.47822E+01
3441	373	7.48003E+01
1746	642	7.48076E+01
3335	372	7.48483E+01
7948	724	7.48623E+01
1856	722	7.48785E+01
12068	804	7.48867E+01
12009	338	7.48986E+01
7948	551	7.49136E+01
12009	804	7.49273E+01
8860	554	7.49395E+01
11950	804	7.49425E+01
11950	338	7.49466E+01
3441	374	7.49589E+01
1856	721	7.49780E+01
3441	336	7.49785E+01
3335	233	7.49805E+01
8948	684	7.49848E+01
3441	281	7.49915E+01
8970	730	7.50119E+01
5430	640	7.50128E+01
7948	723	7.50426E+01
1746	224	7.50617E+01
9013	809	7.50730E+01
8948	645	7.51001E+01
9013	560	7.51098E+01
8882	417	7.51411E+01
8948	329	7.51580E+01
9013	414	7.52000E+01
1746	722	7.52181E+01
8860	645	7.52347E+01
12068	377	7.52612E+01
8860	329	7.52679E+01
12009	377	7.53316E+01
8038	767	7.53498E+01
11950	377	7.53570E+01
3229	330	7.53616E+01
1856	642	7.53678E+01
3335	375	7.53684E+01
8925	768	7.53805E+01
8948	685	7.53867E+01
8882	813	7.54159E+01
8882	607	7.54221E+01
12068	759	7.54383E+01
7948	644	7.54417E+01
8038	366	7.54744E+01
8038	604	7.54904E+01
8970	761	7.55075E+01
8970	607	7.55152E+01
1856	322	7.55466E+01
1746	721	7.55475E+01
3441	372	7.55517E+01
1746	548	7.55559E+01
8925	758	7.55587E+01
8860	684	7.55629E+01
8948	683	7.55706E+01
9013	716	7.56068E+01
1856	677	7.56107E+01
1746	363	7.56265E+01
7948	725	7.56277E+01
8970	594	7.56412E+01
12068	801	7.56462E+01
3229	371	7.56641E+01
7948	560	7.56644E+01
1856	568	7.56714E+01
1746	376	7.56811E+01
8925	272	7.56878E+01
1856	723	7.57022E+01
8882	689	7.57230E+01
1746	683	7.57443E+01
5430	682	7.57527E+01
8970	719	7.57619E+01
3441	233	7.57620E+01
8925	800	7.57697E+01
8860	232	7.57758E+01
8860	685	7.57841E+01
8970	813	7.57872E+01
3229	337	7.57885E+01
8970	325	7.57948E+01
8948	605	7.58026E+01
8860	605	7.58032E+01
1746	723	7.58085E+01
8948	232	7.58258E+01
12009	759	7.58306E+01
5327	640	7.58319E+01
8925	469	7.59075E+01
3229	424	7.59332E+01
3441	375	7.59745E+01
12068	717	7.59919E+01
8882	325	7.59975E+01
11950	759	7.60142E+01
7948	276	7.60322E+01
12009	801	7.60340E+01
8970	803	7.60586E+01
8948	471	7.60624E+01
5430	598	7.60832E+01
8970	689	7.60883E+01
11950	682	7.60895E+01
1856	720	7.60996E+01
12068	456	7.61050E+01
12068	427	7.61056E+01
8860	471	7.61127E+01
12009	427	7.61255E+01
11950	427	7.61264E+01
1856	683	7.61297E+01
12068	548	7.61580E+01
12009	682	7.61605E+01
8882	648	7.61728E+01
8925	716	7.61863E+01
11950	801	7.62165E+01
5430	767	7.62302E+01
1856	272	7.62390E+01
3335	330	7.62615E+01
3229	425	7.62657E+01
3229	280	7.62827E+01
3229	376	7.62877E+01
7948	722	7.62906E+01
12068	682	7.62920E+01
7948	469	7.62988E+01
12009	456	7.63037E+01
8860	683	7.63192E+01
7948	685	7.63556E+01
12009	717	7.63791E+01
11950	456	7.63901E+01
9013	469	7.63958E+01
12009	548	7.64001E+01
8970	648	7.64387E+01
1746	322	7.64460E+01
8948	640	7.64548E+01
8038	763	7.64684E+01
8860	562	7.64696E+01
8948	562	7.64882E+01
12068	364	7.64933E+01
8038	807	7.65063E+01
11950	548	7.65078E+01
12068	568	7.65176E+01
1856	376	7.65253E+01
3335	371	7.65356E+01
1746	677	7.65500E+01
11950	717	7.65592E+01
3229	423	7.65677E+01
9013	272	7.65710E+01
7948	228	7.65718E+01
8925	591	7.65874E+01
5430	810	7.66028E+01
5430	369	7.66036E+01
9013	768	7.66044E+01
12009	364	7.66107E+01
9013	591	7.66169E+01
8038	645	7.66234E+01
8038	458	7.66374E+01
11950	364	7.66576E+01
8948	686	7.66635E+01
1746	568	7.66655E+01
3335	337	7.67086E+01
5430	279	7.67161E+01
8882	594	7.67168E+01
5327	682	7.67408E+01
5327	598	7.67702E+01
12009	568	7.67734E+01
1746	558	7.67796E+01
3335	424	7.68114E+01
5327	279	7.68244E+01
8038	808	7.68305E+01
5327	369	7.68423E+01
8948	598	7.68484E+01
8925	727	7.68516E+01
8860	686	7.68714E+01
11950	723	7.68772E+01
11950	568	7.68879E+01
1746	720	7.68940E+01
12009	723	7.69532E+01
8038	380	7.69655E+01
8038	686	7.69770E+01
7948	637	7.69795E+01
3441	330	7.70236E+01
8038	727	7.70394E+01
8038	806	7.70673E+01
12068	723	7.70967E+01
8970	677	7.71123E+01
8882	772	7.71135E+01
8038	430	7.71199E+01
1746	272	7.71369E+01
