GRAM	c2h2	chi_tot
2973	234	5.11371E+01
2867	234	5.11622E+01
2761	234	5.12003E+01
2973	233	5.15144E+01
2867	233	5.15350E+01
2761	233	5.15735E+01
2973	232	5.19833E+01
2867	232	5.19994E+01
2761	232	5.20384E+01
2973	231	5.25527E+01
2867	231	5.25644E+01
2761	231	5.26036E+01
2973	230	5.32337E+01
2867	230	5.32411E+01
2761	230	5.32805E+01
2867	142	5.38719E+01
2973	142	5.38783E+01
2761	142	5.39079E+01
2973	280	5.39544E+01
2867	280	5.39742E+01
2761	280	5.40128E+01
2973	279	5.40295E+01
2973	229	5.40381E+01
2867	229	5.40411E+01
2867	279	5.40449E+01
2973	281	5.40662E+01
2761	229	5.40806E+01
2761	279	5.40843E+01
2867	281	5.40904E+01
2761	281	5.41280E+01
2973	278	5.43045E+01
2867	278	5.43154E+01
2973	282	5.43507E+01
2761	278	5.43555E+01
2867	282	5.43792E+01
2761	282	5.44157E+01
2973	277	5.47904E+01
2973	283	5.47931E+01
2867	277	5.47968E+01
2867	283	5.48259E+01
2761	277	5.48374E+01
2761	283	5.48610E+01
2867	228	5.49748E+01
2973	228	5.49760E+01
2761	228	5.50142E+01
2973	328	5.50874E+01
2867	328	5.51029E+01
2761	328	5.51410E+01
2973	329	5.52087E+01
2867	329	5.52285E+01
2973	327	5.52382E+01
2867	327	5.52492E+01
2761	329	5.52644E+01
2761	327	5.52893E+01
2973	284	5.53789E+01
2867	284	5.54160E+01
2867	141	5.54216E+01
2973	141	5.54319E+01
2761	284	5.54497E+01
2761	141	5.54577E+01
2973	276	5.54949E+01
2867	276	5.54967E+01
2761	276	5.55377E+01
2973	330	5.55914E+01
2867	330	5.56153E+01
2761	330	5.56488E+01
2973	326	5.56677E+01
2867	326	5.56742E+01
2761	326	5.57159E+01
2973	368	5.59941E+01
2867	368	5.60089E+01
2761	368	5.60455E+01
2867	227	5.60489E+01
2973	227	5.60544E+01
2761	227	5.60882E+01
2973	285	5.60949E+01
2973	367	5.61150E+01
2867	367	5.61256E+01
2867	285	5.61363E+01
2761	367	5.61660E+01
2761	285	5.61683E+01
2973	369	5.61972E+01
2867	369	5.62159E+01
2973	331	5.62215E+01
2761	369	5.62483E+01
2867	331	5.62495E+01
2761	331	5.62802E+01
2973	325	5.63774E+01
2867	325	5.63792E+01
2867	275	5.64175E+01
2973	275	5.64203E+01
2761	325	5.64223E+01
2761	275	5.64588E+01
2973	366	5.65640E+01
2867	366	5.65702E+01
2761	366	5.66138E+01
2973	370	5.67136E+01
2867	370	5.67360E+01
2761	370	5.67635E+01
2973	419	5.68900E+01
2867	419	5.69050E+01
2973	418	5.69200E+01
2973	286	5.69296E+01
2867	418	5.69312E+01
2761	419	5.69383E+01
2761	418	5.69709E+01
2867	286	5.69752E+01
2761	286	5.70054E+01
2867	140	5.70155E+01
2973	140	5.70297E+01
2761	140	5.70516E+01
2973	332	5.70827E+01
2867	332	5.71146E+01
2761	332	5.71423E+01
2973	420	5.72171E+01
2867	420	5.72353E+01
2761	420	5.72615E+01
2867	226	5.72649E+01
2973	226	5.72746E+01
2761	226	5.73040E+01
2973	417	5.73112E+01
2867	417	5.73185E+01
2973	365	5.73364E+01
2867	365	5.73380E+01
2867	324	5.73583E+01
2973	324	5.73612E+01
2761	417	5.73637E+01
2761	365	5.73843E+01
2761	324	5.74024E+01
2973	371	5.75268E+01
2867	371	5.75527E+01
2867	274	5.75542E+01
2973	274	5.75615E+01
2761	371	5.75749E+01
2761	274	5.75956E+01
2973	459	5.77094E+01
2867	459	5.77227E+01
2761	459	5.77567E+01
2973	458	5.78514E+01
2867	458	5.78615E+01
2973	421	5.78869E+01
2761	458	5.79044E+01
2867	421	5.79081E+01
2761	421	5.79263E+01
2973	460	5.79465E+01
2867	460	5.79624E+01
2761	460	5.79863E+01
2973	416	5.80568E+01
2867	416	5.80598E+01
2761	416	5.81095E+01
2973	333	5.81560E+01
2867	333	5.81916E+01
2761	333	5.82161E+01
2973	457	5.83722E+01
2867	457	5.83788E+01
2867	364	5.84137E+01
2973	364	5.84168E+01
2761	457	5.84291E+01
2761	364	5.84621E+01
2973	461	5.85501E+01
2973	551	5.85609E+01
2867	461	5.85682E+01
2867	551	5.85745E+01
2761	461	5.85808E+01
2973	550	5.85868E+01
2867	323	5.85957E+01
2867	550	5.85982E+01
2761	551	5.86032E+01
2973	323	5.86033E+01
2973	372	5.86157E+01
2867	225	5.86175E+01
2973	225	5.86313E+01
2761	550	5.86393E+01
2761	323	5.86405E+01
2867	372	5.86448E+01
2867	139	5.86471E+01
2761	225	5.86564E+01
2761	372	5.86614E+01
11020	234	5.86626E+01
2973	139	5.86650E+01
2761	139	5.86832E+01
11020	142	5.86867E+01
10938	234	5.87187E+01
10938	142	5.87276E+01
10857	142	5.87765E+01
11020	233	5.87845E+01
10857	234	5.87863E+01
10938	233	5.88402E+01
2973	422	5.88775E+01
2867	273	5.88926E+01
2867	422	5.89011E+01
2973	273	5.89044E+01
10857	233	5.89066E+01
2761	422	5.89107E+01
2973	552	5.89185E+01
2867	552	5.89336E+01
2761	273	5.89341E+01
2761	552	5.89483E+01
11020	232	5.89811E+01
2973	549	5.90008E+01
2867	549	5.90094E+01
10938	232	5.90361E+01
2761	549	5.90612E+01
10857	232	5.91011E+01
2867	415	5.91352E+01
2973	415	5.91367E+01
2761	415	5.91885E+01
2973	456	5.92580E+01
2867	456	5.92606E+01
11020	231	5.92630E+01
2761	456	5.93170E+01
10938	231	5.93170E+01
2973	595	5.93398E+01
2867	595	5.93531E+01
2973	594	5.93636E+01
2867	594	5.93756E+01
2761	595	5.93794E+01
10857	231	5.93804E+01
2761	594	5.94178E+01
2973	334	5.94198E+01
2867	334	5.94590E+01
2761	334	5.94799E+01
2973	462	5.94974E+01
2867	462	5.95171E+01
2761	462	5.95176E+01
2973	553	5.96421E+01
11020	230	5.96433E+01
2761	553	5.96573E+01
2867	553	5.96582E+01
10938	230	5.96962E+01
2973	596	5.96968E+01
2867	596	5.97106E+01
2761	596	5.97190E+01
10857	230	5.97579E+01
2867	363	5.97697E+01
2973	593	5.97747E+01
2973	363	5.97775E+01
2867	593	5.97846E+01
2973	548	5.97929E+01
2867	548	5.97981E+01
2761	363	5.98197E+01
2761	593	5.98403E+01
2761	548	5.98586E+01
2973	373	5.99557E+01
2867	373	5.99877E+01
2761	373	5.99982E+01
2973	568	6.00044E+01
2867	568	6.00102E+01
2973	636	6.00431E+01
11020	141	6.00433E+01
2867	636	6.00562E+01
2867	322	6.00643E+01
2761	568	6.00723E+01
2973	322	6.00766E+01
10938	141	6.00837E+01
2761	636	6.00851E+01
2867	224	6.00940E+01
2761	322	6.01096E+01
2973	224	6.01118E+01
10857	141	6.01313E+01
2761	224	6.01326E+01
11020	229	6.01361E+01
2973	635	6.01528E+01
2973	423	6.01610E+01
2867	635	6.01654E+01
2867	423	6.01869E+01
2761	423	6.01872E+01
10938	229	6.01877E+01
2761	635	6.02131E+01
10857	229	6.02474E+01
2973	637	6.03068E+01
2867	138	6.03078E+01
2867	637	6.03196E+01
2761	637	6.03271E+01
2973	138	6.03292E+01
2761	138	6.03438E+01
2867	272	6.04090E+01
2973	597	6.04149E+01
2761	597	6.04171E+01
2973	272	6.04252E+01
2867	597	6.04285E+01
2761	272	6.04504E+01
2867	455	6.04784E+01
2973	455	6.04800E+01
2867	414	6.05115E+01
2973	414	6.05176E+01
2761	455	6.05395E+01
2973	592	6.05644E+01
2761	414	6.05675E+01
2867	592	6.05715E+01
2761	592	6.06384E+01
2973	634	6.06419E+01
2867	634	6.06531E+01
2761	554	6.07024E+01
2973	554	6.07037E+01
2761	634	6.07168E+01
2867	554	6.07202E+01
2973	677	6.07255E+01
2867	677	6.07393E+01
11020	228	6.07543E+01
2973	463	6.07578E+01
2761	463	6.07661E+01
2761	677	6.07770E+01
2867	463	6.07789E+01
10938	228	6.08043E+01
2973	678	6.08292E+01
2867	678	6.08420E+01
2973	335	6.08487E+01
2761	678	6.08556E+01
10857	228	6.08620E+01
2867	335	6.08914E+01
2761	335	6.09085E+01
2761	638	6.09202E+01
2973	638	6.09247E+01
2867	638	6.09363E+01
2973	547	6.09375E+01
2867	547	6.09388E+01
2973	676	6.09843E+01
2867	676	6.09981E+01
2761	547	6.10062E+01
2761	676	6.10569E+01
2973	567	6.11413E+01
2867	567	6.11433E+01
2761	567	6.12130E+01
11020	278	6.12496E+01
2761	679	6.12760E+01
2973	679	6.12784E+01
2867	679	6.12892E+01
10938	278	6.13058E+01
11020	277	6.13275E+01
2973	719	6.13580E+01
2867	362	6.13663E+01
10857	278	6.13700E+01
2867	719	6.13722E+01
11020	279	6.13773E+01
2973	362	6.13788E+01
10938	277	6.13821E+01
2761	719	6.13999E+01
2761	362	6.14172E+01
11020	140	6.14332E+01
10938	279	6.14349E+01
2761	598	6.14440E+01
10857	277	6.14446E+01
2973	718	6.14585E+01
2973	598	6.14640E+01
10938	140	6.14729E+01
2867	718	6.14743E+01
2867	598	6.14768E+01
10857	279	6.15007E+01
2973	633	6.15008E+01
11020	227	6.15076E+01
2867	633	6.15096E+01
2973	374	6.15184E+01
10857	140	6.15191E+01
2761	718	6.15278E+01
2867	374	6.15532E+01
10938	227	6.15560E+01
2761	374	6.15573E+01
2761	633	6.15865E+01
2973	720	6.15924E+01
2761	720	6.16027E+01
2867	720	6.16040E+01
2973	675	6.16088E+01
10857	227	6.16115E+01
11020	276	6.16214E+01
2867	675	6.16216E+01
10938	276	6.16743E+01
2867	223	6.16744E+01
2973	223	6.16961E+01
11020	280	6.16972E+01
2761	675	6.16981E+01
2973	424	6.17063E+01
2973	591	6.17080E+01
2867	591	6.17116E+01
2761	223	6.17128E+01
2761	424	6.17245E+01
2867	321	6.17260E+01
2867	424	6.17340E+01
10857	276	6.17349E+01
2973	321	6.17428E+01
10938	280	6.17559E+01
2761	321	6.17715E+01
2761	591	6.17874E+01
10857	280	6.18232E+01
2761	639	6.18347E+01
2973	639	6.18668E+01
2867	639	6.18764E+01
2973	717	6.19070E+01
2867	717	6.19231E+01
2973	761	6.19709E+01
2973	760	6.19790E+01
2867	137	6.19849E+01
2867	761	6.19853E+01
2867	454	6.19899E+01
2973	454	6.19962E+01
2867	760	6.19963E+01
2761	717	6.19989E+01
2761	761	6.20051E+01
1295	338	6.20093E+01
2973	137	6.20099E+01
2761	680	6.20107E+01
2761	137	6.20209E+01
2973	680	6.20450E+01
2761	760	6.20462E+01
2761	555	6.20488E+01
2867	680	6.20529E+01
2761	454	6.20544E+01
2973	555	6.20682E+01
2867	271	6.20705E+01
2867	555	6.20846E+01
2973	271	6.20910E+01
2761	271	6.21117E+01
2761	721	6.21118E+01
2973	721	6.21368E+01
11020	275	6.21371E+01
2867	413	6.21430E+01
2867	721	6.21448E+01
2973	413	6.21539E+01
10938	275	6.21882E+01
11020	281	6.21942E+01
2761	413	6.22008E+01
11020	326	6.22329E+01
10857	275	6.22466E+01
10938	281	6.22540E+01
2761	762	6.22613E+01
2973	762	6.22644E+01
2867	762	6.22747E+01
10938	326	6.22875E+01
2761	464	6.22919E+01
2973	464	6.22967E+01
11020	327	6.22992E+01
2973	759	6.23087E+01
2867	464	6.23186E+01
1295	286	6.23220E+01
10857	281	6.23224E+01
2867	759	6.23276E+01
10857	326	6.23495E+01
10938	327	6.23550E+01
2867	546	6.23913E+01
2973	546	6.23942E+01
11020	226	6.24005E+01
2761	759	6.24040E+01
2973	336	6.24137E+01
10857	327	6.24177E+01
10938	226	6.24472E+01
11020	325	6.24521E+01
2867	336	6.24598E+01
2761	546	6.24637E+01
2761	336	6.24729E+01
2973	802	6.24976E+01
10857	226	6.25005E+01
10938	325	6.25054E+01
2867	802	6.25166E+01
2973	803	6.25265E+01
2867	803	6.25414E+01
2761	803	6.25577E+01
10857	325	6.25663E+01
2761	802	6.25665E+01
2973	674	6.25866E+01
2867	566	6.25903E+01
2973	566	6.25924E+01
2867	674	6.25974E+01
11020	328	6.26458E+01
2761	566	6.26654E+01
2761	674	6.26882E+01
2973	716	6.27023E+01
10938	328	6.27025E+01
2973	632	6.27036E+01
2867	632	6.27093E+01
2867	716	6.27174E+01
2973	801	6.27596E+01
2761	599	6.27629E+01
10857	328	6.27656E+01
2867	801	6.27815E+01
2761	763	6.27864E+01
2761	632	6.27963E+01
2973	599	6.28071E+01
2761	804	6.28115E+01
2761	716	6.28118E+01
2867	599	6.28184E+01
2973	804	6.28222E+01
2973	763	6.28304E+01
2867	804	6.28318E+01
2867	763	6.28357E+01
11020	282	6.28524E+01
11020	139	6.28528E+01
2761	801	6.28614E+01
11020	274	6.28732E+01
10938	139	6.28916E+01
2761	722	6.28950E+01
10938	282	6.29129E+01
10938	274	6.29223E+01
10857	139	6.29363E+01
11020	324	6.29552E+01
2973	722	6.29583E+01
2867	722	6.29619E+01
2973	758	6.29677E+01
10857	274	6.29786E+01
10857	282	6.29822E+01
2867	758	6.29869E+01
10938	324	6.30068E+01
2761	681	6.30242E+01
2761	640	6.30339E+01
11020	366	6.30448E+01
10857	324	6.30663E+01
2761	758	6.30858E+01
2973	681	6.30932E+01
2973	640	6.30957E+01
2867	681	6.30973E+01
10938	366	6.30987E+01
2867	640	6.31027E+01
2867	361	6.31535E+01
10857	366	6.31593E+01
2867	590	6.31653E+01
2973	590	6.31656E+01
2973	361	6.31708E+01
11020	367	6.31802E+01
2761	361	6.32049E+01
10938	367	6.32344E+01
2761	590	6.32474E+01
11020	365	6.32487E+01
11020	329	6.32623E+01
1295	337	6.32664E+01
2973	375	6.32729E+01
10857	367	6.32939E+01
2761	805	6.32982E+01
10938	365	6.33020E+01
2761	375	6.33074E+01
2867	375	6.33102E+01
10938	329	6.33197E+01
2973	800	6.33266E+01
2867	222	6.33328E+01
2867	800	6.33499E+01
2973	805	6.33542E+01
2867	805	6.33574E+01
2973	222	6.33582E+01
10857	365	6.33630E+01
2761	222	6.33707E+01
10857	329	6.33829E+01
11020	225	6.34311E+01
2761	800	6.34557E+01
10938	225	6.34760E+01
2973	425	6.34803E+01
2761	425	6.34897E+01
2867	425	6.35097E+01
10857	225	6.35269E+01
2867	320	6.35341E+01
2761	764	6.35469E+01
2973	320	6.35555E+01
2761	320	6.35796E+01
2867	764	6.36340E+01
2973	764	6.36347E+01
11020	368	6.36546E+01
11020	283	6.36550E+01
2761	556	6.36585E+01
2867	136	6.36623E+01
2973	136	6.36904E+01
2973	556	6.36974E+01
2761	136	6.36980E+01
10938	368	6.37087E+01
2867	556	6.37132E+01
10938	283	6.37161E+01
11020	323	6.37307E+01
2867	453	6.37421E+01
2973	453	6.37530E+01
10857	368	6.37666E+01
10938	323	6.37806E+01
11020	364	6.37820E+01
10857	283	6.37860E+01
2761	453	6.38087E+01
11020	273	6.38195E+01
2973	715	6.38276E+01
10938	364	6.38343E+01
2867	270	6.38375E+01
10857	323	6.38384E+01
2867	715	6.38408E+01
11020	417	6.38547E+01
2973	270	6.38621E+01
10938	273	6.38666E+01
2761	270	6.38784E+01
2973	673	6.38892E+01
10857	364	6.38951E+01
2867	673	6.38969E+01
10938	417	6.39074E+01
2761	723	6.39155E+01
10857	273	6.39205E+01
11020	416	6.39433E+01
2973	757	6.39496E+01
2761	715	6.39496E+01
10857	417	6.39653E+01
2867	757	6.39678E+01
2867	412	6.39751E+01
2761	806	6.39852E+01
2973	412	6.39908E+01
10938	416	6.39966E+01
2761	673	6.39985E+01
2867	723	6.40180E+01
2973	723	6.40198E+01
2761	412	6.40339E+01
10857	416	6.40572E+01
2761	465	6.40589E+01
2973	465	6.40779E+01
2973	337	6.40844E+01
2761	757	6.40847E+01
2867	806	6.40851E+01
2973	806	6.40893E+01
2867	465	6.41003E+01
2867	545	6.41033E+01
2973	545	6.41108E+01
2867	337	6.41338E+01
11020	330	6.41353E+01
2761	337	6.41426E+01
11020	418	6.41486E+01
2761	545	6.41789E+01
10938	330	6.41932E+01
10938	418	6.42001E+01
2973	799	6.42002E+01
2973	631	6.42095E+01
2867	631	6.42113E+01
2867	799	6.42234E+01
10857	418	6.42542E+01
10857	330	6.42560E+01
2761	682	6.42780E+01
11020	138	6.42967E+01
2761	631	6.43056E+01
2761	600	6.43343E+01
10938	138	6.43345E+01
2761	799	6.43506E+01
10857	138	6.43776E+01
2867	682	6.43835E+01
2973	682	6.43837E+01
2867	381	6.43965E+01
11020	415	6.44004E+01
2973	600	6.44043E+01
2867	600	6.44137E+01
2973	381	6.44150E+01
2761	381	6.44515E+01
10938	415	6.44536E+01
11020	369	6.44592E+01
2761	641	6.44780E+01
2761	765	6.45075E+01
10938	369	6.45127E+01
10857	415	6.45160E+01
10857	369	6.45683E+01
2973	641	6.45715E+01
2867	641	6.45752E+01
1295	380	6.45764E+01
11020	284	6.45853E+01
11020	224	6.45900E+01
1295	336	6.45907E+01
1295	285	6.46060E+01
11020	363	6.46222E+01
11020	457	6.46287E+01
10938	224	6.46331E+01
2867	765	6.46339E+01
2973	765	6.46414E+01
10938	284	6.46466E+01
10938	363	6.46731E+01
10938	457	6.46802E+01
10857	224	6.46817E+01
10857	284	6.47169E+01
10857	363	6.47332E+01
10857	457	6.47363E+01
11020	322	6.47561E+01
11020	456	6.47812E+01
10938	322	6.48041E+01
11020	419	6.48255E+01
10938	456	6.48345E+01
2761	807	6.48396E+01
10857	322	6.48600E+01
10938	419	6.48752E+01
2867	589	6.48802E+01
2973	589	6.48850E+01
11020	458	6.48870E+01
10857	456	6.48957E+01
10857	419	6.49245E+01
10938	458	6.49358E+01
11020	272	6.49560E+01
2761	589	6.49665E+01
2867	807	6.49817E+01
10857	458	6.49853E+01
2973	807	6.49939E+01
10938	272	6.50011E+01
2867	221	6.50376E+01
10857	272	6.50525E+01
2973	221	6.50665E+01
2761	221	6.50752E+01
2867	360	6.50764E+01
2973	360	6.50982E+01
2761	360	6.51279E+01
2761	724	6.51364E+01
2973	376	6.51853E+01
11020	414	6.51981E+01
2761	376	6.52150E+01
2867	376	6.52250E+01
2973	756	6.52323E+01
2867	756	6.52482E+01
11020	331	6.52487E+01
10938	414	6.52508E+01
2973	714	6.52509E+01
2867	714	6.52610E+01
2867	724	6.52757E+01
2973	724	6.52836E+01
1295	379	6.52840E+01
10938	331	6.53066E+01
10857	414	6.53140E+01
2867	135	6.53204E+01
11020	455	6.53224E+01
2973	135	6.53516E+01
2761	135	6.53559E+01
2973	798	6.53675E+01
10857	331	6.53688E+01
10938	455	6.53767E+01
2761	756	6.53788E+01
2761	714	6.53803E+01
2867	798	6.53893E+01
11020	548	6.54162E+01
2867	319	6.54381E+01
10857	455	6.54415E+01
2761	426	6.54494E+01
2973	426	6.54495E+01
2973	319	6.54636E+01
10938	548	6.54682E+01
11020	549	6.54714E+01
2973	672	6.54737E+01
2867	672	6.54776E+01
2867	426	6.54802E+01
2761	319	6.54832E+01
2761	557	6.54935E+01
10938	549	6.55195E+01
10857	548	6.55262E+01
2761	798	6.55330E+01
2973	557	6.55531E+01
11020	459	6.55627E+01
2867	557	6.55679E+01
10857	549	6.55686E+01
11020	370	6.55787E+01
2761	672	6.55865E+01
10938	459	6.56080E+01
11020	568	6.56252E+01
11020	285	6.56274E+01
10938	370	6.56313E+01
2761	766	6.56340E+01
10857	459	6.56494E+01
2867	269	6.56671E+01
2867	452	6.56751E+01
10938	568	6.56767E+01
10857	370	6.56840E+01
10938	285	6.56886E+01
2973	452	6.56909E+01
2973	269	6.56955E+01
2761	269	6.57075E+01
2761	683	6.57337E+01
10857	568	6.57337E+01
11020	362	6.57338E+01
2761	452	6.57427E+01
11020	137	6.57559E+01
10857	285	6.57590E+01
11020	547	6.57820E+01
10938	362	6.57832E+01
10938	137	6.57927E+01
2867	766	6.58009E+01
2973	766	6.58159E+01
2761	808	6.58303E+01
2973	338	6.58322E+01
10857	137	6.58341E+01
10938	547	6.58367E+01
10857	362	6.58420E+01
11020	223	6.58608E+01
2867	683	6.58727E+01
11020	420	6.58748E+01
2973	683	6.58780E+01
2867	338	6.58849E+01
2761	338	6.58891E+01
10857	547	6.59016E+01
10938	223	6.59020E+01
10938	420	6.59222E+01
10857	223	6.59483E+01
2867	411	6.59490E+01
11020	567	6.59550E+01
2867	630	6.59632E+01
2973	630	6.59657E+01
10857	420	6.59657E+01
11020	550	6.59659E+01
2973	411	6.59693E+01
11020	321	6.59973E+01
1295	378	6.59993E+01
2761	411	6.60080E+01
10938	550	6.60088E+01
10938	567	6.60097E+01
2867	544	6.60149E+01
2867	808	6.60155E+01
1295	335	6.60235E+01
2973	544	6.60272E+01
2761	466	6.60320E+01
2973	808	6.60365E+01
10938	321	6.60433E+01
10857	550	6.60468E+01
2867	339	6.60601E+01
2761	630	6.60620E+01
2973	466	6.60663E+01
10857	567	6.60745E+01
2973	339	6.60855E+01
2867	466	6.60888E+01
2761	544	6.60923E+01
10857	321	6.60970E+01
2761	339	6.61081E+01
11020	592	6.61192E+01
2761	601	6.61193E+01
2761	642	6.61282E+01
10938	592	6.61695E+01
11020	454	6.62151E+01
2973	601	6.62165E+01
2867	601	6.62234E+01
10857	592	6.62240E+01
11020	271	6.62537E+01
2867	642	6.62548E+01
2973	642	6.62549E+01
10938	454	6.62695E+01
11020	593	6.62871E+01
11020	413	6.62954E+01
10938	271	6.62967E+01
10938	593	6.63312E+01
10857	454	6.63364E+01
10857	271	6.63457E+01
10938	413	6.63472E+01
10857	593	6.63727E+01
11020	591	6.63929E+01
10857	413	6.64101E+01
10938	591	6.64477E+01
10857	591	6.65125E+01
2761	725	6.65227E+01
11020	546	6.65340E+01
11020	332	6.65839E+01
10938	546	6.65902E+01
10938	332	6.66417E+01
11020	460	6.66481E+01
10857	546	6.66598E+01
11020	566	6.66784E+01
10938	460	6.66890E+01
2867	725	6.66998E+01
10857	332	6.67028E+01
2973	725	6.67143E+01
10857	460	6.67207E+01
10938	566	6.67351E+01
2867	220	6.67555E+01
11020	286	6.67668E+01
1295	377	6.67690E+01
2973	755	6.67795E+01
2973	220	6.67877E+01
2867	755	6.67921E+01
2761	220	6.67926E+01
2867	588	6.67969E+01
2973	797	6.68010E+01
10857	566	6.68055E+01
2973	588	6.68065E+01
11020	633	6.68101E+01
2867	797	6.68201E+01
10938	286	6.68277E+01
10938	633	6.68590E+01
2761	588	6.68853E+01
2761	767	6.68947E+01
10857	286	6.68978E+01
11020	551	6.69008E+01
10857	633	6.69112E+01
11020	594	6.69129E+01
2973	713	6.69266E+01
2761	809	6.69276E+01
2761	755	6.69319E+01
2867	713	6.69326E+01
10938	551	6.69374E+01
2867	134	6.69395E+01
10938	594	6.69493E+01
10857	551	6.69622E+01
2973	134	6.69735E+01
2761	134	6.69748E+01
10857	594	6.69749E+01
2761	797	6.69755E+01
1295	284	6.69759E+01
11020	371	6.69931E+01
11020	634	6.70067E+01
10938	371	6.70446E+01
10938	634	6.70473E+01
2761	713	6.70587E+01
11020	632	6.70662E+01
11020	361	6.70710E+01
11020	590	6.70737E+01
2867	359	6.70796E+01
10857	634	6.70825E+01
10857	371	6.70938E+01
2867	767	6.71029E+01
2973	359	6.71057E+01
1295	432	6.71084E+01
10938	361	6.71186E+01
10938	632	6.71215E+01
2973	767	6.71260E+01
2761	359	6.71307E+01
10938	590	6.71316E+01
2867	809	6.71566E+01
10857	361	6.71757E+01
2973	809	6.71871E+01
10857	632	6.71872E+01
10857	590	6.72037E+01
11020	136	6.72178E+01
11020	222	6.72205E+01
2973	377	6.72210E+01
2761	377	6.72455E+01
10938	136	6.72534E+01
10938	222	6.72599E+01
2867	377	6.72629E+01
11020	421	6.72764E+01
2867	671	6.72856E+01
2973	671	6.72861E+01
10857	136	6.72932E+01
10857	222	6.73039E+01
10938	421	6.73208E+01
2761	684	6.73559E+01
10857	421	6.73576E+01
2867	318	6.73878E+01
2761	671	6.73988E+01
11020	453	6.74090E+01
11020	320	6.74112E+01
2973	318	6.74173E+01
2761	318	6.74325E+01
10938	320	6.74553E+01
10938	453	6.74630E+01
11020	674	6.74700E+01
10857	320	6.75066E+01
2867	268	6.75168E+01
2761	558	6.75180E+01
10938	674	6.75188E+01
2867	684	6.75293E+01
10857	453	6.75305E+01
2973	684	6.75401E+01
2973	268	6.75488E+01
2761	268	6.75568E+01
2761	427	6.75699E+01
10857	674	6.75710E+01
2973	427	6.75801E+01
2973	558	6.75994E+01
1295	334	6.76045E+01
1295	431	6.76075E+01
2867	427	6.76120E+01
2867	558	6.76129E+01
11020	545	6.76226E+01
11020	675	6.76253E+01
11020	412	6.76406E+01
1295	376	6.76421E+01
10938	675	6.76638E+01
11020	635	6.76730E+01
11020	270	6.76762E+01
10938	545	6.76794E+01
10938	412	6.76909E+01
10857	675	6.76953E+01
10938	635	6.77034E+01
10938	270	6.77171E+01
10857	635	6.77179E+01
2867	451	6.77284E+01
11020	631	6.77394E+01
2973	451	6.77488E+01
10857	545	6.77517E+01
10857	412	6.77529E+01
10857	270	6.77637E+01
11020	673	6.77708E+01
2761	451	6.77960E+01
10938	631	6.77991E+01
10938	673	6.78274E+01
10857	631	6.78747E+01
10857	673	6.78961E+01
2867	629	6.79048E+01
2973	629	6.79122E+01
2761	643	6.79486E+01
11020	595	6.79950E+01
11020	381	6.80021E+01
2761	629	6.80057E+01
2867	410	6.80070E+01
10938	595	6.80222E+01
10857	595	6.80292E+01
2973	410	6.80318E+01
2761	726	6.80424E+01
10938	381	6.80503E+01
2867	543	6.80645E+01
2761	410	6.80657E+01
1295	430	6.80682E+01
2973	543	6.80816E+01
2761	602	6.80818E+01
2761	810	6.81037E+01
2867	643	6.81054E+01
10857	381	6.81090E+01
2973	643	6.81098E+01
11020	715	6.81114E+01
11020	589	6.81118E+01
11020	333	6.81203E+01
11020	461	6.81229E+01
2761	543	6.81422E+01
10938	461	6.81586E+01
10938	715	6.81616E+01
11020	716	6.81696E+01
10938	589	6.81712E+01
2761	467	6.81777E+01
10938	333	6.81777E+01
10857	461	6.81793E+01
2973	602	6.82075E+01
10938	716	6.82078E+01
2867	602	6.82115E+01
10857	715	6.82170E+01
2973	467	6.82280E+01
10857	333	6.82373E+01
10857	716	6.82395E+01
10857	589	6.82482E+01
2867	467	6.82503E+01
11020	676	6.82562E+01
2867	726	6.82582E+01
2761	768	6.82600E+01
11020	552	6.82618E+01
2973	726	6.82798E+01
10938	676	6.82820E+01
10857	676	6.82885E+01
10938	552	6.82910E+01
10857	552	6.83007E+01
2867	810	6.83771E+01
2973	810	6.84175E+01
2867	219	6.84537E+01
2973	796	6.84606E+01
2867	796	6.84757E+01
2973	219	6.84890E+01
11020	672	6.84890E+01
2761	219	6.84905E+01
2867	133	6.85015E+01
11020	714	6.85054E+01
2867	768	6.85101E+01
2761	133	6.85366E+01
1295	429	6.85380E+01
2973	133	6.85382E+01
2973	768	6.85419E+01
2973	754	6.85432E+01
10938	672	6.85512E+01
2867	754	6.85514E+01
10938	714	6.85646E+01
11020	360	6.85811E+01
10938	360	6.86268E+01
10857	672	6.86319E+01
2761	796	6.86381E+01
10857	714	6.86386E+01
11020	221	6.86409E+01
11020	135	6.86664E+01
1295	375	6.86680E+01
10938	221	6.86785E+01
11020	757	6.86785E+01
11020	372	6.86788E+01
10857	360	6.86818E+01
2761	754	6.86964E+01
10938	135	6.87009E+01
11020	717	6.87037E+01
10938	757	6.87187E+01
10857	221	6.87203E+01
10938	717	6.87272E+01
10938	372	6.87286E+01
10857	717	6.87300E+01
10857	135	6.87391E+01
1295	473	6.87457E+01
10857	757	6.87546E+01
11020	756	6.87595E+01
10857	372	6.87737E+01
11020	630	6.87780E+01
2973	712	6.87996E+01
2867	712	6.88010E+01
11020	636	6.88068E+01
10938	756	6.88128E+01
10857	636	6.88156E+01
10938	636	6.88250E+01
10938	630	6.88403E+01
11020	452	6.88457E+01
2867	587	6.88528E+01
2973	587	6.88673E+01
10857	756	6.88748E+01
10938	452	6.88984E+01
10857	630	6.89227E+01
2761	712	6.89303E+01
2761	587	6.89416E+01
11020	319	6.89498E+01
2867	91	6.89611E+01
10857	452	6.89656E+01
11020	544	6.89884E+01
10938	319	6.89917E+01
2761	91	6.89923E+01
2973	91	6.90014E+01
11020	422	6.90033E+01
10857	319	6.90407E+01
10938	422	6.90442E+01
10938	544	6.90448E+01
1295	428	6.90673E+01
11020	758	6.90680E+01
10857	422	6.90734E+01
2867	287	6.90828E+01
10938	758	6.90917E+01
10857	758	6.90957E+01
2867	358	6.91122E+01
2761	685	6.91128E+01
2973	287	6.91167E+01
10857	544	6.91182E+01
2761	287	6.91245E+01
2973	358	6.91425E+01
2761	358	6.91627E+01
11020	411	6.91762E+01
11020	269	6.91831E+01
11020	798	6.91918E+01
10938	269	6.92222E+01
10938	411	6.92247E+01
10938	798	6.92362E+01
1295	472	6.92366E+01
2867	670	6.92609E+01
2973	670	6.92664E+01
10857	269	6.92664E+01
10857	798	6.92807E+01
11020	755	6.92813E+01
10857	411	6.92852E+01
11020	713	6.93083E+01
2867	685	6.93213E+01
2761	811	6.93328E+01
2973	685	6.93380E+01
2867	317	6.93384E+01
10938	755	6.93446E+01
2973	378	6.93474E+01
2867	267	6.93485E+01
10857	677	6.93504E+01
11020	677	6.93621E+01
2761	378	6.93662E+01
1295	333	6.93694E+01
2973	317	6.93717E+01
10938	677	6.93729E+01
10938	713	6.93740E+01
2761	670	6.93756E+01
2761	317	6.93826E+01
2973	267	6.93839E+01
2761	267	6.93880E+01
2867	378	6.93915E+01
11020	799	6.94017E+01
11020	339	6.94218E+01
10857	755	6.94266E+01
10938	799	6.94283E+01
10857	799	6.94387E+01
11020	797	6.94409E+01
11020	588	6.94463E+01
1295	283	6.94488E+01
10857	713	6.94616E+01
10938	339	6.94646E+01
10938	797	6.94991E+01
10938	588	6.95062E+01
11020	596	6.95151E+01
10857	339	6.95156E+01
10857	596	6.95177E+01
10938	596	6.95316E+01
1295	565	6.95576E+01
11020	671	6.95701E+01
10857	797	6.95710E+01
10857	588	6.95857E+01
10938	671	6.96357E+01
2867	811	6.96511E+01
1295	471	6.96655E+01
2761	727	6.96665E+01
10857	718	6.96919E+01
2761	559	6.96986E+01
2973	811	6.97020E+01
2761	769	6.97023E+01
1295	427	6.97079E+01
11020	718	6.97168E+01
10938	718	6.97228E+01
10857	671	6.97245E+01
2973	559	6.98028E+01
2867	559	6.98146E+01
2761	428	6.98178E+01
11020	334	6.98340E+01
2973	428	6.98389E+01
2867	450	6.98447E+01
2973	450	6.98698E+01
2867	428	6.98717E+01
10938	334	6.98907E+01
1295	609	6.98925E+01
1295	374	6.98937E+01
2761	644	6.99070E+01
10857	759	6.99070E+01
2761	450	6.99116E+01
2867	727	6.99215E+01
11020	759	6.99364E+01
10938	759	6.99406E+01
10857	334	6.99485E+01
2973	727	6.99507E+01
11020	462	6.99568E+01
2867	628	6.99738E+01
2973	628	6.99863E+01
10938	462	6.99866E+01
2867	132	6.99913E+01
2867	769	6.99949E+01
10857	462	6.99951E+01
11020	553	7.00215E+01
2761	132	7.00261E+01
2973	132	7.00303E+01
10857	553	7.00351E+01
2973	769	7.00358E+01
10938	553	7.00423E+01
10857	800	7.00608E+01
2761	628	7.00747E+01
1295	470	7.00750E+01
1295	650	7.00758E+01
11020	134	7.00848E+01
11020	800	7.00857E+01
11020	220	7.00910E+01
10938	800	7.00911E+01
2867	644	7.00948E+01
2867	409	7.00970E+01
2973	644	7.01037E+01
2867	218	7.01042E+01
11020	796	7.01123E+01
10938	134	7.01181E+01
11020	629	7.01193E+01
1295	564	7.01223E+01
2973	409	7.01261E+01
10938	220	7.01269E+01
2761	218	7.01406E+01
2973	218	7.01423E+01
10857	134	7.01547E+01
2761	409	7.01548E+01
10857	220	7.01665E+01
10938	796	7.01808E+01
10938	629	7.01826E+01
2761	603	7.01893E+01
2867	542	7.01922E+01
11020	754	7.01956E+01
11020	359	7.02099E+01
2973	542	7.02141E+01
10938	359	7.02536E+01
10938	754	7.02657E+01
10857	629	7.02686E+01
2761	542	7.02691E+01
10857	796	7.02733E+01
2973	795	7.02963E+01
10857	359	7.03062E+01
2867	795	7.03066E+01
2973	603	7.03442E+01
2867	603	7.03451E+01
10857	637	7.03562E+01
10857	754	7.03621E+01
1295	691	7.03645E+01
11020	637	7.03883E+01
10938	637	7.03926E+01
2867	90	7.03932E+01
2761	90	7.04248E+01
2973	90	7.04353E+01
11020	712	7.04618E+01
11020	451	7.04632E+01
2761	468	7.04634E+01
2973	753	7.04679E+01
2867	753	7.04710E+01
2761	795	7.04716E+01
1295	426	7.05104E+01
1295	469	7.05123E+01
10938	451	7.05144E+01
2973	468	7.05304E+01
10938	712	7.05313E+01
2867	468	7.05523E+01
1295	608	7.05606E+01
11020	318	7.05645E+01
11020	543	7.05674E+01
10857	451	7.05801E+01
2761	812	7.05913E+01
10938	318	7.06044E+01
11020	373	7.06086E+01
2761	753	7.06174E+01
10938	543	7.06227E+01
1295	563	7.06265E+01
10857	712	7.06279E+01
10857	318	7.06509E+01
10938	373	7.06564E+01
10857	543	7.06955E+01
10857	373	7.06969E+01
11020	268	7.07340E+01
10938	268	7.07711E+01
2867	711	7.08063E+01
2973	711	7.08103E+01
10857	268	7.08130E+01
11020	410	7.08440E+01
10857	678	7.08623E+01
1295	649	7.08671E+01
10938	410	7.08906E+01
10938	678	7.09176E+01
11020	678	7.09237E+01
2761	711	7.09358E+01
11020	91	7.09425E+01
11020	670	7.09482E+01
10857	410	7.09489E+01
2867	812	7.09546E+01
1295	732	7.09620E+01
10938	91	7.09643E+01
2761	686	7.09755E+01
2867	586	7.09870E+01
10857	91	7.09901E+01
2973	586	7.10065E+01
11020	587	7.10110E+01
10938	670	7.10153E+01
2973	812	7.10164E+01
11020	423	7.10237E+01
1295	468	7.10274E+01
10938	423	7.10607E+01
10938	587	7.10701E+01
2761	586	7.10747E+01
10857	423	7.10814E+01
1295	562	7.11067E+01
10857	670	7.11087E+01
10857	719	7.11091E+01
2867	266	7.11311E+01
2867	357	7.11314E+01
10857	801	7.11415E+01
10857	587	7.11501E+01
11020	795	7.11522E+01
1295	234	7.11655E+01
2973	357	7.11656E+01
2973	266	7.11695E+01
2761	266	7.11701E+01
10857	760	7.11765E+01
10938	719	7.11781E+01
1295	607	7.11811E+01
2761	357	7.11811E+01
11020	719	7.11921E+01
2761	770	7.11960E+01
10938	801	7.12185E+01
2867	686	7.12197E+01
10938	795	7.12275E+01
11020	801	7.12377E+01
2973	686	7.12427E+01
10938	760	7.12530E+01
2867	316	7.12533E+01
11020	760	7.12714E+01
2973	316	7.12901E+01
1295	690	7.12942E+01
2761	316	7.12968E+01
10857	795	7.13344E+01
2867	669	7.13417E+01
1295	332	7.13499E+01
2973	669	7.13525E+01
1295	373	7.13624E+01
2761	728	7.13680E+01
2867	131	7.13974E+01
10857	597	7.14086E+01
2761	131	7.14320E+01
2973	131	7.14386E+01
11020	753	7.14398E+01
11020	597	7.14412E+01
10938	597	7.14458E+01
2761	669	7.14554E+01
11020	133	7.14568E+01
10938	133	7.14889E+01
10938	753	7.15139E+01
10857	133	7.15240E+01
1295	425	7.15242E+01
2867	770	7.15314E+01
2973	379	7.15357E+01
11020	219	7.15401E+01
2761	379	7.15484E+01
10938	219	7.15744E+01
2867	379	7.15817E+01
2973	770	7.15819E+01
1295	561	7.16030E+01
10857	219	7.16121E+01
10857	753	7.16195E+01
1295	648	7.16247E+01
2867	728	7.16626E+01
1295	467	7.16713E+01
2867	217	7.16855E+01
11020	628	7.16942E+01
2867	89	7.16967E+01
11020	335	7.16967E+01
2973	728	7.16999E+01
2761	217	7.17215E+01
2973	217	7.17262E+01
2761	89	7.17285E+01
2973	89	7.17404E+01
10938	335	7.17523E+01
10938	628	7.17572E+01
1295	606	7.17881E+01
10857	335	7.18079E+01
10857	628	7.18444E+01
2761	813	7.18569E+01
11020	711	7.18974E+01
11020	358	7.19063E+01
10938	358	7.19478E+01
10938	711	7.19686E+01
2867	449	7.19737E+01
2761	645	7.19746E+01
10857	358	7.19980E+01
2973	449	7.20032E+01
2761	560	7.20042E+01
1295	773	7.20245E+01
11020	287	7.20348E+01
1295	731	7.20376E+01
2761	449	7.20392E+01
1295	282	7.20448E+01
10857	711	7.20700E+01
10938	287	7.20716E+01
2867	627	7.21095E+01
11020	463	7.21133E+01
10857	287	7.21136E+01
2973	627	7.21272E+01
10857	554	7.21284E+01
10857	463	7.21316E+01
2973	560	7.21319E+01
10938	463	7.21364E+01
2867	560	7.21417E+01
11020	554	7.21426E+01
10938	554	7.21541E+01
1295	560	7.21593E+01
2761	429	7.21614E+01
2867	408	7.21750E+01
2973	429	7.21936E+01
2867	645	7.21938E+01
11020	450	7.22018E+01
1295	689	7.22039E+01
2973	645	7.22077E+01
2973	408	7.22082E+01
2761	627	7.22086E+01
11020	317	7.22109E+01
2867	429	7.22272E+01
2761	408	7.22315E+01
10938	317	7.22488E+01
10938	450	7.22510E+01
2973	794	7.22536E+01
2867	794	7.22581E+01
2867	813	7.22654E+01
11020	267	7.22916E+01
10857	317	7.22929E+01
11020	542	7.22954E+01
10857	638	7.23058E+01
10857	450	7.23146E+01
10938	267	7.23269E+01
2973	813	7.23387E+01
2867	541	7.23437E+01
10938	542	7.23489E+01
11020	90	7.23550E+01
10857	267	7.23665E+01
2973	541	7.23704E+01
10938	638	7.23718E+01
10938	90	7.23774E+01
11020	638	7.23829E+01
1295	647	7.23831E+01
10857	90	7.24032E+01
2761	604	7.24117E+01
1295	605	7.24165E+01
2761	541	7.24189E+01
10857	542	7.24201E+01
2761	794	7.24221E+01
2867	752	7.24928E+01
1295	466	7.24943E+01
11020	794	7.24949E+01
2973	752	7.24954E+01
11020	669	7.25526E+01
10938	794	7.25739E+01
11020	409	7.25902E+01
2867	604	7.25942E+01
2973	604	7.25968E+01
10938	669	7.26196E+01
10938	409	7.26347E+01
2761	752	7.26374E+01
10857	802	7.26556E+01
10857	794	7.26895E+01
10857	409	7.26904E+01
2867	130	7.27124E+01
10857	669	7.27144E+01
2761	771	7.27168E+01
11020	586	7.27385E+01
2761	130	7.27468E+01
11020	374	7.27524E+01
2973	130	7.27556E+01
11020	132	7.27687E+01
10938	802	7.27848E+01
10857	679	7.27899E+01
10938	586	7.27961E+01
1295	424	7.27964E+01
10938	374	7.27978E+01
10938	132	7.27997E+01
1295	559	7.28220E+01
11020	802	7.28317E+01
10857	374	7.28332E+01
10857	132	7.28334E+01
2867	265	7.28413E+01
2761	469	7.28573E+01
2867	88	7.28737E+01
10857	586	7.28747E+01
10857	761	7.28748E+01
2761	265	7.28798E+01
10938	679	7.28812E+01
2973	265	7.28826E+01
2867	710	7.28890E+01
2973	710	7.28986E+01
2761	88	7.29058E+01
11020	679	7.29063E+01
2761	687	7.29177E+01
2973	88	7.29188E+01
2973	469	7.29416E+01
11020	752	7.29435E+01
10857	720	7.29489E+01
11020	218	7.29611E+01
2867	469	7.29630E+01
10938	218	7.29939E+01
10938	761	7.29987E+01
2761	710	7.30160E+01
10938	752	7.30191E+01
10857	218	7.30297E+01
11020	761	7.30422E+01
10938	720	7.30599E+01
2867	771	7.30953E+01
11020	720	7.30960E+01
1295	604	7.31036E+01
2867	356	7.31042E+01
2867	315	7.31052E+01
1295	730	7.31074E+01
2761	814	7.31085E+01
1295	372	7.31136E+01
2761	729	7.31213E+01
1295	688	7.31282E+01
10857	752	7.31292E+01
2973	356	7.31418E+01
2867	585	7.31438E+01
2973	315	7.31452E+01
2761	315	7.31480E+01
2761	356	7.31528E+01
2973	771	7.31559E+01
2973	585	7.31683E+01
1295	646	7.31754E+01
2867	216	7.31837E+01
2867	687	7.31979E+01
2761	216	7.32194E+01
2973	216	7.32267E+01
2973	687	7.32278E+01
2761	585	7.32292E+01
1295	772	7.32462E+01
11020	424	7.33034E+01
10938	424	7.33359E+01
10857	424	7.33475E+01
11020	627	7.34333E+01
2867	729	7.34559E+01
2867	235	7.34578E+01
2867	668	7.34691E+01
2973	668	7.34854E+01
2761	235	7.34946E+01
10938	627	7.34948E+01
2973	235	7.35007E+01
2973	729	7.35017E+01
11020	710	7.35427E+01
1295	465	7.35464E+01
2867	814	7.35621E+01
1295	331	7.35740E+01
2761	668	7.35800E+01
10857	627	7.35810E+01
10938	710	7.36137E+01
11020	357	7.36258E+01
11020	89	7.36372E+01
1295	558	7.36397E+01
2973	814	7.36474E+01
10938	89	7.36601E+01
10857	598	7.36605E+01
10938	357	7.36652E+01
1295	814	7.36655E+01
11020	336	7.36762E+01
10857	89	7.36859E+01
10857	357	7.37129E+01
10857	710	7.37165E+01
10938	598	7.37228E+01
10938	336	7.37303E+01
11020	598	7.37312E+01
2973	380	7.37626E+01
2761	380	7.37690E+01
10857	336	7.37832E+01
2867	380	7.38106E+01
11020	266	7.38245E+01
11020	316	7.38514E+01
10938	266	7.38581E+01
10938	316	7.38874E+01
1295	603	7.38894E+01
10857	266	7.38957E+01
10857	316	7.39292E+01
2867	87	7.39312E+01
2867	129	7.39329E+01
2761	87	7.39636E+01
2761	129	7.39671E+01
2973	87	7.39777E+01
2973	129	7.39779E+01
11020	449	7.40069E+01
11020	131	7.40099E+01
1295	645	7.40346E+01
10938	131	7.40400E+01
10938	449	7.40537E+01
11020	793	7.40683E+01
10857	131	7.40724E+01
2867	448	7.40730E+01
1295	687	7.40995E+01
2973	448	7.41067E+01
11020	541	7.41124E+01
10857	449	7.41146E+01
2761	646	7.41250E+01
2761	448	7.41366E+01
10938	793	7.41484E+01
10938	541	7.41636E+01
1295	729	7.42052E+01
2867	407	7.42063E+01
10857	541	7.42321E+01
2761	772	7.42417E+01
2973	407	7.42433E+01
2867	626	7.42567E+01
2761	407	7.42614E+01
10857	793	7.42677E+01
2867	793	7.42749E+01
2973	793	7.42765E+01
2973	626	7.42795E+01
11020	668	7.43123E+01
11020	217	7.43327E+01
2761	626	7.43526E+01
10938	217	7.43640E+01
11020	408	7.43677E+01
1295	423	7.43719E+01
2867	646	7.43761E+01
10938	668	7.43777E+01
2973	646	7.43952E+01
10857	217	7.43981E+01
2761	561	7.44046E+01
10938	408	7.44100E+01
2761	793	7.44344E+01
10857	408	7.44629E+01
2867	264	7.44650E+01
10857	668	7.44714E+01
2867	540	7.44724E+01
1295	771	7.44767E+01
2761	264	7.45031E+01
2973	540	7.45036E+01
2973	264	7.45089E+01
1295	233	7.45278E+01
10857	555	7.45377E+01
2761	540	7.45452E+01
10857	464	7.45492E+01
11020	464	7.45524E+01
2973	561	7.45564E+01
2867	751	7.45598E+01
10857	803	7.45627E+01
2867	561	7.45641E+01
11020	585	7.45650E+01
10938	464	7.45683E+01
2973	751	7.45684E+01
2761	430	7.45704E+01
11020	555	7.45820E+01
10938	555	7.45832E+01
2867	215	7.45917E+01
2973	430	7.46144E+01
10857	639	7.46199E+01
10938	585	7.46203E+01
2761	215	7.46271E+01
11020	751	7.46334E+01
2973	215	7.46369E+01
2867	430	7.46487E+01
1295	557	7.46619E+01
2867	772	7.46633E+01
10857	585	7.46963E+01
2761	751	7.47000E+01
10938	751	7.47084E+01
10938	639	7.47178E+01
2761	605	7.47214E+01
2973	772	7.47344E+01
11020	639	7.47458E+01
10938	803	7.47485E+01
1295	281	7.47857E+01
11020	88	7.47912E+01
10938	88	7.48144E+01
1295	602	7.48178E+01
10857	751	7.48192E+01
11020	803	7.48258E+01
10857	88	7.48402E+01
1295	464	7.48767E+01
2867	314	7.48768E+01
2867	86	7.48795E+01
2761	730	7.49021E+01
2761	86	7.49120E+01
2761	688	7.49144E+01
2761	314	7.49188E+01
2973	314	7.49196E+01
2973	86	7.49271E+01
2867	605	7.49310E+01
2973	605	7.49373E+01
10857	762	7.49580E+01
2867	709	7.49927E+01
1295	644	7.49961E+01
2867	355	7.50069E+01
2973	709	7.50080E+01
1295	813	7.50275E+01
2973	355	7.50479E+01
2761	355	7.50544E+01
2867	128	7.50597E+01
11020	375	7.50766E+01
10857	680	7.50875E+01
2761	128	7.50938E+01
2973	128	7.51064E+01
2761	709	7.51152E+01
10938	375	7.51192E+01
10938	762	7.51331E+01
10857	375	7.51489E+01
1295	686	7.51491E+01
10857	721	7.51656E+01
11020	130	7.51734E+01
1295	371	7.51818E+01
10938	130	7.52025E+01
11020	762	7.52040E+01
10938	680	7.52175E+01
2867	688	7.52310E+01
10857	130	7.52337E+01
11020	680	7.52631E+01
2973	688	7.52679E+01
11020	626	7.52705E+01
2867	584	7.52750E+01
2867	730	7.52769E+01
2973	584	7.53043E+01
11020	265	7.53091E+01
10938	721	7.53218E+01
11020	709	7.53262E+01
2761	470	7.53284E+01
10938	626	7.53297E+01
2973	730	7.53315E+01
11020	356	7.53331E+01
10938	265	7.53411E+01
2761	584	7.53572E+01
1295	728	7.53623E+01
10938	356	7.53705E+01
10857	265	7.53767E+01
11020	721	7.53820E+01
10938	709	7.53954E+01
10857	626	7.54131E+01
10857	356	7.54154E+01
2973	470	7.54306E+01
2867	470	7.54512E+01
11020	315	7.54574E+01
10938	315	7.54916E+01
10857	709	7.54965E+01
10857	315	7.55311E+01
2867	667	7.55898E+01
2973	667	7.56115E+01
11020	216	7.56403E+01
10938	216	7.56704E+01
2761	667	7.56962E+01
10857	216	7.57028E+01
2867	85	7.57309E+01
11020	337	7.57381E+01
2761	773	7.57480E+01
1295	770	7.57482E+01
2761	85	7.57635E+01
2973	85	7.57794E+01
10938	337	7.57904E+01
11020	792	7.57990E+01
11020	425	7.58069E+01
11020	87	7.58236E+01
11020	448	7.58309E+01
10938	425	7.58346E+01
10857	425	7.58363E+01
10857	337	7.58402E+01
10938	87	7.58472E+01
11020	235	7.58705E+01
10857	87	7.58729E+01
10938	448	7.58754E+01
10938	792	7.58780E+01
10938	235	7.59011E+01
2867	214	7.59078E+01
10857	448	7.59330E+01
10857	235	7.59344E+01
1295	601	7.59356E+01
1295	556	7.59392E+01
2761	214	7.59429E+01
2973	214	7.59549E+01
11020	540	7.59649E+01
2867	263	7.59958E+01
10857	792	7.59967E+01
10938	540	7.60136E+01
2761	263	7.60333E+01
2973	263	7.60420E+01
1295	330	7.60660E+01
10857	540	7.60787E+01
2867	127	7.60978E+01
1295	643	7.60989E+01
2867	447	7.61090E+01
2761	127	7.61316E+01
11020	407	7.61382E+01
2973	127	7.61458E+01
2973	447	7.61467E+01
11020	667	7.61600E+01
2867	406	7.61651E+01
2761	447	7.61704E+01
10938	407	7.61782E+01
2973	406	7.62056E+01
2867	773	7.62128E+01
2761	406	7.62185E+01
10938	667	7.62229E+01
10857	599	7.62259E+01
10857	407	7.62282E+01
11020	129	7.62555E+01
10938	129	7.62837E+01
1295	422	7.62920E+01
2973	773	7.62947E+01
2867	792	7.63037E+01
1295	685	7.63101E+01
2973	792	7.63117E+01
10857	667	7.63134E+01
10857	129	7.63138E+01
10938	599	7.63150E+01
2761	647	7.63334E+01
11020	599	7.63374E+01
2867	625	7.63674E+01
2973	625	7.63954E+01
1295	812	7.64127E+01
11020	584	7.64332E+01
11020	750	7.64378E+01
2761	792	7.64563E+01
2761	625	7.64592E+01
10938	584	7.64858E+01
2867	84	7.64983E+01
10938	750	7.65106E+01
2761	84	7.65310E+01
1295	463	7.65328E+01
2867	539	7.65405E+01
2973	84	7.65478E+01
10857	584	7.65582E+01
2867	313	7.65591E+01
2973	539	7.65760E+01
2761	313	7.66003E+01
2973	313	7.66046E+01
1295	727	7.66096E+01
2761	539	7.66104E+01
2867	647	7.66167E+01
10857	750	7.66190E+01
2867	750	7.66195E+01
2973	750	7.66342E+01
2973	647	7.66414E+01
2761	731	7.66862E+01
11020	264	7.67294E+01
11020	86	7.67451E+01
2761	750	7.67532E+01
10938	264	7.67600E+01
10938	86	7.67688E+01
11039	142	7.67888E+01
10857	264	7.67938E+01
10857	86	7.67944E+01
10857	804	7.68119E+01
2867	354	7.68246E+01
2973	354	7.68686E+01
2761	354	7.68708E+01
2761	562	7.68714E+01
11020	215	7.68757E+01
10938	215	7.69046E+01
10857	215	7.69357E+01
2761	689	7.69411E+01
11020	355	7.70016E+01
11020	314	7.70092E+01
2761	431	7.70183E+01
10938	355	7.70370E+01
10938	314	7.70418E+01
2973	562	7.70480E+01
2867	562	7.70534E+01
2867	126	7.70551E+01
10938	804	7.70580E+01
2867	708	7.70671E+01
2973	431	7.70743E+01
10857	314	7.70791E+01
10857	355	7.70794E+01
2973	708	7.70881E+01
2761	126	7.70888E+01
1295	769	7.70912E+01
2761	606	7.70925E+01
2867	731	7.71015E+01
2973	126	7.71044E+01
2867	431	7.71092E+01
10957	142	7.71208E+01
2867	213	7.71349E+01
11020	625	7.71464E+01
2973	731	7.71653E+01
11020	804	7.71677E+01
2761	213	7.71698E+01
11020	708	7.71804E+01
2761	708	7.71835E+01
2973	213	7.71838E+01
2867	83	7.71953E+01
10938	625	7.72026E+01
10857	465	7.72084E+01
10857	556	7.72187E+01
2761	83	7.72281E+01
11020	465	7.72347E+01
10938	465	7.72428E+01
2973	83	7.72457E+01
10938	708	7.72467E+01
10857	640	7.72480E+01
11020	128	7.72565E+01
10857	625	7.72819E+01
10938	128	7.72840E+01
10938	556	7.72852E+01
1295	600	7.72923E+01
2867	689	7.72944E+01
11020	556	7.72948E+01
10857	128	7.73131E+01
10876	142	7.73131E+01
2867	606	7.73296E+01
2973	689	7.73388E+01
2973	606	7.73398E+01
2867	583	7.73409E+01
10857	708	7.73439E+01
10857	763	7.73734E+01
2973	583	7.73747E+01
10938	640	7.73798E+01
1295	642	7.73863E+01
2761	583	7.74193E+01
11020	640	7.74256E+01
2867	262	7.74340E+01
2761	262	7.74711E+01
2973	262	7.74823E+01
11039	141	7.75159E+01
1295	555	7.75222E+01
11020	376	7.75443E+01
11020	85	7.75678E+01
10938	376	7.75838E+01
10938	85	7.75916E+01
1295	370	7.75947E+01
10938	763	7.76028E+01
10857	376	7.76073E+01
11020	791	7.76157E+01
10857	85	7.76171E+01
1295	684	7.76185E+01
11020	447	7.76351E+01
2867	666	7.76577E+01
10938	447	7.76771E+01
2973	666	7.76847E+01
10938	791	7.76918E+01
1295	280	7.76934E+01
10857	681	7.77026E+01
11020	763	7.77029E+01
10857	722	7.77060E+01
10857	447	7.77313E+01
2761	666	7.77586E+01
10857	791	7.78068E+01
11020	539	7.78079E+01
2867	82	7.78349E+01
2761	471	7.78482E+01
11020	338	7.78508E+01
1295	811	7.78517E+01
10957	141	7.78531E+01
10938	539	7.78538E+01
2761	82	7.78677E+01
11020	406	7.78716E+01
10938	681	7.78735E+01
2973	82	7.78859E+01
10938	338	7.79008E+01
10938	406	7.79094E+01
10938	722	7.79101E+01
10857	539	7.79151E+01
1295	232	7.79276E+01
11020	681	7.79409E+01
2867	125	7.79417E+01
10857	338	7.79472E+01
10857	406	7.79563E+01
2973	471	7.79687E+01
2761	125	7.79752E+01
1295	726	7.79793E+01
2867	471	7.79885E+01
2973	125	7.79922E+01
11020	722	7.79958E+01
2867	405	7.80331E+01
11020	666	7.80353E+01
11020	214	7.80359E+01
10876	141	7.80462E+01
2867	446	7.80568E+01
10938	214	7.80638E+01
2973	405	7.80769E+01
11020	263	7.80774E+01
2761	405	7.80847E+01
10857	214	7.80935E+01
10938	666	7.80949E+01
2973	446	7.80981E+01
10938	263	7.81067E+01
2761	446	7.81157E+01
10857	263	7.81388E+01
2867	312	7.81499E+01
11020	127	7.81803E+01
10857	666	7.81807E+01
2761	312	7.81903E+01
2973	312	7.81978E+01
10938	127	7.82071E+01
10857	127	7.82352E+01
11039	140	7.82603E+01
2867	212	7.82793E+01
11020	749	7.82899E+01
11020	583	7.82942E+01
2867	791	7.82959E+01
11020	84	7.83051E+01
2973	791	7.83104E+01
2761	212	7.83139E+01
10938	84	7.83290E+01
2973	212	7.83297E+01
10938	583	7.83437E+01
10857	84	7.83544E+01
10938	749	7.83592E+01
