GRAM	c2h2	chi_tot
3535	337	2.21908E+02
3641	337	2.21916E+02
3535	338	2.22406E+02
3641	338	2.22432E+02
3641	336	2.22581E+02
3535	336	2.22592E+02
3641	376	2.22893E+02
3535	376	2.22894E+02
3535	377	2.22921E+02
3641	377	2.22953E+02
3535	814	2.23905E+02
3535	813	2.23974E+02
3535	427	2.24159E+02
3641	427	2.24188E+02
3641	375	2.24199E+02
3535	375	2.24232E+02
3535	378	2.24265E+02
3641	813	2.24323E+02
3641	378	2.24333E+02
3641	335	2.24457E+02
3535	335	2.24483E+02
3641	814	2.24511E+02
3641	426	2.24683E+02
3535	426	2.24706E+02
3535	812	2.24796E+02
3641	812	2.24892E+02
3535	428	2.25074E+02
3641	428	2.25160E+02
3535	467	2.25704E+02
3641	467	2.25740E+02
3535	771	2.26014E+02
3535	770	2.26249E+02
3641	811	2.26295E+02
3641	466	2.26389E+02
3535	466	2.26430E+02
3535	811	2.26448E+02
3641	770	2.26468E+02
3641	771	2.26476E+02
3535	468	2.26517E+02
3535	772	2.26607E+02
3641	468	2.26635E+02
3641	425	2.26710E+02
3535	425	2.26783E+02
3535	379	2.26888E+02
3641	374	2.26920E+02
3535	374	2.26982E+02
3641	379	2.26995E+02
3535	559	2.27239E+02
3641	286	2.27240E+02
3535	286	2.27260E+02
3641	772	2.27316E+02
3641	559	2.27334E+02
3641	769	2.27380E+02
3535	429	2.27386E+02
3641	558	2.27388E+02
3535	769	2.27398E+02
3535	558	2.27400E+02
3641	429	2.27532E+02
10216	281	2.27564E+02
3641	334	2.27570E+02
3535	334	2.27612E+02
3535	728	2.27635E+02
10130	281	2.27697E+02
10216	330	2.27774E+02
3641	728	2.27880E+02
3535	729	2.27888E+02
10130	330	2.27897E+02
10216	329	2.27900E+02
3535	773	2.27956E+02
10216	280	2.27983E+02
10130	329	2.28031E+02
10130	280	2.28115E+02
10216	282	2.28146E+02
3535	603	2.28239E+02
10130	282	2.28280E+02
3641	729	2.28360E+02
3641	603	2.28365E+02
3535	727	2.28407E+02
3641	727	2.28434E+02
3641	602	2.28514E+02
3535	686	2.28516E+02
3535	602	2.28526E+02
3535	560	2.28573E+02
3641	810	2.28621E+02
3641	465	2.28676E+02
10216	234	2.28689E+02
3535	644	2.28701E+02
3641	686	2.28713E+02
10216	369	2.28737E+02
3535	469	2.28776E+02
3641	560	2.28781E+02
3535	465	2.28788E+02
3641	644	2.28802E+02
10130	234	2.28824E+02
10216	370	2.28863E+02
10130	369	2.28865E+02
3641	773	2.28916E+02
10216	331	2.28917E+02
10130	370	2.28967E+02
3641	469	2.28982E+02
3535	810	2.29015E+02
10130	331	2.29029E+02
3535	687	2.29044E+02
3641	557	2.29064E+02
3535	730	2.29066E+02
10216	233	2.29119E+02
3535	645	2.29121E+02
3535	685	2.29162E+02
3641	685	2.29164E+02
3535	557	2.29177E+02
10130	233	2.29249E+02
3641	768	2.29316E+02
10216	328	2.29332E+02
3535	604	2.29378E+02
3641	645	2.29394E+02
10216	279	2.29435E+02
3641	687	2.29443E+02
10130	328	2.29471E+02
3535	768	2.29564E+02
10130	279	2.29564E+02
3641	643	2.29581E+02
3535	643	2.29643E+02
3641	604	2.29648E+02
10216	283	2.29699E+02
3641	730	2.29768E+02
10130	283	2.29832E+02
10216	420	2.30029E+02
10130	420	2.30139E+02
3641	726	2.30143E+02
10216	368	2.30186E+02
3641	601	2.30240E+02
10216	232	2.30310E+02
3535	726	2.30327E+02
10130	368	2.30335E+02
3641	424	2.30339E+02
3535	601	2.30380E+02
10130	232	2.30434E+02
3535	424	2.30457E+02
10216	371	2.30520E+02
10130	371	2.30596E+02
3535	688	2.30624E+02
3535	380	2.30758E+02
3535	646	2.30762E+02
3641	285	2.30888E+02
3641	380	2.30905E+02
3535	285	2.30914E+02
10216	421	2.30926E+02
10216	419	2.30939E+02
3641	684	2.30940E+02
10130	421	2.30987E+02
3535	430	2.31034E+02
3535	731	2.31082E+02
10130	419	2.31091E+02
3641	373	2.31107E+02
3535	684	2.31123E+02
3535	373	2.31195E+02
3641	646	2.31214E+02
3641	688	2.31231E+02
3641	430	2.31244E+02
3535	561	2.31281E+02
10216	332	2.31294E+02
10130	332	2.31394E+02
3641	561	2.31609E+02
10216	460	2.31750E+02
3535	605	2.31807E+02
10130	460	2.31857E+02
3641	642	2.31883E+02
3641	333	2.31948E+02
10216	278	2.31955E+02
3641	809	2.31974E+02
3535	333	2.32004E+02
3641	731	2.32020E+02
10130	278	2.32082E+02
3535	642	2.32099E+02
10216	327	2.32106E+02
10216	284	2.32200E+02
3641	605	2.32228E+02
10130	327	2.32249E+02
10216	231	2.32292E+02
10130	284	2.32332E+02
3535	470	2.32389E+02
3641	767	2.32400E+02
10130	231	2.32409E+02
3641	556	2.32482E+02
10216	461	2.32543E+02
10130	461	2.32574E+02
3535	809	2.32602E+02
3641	470	2.32686E+02
3535	556	2.32686E+02
3641	464	2.32693E+02
3535	767	2.32869E+02
3535	464	2.32870E+02
10216	459	2.32983E+02
3641	725	2.33150E+02
3535	689	2.33154E+02
10130	459	2.33155E+02
10216	367	2.33239E+02
10130	367	2.33406E+02
3535	647	2.33500E+02
3535	725	2.33536E+02
10216	422	2.33577E+02
10130	422	2.33583E+02
10216	372	2.33660E+02
3641	600	2.33685E+02
10216	418	2.33685E+02
10130	372	2.33704E+02
10216	552	2.33765E+02
10130	552	2.33808E+02
3535	732	2.33867E+02
10130	418	2.33872E+02
3535	600	2.33944E+02
10216	551	2.33952E+02
3641	689	2.33975E+02
10130	551	2.34096E+02
3641	647	2.34138E+02
3641	683	2.34198E+02
3535	683	2.34556E+02
10216	333	2.34875E+02
10130	333	2.34961E+02
3641	732	2.35043E+02
10216	230	2.35100E+02
10130	230	2.35210E+02
3535	562	2.35249E+02
10130	462	2.35252E+02
10216	462	2.35306E+02
3535	606	2.35405E+02
3641	284	2.35563E+02
10216	595	2.35567E+02
10216	277	2.35578E+02
3535	284	2.35594E+02
10216	285	2.35630E+02
3641	423	2.35643E+02
10130	553	2.35683E+02
10130	595	2.35684E+02
10130	277	2.35701E+02
3641	562	2.35702E+02
10216	553	2.35756E+02
10130	285	2.35761E+02
3535	423	2.35801E+02
3641	641	2.35868E+02
10130	596	2.35923E+02
10216	596	2.35945E+02
3535	431	2.35958E+02
3641	606	2.35982E+02
3535	641	2.36227E+02
3641	431	2.36234E+02
10216	326	2.36243E+02
10216	458	2.36250E+02
10216	550	2.36344E+02
10130	326	2.36389E+02
10130	458	2.36476E+02
3641	808	2.36477E+02
3535	690	2.36550E+02
10130	550	2.36573E+02
3641	766	2.36771E+02
3641	372	2.36810E+02
3535	372	2.36922E+02
3535	648	2.37236E+02
3535	471	2.37265E+02
3535	808	2.37329E+02
10216	636	2.37353E+02
3535	766	2.37450E+02
10130	636	2.37459E+02
10216	594	2.37527E+02
3641	690	2.37588E+02
3641	724	2.37614E+02
3641	332	2.37620E+02
3641	471	2.37658E+02
3535	332	2.37689E+02
3641	555	2.37756E+02
10130	594	2.37764E+02
10130	637	2.37769E+02
10216	637	2.37844E+02
10130	423	2.37859E+02
10216	366	2.37898E+02
10216	423	2.37913E+02
3535	555	2.38044E+02
3641	648	2.38063E+02
10130	366	2.38077E+02
3535	724	2.38189E+02
10216	373	2.38233E+02
10130	373	2.38242E+02
10216	417	2.38255E+02
10130	597	2.38440E+02
10130	417	2.38470E+02
3641	463	2.38531E+02
10216	597	2.38623E+02
3535	463	2.38767E+02
10216	229	2.38768E+02
10130	229	2.38871E+02
3641	599	2.38988E+02
3641	682	2.39106E+02
10216	677	2.39186E+02
10130	678	2.39287E+02
10216	635	2.39300E+02
10130	677	2.39309E+02
3535	599	2.39355E+02
10216	678	2.39383E+02
10130	635	2.39559E+02
3535	682	2.39625E+02
10216	334	2.39632E+02
10130	554	2.39646E+02
10130	334	2.39702E+02
10130	463	2.39813E+02
10216	554	2.39848E+02
10216	463	2.39962E+02
10216	286	2.39980E+02
3535	607	2.40068E+02
10130	286	2.40108E+02
10216	276	2.40326E+02
3535	563	2.40376E+02
10130	276	2.40445E+02
10130	638	2.40447E+02
10130	719	2.40623E+02
10216	719	2.40698E+02
10216	638	2.40727E+02
3535	691	2.40742E+02
3641	607	2.40807E+02
10216	549	2.40905E+02
3641	563	2.40959E+02
10216	718	2.41139E+02
10130	549	2.41203E+02
3641	283	2.41273E+02
3535	283	2.41310E+02
10130	718	2.41315E+02
10216	676	2.41492E+02
10216	457	2.41505E+02
3641	640	2.41692E+02
10130	679	2.41694E+02
10216	325	2.41741E+02
10130	457	2.41773E+02
10216	593	2.41793E+02
10130	676	2.41798E+02
3535	649	2.41886E+02
10130	325	2.41888E+02
3641	691	2.42000E+02
10130	760	2.42019E+02
10216	760	2.42025E+02
10216	679	2.42039E+02
3535	432	2.42097E+02
10130	593	2.42127E+02
3535	640	2.42182E+02
3641	807	2.42271E+02
10130	720	2.42395E+02
3641	432	2.42443E+02
3641	765	2.42587E+02
3641	422	2.42693E+02
10216	720	2.42759E+02
10130	761	2.42863E+02
3535	422	2.42888E+02
3641	649	2.42907E+02
10130	598	2.43143E+02
10216	761	2.43191E+02
3535	472	2.43324E+02
10216	228	2.43326E+02
3535	807	2.43333E+02
10216	759	2.43380E+02
10130	228	2.43422E+02
10130	802	2.43434E+02
3535	765	2.43462E+02
10216	598	2.43504E+02
3638	279	2.43575E+02
10216	801	2.43626E+02
10216	634	2.43647E+02
10130	759	2.43652E+02
10216	802	2.43665E+02
3641	723	2.43702E+02
10130	801	2.43742E+02
10130	424	2.43742E+02
3641	472	2.43817E+02
3638	280	2.43850E+02
3532	279	2.43864E+02
10216	424	2.43864E+02
3638	328	2.43984E+02
10130	634	2.44031E+02
3638	232	2.44064E+02
3641	371	2.44082E+02
10216	717	2.44114E+02
10216	365	2.44118E+02
3532	280	2.44135E+02
10130	374	2.44162E+02
10216	374	2.44192E+02
3535	371	2.44216E+02
3532	328	2.44272E+02
10130	365	2.44306E+02
3638	278	2.44336E+02
3638	329	2.44341E+02
3532	232	2.44355E+02
3638	233	2.44427E+02
3535	723	2.44453E+02
3638	231	2.44471E+02
10130	717	2.44501E+02
10216	416	2.44581E+02
3532	329	2.44617E+02
3641	331	2.44619E+02
3532	278	2.44630E+02
3535	331	2.44698E+02
3532	233	2.44717E+02
3532	231	2.44763E+02
10130	416	2.44817E+02
3638	327	2.44915E+02
3641	554	2.44998E+02
3638	368	2.45062E+02
3638	281	2.45126E+02
3532	327	2.45215E+02
3532	368	2.45352E+02
3638	369	2.45353E+02
3535	554	2.45360E+02
10130	639	2.45382E+02
3532	281	2.45405E+02
10130	803	2.45507E+02
3638	234	2.45529E+02
10216	335	2.45538E+02
10130	335	2.45590E+02
10130	555	2.45592E+02
3532	369	2.45621E+02
3638	230	2.45684E+02
3535	608	2.45715E+02
3532	234	2.45817E+02
3641	681	2.45828E+02
10216	639	2.45890E+02
10216	555	2.45936E+02
3638	330	2.45948E+02
3532	230	2.45976E+02
10130	762	2.46079E+02
10216	800	2.46103E+02
10216	803	2.46133E+02
10130	464	2.46163E+02
3638	277	2.46169E+02
10216	275	2.46200E+02
3532	330	2.46210E+02
10216	675	2.46251E+02
3641	598	2.46280E+02
3641	462	2.46280E+02
3638	367	2.46291E+02
10130	275	2.46313E+02
10130	680	2.46411E+02
10216	464	2.46415E+02
3638	419	2.46450E+02
3532	277	2.46467E+02
3535	681	2.46496E+02
10130	721	2.46515E+02
10130	800	2.46516E+02
3535	462	2.46568E+02
3535	564	2.46577E+02
3532	367	2.46602E+02
3641	608	2.46620E+02
10130	675	2.46707E+02
3532	419	2.46737E+02
3535	598	2.46744E+02
10216	762	2.46768E+02
10216	680	2.47033E+02
3638	420	2.47086E+02
3638	370	2.47132E+02
3638	326	2.47164E+02
10216	721	2.47201E+02
10216	758	2.47269E+02
3641	564	2.47293E+02
3532	420	2.47334E+02
3638	282	2.47369E+02
3532	370	2.47373E+02
3535	650	2.47380E+02
3532	326	2.47473E+02
3638	418	2.47520E+02
10216	548	2.47524E+02
10216	568	2.47582E+02
3532	282	2.47642E+02
3638	229	2.47739E+02
10130	758	2.47771E+02
3532	418	2.47841E+02
10130	548	2.47876E+02
10130	568	2.47949E+02
3532	229	2.48032E+02
3641	282	2.48037E+02
3535	282	2.48078E+02
10216	592	2.48250E+02
3638	459	2.48299E+02
3638	460	2.48383E+02
10216	324	2.48557E+02
3641	650	2.48598E+02
3532	459	2.48604E+02
10216	456	2.48633E+02
3532	460	2.48634E+02
10130	592	2.48659E+02
10130	324	2.48702E+02
3638	331	2.48767E+02
10216	227	2.48788E+02
10130	227	2.48877E+02
10130	456	2.48933E+02
3532	331	2.49015E+02
3638	366	2.49052E+02
3638	276	2.49102E+02
3532	366	2.49380E+02
3638	421	2.49395E+02
3532	276	2.49403E+02
3641	639	2.49504E+02
3641	806	2.49506E+02
10216	716	2.49555E+02
3532	421	2.49600E+02
10130	804	2.49792E+02
3638	551	2.49887E+02
10130	599	2.49900E+02
3641	764	2.50012E+02
3638	458	2.50064E+02
3535	639	2.50110E+02
10130	716	2.50110E+02
3532	551	2.50179E+02
10216	633	2.50269E+02
3638	417	2.50295E+02
3638	461	2.50298E+02
3638	371	2.50351E+02
3532	458	2.50415E+02
10216	599	2.50456E+02
3532	461	2.50488E+02
3535	473	2.50489E+02
3638	283	2.50552E+02
3638	552	2.50559E+02
3532	371	2.50564E+02
3532	417	2.50644E+02
3638	228	2.50668E+02
3638	325	2.50736E+02
10130	633	2.50749E+02
3535	806	2.50763E+02
3532	552	2.50774E+02
3532	283	2.50819E+02
10216	804	2.50851E+02
3532	228	2.50962E+02
3532	325	2.51053E+02
3535	764	2.51068E+02
10216	799	2.51080E+02
3641	473	2.51085E+02
3638	550	2.51158E+02
10130	425	2.51165E+02
10216	425	2.51358E+02
10130	375	2.51417E+02
10130	763	2.51482E+02
10216	375	2.51489E+02
3532	550	2.51517E+02
3641	421	2.51558E+02
3641	722	2.51584E+02
3638	595	2.51626E+02
10130	799	2.51733E+02
3535	421	2.51785E+02
10216	364	2.51807E+02
3532	595	2.51919E+02
10130	364	2.51999E+02
3535	609	2.52276E+02
3638	596	2.52355E+02
10216	142	2.52363E+02
10130	640	2.52418E+02
10130	142	2.52438E+02
3535	722	2.52493E+02
10216	415	2.52538E+02
3532	596	2.52548E+02
10216	336	2.52565E+02
10216	763	2.52567E+02
10130	336	2.52598E+02
3638	332	2.52765E+02
10130	415	2.52787E+02
10130	722	2.52796E+02
3638	594	2.52892E+02
3641	370	2.52975E+02
3641	330	2.52981E+02
3532	332	2.52997E+02
3535	330	2.53071E+02
3535	370	2.53128E+02
3638	275	2.53144E+02
3638	553	2.53145E+02
10216	274	2.53165E+02
10216	640	2.53174E+02
10130	681	2.53262E+02
3532	594	2.53271E+02
10130	274	2.53272E+02
3532	553	2.53274E+02
3638	365	2.53316E+02
10216	674	2.53318E+02
3638	422	2.53321E+02
3641	609	2.53350E+02
3638	636	2.53390E+02
10130	556	2.53402E+02
3532	275	2.53448E+02
3532	422	2.53479E+02
10216	757	2.53594E+02
3638	457	2.53644E+02
3532	365	2.53659E+02
3532	636	2.53709E+02
3638	637	2.53718E+02
3535	565	2.53778E+02
10216	722	2.53833E+02
10130	674	2.53888E+02
10216	556	2.53901E+02
3532	637	2.53915E+02
3638	462	2.53992E+02
3532	457	2.54034E+02
3532	462	2.54114E+02
10216	681	2.54185E+02
10130	465	2.54209E+02
10130	757	2.54277E+02
3641	553	2.54299E+02
3638	549	2.54349E+02
3638	227	2.54492E+02
3641	680	2.54524E+02
10216	465	2.54573E+02
3641	565	2.54631E+02
3638	284	2.54651E+02
3638	416	2.54725E+02
3535	553	2.54726E+02
3532	549	2.54762E+02
3532	227	2.54786E+02
3638	678	2.54905E+02
3532	284	2.54911E+02
3638	372	2.54961E+02
3638	597	2.55043E+02
3638	635	2.55067E+02
3532	416	2.55097E+02
3532	597	2.55122E+02
3532	678	2.55143E+02
3532	372	2.55144E+02
10216	226	2.55145E+02
10130	226	2.55226E+02
3535	680	2.55323E+02
3638	677	2.55342E+02
3532	635	2.55490E+02
3638	324	2.55603E+02
3641	597	2.55672E+02
3532	677	2.55720E+02
3641	281	2.55881E+02
3532	324	2.55927E+02
3535	281	2.55927E+02
3641	461	2.56015E+02
3638	638	2.56016E+02
10216	547	2.56017E+02
10216	567	2.56032E+02
10130	805	2.56057E+02
3532	638	2.56075E+02
3638	593	2.56128E+02
3535	597	2.56220E+02
3638	719	2.56301E+02
3535	461	2.56348E+02
10130	547	2.56405E+02
3638	679	2.56418E+02
10130	567	2.56441E+02
3532	679	2.56496E+02
3532	593	2.56579E+02
10216	323	2.56601E+02
3532	719	2.56623E+02
10216	591	2.56702E+02
3638	720	2.56739E+02
10130	323	2.56743E+02
3638	142	2.56795E+02
3532	720	2.56886E+02
3532	142	2.57084E+02
10130	591	2.57164E+02
10216	715	2.57289E+02
10216	455	2.57452E+02
3638	761	2.57477E+02
3638	554	2.57575E+02
10216	805	2.57581E+02
3532	554	2.57607E+02
3532	761	2.57745E+02
3638	676	2.57756E+02
3638	718	2.57765E+02
10130	455	2.57772E+02
10216	141	2.57867E+02
3638	333	2.57912E+02
10130	141	2.57934E+02
10130	715	2.57971E+02
3532	333	2.58126E+02
3532	718	2.58240E+02
3532	676	2.58252E+02
3638	274	2.58273E+02
3638	760	2.58302E+02
3641	805	2.58343E+02
3638	762	2.58421E+02
10216	798	2.58423E+02
3532	762	2.58478E+02
10130	600	2.58561E+02
3638	803	2.58576E+02
3532	274	2.58580E+02
3638	634	2.58718E+02
3532	760	2.58755E+02
3638	423	2.58797E+02
3532	803	2.58803E+02
10130	764	2.58838E+02
3532	423	2.58904E+02
3638	456	2.58948E+02
3532	721	2.58948E+02
10216	632	2.58949E+02
3638	721	2.59000E+02
3638	364	2.59006E+02
3638	802	2.59061E+02
3638	226	2.59209E+02
3641	763	2.59214E+02
3532	634	2.59227E+02
10130	798	2.59260E+02
10216	600	2.59325E+02
3532	364	2.59360E+02
3532	456	2.59368E+02
3638	548	2.59369E+02
3638	463	2.59387E+02
3641	638	2.59428E+02
3532	463	2.59435E+02
10130	632	2.59497E+02
3532	226	2.59503E+02
3532	802	2.59503E+02
3532	598	2.59559E+02
3638	598	2.59605E+02
3638	285	2.59647E+02
3532	804	2.59674E+02
3638	804	2.59687E+02
3532	680	2.59690E+02
3535	805	2.59778E+02
3638	680	2.59790E+02
3638	568	2.59799E+02
3532	548	2.59826E+02
3532	285	2.59900E+02
10130	376	2.59959E+02
3641	234	2.60025E+02
3535	234	2.60044E+02
10130	426	2.60060E+02
10216	376	2.60076E+02
3532	639	2.60096E+02
3535	638	2.60134E+02
3638	639	2.60192E+02
3532	568	2.60270E+02
10216	426	2.60330E+02
10216	764	2.60346E+02
3535	763	2.60431E+02
10216	337	2.60681E+02
10130	337	2.60694E+02
3638	415	2.60703E+02
10216	363	2.60811E+02
3532	763	2.60834E+02
3638	373	2.60916E+02
3638	141	2.60922E+02
3638	759	2.60958E+02
10130	363	2.61003E+02
3638	763	2.61009E+02
10130	723	2.61011E+02
3532	373	2.61066E+02
3532	415	2.61093E+02
10216	273	2.61145E+02
3638	717	2.61146E+02
3532	141	2.61210E+02
3638	592	2.61241E+02
3638	801	2.61244E+02
10130	273	2.61245E+02
10130	641	2.61372E+02
3641	721	2.61418E+02
3532	759	2.61568E+02
3638	323	2.61692E+02
3532	717	2.61747E+02
3532	592	2.61749E+02
3532	801	2.61871E+02
10216	414	2.61935E+02
3532	805	2.61971E+02
3532	323	2.62021E+02
10130	682	2.62037E+02
3638	675	2.62104E+02
10216	756	2.62150E+02
10130	414	2.62191E+02
3638	805	2.62245E+02
3641	420	2.62288E+02
10216	225	2.62353E+02
10216	641	2.62394E+02
10216	723	2.62423E+02
10130	225	2.62426E+02
10216	673	2.62453E+02
3535	721	2.62466E+02
3535	420	2.62542E+02
3532	722	2.62677E+02
3532	675	2.62696E+02
3641	329	2.62746E+02
3535	329	2.62845E+02
3638	722	2.62945E+02
10130	557	2.62953E+02
10130	756	2.62965E+02
10130	673	2.63103E+02
10216	682	2.63282E+02
3641	369	2.63531E+02
10216	557	2.63617E+02
3532	555	2.63679E+02
3535	369	2.63700E+02
3638	555	2.63751E+02
10130	466	2.63858E+02
10216	140	2.64041E+02
10130	806	2.64042E+02
10130	140	2.64101E+02
3638	334	2.64181E+02
3638	633	2.64238E+02
10216	466	2.64342E+02
3532	334	2.64378E+02
3638	273	2.64428E+02
3532	681	2.64587E+02
3532	764	2.64653E+02
3532	273	2.64736E+02
3638	225	2.64784E+02
3532	633	2.64814E+02
3641	280	2.64838E+02
3638	681	2.64883E+02
3535	280	2.64888E+02
3638	764	2.65078E+02
3532	225	2.65078E+02
3638	800	2.65161E+02
3641	679	2.65321E+02
3638	758	2.65434E+02
3532	806	2.65525E+02
3638	286	2.65529E+02
3638	140	2.65722E+02
3641	552	2.65723E+02
10216	322	2.65733E+02
3532	599	2.65744E+02
3638	424	2.65756E+02
3532	286	2.65774E+02
3532	424	2.65809E+02
3638	455	2.65817E+02
3532	640	2.65852E+02
10130	322	2.65870E+02
3638	599	2.65927E+02
3532	800	2.65943E+02
3638	363	2.65992E+02
3532	140	2.66009E+02
10216	806	2.66057E+02
3638	547	2.66062E+02
3638	806	2.66077E+02
3638	640	2.66115E+02
10216	546	2.66123E+02
10216	566	2.66134E+02
3532	758	2.66172E+02
3535	552	2.66204E+02
3535	679	2.66232E+02
3532	455	2.66260E+02
3532	363	2.66354E+02
3532	464	2.66364E+02
3638	716	2.66378E+02
3638	464	2.66396E+02
3638	567	2.66502E+02
10130	546	2.66532E+02
3532	547	2.66552E+02
10130	566	2.66569E+02
10216	590	2.66873E+02
3532	567	2.67008E+02
10216	714	2.67045E+02
3532	716	2.67079E+02
3641	596	2.67238E+02
10130	590	2.67369E+02
10216	454	2.67711E+02
3641	460	2.67780E+02
3641	233	2.67788E+02
3535	233	2.67807E+02
10130	714	2.67813E+02
3535	596	2.67856E+02
10216	797	2.67883E+02
10130	765	2.67892E+02
3532	723	2.67906E+02
10130	454	2.68041E+02
3638	591	2.68067E+02
3638	414	2.68067E+02
3535	460	2.68150E+02
3638	374	2.68170E+02
3638	674	2.68265E+02
3532	374	2.68285E+02
3638	723	2.68406E+02
3532	414	2.68470E+02
3532	591	2.68617E+02
10130	797	2.68849E+02
3638	322	2.68882E+02
3532	674	2.68930E+02
3641	804	2.68937E+02
10130	601	2.68967E+02
3532	322	2.69215E+02
10216	631	2.69391E+02
10130	377	2.69741E+02
3532	765	2.69755E+02
10216	765	2.69846E+02
10130	338	2.69848E+02
10216	338	2.69858E+02
10216	377	2.69906E+02
10216	601	2.69955E+02
10130	631	2.69982E+02
10216	272	2.70018E+02
10130	272	2.70110E+02
3532	807	2.70165E+02
10216	224	2.70331E+02
3641	762	2.70338E+02
10130	427	2.70362E+02
10130	224	2.70397E+02
3638	765	2.70445E+02
3535	804	2.70527E+02
10216	427	2.70716E+02
3638	799	2.70773E+02
10216	139	2.70842E+02
10130	139	2.70895E+02
10130	724	2.70920E+02
10216	362	2.70925E+02
3638	807	2.71008E+02
3532	682	2.71025E+02
10130	362	2.71113E+02
3638	224	2.71152E+02
3638	139	2.71158E+02
3532	556	2.71381E+02
3532	139	2.71445E+02
3532	224	2.71446E+02
3638	632	2.71451E+02
3638	272	2.71503E+02
3638	682	2.71529E+02
3641	637	2.71541E+02
3638	335	2.71547E+02
3638	556	2.71567E+02
3638	757	2.71643E+02
3532	799	2.71677E+02
3535	762	2.71694E+02
3532	335	2.71723E+02
3532	272	2.71812E+02
10130	642	2.72054E+02
3532	632	2.72076E+02
3535	637	2.72331E+02
3532	757	2.72479E+02
10130	683	2.72517E+02
10216	413	2.72525E+02
10216	755	2.72627E+02
10216	724	2.72727E+02
10130	413	2.72780E+02
3532	641	2.73191E+02
3638	715	2.73319E+02
3641	720	2.73323E+02
10216	672	2.73331E+02
10216	642	2.73358E+02
10130	807	2.73494E+02
10130	755	2.73527E+02
3532	600	2.73547E+02
3638	641	2.73633E+02
3638	600	2.73877E+02
3641	328	2.73947E+02
10130	672	2.74029E+02
3638	454	2.74039E+02
3535	328	2.74053E+02
3638	362	2.74092E+02
3532	715	2.74094E+02
10216	683	2.74103E+02
10130	558	2.74123E+02
3532	425	2.74126E+02
3638	425	2.74133E+02
3638	546	2.74208E+02
3532	724	2.74455E+02
3532	362	2.74460E+02
3535	720	2.74488E+02
3532	454	2.74497E+02
3638	566	2.74673E+02
3532	546	2.74721E+02
3532	465	2.74815E+02
3641	419	2.74903E+02
3638	465	2.74932E+02
3641	279	2.74946E+02
10216	558	2.74961E+02
3535	279	2.74998E+02
10130	467	2.75022E+02
3535	419	2.75178E+02
3638	724	2.75201E+02
3532	566	2.75204E+02
10216	467	2.75634E+02
3532	808	2.75731E+02
10216	321	2.75761E+02
3641	368	2.75772E+02
10130	321	2.75890E+02
3535	368	2.75955E+02
3532	766	2.75967E+02
10216	807	2.76019E+02
3638	673	2.76042E+02
3638	590	2.76375E+02
3641	232	2.76411E+02
3535	232	2.76432E+02
3638	413	2.76599E+02
3638	375	2.76678E+02
3532	375	2.76755E+02
3532	673	2.76758E+02
3638	808	2.76875E+02
3638	766	2.76934E+02
3532	590	2.76953E+02
3638	321	2.77003E+02
3532	413	2.77010E+02
3638	138	2.77167E+02
3532	321	2.77337E+02
3532	138	2.77454E+02
10216	545	2.77526E+02
10130	545	2.77943E+02
3638	798	2.77963E+02
10216	138	2.78194E+02
3638	223	2.78208E+02
10130	138	2.78240E+02
3641	678	2.78291E+02
3553	814	2.78299E+02
10130	766	2.78401E+02
10216	589	2.78428E+02
10216	713	2.78466E+02
3532	223	2.78501E+02
3659	814	2.78782E+02
3532	683	2.78833E+02
10130	589	2.78938E+02
3532	798	2.78954E+02
10216	223	2.78962E+02
10130	223	2.79020E+02
10216	453	2.79108E+02
10216	796	2.79113E+02
3553	813	2.79123E+02
3641	551	2.79281E+02
10130	713	2.79282E+02
3535	678	2.79294E+02
3659	813	2.79348E+02
3638	271	2.79351E+02
3638	756	2.79415E+02
10130	453	2.79438E+02
3638	683	2.79557E+02
10216	271	2.79618E+02
3532	271	2.79660E+02
10130	271	2.79702E+02
3535	551	2.79805E+02
3638	336	2.79978E+02
3638	631	2.80112E+02
3532	336	2.80135E+02
10130	796	2.80156E+02
3532	756	2.80319E+02
3532	557	2.80605E+02
3659	812	2.80688E+02
3553	812	2.80716E+02
10130	378	2.80723E+02
3532	631	2.80768E+02
10216	766	2.80817E+02
3638	557	2.80910E+02
10216	378	2.80939E+02
10130	602	2.80962E+02
3641	595	2.80994E+02
3553	772	2.81034E+02
3553	771	2.81220E+02
10216	630	2.81235E+02
3641	803	2.81412E+02
3641	459	2.81571E+02
3659	771	2.81603E+02
3553	773	2.81619E+02
3659	772	2.81667E+02
3535	595	2.81668E+02
3553	337	2.81687E+02
3659	337	2.81750E+02
3638	714	2.81752E+02
3553	338	2.81786E+02
10130	630	2.81844E+02
3659	338	2.81866E+02
10216	361	2.81894E+02
3532	642	2.81957E+02
3535	459	2.81969E+02
10130	428	2.82010E+02
10130	361	2.82076E+02
3532	809	2.82082E+02
3553	377	2.82120E+02
3532	725	2.82152E+02
10216	602	2.82185E+02
3659	377	2.82204E+02
3553	770	2.82244E+02
10130	725	2.82293E+02
3659	770	2.82383E+02
10216	428	2.82451E+02
3659	773	2.82504E+02
3553	376	2.82554E+02
3532	714	2.82575E+02
3638	642	2.82589E+02
3659	376	2.82605E+02
3553	336	2.82774E+02
3659	336	2.82821E+02
3532	601	2.82835E+02
3659	811	2.82873E+02
3553	378	2.83006E+02
3638	361	2.83081E+02
3659	378	2.83124E+02
3532	767	2.83127E+02
3535	803	2.83132E+02
3553	811	2.83150E+02
3638	725	2.83155E+02
3553	427	2.83221E+02
3659	427	2.83297E+02
3638	601	2.83320E+02
3638	453	2.83347E+02
3553	729	2.83408E+02
3532	361	2.83451E+02
3641	761	2.83484E+02
3638	809	2.83535E+02
3638	545	2.83535E+02
3553	428	2.83616E+02
3638	137	2.83657E+02
3659	428	2.83747E+02
3532	426	2.83795E+02
3553	730	2.83799E+02
3532	453	2.83813E+02
3659	729	2.83836E+02
3638	426	2.83863E+02
3532	137	2.83943E+02
3553	728	2.83946E+02
10216	412	2.84014E+02
7492	280	2.84052E+02
3532	545	2.84061E+02
3659	769	2.84090E+02
3659	728	2.84146E+02
10130	808	2.84180E+02
3553	769	2.84189E+02
10130	412	2.84264E+02
10130	643	2.84276E+02
3553	426	2.84288E+02
3659	426	2.84311E+02
7492	233	2.84347E+02
3553	375	2.84353E+02
3659	375	2.84373E+02
3638	767	2.84381E+02
7492	279	2.84400E+02
3659	730	2.84460E+02
3553	467	2.84479E+02
10130	684	2.84493E+02
10216	725	2.84511E+02
7492	232	2.84537E+02
3659	467	2.84554E+02
10216	754	2.84635E+02
3532	466	2.84703E+02
3553	468	2.84710E+02
7492	281	2.84756E+02
3659	468	2.84867E+02
3638	466	2.84911E+02
7492	234	2.84946E+02
3535	761	2.84954E+02
7492	329	2.84976E+02
3553	731	2.85037E+02
3553	335	2.85072E+02
3659	335	2.85104E+02
3553	687	2.85115E+02
3553	379	2.85172E+02
3638	672	2.85174E+02
7492	328	2.85217E+02
3659	379	2.85328E+02
3553	686	2.85362E+02
3553	559	2.85399E+02
3553	429	2.85406E+02
3659	727	2.85490E+02
3659	687	2.85497E+02
3553	727	2.85511E+02
3659	559	2.85524E+02
3659	686	2.85540E+02
7492	231	2.85547E+02
10216	671	2.85563E+02
10130	754	2.85577E+02
3659	429	2.85597E+02
3659	466	2.85781E+02
3553	466	2.85783E+02
3638	222	2.85812E+02
7492	278	2.85836E+02
3638	320	2.85843E+02
3641	636	2.85857E+02
10216	643	2.85876E+02
3638	589	2.85883E+02
3553	688	2.85919E+02
3532	672	2.85921E+02
3641	231	2.85927E+02
3659	731	2.85936E+02
3535	231	2.85948E+02
3553	645	2.85950E+02
3659	810	2.85989E+02
10216	137	2.85992E+02
3553	603	2.85993E+02
10130	137	2.86032E+02
3638	412	2.86038E+02
7492	330	2.86046E+02
3553	560	2.86089E+02
3532	222	2.86105E+02
3659	603	2.86135E+02
3532	320	2.86178E+02
3553	558	2.86198E+02
3659	558	2.86215E+02
3659	645	2.86226E+02
3641	278	2.86237E+02
3553	644	2.86271E+02
10130	671	2.86279E+02
3535	278	2.86292E+02
3659	560	2.86328E+02
3659	644	2.86374E+02
3553	469	2.86383E+02
3638	376	2.86392E+02
3532	376	2.86430E+02
3553	604	2.86433E+02
10216	684	2.86433E+02
10216	320	2.86452E+02
3532	412	2.86454E+02
3532	589	2.86477E+02
7492	282	2.86479E+02
3553	810	2.86507E+02
3659	688	2.86512E+02
3638	797	2.86533E+02
7492	369	2.86570E+02
10130	320	2.86574E+02
3641	327	2.86598E+02
3659	469	2.86628E+02
3535	327	2.86710E+02
3535	636	2.86712E+02
3659	604	2.86722E+02
8122	280	2.86733E+02
3659	685	2.86762E+02
3553	685	2.86780E+02
10130	559	2.86787E+02
7492	368	2.86788E+02
7492	327	2.86807E+02
3659	768	2.86823E+02
3553	646	2.86845E+02
3659	425	2.86856E+02
8212	280	2.86859E+02
3553	425	2.86881E+02
3553	602	2.86971E+02
3659	602	2.86976E+02
8122	233	2.87048E+02
3553	732	2.87056E+02
3553	768	2.87153E+02
8212	233	2.87176E+02
8122	279	2.87210E+02
10216	808	2.87230E+02
3659	646	2.87303E+02
8122	281	2.87309E+02
8212	279	2.87334E+02
8122	232	2.87340E+02
3641	719	2.87355E+02
7492	230	2.87409E+02
8212	281	2.87438E+02
8212	232	2.87474E+02
8122	234	2.87547E+02
3659	374	2.87558E+02
3553	374	2.87565E+02
3532	797	2.87579E+02
10130	468	2.87610E+02
8122	329	2.87623E+02
8212	234	2.87670E+02
3553	689	2.87675E+02
8212	329	2.87751E+02
3638	270	2.87787E+02
10216	559	2.87810E+02
3532	684	2.87843E+02
3659	643	2.87886E+02
7492	370	2.87917E+02
3553	643	2.87949E+02
3659	726	2.87988E+02
8122	328	2.88030E+02
10216	381	2.88074E+02
10216	222	2.88089E+02
3532	270	2.88095E+02
10130	222	2.88139E+02
8212	328	2.88141E+02
3553	561	2.88147E+02
3553	605	2.88159E+02
3659	732	2.88196E+02
3553	726	2.88222E+02
10130	381	2.88284E+02
10216	468	2.88355E+02
7492	331	2.88389E+02
7492	277	2.88392E+02
8122	231	2.88453E+02
3553	286	2.88456E+02
3659	689	2.88485E+02
3659	286	2.88498E+02
3659	561	2.88508E+02
3638	755	2.88510E+02
3659	557	2.88523E+02
7492	419	2.88524E+02
8122	330	2.88526E+02
3553	430	2.88530E+02
3553	380	2.88587E+02
8212	231	2.88592E+02
3659	605	2.88601E+02
7492	367	2.88604E+02
3553	557	2.88607E+02
3553	334	2.88608E+02
3535	719	2.88613E+02
3659	334	2.88626E+02
3659	465	2.88642E+02
8212	330	2.88674E+02
3553	465	2.88715E+02
8122	278	2.88775E+02
3659	380	2.88783E+02
3659	430	2.88785E+02
3638	381	2.88789E+02
3638	684	2.88798E+02
7492	420	2.88829E+02
3553	647	2.88836E+02
8212	278	2.88898E+02
8122	282	2.88904E+02
8212	282	2.89037E+02
3532	810	2.89092E+02
3532	381	2.89182E+02
7492	283	2.89193E+02
8122	369	2.89202E+02
3659	684	2.89303E+02
8212	369	2.89336E+02
3641	418	2.89374E+02
3659	601	2.89385E+02
3553	470	2.89405E+02
3638	337	2.89446E+02
3532	755	2.89454E+02
3659	647	2.89481E+02
3553	684	2.89508E+02
3553	601	2.89510E+02
3532	337	2.89581E+02
8122	368	2.89632E+02
3535	418	2.89667E+02
3641	367	2.89685E+02
8212	368	2.89725E+02
10216	270	2.89741E+02
3659	470	2.89743E+02
7492	326	2.89773E+02
8122	327	2.89783E+02
10130	270	2.89816E+02
10216	544	2.89871E+02
3535	367	2.89878E+02
8212	327	2.89880E+02
3638	630	2.89923E+02
7492	418	2.90027E+02
3659	809	2.90137E+02
10130	767	2.90144E+02
7492	229	2.90157E+02
10130	544	2.90284E+02
3553	690	2.90304E+02
8122	370	2.90330E+02
8122	230	2.90418E+02
8212	370	2.90511E+02
3638	136	2.90512E+02
8212	230	2.90564E+02
3532	630	2.90595E+02
8122	331	2.90700E+02
3659	767	2.90704E+02
7492	371	2.90781E+02
3532	136	2.90797E+02
7492	460	2.90810E+02
3532	726	2.90836E+02
3638	810	2.90859E+02
8212	331	2.90872E+02
7492	459	2.90873E+02
3553	809	2.90887E+02
7492	421	2.90910E+02
3659	642	2.90915E+02
10216	588	2.90989E+02
3659	424	2.91002E+02
3553	606	2.91049E+02
3553	424	2.91071E+02
3532	768	2.91093E+02
3553	642	2.91133E+02
10216	712	2.91134E+02
3532	558	2.91240E+02
3553	767	2.91255E+02
10216	452	2.91307E+02
3659	690	2.91334E+02
8122	419	2.91339E+02
8122	420	2.91371E+02
3638	713	2.91395E+02
8212	419	2.91427E+02
8122	277	2.91461E+02
3553	562	2.91462E+02
8122	283	2.91490E+02
10130	588	2.91496E+02
8212	420	2.91534E+02
8212	277	2.91584E+02
8212	283	2.91629E+02
10130	452	2.91631E+02
3659	606	2.91650E+02
8122	367	2.91653E+02
3638	558	2.91673E+02
10216	795	2.91693E+02
8212	367	2.91712E+02
3659	725	2.91782E+02
3553	648	2.91823E+02
3659	562	2.91949E+02
10130	712	2.91965E+02
7492	332	2.91969E+02
3532	643	2.91996E+02
7492	366	2.92025E+02
7492	276	2.92094E+02
3638	726	2.92104E+02
3659	373	2.92207E+02
3553	725	2.92217E+02
3553	373	2.92240E+02
3532	713	2.92243E+02
3553	285	2.92460E+02
3659	285	2.92498E+02
3659	556	2.92565E+02
3638	768	2.92640E+02
3659	648	2.92661E+02
3638	360	2.92698E+02
7492	461	2.92715E+02
3553	556	2.92741E+02
10130	795	2.92767E+02
3638	643	2.92826E+02
7492	551	2.92836E+02
10130	379	2.92868E+02
7492	284	2.92874E+02
8122	326	2.92908E+02
7492	458	2.92921E+02
3553	431	2.92929E+02
8122	371	2.92969E+02
8212	326	2.92995E+02
10216	767	2.93035E+02
3532	360	2.93069E+02
8122	418	2.93101E+02
8212	418	2.93125E+02
10216	379	2.93138E+02
8122	421	2.93164E+02
8212	371	2.93203E+02
3659	464	2.93227E+02
3659	431	2.93251E+02
8122	229	2.93272E+02
3659	683	2.93321E+02
7492	417	2.93335E+02
3553	464	2.93365E+02
8122	460	2.93393E+02
3553	333	2.93409E+02
3659	333	2.93414E+02
8212	421	2.93415E+02
8212	229	2.93423E+02
3641	677	2.93433E+02
10216	360	2.93436E+02
3638	452	2.93448E+02
3532	602	2.93471E+02
3659	600	2.93506E+02
8212	460	2.93553E+02
10130	360	2.93608E+02
3553	471	2.93688E+02
7492	552	2.93690E+02
3553	683	2.93701E+02
3553	691	2.93737E+02
3638	544	2.93738E+02
3553	600	2.93750E+02
8122	459	2.93795E+02
3638	221	2.93798E+02
7492	228	2.93819E+02
8212	459	2.93841E+02
3532	452	2.93916E+02
10216	629	2.94077E+02
3532	221	2.94090E+02
7492	550	2.94103E+02
8122	332	2.94110E+02
10216	136	2.94110E+02
7492	325	2.94114E+02
3638	602	2.94120E+02
3659	471	2.94123E+02
10130	136	2.94142E+02
3532	544	2.94267E+02
8212	332	2.94307E+02
10130	603	2.94389E+02
3535	677	2.94505E+02
10130	629	2.94685E+02
7492	422	2.94709E+02
3532	427	2.94754E+02
3638	427	2.94888E+02
3641	550	2.94915E+02
10130	726	2.94921E+02
8122	461	2.94937E+02
10130	429	2.94941E+02
3659	691	2.94991E+02
3553	607	2.95004E+02
7492	595	2.95037E+02
8122	284	2.95044E+02
7492	372	2.95112E+02
3638	319	2.95168E+02
8212	284	2.95189E+02
8212	461	2.95227E+02
8122	366	2.95271E+02
8122	276	2.95292E+02
8212	366	2.95302E+02
3638	671	2.95349E+02
8212	276	2.95417E+02
3659	808	2.95435E+02
3535	550	2.95470E+02
10216	429	2.95473E+02
3532	319	2.95502E+02
3659	641	2.95618E+02
8122	551	2.95639E+02
8212	551	2.95720E+02
3553	649	2.95728E+02
3659	607	2.95769E+02
3641	802	2.95839E+02
10216	603	2.95857E+02
3659	766	2.95870E+02
10130	809	2.95900E+02
3553	563	2.95932E+02
3532	467	2.95947E+02
3553	641	2.95979E+02
7492	594	2.96000E+02
8122	552	2.96064E+02
10216	411	2.96088E+02
3638	411	2.96102E+02
3532	671	2.96107E+02
8212	458	2.96107E+02
8122	458	2.96155E+02
3638	796	2.96222E+02
3638	467	2.96251E+02
3638	588	2.96273E+02
7492	596	2.96296E+02
8212	552	2.96315E+02
10130	411	2.96327E+02
3641	230	2.96366E+02
3535	230	2.96388E+02
3553	808	2.96407E+02
3532	411	2.96517E+02
7492	462	2.96533E+02
3659	563	2.96551E+02
3638	269	2.96600E+02
8212	417	2.96623E+02
3553	766	2.96630E+02
7492	553	2.96635E+02
3532	811	2.96651E+02
8122	417	2.96651E+02
8122	422	2.96663E+02
7492	333	2.96757E+02
3659	649	2.96763E+02
3659	423	2.96819E+02
3532	588	2.96871E+02
3641	594	2.96881E+02
3532	269	2.96907E+02
7492	457	2.96916E+02
3553	423	2.96928E+02
7492	275	2.96944E+02
8212	422	2.97011E+02
7492	365	2.97016E+02
3659	724	2.97025E+02
8122	228	2.97040E+02
8122	372	2.97070E+02
7492	636	2.97153E+02
8212	228	2.97198E+02
8212	550	2.97236E+02
3532	377	2.97265E+02
3638	377	2.97268E+02
3532	796	2.97294E+02
8122	550	2.97300E+02
3641	458	2.97319E+02
8212	372	2.97362E+02
8122	325	2.97406E+02
7492	549	2.97466E+02
8212	325	2.97485E+02
3553	284	2.97491E+02
7492	285	2.97506E+02
3659	284	2.97525E+02
10216	221	2.97531E+02
10216	319	2.97550E+02
10216	726	2.97561E+02
10130	221	2.97574E+02
3535	594	2.97596E+02
3638	135	2.97597E+02
3553	724	2.97649E+02
3535	802	2.97659E+02
10130	319	2.97662E+02
10216	753	2.97733E+02
3535	458	2.97739E+02
10130	685	2.97765E+02
8122	595	2.97784E+02
10130	644	2.97857E+02
3532	135	2.97882E+02
8212	595	2.97885E+02
3532	685	2.97899E+02
3638	339	2.97952E+02
7492	635	2.98240E+02
3532	339	2.98303E+02
7492	637	2.98349E+02
3659	372	2.98372E+02
8122	462	2.98372E+02
7492	416	2.98389E+02
7492	227	2.98409E+02
3553	372	2.98427E+02
3659	555	2.98458E+02
8122	596	2.98517E+02
3553	432	2.98543E+02
8122	553	2.98546E+02
3638	754	2.98631E+02
10130	753	2.98681E+02
3641	760	2.98682E+02
3553	555	2.98717E+02
10216	670	2.98723E+02
8122	333	2.98724E+02
3641	277	2.98731E+02
3638	811	2.98737E+02
3535	277	2.98788E+02
8212	462	2.98809E+02
8212	596	2.98849E+02
3659	432	2.98936E+02
8212	333	2.98950E+02
3659	682	2.98978E+02
8212	553	2.98991E+02
3638	685	2.99092E+02
8212	594	2.99128E+02
3553	472	2.99152E+02
7492	593	2.99158E+02
7492	677	2.99186E+02
8122	594	2.99224E+02
10130	670	2.99434E+02
3659	599	2.99476E+02
10216	809	2.99483E+02
3659	332	2.99496E+02
3553	332	2.99502E+02
3553	682	2.99521E+02
8122	285	2.99549E+02
3532	754	2.99589E+02
3659	463	2.99630E+02
3659	472	2.99688E+02
8212	285	2.99701E+02
7492	597	2.99734E+02
3532	769	2.99736E+02
10216	644	2.99763E+02
7492	324	2.99796E+02
3553	463	2.99826E+02
3553	599	2.99828E+02
7492	678	2.99918E+02
3638	338	2.99919E+02
8122	636	2.99934E+02
3553	608	2.99942E+02
8212	636	3.00017E+02
3532	338	3.00031E+02
10216	685	3.00071E+02
7492	423	3.00157E+02
10216	269	3.00160E+02
10130	269	3.00227E+02
3535	760	3.00237E+02
8122	275	3.00269E+02
10216	339	3.00286E+02
8212	457	3.00311E+02
3532	727	3.00363E+02
8212	275	3.00398E+02
10130	339	3.00422E+02
8122	457	3.00435E+02
8122	365	3.00448E+02
8212	365	3.00459E+02
3553	650	3.00482E+02
8122	637	3.00509E+02
3638	629	3.00554E+02
3641	326	3.00683E+02
7492	676	3.00764E+02
3535	326	3.00799E+02
10130	560	3.00818E+02
8212	549	3.00835E+02
7492	373	3.00861E+02
3659	608	3.00875E+02
8212	637	3.00884E+02
8122	549	3.01016E+02
7492	142	3.01072E+02
3532	629	3.01228E+02
7492	719	3.01255E+02
7492	718	3.01311E+02
8122	597	3.01384E+02
8212	635	3.01415E+02
3553	564	3.01474E+02
10130	469	3.01524E+02
8122	635	3.01579E+02
7492	634	3.01581E+02
3638	769	3.01582E+02
7492	554	3.01594E+02
3659	650	3.01718E+02
8122	227	3.01736E+02
7492	638	3.01784E+02
8122	423	3.01800E+02
8212	416	3.01861E+02
8212	227	3.01901E+02
3638	727	3.01903E+02
3638	712	3.01925E+02
8122	416	3.01930E+02
8212	597	3.01979E+02
3638	220	3.01980E+02
3659	807	3.02020E+02
10216	560	3.02033E+02
8122	677	3.02117E+02
8212	677	3.02124E+02
8122	678	3.02143E+02
3659	640	3.02151E+02
7492	463	3.02182E+02
3659	564	3.02229E+02
8212	423	3.02254E+02
3532	220	3.02272E+02
3641	635	3.02303E+02
10216	135	3.02400E+02
10216	469	3.02410E+02
10130	135	3.02427E+02
3659	765	3.02474E+02
8212	678	3.02495E+02
8212	593	3.02550E+02
8122	373	3.02582E+02
3553	640	3.02642E+02
3638	359	3.02678E+02
7492	760	3.02678E+02
7492	334	3.02724E+02
7492	456	3.02756E+02
3532	712	3.02778E+02
10216	543	3.02793E+02
8122	593	3.02806E+02
7492	548	3.02827E+02
7492	274	3.02910E+02
7492	679	3.02920E+02
10130	768	3.02924E+02
8212	373	3.02939E+02
8122	554	3.03011E+02
3532	359	3.03047E+02
7492	286	3.03078E+02
3532	644	3.03158E+02
7492	568	3.03171E+02
3532	559	3.03179E+02
10130	543	3.03192E+02
3553	807	3.03201E+02
3535	635	3.03204E+02
8122	324	3.03238E+02
8122	638	3.03265E+02
8212	324	3.03313E+02
3553	765	3.03429E+02
7492	720	3.03474E+02
3641	718	3.03489E+02
7492	364	3.03491E+02
3553	283	3.03558E+02
3659	283	3.03588E+02
8122	463	3.03619E+02
7492	717	3.03671E+02
8212	554	3.03674E+02
8122	719	3.03690E+02
3638	559	3.03744E+02
7492	759	3.03767E+02
7492	761	3.03846E+02
3659	723	3.03883E+02
7492	226	3.03917E+02
8212	719	3.03937E+02
10216	451	3.03970E+02
8212	638	3.03972E+02
8212	676	3.04038E+02
3638	451	3.04039E+02
10216	587	3.04165E+02
3638	644	3.04195E+02
8212	463	3.04217E+02
10130	451	3.04279E+02
8122	676	3.04323E+02
8122	679	3.04366E+02
3659	422	3.04380E+02
8212	718	3.04380E+02
7492	592	3.04412E+02
7492	802	3.04429E+02
8122	142	3.04437E+02
3638	543	3.04498E+02
7492	801	3.04503E+02
3532	451	3.04505E+02
8122	334	3.04517E+02
8122	718	3.04523E+02
3553	422	3.04524E+02
10216	711	3.04605E+02
7492	675	3.04611E+02
8212	142	3.04623E+02
10130	587	3.04657E+02
3532	812	3.04665E+02
3553	723	3.04682E+02
3638	318	3.04731E+02
3638	134	3.04773E+02
8212	334	3.04774E+02
3535	718	3.04814E+02
8122	286	3.04993E+02
3532	543	3.05025E+02
8212	634	3.05044E+02
8122	720	3.05045E+02
3532	134	3.05057E+02
3532	318	3.05064E+02
7492	415	3.05075E+02
8212	679	3.05114E+02
8212	286	3.05154E+02
10216	794	3.05165E+02
3641	366	3.05208E+02
10216	359	3.05258E+02
7492	598	3.05259E+02
3532	603	3.05322E+02
3535	366	3.05408E+02
8122	634	3.05408E+02
10130	359	3.05418E+02
10130	711	3.05422E+02
8122	760	3.05481E+02
8212	760	3.05531E+02
3638	268	3.05574E+02
3641	417	3.05613E+02
8122	761	3.05719E+02
3553	473	3.05721E+02
8212	720	3.05742E+02
3553	609	3.05796E+02
7492	141	3.05862E+02
3532	268	3.05881E+02
3535	417	3.05917E+02
3659	371	3.06104E+02
3638	603	3.06141E+02
10130	380	3.06141E+02
3553	371	3.06179E+02
3638	670	3.06226E+02
10130	794	3.06230E+02
8212	761	3.06259E+02
8122	598	3.06297E+02
10216	768	3.06301E+02
3659	554	3.06309E+02
8212	456	3.06350E+02
8122	274	3.06361E+02
3659	473	3.06362E+02
8212	548	3.06418E+02
3659	681	3.06440E+02
10216	380	3.06468E+02
8212	274	3.06494E+02
7492	803	3.06496E+02
3638	410	3.06506E+02
8122	456	3.06531E+02
3553	554	3.06641E+02
8122	548	3.06689E+02
3638	795	3.06722E+02
7492	323	3.06733E+02
8212	568	3.06770E+02
8122	802	3.06783E+02
7492	800	3.06790E+02
3659	609	3.06902E+02
3659	331	3.06902E+02
3553	331	3.06917E+02
3532	410	3.06919E+02
3532	428	3.06946E+02
3532	670	3.06981E+02
8212	759	3.07026E+02
8212	802	3.07058E+02
7492	633	3.07064E+02
3638	812	3.07072E+02
8122	568	3.07072E+02
10216	220	3.07090E+02
8212	364	3.07094E+02
8122	364	3.07097E+02
8212	717	3.07097E+02
7492	758	3.07120E+02
10130	220	3.07125E+02
3553	681	3.07130E+02
3638	428	3.07149E+02
7492	762	3.07174E+02
7492	424	3.07183E+02
8212	598	3.07186E+02
3638	587	3.07213E+02
7492	639	3.07351E+02
8122	226	3.07351E+02
8122	759	3.07397E+02
3659	598	3.07424E+02
10216	628	3.07507E+02
8212	226	3.07524E+02
8122	717	3.07564E+02
8212	801	3.07587E+02
3641	229	3.07755E+02
8122	803	3.07772E+02
3535	229	3.07777E+02
3532	795	3.07793E+02
3532	587	3.07807E+02
8122	801	3.07829E+02
7492	721	3.07859E+02
3553	598	3.07873E+02
3659	462	3.07939E+02
7492	374	3.07980E+02
3553	565	3.08018E+02
8122	762	3.08027E+02
8212	592	3.08048E+02
7492	680	3.08080E+02
10130	628	3.08095E+02
8122	639	3.08102E+02
3553	462	3.08185E+02
8212	675	3.08194E+02
7492	716	3.08274E+02
8122	592	3.08429E+02
10216	410	3.08433E+02
3532	468	3.08464E+02
7492	555	3.08464E+02
10130	810	3.08476E+02
8122	721	3.08490E+02
8122	424	3.08504E+02
10130	727	3.08613E+02
8212	803	3.08638E+02
10130	410	3.08658E+02
8122	680	3.08683E+02
8122	675	3.08713E+02
8212	415	3.08723E+02
10216	318	3.08792E+02
8122	415	3.08820E+02
3532	686	3.08856E+02
3638	468	3.08869E+02
10130	318	3.08893E+02
3659	565	3.08912E+02
3532	770	3.08944E+02
8212	424	3.09075E+02
10130	430	3.09091E+02
10130	604	3.09093E+02
8212	762	3.09123E+02
8212	639	3.09179E+02
3532	378	3.09221E+02
3638	378	3.09267E+02
8122	141	3.09315E+02
8122	555	3.09361E+02
3638	753	3.09447E+02
8122	374	3.09459E+02
8212	141	3.09508E+02
7492	464	3.09571E+02
8212	721	3.09692E+02
10216	430	3.09720E+02
7492	335	3.09844E+02
8212	680	3.09873E+02
8212	374	3.09886E+02
7492	273	3.09921E+02
7492	547	3.10014E+02
3659	806	3.10040E+02
3638	219	3.10176E+02
8212	555	3.10262E+02
7492	455	3.10271E+02
8212	800	3.10291E+02
3638	686	3.10293E+02
7492	225	3.10302E+02
8122	323	3.10320E+02
7492	567	3.10322E+02
8212	323	3.10394E+02
3532	753	3.10397E+02
3532	219	3.10467E+02
7492	804	3.10555E+02
8122	464	3.10587E+02
7492	674	3.10598E+02
3532	728	3.10603E+02
10216	268	3.10644E+02
3641	676	3.10656E+02
3659	639	3.10658E+02
8122	804	3.10663E+02
3553	282	3.10677E+02
3659	764	3.10678E+02
10130	268	3.10702E+02
3659	282	3.10704E+02
10216	134	3.10715E+02
10130	134	3.10735E+02
8212	758	3.10748E+02
8212	633	3.10790E+02
10216	604	3.10815E+02
8122	800	3.10968E+02
3638	770	3.11092E+02
3553	639	3.11266E+02
7492	799	3.11269E+02
7492	363	3.11305E+02
8122	633	3.11309E+02
7492	140	3.11348E+02
8212	464	3.11363E+02
3553	806	3.11413E+02
8122	335	3.11460E+02
8122	758	3.11463E+02
10216	752	3.11466E+02
7492	591	3.11583E+02
3638	628	3.11667E+02
10216	727	3.11685E+02
8212	335	3.11752E+02
3535	676	3.11773E+02
3553	764	3.11812E+02
3638	133	3.11903E+02
8212	716	3.12022E+02
10130	686	3.12152E+02
8212	804	3.12184E+02
3532	133	3.12186E+02
3641	801	3.12212E+02
8122	763	3.12256E+02
3532	628	3.12331E+02
10216	669	3.12383E+02
10130	752	3.12388E+02
3638	728	3.12420E+02
3641	276	3.12422E+02
3535	276	3.12481E+02
3641	549	3.12485E+02
7492	763	3.12499E+02
3659	722	3.12523E+02
10216	810	3.12600E+02
10130	645	3.12624E+02
7492	757	3.12651E+02
7492	599	3.12744E+02
8122	716	3.12746E+02
3638	358	3.12765E+02
3638	711	3.12999E+02
3532	813	3.13055E+02
3535	549	3.13060E+02
10130	669	3.13068E+02
3532	358	3.13130E+02
8122	599	3.13133E+02
3638	287	3.13161E+02
7492	414	3.13213E+02
3532	287	3.13478E+02
3553	722	3.13480E+02
8122	273	3.13495E+02
8212	273	3.13634E+02
3659	421	3.13751E+02
8212	547	3.13811E+02
3532	711	3.13839E+02
8122	225	3.13842E+02
8122	722	3.13867E+02
3553	421	3.13926E+02
8212	763	3.13963E+02
8212	225	3.14022E+02
8212	455	3.14052E+02
3535	801	3.14100E+02
8212	567	3.14132E+02
8122	547	3.14148E+02
7492	722	3.14241E+02
8122	455	3.14273E+02
3638	317	3.14305E+02
8212	599	3.14344E+02
8212	674	3.14458E+02
7492	632	3.14494E+02
3638	267	3.14506E+02
8122	567	3.14507E+02
3532	317	3.14636E+02
