GRAM	c2h2	chi_tot
5159	277	4.06088E+01
5159	229	4.06363E+01
5159	327	4.06941E+01
5159	278	4.07057E+01
5159	230	4.07991E+01
5159	228	4.08232E+01
5159	328	4.08924E+01
5159	276	4.09022E+01
5159	326	4.09122E+01
5159	368	4.10084E+01
5056	277	4.10538E+01
5056	229	4.10814E+01
5159	367	4.10967E+01
5159	279	4.11515E+01
5056	327	4.11519E+01
5056	278	4.11836E+01
5159	142	4.12113E+01
5056	228	4.12342E+01
5159	231	4.12708E+01
5056	230	4.12767E+01
5056	276	4.13126E+01
5056	326	4.13371E+01
5159	369	4.13594E+01
5056	328	4.13811E+01
5159	227	4.13944E+01
5159	329	4.14665E+01
5056	368	4.14798E+01
5159	419	4.14921E+01
5056	367	4.15388E+01
5159	325	4.15821E+01
5056	142	4.15866E+01
5159	275	4.16211E+01
5159	366	4.16580E+01
5056	279	4.16607E+01
5159	418	4.17174E+01
5159	420	4.17460E+01
5056	227	4.17700E+01
5056	231	4.17794E+01
5056	369	4.18580E+01
5159	280	4.19057E+01
5056	419	4.19613E+01
5056	325	4.19724E+01
5056	329	4.19845E+01
5056	275	4.19955E+01
5159	232	4.20100E+01
5159	141	4.20149E+01
5056	366	4.20687E+01
5159	370	4.21122E+01
5056	418	4.21608E+01
5159	460	4.22280E+01
5056	420	4.22381E+01
5159	459	4.22938E+01
5056	141	4.23563E+01
5159	226	4.23734E+01
5159	330	4.23782E+01
5056	280	4.24445E+01
5159	421	4.24450E+01
5159	417	4.24490E+01
5056	232	4.25480E+01
5056	370	4.26359E+01
5159	461	4.26546E+01
5056	460	4.27103E+01
5056	226	4.27126E+01
5159	365	4.27156E+01
5159	324	4.27269E+01
5056	459	4.27569E+01
5159	274	4.27884E+01
5056	417	4.28640E+01
5159	458	4.28789E+01
5056	330	4.29235E+01
5159	281	4.29331E+01
5056	421	4.29577E+01
5159	233	4.29789E+01
5056	324	4.30812E+01
5056	365	4.30929E+01
5159	552	4.31080E+01
5056	274	4.31256E+01
5056	461	4.31529E+01
5159	551	4.31535E+01
5159	140	4.31855E+01
5159	371	4.32310E+01
5056	458	4.33193E+01
7836	141	4.34361E+01
5056	140	4.34923E+01
5056	281	4.34999E+01
7836	140	4.35369E+01
5159	462	4.35409E+01
5056	233	4.35449E+01
5159	422	4.35543E+01
5159	553	4.35693E+01
5159	331	4.35950E+01
7836	226	4.35981E+01
5056	552	4.35984E+01
5056	551	4.36314E+01
7836	142	4.36850E+01
5159	416	4.37017E+01
7836	274	4.37078E+01
5159	550	4.37306E+01
5159	225	4.37684E+01
7836	227	4.37686E+01
7836	275	4.37765E+01
5056	371	4.37780E+01
7836	225	4.38278E+01
7836	324	4.38304E+01
7836	139	4.39929E+01
7746	141	4.39941E+01
7746	140	4.39944E+01
7836	325	4.39952E+01
5159	457	4.39987E+01
5056	462	4.40522E+01
5056	553	4.40680E+01
5056	225	4.40706E+01
7836	273	4.40815E+01
5056	422	4.40852E+01
5056	416	4.40858E+01
5159	596	4.40870E+01
7836	365	4.41040E+01
7836	323	4.41394E+01
5159	234	4.41468E+01
7746	226	4.41536E+01
5056	331	4.41663E+01
5056	550	4.41916E+01
5159	282	4.42057E+01
5159	595	4.42261E+01
7746	274	4.42539E+01
7836	276	4.42694E+01
7746	225	4.42750E+01
7836	364	4.42762E+01
5159	364	4.42765E+01
7836	228	4.43191E+01
7746	142	4.43420E+01
7746	139	4.43496E+01
5159	323	4.43515E+01
5159	273	4.44080E+01
5056	457	4.44130E+01
7746	324	4.44155E+01
7746	227	4.44306E+01
7746	275	4.44327E+01
7836	366	4.44335E+01
7836	224	4.44611E+01
5159	597	4.44658E+01
5159	554	4.45057E+01
7746	273	4.45157E+01
7836	416	4.45210E+01
5056	596	4.45869E+01
7746	323	4.46138E+01
7836	326	4.46150E+01
5056	364	4.46185E+01
5056	323	4.46685E+01
5159	372	4.46860E+01
7746	325	4.46883E+01
5056	273	4.47071E+01
5159	139	4.47158E+01
5056	595	4.47201E+01
7746	365	4.47366E+01
5056	234	4.47393E+01
7836	417	4.47398E+01
7836	138	4.47928E+01
5056	282	4.47993E+01
7746	224	4.47995E+01
7746	364	4.48031E+01
7836	415	4.48342E+01
5159	549	4.48523E+01
5159	463	4.48536E+01
7836	272	4.48956E+01
5159	594	4.49049E+01
7836	322	4.49214E+01
7836	363	4.49520E+01
5056	597	4.49664E+01
5056	139	4.49878E+01
5056	554	4.50089E+01
7746	276	4.50325E+01
5159	423	4.50421E+01
7746	138	4.50495E+01
7746	228	4.50850E+01
5159	332	4.50927E+01
7836	457	4.51043E+01
7746	416	4.51416E+01
7836	277	4.51524E+01
7746	366	4.51675E+01
5159	637	4.51933E+01
7836	229	4.52168E+01
7746	272	4.52174E+01
7836	456	4.52196E+01
7836	367	4.52446E+01
5056	372	4.52546E+01
7746	322	4.52835E+01
5056	549	4.52920E+01
5159	598	4.53318E+01
7746	415	4.53551E+01
7746	363	4.53701E+01
5056	463	4.53748E+01
5056	594	4.53874E+01
5159	638	4.53933E+01
7746	326	4.54123E+01
7746	417	4.54547E+01
5159	415	4.54729E+01
7836	418	4.54793E+01
7836	223	4.54820E+01
5159	636	4.55166E+01
7836	458	4.55446E+01
5159	224	4.55686E+01
7656	140	4.55821E+01
5056	423	4.55892E+01
7656	141	4.56187E+01
5159	456	4.56525E+01
7836	327	4.56554E+01
7836	414	4.56721E+01
5056	332	4.56886E+01
5159	283	4.57029E+01
5056	637	4.57094E+01
7746	223	4.57128E+01
7746	457	4.57717E+01
7656	226	4.57764E+01
7746	456	4.57990E+01
7836	549	4.58100E+01
5425	374	4.58223E+01
5056	415	4.58235E+01
5056	598	4.58282E+01
5056	224	4.58335E+01
7656	225	4.58582E+01
7836	548	4.58602E+01
7656	274	4.58719E+01
5425	425	4.58827E+01
5159	555	4.58833E+01
7836	455	4.58858E+01
7656	139	4.59001E+01
5056	638	4.59032E+01
7836	137	4.59078E+01
5425	375	4.59174E+01
5425	426	4.59343E+01
7656	142	4.60028E+01
7746	277	4.60187E+01
5056	636	4.60325E+01
5425	373	4.60352E+01
5056	456	4.60372E+01
5425	334	4.60416E+01
7656	324	4.60461E+01
7746	137	4.60670E+01
7746	367	4.60752E+01
7746	229	4.60830E+01
7836	568	4.60861E+01
5159	639	4.60880E+01
7746	414	4.60886E+01
7656	275	4.60897E+01
7656	227	4.60923E+01
7656	273	4.60939E+01
5425	333	4.60961E+01
7836	362	4.61126E+01
7836	271	4.61252E+01
5159	593	4.61320E+01
5425	466	4.61352E+01
7836	321	4.61537E+01
5425	424	4.61702E+01
7656	323	4.62066E+01
5425	335	4.62511E+01
7746	418	4.62823E+01
7746	458	4.62921E+01
5425	376	4.63003E+01
5425	427	4.63022E+01
5425	465	4.63080E+01
5425	467	4.63105E+01
5056	283	4.63221E+01
5159	363	4.63273E+01
7836	550	4.63358E+01
7746	271	4.63359E+01
7656	224	4.63429E+01
5322	374	4.63439E+01
7656	325	4.63551E+01
7746	455	4.63702E+01
5159	635	4.63809E+01
7656	365	4.63819E+01
7836	278	4.63826E+01
5056	555	4.63873E+01
5322	375	4.63950E+01
7746	321	4.64034E+01
5322	425	4.64091E+01
5322	426	4.64095E+01
7656	364	4.64151E+01
7746	362	4.64200E+01
7836	230	4.64207E+01
5159	679	4.64334E+01
5425	332	4.64350E+01
5159	322	4.64392E+01
5159	373	4.64544E+01
5159	272	4.64611E+01
7746	548	4.64722E+01
7836	547	4.64798E+01
5159	678	4.64864E+01
7746	549	4.64967E+01
7836	368	4.65040E+01
5159	548	4.65153E+01
5425	284	4.65194E+01
7836	459	4.65272E+01
5322	334	4.65513E+01
7746	327	4.65526E+01
5159	464	4.65610E+01
7656	138	4.65631E+01
7836	593	4.65707E+01
5425	285	4.65780E+01
5425	372	4.65800E+01
5159	138	4.65802E+01
5056	639	4.65855E+01
5425	558	4.65927E+01
5056	593	4.65975E+01
5322	373	4.66005E+01
5056	363	4.66326E+01
5322	466	4.66422E+01
5322	333	4.66435E+01
5159	599	4.66503E+01
7836	592	4.66642E+01
5425	283	4.66937E+01
7746	568	4.67049E+01
5425	336	4.67067E+01
7836	567	4.67125E+01
7836	419	4.67131E+01
5056	322	4.67181E+01
5056	272	4.67220E+01
5322	335	4.67228E+01
5322	427	4.67257E+01
7656	276	4.67272E+01
5322	376	4.67331E+01
5322	424	4.67470E+01
7656	272	4.67552E+01
5322	467	4.67586E+01
5425	559	4.67629E+01
5425	557	4.67760E+01
7656	416	4.67839E+01
7656	228	4.67843E+01
5425	468	4.68092E+01
5056	138	4.68178E+01
5425	423	4.68232E+01
7656	322	4.68375E+01
7656	366	4.68437E+01
5425	286	4.68516E+01
5159	333	4.68539E+01
7836	222	4.68551E+01
5425	464	4.68561E+01
5322	465	4.68729E+01
5159	680	4.68772E+01
5159	568	4.68805E+01
5159	424	4.68818E+01
5056	635	4.68898E+01
5056	548	4.69293E+01
7656	363	4.69468E+01
5425	377	4.69526E+01
5056	679	4.69640E+01
5425	428	4.69666E+01
7656	415	4.69688E+01
7746	222	4.69806E+01
7836	413	4.70058E+01
7746	547	4.70073E+01
5322	332	4.70199E+01
5056	678	4.70289E+01
5056	373	4.70431E+01
5322	284	4.70564E+01
5159	677	4.70613E+01
7836	594	4.70682E+01
7836	328	4.70736E+01
7836	454	4.70777E+01
5322	285	4.70823E+01
5425	331	4.70827E+01
7746	550	4.70866E+01
5056	464	4.70896E+01
5322	558	4.71033E+01
7656	326	4.71135E+01
7656	417	4.71222E+01
5425	282	4.71225E+01
5056	599	4.71380E+01
5322	336	4.71398E+01
5322	372	4.71889E+01
5322	468	4.71972E+01
5322	559	4.72069E+01
5425	602	4.72108E+01
7656	223	4.72165E+01
5159	640	4.72422E+01
7746	567	4.72499E+01
5425	560	4.72582E+01
5425	603	4.72629E+01
5322	283	4.72633E+01
7746	593	4.72641E+01
7836	136	4.72941E+01
7746	592	4.72963E+01
5056	568	4.73030E+01
7746	413	4.73147E+01
5322	286	4.73229E+01
5322	428	4.73371E+01
7836	591	4.73378E+01
5322	377	4.73399E+01
5425	556	4.73432E+01
7746	459	4.73464E+01
7746	278	4.73477E+01
5322	557	4.73518E+01
7746	136	4.73593E+01
7746	230	4.73834E+01
7836	634	4.73882E+01
5056	680	4.73885E+01
5425	337	4.73918E+01
5159	284	4.74092E+01
7746	368	4.74260E+01
7836	551	4.74261E+01
7656	457	4.74279E+01
7656	456	4.74347E+01
5056	424	4.74431E+01
5322	423	4.74500E+01
7746	454	4.74612E+01
5056	333	4.74732E+01
5322	464	4.74781E+01
5425	371	4.74856E+01
5425	601	4.75143E+01
7656	137	4.75444E+01
7746	419	4.75977E+01
5056	677	4.76078E+01
5425	469	4.76080E+01
7836	633	4.76119E+01
5322	560	4.76342E+01
5425	604	4.76385E+01
7836	546	4.76422E+01
5159	556	4.76689E+01
7656	414	4.76706E+01
5159	720	4.76738E+01
5322	331	4.77054E+01
7836	361	4.77172E+01
5056	640	4.77217E+01
7836	270	4.77245E+01
5322	282	4.77248E+01
5322	603	4.77296E+01
5159	414	4.77390E+01
5159	223	4.77426E+01
7656	277	4.77493E+01
5322	602	4.77510E+01
7836	635	4.77635E+01
7656	367	4.77798E+01
5159	681	4.77833E+01
5322	337	4.77856E+01
5159	634	4.77891E+01
7836	320	4.77926E+01
5159	721	4.78093E+01
7746	594	4.78094E+01
5425	463	4.78104E+01
7656	229	4.78185E+01
5159	455	4.78198E+01
7746	270	4.78266E+01
5425	234	4.78279E+01
5425	281	4.78320E+01
7656	271	4.78334E+01
5425	378	4.78575E+01
5425	422	4.78725E+01
5425	644	4.78809E+01
7836	566	4.78845E+01
7836	231	4.78872E+01
7746	591	4.78957E+01
5159	592	4.78993E+01
5425	429	4.79080E+01
7746	361	4.79136E+01
7836	279	4.79157E+01
7656	321	4.79181E+01
7746	320	4.79314E+01
5322	469	4.79347E+01
7656	362	4.79598E+01
7656	458	4.79640E+01
5056	223	4.79706E+01
7656	418	4.79716E+01
7656	455	4.79809E+01
5322	556	4.79832E+01
7836	460	4.80252E+01
5322	604	4.80302E+01
5159	719	4.80312E+01
5425	643	4.80374E+01
5425	645	4.80459E+01
5425	561	4.80515E+01
5056	284	4.80530E+01
5056	414	4.80541E+01
7746	328	4.80659E+01
5425	330	4.80695E+01
7387	373	4.80720E+01
7746	546	4.80765E+01
7746	634	4.80874E+01
7387	333	4.81064E+01
7656	548	4.81234E+01
5322	601	4.81265E+01
5322	371	4.81381E+01
7836	595	4.81494E+01
7656	549	4.81598E+01
5159	676	4.81705E+01
5056	556	4.81705E+01
7836	369	4.81711E+01
5056	455	4.81719E+01
7387	332	4.81912E+01
7387	374	4.81927E+01
5322	378	4.81981E+01
5425	600	4.82075E+01
5322	429	4.82244E+01
7746	551	4.82303E+01
5056	720	4.82392E+01
7746	633	4.82617E+01
5056	681	4.82686E+01
5056	634	4.82842E+01
7656	327	4.82861E+01
5425	338	4.82910E+01
7387	372	4.82945E+01
7836	675	4.82954E+01
7387	424	4.83053E+01
5425	605	4.83073E+01
7387	334	4.83143E+01
5425	555	4.83274E+01
7746	566	4.83312E+01
5056	592	4.83422E+01
5056	721	4.83504E+01
5322	561	4.83581E+01
7656	568	4.83606E+01
5159	600	4.83854E+01
5322	644	4.83998E+01
7836	420	4.84057E+01
5159	722	4.84062E+01
7836	632	4.84172E+01
5322	234	4.84348E+01
7387	425	4.84391E+01
7387	283	4.84452E+01
7656	222	4.84456E+01
5322	281	4.84676E+01
5425	233	4.84696E+01
7387	284	4.84719E+01
7836	676	4.84735E+01
5322	645	4.84837E+01
5322	463	4.84889E+01
7746	635	4.84952E+01
5425	646	4.84997E+01
5159	374	4.85189E+01
7836	221	4.85266E+01
5322	422	4.85491E+01
5425	642	4.85504E+01
7746	221	4.85509E+01
7387	423	4.85529E+01
7836	590	4.85604E+01
7387	331	4.85913E+01
5056	719	4.86121E+01
5322	605	4.86222E+01
5425	686	4.86242E+01
7387	375	4.86344E+01
5159	465	4.86355E+01
5322	643	4.86357E+01
7656	547	4.86406E+01
5322	338	4.86441E+01
7387	282	4.86774E+01
5425	470	4.86839E+01
5159	547	4.86973E+01
5056	676	4.87129E+01
7836	674	4.87153E+01
5322	330	4.87303E+01
5425	685	4.87346E+01
5159	137	4.87358E+01
7836	636	4.87359E+01
7387	285	4.87379E+01
7836	453	4.87494E+01
7656	550	4.87552E+01
7836	412	4.87852E+01
5425	370	4.87858E+01
7387	465	4.87869E+01
7387	335	4.87963E+01
5425	687	4.88007E+01
7656	136	4.88018E+01
5159	641	4.88176E+01
7836	329	4.88259E+01
7387	464	4.88269E+01
5159	362	4.88324E+01
5322	646	4.88545E+01
5425	280	4.88553E+01
5056	600	4.88602E+01
7656	413	4.88626E+01
5159	334	4.88660E+01
7746	135	4.88725E+01
7387	371	4.88874E+01
7656	567	4.88897E+01
5322	600	4.88902E+01
7836	135	4.88966E+01
5159	718	4.89019E+01
5159	271	4.89057E+01
7746	460	4.89079E+01
5056	722	4.89149E+01
7746	595	4.89247E+01
7387	426	4.89291E+01
7656	593	4.89345E+01
5056	137	4.89397E+01
7746	231	4.89420E+01
5322	470	4.89478E+01
5159	321	4.89503E+01
7656	592	4.89632E+01
7746	279	4.89752E+01
5159	762	4.89831E+01
7746	412	4.89851E+01
5425	379	4.89987E+01
7746	632	4.90015E+01
7746	675	4.90070E+01
7746	453	4.90278E+01
7656	459	4.90293E+01
5322	555	4.90303E+01
7746	590	4.90325E+01
7656	454	4.90429E+01
5159	425	4.90519E+01
7836	552	4.90554E+01
5056	547	4.90815E+01
5159	567	4.90846E+01
5056	362	4.91001E+01
5322	233	4.91064E+01
5425	430	4.91072E+01
7836	381	4.91082E+01
5159	682	4.91125E+01
7656	278	4.91125E+01
5425	562	4.91162E+01
5056	374	4.91263E+01
5056	271	4.91286E+01
5322	686	4.91405E+01
7387	466	4.91439E+01
7656	230	4.91535E+01
7656	368	4.91563E+01
5425	684	4.91661E+01
5056	465	4.91692E+01
7746	369	4.91793E+01
5056	321	4.91910E+01
5159	761	4.91914E+01
7387	281	4.91933E+01
7746	676	4.92048E+01
5425	462	4.92050E+01
5425	647	4.92117E+01
7387	422	4.92118E+01
5322	642	4.92262E+01
7387	286	4.92272E+01
5322	687	4.92292E+01
5159	763	4.92310E+01
5425	688	4.92324E+01
5425	606	4.92400E+01
7836	677	4.92548E+01
7746	381	4.92567E+01
7836	717	4.92592E+01
5056	641	4.92741E+01
7656	270	4.92847E+01
5322	379	4.92911E+01
7387	463	4.92945E+01
7836	545	4.93007E+01
7656	419	4.93054E+01
7387	234	4.93062E+01
5159	285	4.93123E+01
5425	599	4.93263E+01
7836	716	4.93336E+01
7387	330	4.93352E+01
5322	685	4.93367E+01
5322	562	4.93517E+01
5425	421	4.93532E+01
7746	420	4.93656E+01
5322	430	4.93679E+01
7387	376	4.93785E+01
5425	728	4.93825E+01
5425	232	4.93857E+01
7746	674	4.93869E+01
7656	320	4.94067E+01
7387	556	4.94140E+01
7656	361	4.94154E+01
5159	723	4.94259E+01
5425	329	4.94317E+01
5425	641	4.94568E+01
7387	557	4.94591E+01
7656	594	4.94752E+01
5322	606	4.94763E+01
5056	567	4.94780E+01
5322	647	4.94817E+01
5322	370	4.94821E+01
7746	636	4.94829E+01
5056	718	4.94890E+01
5425	729	4.94969E+01
5056	334	4.95077E+01
5425	727	4.95228E+01
5322	280	4.95247E+01
7387	336	4.95365E+01
7656	591	4.95511E+01
5056	682	4.95656E+01
5322	688	4.95711E+01
5056	762	4.95712E+01
7836	232	4.95745E+01
5056	425	4.96256E+01
7746	269	4.96281E+01
7836	269	4.96303E+01
7746	545	4.96349E+01
7656	546	4.96861E+01
7836	360	4.97048E+01
7836	673	4.97087E+01
7836	280	4.97114E+01
5159	633	4.97270E+01
7387	427	4.97544E+01
5425	554	4.97634E+01
7836	631	4.97670E+01
7656	634	4.97710E+01
7836	319	4.97756E+01
5056	763	4.97826E+01
7836	718	4.97856E+01
7387	233	4.97864E+01
7836	596	4.97915E+01
7746	360	4.97917E+01
5056	761	4.98064E+01
7746	319	4.98065E+01
5159	675	4.98102E+01
7387	555	4.98132E+01
7656	328	4.98297E+01
5159	557	4.98318E+01
5425	730	4.98353E+01
5322	684	4.98520E+01
7387	467	4.98714E+01
5159	760	4.98827E+01
7387	370	4.98835E+01
5425	689	4.98893E+01
5056	723	4.98948E+01
7656	551	4.98982E+01
5159	764	4.98990E+01
7746	552	4.99023E+01
7746	329	4.99088E+01
7387	558	4.99151E+01
5322	728	4.99190E+01
5322	462	4.99393E+01
5322	729	4.99403E+01
7656	566	4.99488E+01
7656	633	4.99489E+01
5425	726	4.99508E+01
5425	683	4.99552E+01
7656	221	4.99785E+01
5056	285	4.99798E+01
7746	677	4.99849E+01
7836	715	4.99959E+01
7836	461	5.00032E+01
7746	717	5.00050E+01
5425	471	5.00138E+01
7387	280	5.00240E+01
5322	232	5.00531E+01
7746	716	5.00690E+01
11300	140	5.00772E+01
5322	599	5.00778E+01
5322	421	5.00795E+01
5322	329	5.01313E+01
5322	689	5.01362E+01
5322	727	5.01504E+01
5425	648	5.01527E+01
7656	635	5.01651E+01
5425	770	5.01688E+01
5425	771	5.01708E+01
11300	141	5.01771E+01
7836	758	5.01775E+01
5159	591	5.01798E+01
5322	730	5.01835E+01
7387	600	5.01859E+01
5056	633	5.02015E+01
7387	601	5.02037E+01
7836	370	5.02052E+01
5322	641	5.02083E+01
5322	471	5.02130E+01
7387	462	5.02237E+01
5425	279	5.02312E+01
5159	222	5.02385E+01
7746	631	5.02715E+01
7656	135	5.02817E+01
7836	589	5.02817E+01
7836	637	5.02865E+01
5159	717	5.02915E+01
7387	421	5.03166E+01
7746	673	5.03211E+01
5056	557	5.03278E+01
11300	139	5.03320E+01
5322	648	5.03358E+01
5056	675	5.03403E+01
11300	226	5.03418E+01
11300	225	5.03439E+01
5159	804	5.03542E+01
7746	220	5.03580E+01
5425	380	5.03611E+01
5425	772	5.03676E+01
5425	731	5.03680E+01
5425	769	5.03917E+01
7836	759	5.04037E+01
5056	764	5.04055E+01
5425	607	5.04087E+01
7387	377	5.04088E+01
5425	563	5.04262E+01
7836	220	5.04295E+01
11300	274	5.04295E+01
5056	222	5.04304E+01
5159	413	5.04544E+01
7387	329	5.04578E+01
5159	454	5.04592E+01
5159	803	5.04755E+01
7656	412	5.04970E+01
5159	601	5.05025E+01
5056	760	5.05145E+01
7746	718	5.05172E+01
7836	421	5.05181E+01
5425	369	5.05186E+01
7387	337	5.05206E+01
5322	554	5.05282E+01
7387	232	5.05409E+01
7836	757	5.05409E+01
11300	273	5.05435E+01
5425	431	5.05446E+01
7746	134	5.05471E+01
5322	607	5.05644E+01
7656	453	5.05770E+01
7656	595	5.05780E+01
7746	596	5.05874E+01
5322	563	5.05886E+01
5056	591	5.05950E+01
7656	460	5.05973E+01
5322	380	5.06035E+01
5425	231	5.06156E+01
5322	731	5.06188E+01
11300	142	5.06238E+01
7836	678	5.06256E+01
7387	599	5.06270E+01
11300	324	5.06408E+01
7387	602	5.06432E+01
5159	805	5.06477E+01
7836	339	5.06481E+01
11300	323	5.06485E+01
7836	134	5.06550E+01
5322	771	5.06576E+01
7746	589	5.06584E+01
7746	339	5.06617E+01
5322	726	5.06671E+01
7656	590	5.06690E+01
7656	632	5.06824E+01
7387	554	5.06927E+01
7746	715	5.06970E+01
5425	725	5.07012E+01
7656	675	5.07129E+01
7746	232	5.07173E+01
5322	683	5.07228E+01
5425	773	5.07309E+01
5056	413	5.07326E+01
11300	227	5.07380E+01
5425	690	5.07427E+01
7656	231	5.07449E+01
7656	381	5.07462E+01
5322	431	5.07477E+01
11300	224	5.07504E+01
7387	559	5.07517E+01
5322	770	5.07525E+01
5322	772	5.07554E+01
11300	275	5.07595E+01
7656	279	5.07722E+01
5159	642	5.07761E+01
5056	454	5.07761E+01
5425	640	5.07949E+01
5159	683	5.08243E+01
5159	724	5.08267E+01
7836	452	5.08368E+01
7746	280	5.08610E+01
5159	375	5.08661E+01
11300	364	5.08690E+01
5425	768	5.08712E+01
7836	330	5.08741E+01
5056	717	5.08754E+01
7656	676	5.08897E+01
5425	813	5.08915E+01
5322	690	5.08955E+01
7387	428	5.08962E+01
7836	719	5.09059E+01
5425	598	5.09072E+01
5425	814	5.09183E+01
11300	138	5.09328E+01
7656	369	5.09329E+01
5322	279	5.09354E+01
7746	461	5.09415E+01
7836	411	5.09424E+01
7387	468	5.09458E+01
5159	765	5.09464E+01
7746	758	5.09552E+01
5056	601	5.09606E+01
5056	804	5.09687E+01
7387	642	5.10039E+01
7746	452	5.10076E+01
5322	773	5.10172E+01
7746	637	5.10322E+01
7746	411	5.10335E+01
5425	812	5.10337E+01
5159	802	5.10428E+01
7656	269	5.10481E+01
11300	365	5.10529E+01
5159	466	5.10533E+01
5425	732	5.10670E+01
5322	769	5.10702E+01
5159	759	5.10711E+01
5425	461	5.10756E+01
7656	420	5.10882E+01
7656	674	5.11016E+01
11300	272	5.11026E+01
7387	641	5.11118E+01
11300	325	5.11128E+01
5159	335	5.11182E+01
5159	136	5.11248E+01
5056	803	5.11276E+01
7656	636	5.11291E+01
11300	322	5.11385E+01
5425	682	5.11408E+01
7746	759	5.11589E+01
7836	800	5.11722E+01
7836	553	5.11891E+01
11300	363	5.12041E+01
5056	642	5.12049E+01
7387	279	5.12073E+01
5425	328	5.12102E+01
7836	714	5.12134E+01
5056	805	5.12144E+01
7656	545	5.12157E+01
5322	732	5.12179E+01
7836	760	5.12207E+01
7836	672	5.12314E+01
5056	683	5.12395E+01
7656	319	5.12432E+01
5056	724	5.12492E+01
7656	360	5.12553E+01
5322	369	5.12591E+01
7836	799	5.12734E+01
7746	370	5.12947E+01
5425	649	5.12954E+01
5056	136	5.12963E+01
11300	415	5.12991E+01
5425	420	5.13022E+01
7746	757	5.13129E+01
5322	231	5.13146E+01
5159	806	5.13176E+01
7387	369	5.13201E+01
7387	643	5.13262E+01
7746	678	5.13342E+01
5159	546	5.13560E+01
5425	811	5.13734E+01
5322	814	5.13795E+01
5322	649	5.13892E+01
7836	544	5.13911E+01
11300	416	5.13975E+01
5056	765	5.14000E+01
5159	286	5.14021E+01
7836	233	5.14468E+01
5322	813	5.14540E+01
7387	603	5.14691E+01
7836	756	5.14725E+01
5056	375	5.14911E+01
5322	725	5.15041E+01
11300	228	5.15103E+01
11300	276	5.15121E+01
5159	426	5.15349E+01
7746	421	5.15472E+01
11300	223	5.15484E+01
7656	552	5.15636E+01
7387	598	5.15658E+01
5425	472	5.15748E+01
5056	466	5.15898E+01
7746	719	5.15990E+01
7836	630	5.16057E+01
7387	231	5.16077E+01
5322	640	5.16200E+01
7746	544	5.16203E+01
7656	677	5.16366E+01
5425	767	5.16407E+01
5322	768	5.16421E+01
7836	801	5.16508E+01
7387	461	5.16508E+01
7746	268	5.16680E+01
5159	270	5.16789E+01
5425	553	5.16867E+01
7387	640	5.16910E+01
5322	812	5.16953E+01
7656	329	5.17007E+01
5056	546	5.17067E+01
5322	472	5.17072E+01
5056	759	5.17089E+01
7387	378	5.17104E+01
7656	717	5.17181E+01
5056	802	5.17218E+01
5322	598	5.17259E+01
5159	361	5.17343E+01
7387	338	5.17353E+01
7836	281	5.17377E+01
7656	220	5.17501E+01
11300	366	5.17501E+01
11300	414	5.17509E+01
5159	566	5.17640E+01
5425	691	5.17655E+01
7746	672	5.17670E+01
7836	268	5.17691E+01
5056	335	5.17814E+01
5425	608	5.17867E+01
11300	456	5.17980E+01
7656	716	5.18079E+01
5425	724	5.18116E+01
5322	691	5.18215E+01
5159	320	5.18245E+01
5056	806	5.18276E+01
11300	137	5.18535E+01
7746	714	5.18578E+01
5322	608	5.18595E+01
5056	270	5.18647E+01
5322	461	5.18649E+01
8033	141	5.18939E+01
7387	683	5.19026E+01
7387	420	5.19043E+01
7746	760	5.19250E+01
7656	134	5.19251E+01
7656	631	5.19368E+01
7387	560	5.19404E+01
5425	810	5.19409E+01
7836	798	5.19441E+01
5322	328	5.19493E+01
7746	318	5.19546E+01
5425	564	5.19562E+01
5159	674	5.19591E+01
7836	597	5.19607E+01
5056	361	5.19639E+01
7746	800	5.19738E+01
7746	359	5.19801E+01
5322	682	5.19877E+01
7387	328	5.19993E+01
7836	359	5.19997E+01
5425	278	5.20032E+01
11300	455	5.20099E+01
7746	630	5.20178E+01
8033	142	5.20213E+01
7387	684	5.20255E+01
7836	318	5.20269E+01
5056	320	5.20273E+01
7656	673	5.20327E+01
7387	644	5.20394E+01
11300	326	5.20423E+01
11300	362	5.20429E+01
5322	564	5.20432E+01
7746	330	5.20434E+01
11300	417	5.20495E+01
7746	553	5.20686E+01
5159	801	5.20771E+01
5322	420	5.20780E+01
11300	271	5.20854E+01
8033	226	5.20872E+01
7387	553	5.20893E+01
11300	321	5.20915E+01
5056	286	5.20923E+01
7656	339	5.20954E+01
7746	799	5.21005E+01
8033	140	5.21155E+01
5056	426	5.21194E+01
5056	566	5.21243E+01
8033	227	5.21298E+01
5322	811	5.21319E+01
8033	275	5.21393E+01
5159	632	5.21616E+01
11300	457	5.21722E+01
5159	716	5.21891E+01
7656	718	5.21901E+01
5425	432	5.22013E+01
5425	230	5.22023E+01
8033	274	5.22111E+01
7746	756	5.22116E+01
7387	682	5.22180E+01
7656	596	5.22205E+01
11218	140	5.22268E+01
7656	589	5.22692E+01
8033	324	5.22812E+01
8033	325	5.22897E+01
9878	470	5.23085E+01
9878	562	5.23197E+01
5159	807	5.23231E+01
7746	133	5.23239E+01
7746	219	5.23296E+01
5159	766	5.23312E+01
7387	429	5.23371E+01
5159	558	5.23436E+01
5322	432	5.23445E+01
7387	469	5.23449E+01
11218	141	5.23644E+01
7836	638	5.23835E+01
7746	801	5.23945E+01
9878	561	5.24034E+01
9878	471	5.24156E+01
7836	462	5.24235E+01
9878	606	5.24338E+01
7836	588	5.24346E+01
11218	139	5.24436E+01
11300	548	5.24439E+01
8033	225	5.24447E+01
7656	715	5.24474E+01
5056	674	5.24689E+01
9878	430	5.24731E+01
8033	365	5.24768E+01
11218	225	5.24866E+01
7836	219	5.24905E+01
8033	276	5.24918E+01
5322	767	5.25017E+01
9878	469	5.25042E+01
7656	411	5.25082E+01
7836	133	5.25095E+01
9878	605	5.25096E+01
5322	553	5.25120E+01
7656	452	5.25216E+01
11218	226	5.25256E+01
9878	563	5.25409E+01
11300	547	5.25420E+01
7387	685	5.25443E+01
7656	232	5.25511E+01
8033	228	5.25532E+01
7836	679	5.25573E+01
5159	725	5.25674E+01
7836	371	5.25709E+01
9878	647	5.25933E+01
7836	720	5.25961E+01
9878	429	5.25982E+01
5425	639	5.26027E+01
11218	274	5.26067E+01
5056	632	5.26090E+01
7836	761	5.26107E+01
5425	650	5.26137E+01
5322	650	5.26156E+01
9878	431	5.26236E+01
11300	229	5.26238E+01
8033	366	5.26301E+01
7656	461	5.26331E+01
7656	637	5.26451E+01
7387	604	5.26486E+01
11300	568	5.26486E+01
11300	277	5.26510E+01
9878	607	5.26637E+01
7746	233	5.26737E+01
11218	273	5.26779E+01
7656	280	5.26884E+01
8033	139	5.26908E+01
5322	724	5.26986E+01
7836	802	5.26990E+01
11300	222	5.27053E+01
7746	588	5.27085E+01
7656	758	5.27101E+01
5425	368	5.27230E+01
8033	273	5.27244E+01
5056	766	5.27251E+01
11300	413	5.27277E+01
11300	567	5.27344E+01
5425	766	5.27357E+01
5322	278	5.27430E+01
8033	323	5.27442E+01
9878	646	5.27462E+01
9878	648	5.27499E+01
8033	326	5.27520E+01
5159	758	5.27548E+01
5056	716	5.27602E+01
5425	681	5.27624E+01
7746	597	5.27644E+01
7746	798	5.27650E+01
5425	809	5.27682E+01
5056	807	5.27684E+01
5056	801	5.27712E+01
7387	639	5.27830E+01
7387	278	5.27856E+01
11300	454	5.27865E+01
5322	810	5.27938E+01
11218	323	5.27948E+01
9878	472	5.28020E+01
9878	560	5.28198E+01
8033	364	5.28212E+01
9878	688	5.28242E+01
11218	324	5.28298E+01
7387	725	5.28306E+01
5056	558	5.28313E+01
9878	689	5.28449E+01
11218	142	5.28481E+01
11218	224	5.28519E+01
7656	759	5.28696E+01
5159	684	5.28788E+01
9878	379	5.28927E+01
8033	416	5.29136E+01
9878	604	5.29219E+01
5159	590	5.29278E+01
7836	755	5.29308E+01
5322	230	5.29338E+01
7836	713	5.29340E+01
9878	380	5.29345E+01
8033	417	5.29353E+01
11300	367	5.29369E+01
5056	725	5.29375E+01
7656	678	5.29410E+01
11218	227	5.29622E+01
11300	549	5.29624E+01
11137	140	5.29683E+01
5159	602	5.29687E+01
7387	724	5.29708E+01
7746	281	5.29736E+01
11218	275	5.29786E+01
5425	597	5.29856E+01
5159	221	5.29871E+01
11218	138	5.30065E+01
7836	422	5.30136E+01
7387	681	5.30156E+01
9878	428	5.30189E+01
9878	730	5.30205E+01
9878	468	5.30267E+01
7387	230	5.30290E+01
9878	432	5.30310E+01
11218	364	5.30317E+01
7387	597	5.30405E+01
9878	564	5.30405E+01
7656	268	5.30516E+01
11300	136	5.30527E+01
7656	370	5.30691E+01
5159	643	5.30810E+01
7387	726	5.30930E+01
7656	757	5.30954E+01
9878	378	5.30999E+01
7387	645	5.31068E+01
7746	638	5.31118E+01
11137	141	5.31178E+01
9878	687	5.31193E+01
11300	458	5.31325E+01
11300	592	5.31346E+01
5056	221	5.31442E+01
9878	731	5.31464E+01
9878	690	5.31491E+01
7836	797	5.31539E+01
7656	544	5.31681E+01
9878	608	5.31712E+01
11137	139	5.31731E+01
9878	729	5.31843E+01
9878	649	5.31857E+01
7836	331	5.31896E+01
11218	272	5.31942E+01
8033	224	5.32046E+01
7656	719	5.32177E+01
7836	671	5.32211E+01
7746	679	5.32248E+01
11300	591	5.32263E+01
11137	225	5.32264E+01
7746	720	5.32274E+01
11300	546	5.32339E+01
8033	277	5.32356E+01
7387	368	5.32363E+01
7746	761	5.32368E+01
11300	418	5.32394E+01
9878	645	5.32407E+01
11218	322	5.32415E+01
5056	684	5.32511E+01
11218	365	5.32573E+01
9878	772	5.32609E+01
8033	367	5.32619E+01
7836	451	5.32623E+01
7387	379	5.32695E+01
11137	226	5.32781E+01
7656	421	5.32818E+01
5056	590	5.33104E+01
5425	723	5.33212E+01
11218	363	5.33242E+01
7746	451	5.33252E+01
8033	229	5.33252E+01
5322	609	5.33368E+01
11218	325	5.33437E+01
5425	473	5.33452E+01
11300	361	5.33477E+01
5425	609	5.33497E+01
9878	771	5.33498E+01
7746	802	5.33535E+01
7656	318	5.33539E+01
11137	274	5.33572E+01
7746	410	5.33820E+01
5056	758	5.33877E+01
11300	327	5.33920E+01
8033	457	5.33934E+01
7836	410	5.33976E+01
7656	359	5.34059E+01
5056	602	5.34065E+01
5322	473	5.34082E+01
7746	462	5.34098E+01
11137	273	5.34155E+01
8033	415	5.34167E+01
7387	686	5.34196E+01
11300	566	5.34208E+01
9878	773	5.34354E+01
9878	473	5.34458E+01
5425	327	5.34467E+01
11300	270	5.34492E+01
11218	415	5.34544E+01
7387	561	5.34547E+01
5425	460	5.34563E+01
7656	672	5.34646E+01
11300	320	5.34667E+01
8033	418	5.34716E+01
7836	234	5.34771E+01
5056	643	5.34777E+01
5159	376	5.34842E+01
5322	639	5.34992E+01
7746	713	5.35017E+01
9878	814	5.35062E+01
5322	368	5.35082E+01
5159	453	5.35094E+01
9878	732	5.35292E+01
11137	323	5.35364E+01
5159	412	5.35534E+01
7387	723	5.35580E+01
9878	813	5.35662E+01
9878	377	5.35718E+01
7656	760	5.35751E+01
11137	224	5.35787E+01
11137	324	5.35839E+01
5159	800	5.35847E+01
11218	416	5.35932E+01
9878	559	5.35979E+01
5159	336	5.36000E+01
7656	714	5.36060E+01
8033	138	5.36072E+01
11218	223	5.36090E+01
8033	458	5.36092E+01
7387	460	5.36113E+01
7746	755	5.36117E+01
11137	142	5.36131E+01
5159	808	5.36239E+01
8033	327	5.36347E+01
7656	630	5.36592E+01
8033	363	5.36639E+01
7746	671	5.36652E+01
9878	728	5.36726E+01
7656	133	5.36730E+01
8033	272	5.36756E+01
8033	322	5.36766E+01
5159	135	5.36803E+01
5425	565	5.36826E+01
11300	593	5.36838E+01
5322	766	5.36840E+01
5322	681	5.36860E+01
7656	219	5.36884E+01
5322	565	5.36915E+01
9878	603	5.37031E+01
9878	691	5.37062E+01
5322	809	5.37131E+01
7387	727	5.37165E+01
7656	553	5.37177E+01
8033	456	5.37231E+01
11137	138	5.37240E+01
11137	227	5.37273E+01
9878	770	5.37369E+01
7746	371	5.37370E+01
7656	800	5.37383E+01
11137	275	5.37419E+01
5425	419	5.37548E+01
9878	427	5.37558E+01
9878	686	5.37645E+01
7746	287	5.37648E+01
11218	276	5.37720E+01
11218	228	5.37735E+01
11137	364	5.37785E+01
7836	554	5.37887E+01
5056	453	5.37892E+01
5159	467	5.37933E+01
5056	412	5.37937E+01
9878	565	5.37940E+01
7387	767	5.37945E+01
9878	338	5.38160E+01
5056	135	5.38209E+01
7387	766	5.38344E+01
7836	543	5.38357E+01
11300	633	5.38453E+01
7836	629	5.38615E+01
7656	330	5.38616E+01
11218	414	5.38646E+01
5322	597	5.38697E+01
7746	267	5.38705E+01
9878	650	5.38729E+01
5425	808	5.38891E+01
11218	137	5.38901E+01
9878	812	5.38986E+01
9878	467	5.39012E+01
7656	799	5.39097E+01
11137	272	5.39186E+01
9878	609	5.39301E+01
11300	590	5.39315E+01
7836	287	5.39353E+01
7746	797	5.39383E+01
7746	543	5.39570E+01
11137	322	5.39704E+01
11218	456	5.39709E+01
7836	282	5.39718E+01
11218	366	5.39948E+01
5056	808	5.39974E+01
7387	327	5.40012E+01
7656	756	5.40054E+01
7387	419	5.40110E+01
5159	767	5.40133E+01
11137	365	5.40153E+01
11300	632	5.40202E+01
11300	230	5.40366E+01
7387	552	5.40379E+01
8033	549	5.40430E+01
7387	470	5.40468E+01
5159	381	5.40521E+01
11137	363	5.40592E+01
7387	430	5.40596E+01
7836	267	5.40640E+01
11300	453	5.40848E+01
7656	801	5.40956E+01
11300	550	5.40985E+01
7746	422	5.41063E+01
11137	325	5.41097E+01
9878	644	5.41119E+01
11218	362	5.41199E+01
7387	768	5.41224E+01
5056	376	5.41256E+01
5425	552	5.41297E+01
11300	278	5.41314E+01
11218	271	5.41347E+01
11218	455	5.41436E+01
7746	132	5.41484E+01
7387	605	5.41510E+01
11218	321	5.41514E+01
11300	221	5.41704E+01
7746	629	5.41716E+01
11300	412	5.41822E+01
5425	229	5.41875E+01
5425	765	5.41934E+01
11137	415	5.41999E+01
5425	277	5.42140E+01
5322	327	5.42263E+01
9878	337	5.42460E+01
5056	381	5.42695E+01
5056	800	5.42819E+01
5056	336	5.42838E+01
11218	417	5.42838E+01
7387	765	5.42851E+01
7656	588	5.42878E+01
5322	723	5.42894E+01
7836	803	5.42894E+01
7746	317	5.42954E+01
5322	460	5.42999E+01
11218	326	5.43135E+01
5159	427	5.43156E+01
8033	550	5.43163E+01
11137	223	5.43229E+01
9878	376	5.43258E+01
11300	634	5.43279E+01
8033	278	5.43280E+01
5056	467	5.43304E+01
8033	548	5.43318E+01
7387	680	5.43388E+01
8033	368	5.43395E+01
5056	767	5.43413E+01
11137	416	5.43485E+01
8033	223	5.43497E+01
8033	459	5.43583E+01
7656	597	5.43702E+01
11218	457	5.43823E+01
7746	218	5.43947E+01
7746	358	5.43972E+01
8033	230	5.44049E+01
7836	132	5.44052E+01
7387	638	5.44270E+01
5159	545	5.44306E+01
8033	414	5.44359E+01
7746	331	5.44413E+01
9878	769	5.44595E+01
7836	317	5.44651E+01
11300	545	5.44755E+01
11300	135	5.44776E+01
7387	646	5.44944E+01
8033	419	5.44970E+01
11300	381	5.44977E+01
7836	358	5.45187E+01
9878	727	5.45223E+01
7656	233	5.45368E+01
7836	762	5.45400E+01
9878	811	5.45403E+01
11137	276	5.45476E+01
11137	228	5.45508E+01
8033	568	5.45573E+01
5159	715	5.45655E+01
11300	368	5.45766E+01
5159	673	5.45775E+01
5322	419	5.45800E+01
11300	674	5.45901E+01
8033	455	5.45922E+01
11137	137	5.45960E+01
11137	414	5.45994E+01
7656	798	5.46004E+01
5159	726	5.46084E+01
7387	687	5.46149E+01
7836	598	5.46174E+01
11218	548	5.46229E+01
7387	722	5.46375E+01
7836	218	5.46379E+01
11300	459	5.46604E+01
7387	728	5.46624E+01
7656	638	5.46826E+01
11218	547	5.46847E+01
7746	554	5.46913E+01
5159	269	5.47028E+01
11137	456	5.47211E+01
11218	222	5.47259E+01
1741	372	5.47339E+01
7387	808	5.47441E+01
5056	545	5.47448E+01
7387	809	5.47456E+01
11137	366	5.47633E+01
9878	558	5.47680E+01
7656	679	5.47757E+01
7387	769	5.47778E+01
7656	720	5.47787E+01
1741	373	5.47816E+01
7746	234	5.47844E+01
8033	593	5.47959E+01
9878	685	5.47970E+01
11218	413	5.47991E+01
7387	277	5.48015E+01
7656	451	5.48021E+01
7656	761	5.48108E+01
7836	721	5.48182E+01
11300	631	5.48186E+01
7656	410	5.48191E+01
7746	803	5.48250E+01
11218	568	5.48278E+01
7656	281	5.48298E+01
9878	426	5.48300E+01
1741	424	5.48314E+01
8033	137	5.48350E+01
11137	362	5.48427E+01
11137	271	5.48460E+01
7387	229	5.48462E+01
7836	796	5.48523E+01
5056	269	5.48528E+01
7836	754	5.48559E+01
5425	680	5.48578E+01
11137	321	5.48674E+01
1741	332	5.48677E+01
11218	567	5.48782E+01
11300	594	5.48792E+01
11218	454	5.48796E+01
11137	455	5.48851E+01
9878	602	5.48875E+01
1741	423	5.48926E+01
8033	328	5.48952E+01
5056	427	5.49094E+01
9878	336	5.49143E+01
5159	757	5.49146E+01
5425	638	5.49149E+01
5056	726	5.49208E+01
11300	673	5.49208E+01
1741	331	5.49215E+01
5322	808	5.49232E+01
11300	675	5.49246E+01
11218	229	5.49247E+01
11300	419	5.49366E+01
7836	587	5.49392E+01
11218	277	5.49500E+01
5322	229	5.49528E+01
5159	360	5.49564E+01
7656	802	5.49734E+01
5159	319	5.49841E+01
8033	362	5.49845E+01
7836	639	5.49862E+01
5322	277	5.49907E+01
7836	680	5.50095E+01
5322	552	5.50142E+01
8033	594	5.50148E+01
1741	371	5.50215E+01
8033	271	5.50387E+01
5159	631	5.50419E+01
11137	417	5.50480E+01
11218	136	5.50535E+01
8033	321	5.50543E+01
5056	673	5.50596E+01
11300	360	5.50602E+01
7746	762	5.50622E+01
7387	380	5.50738E+01
7387	810	5.50814E+01
7387	596	5.50853E+01
7836	712	5.50888E+01
11137	326	5.50909E+01
7656	462	5.50997E+01
1741	333	5.51012E+01
7746	587	5.51052E+01
1741	425	5.51104E+01
5056	715	5.51147E+01
11300	328	5.51170E+01
7387	807	5.51189E+01
7656	287	5.51252E+01
11300	269	5.51332E+01
1741	374	5.51395E+01
11137	457	5.51400E+01
8033	551	5.51417E+01
5056	360	5.51483E+01
5056	319	5.51499E+01
8033	592	5.51504E+01
9878	466	5.51538E+01
1741	464	5.51701E+01
11218	549	5.51748E+01
8033	547	5.51751E+01
5159	559	5.51784E+01
5159	809	5.51817E+01
1741	465	5.51831E+01
7387	764	5.51921E+01
11300	589	5.52020E+01
11300	319	5.52042E+01
7656	267	5.52201E+01
11218	367	5.52201E+01
5322	765	5.52261E+01
1741	282	5.52284E+01
7656	713	5.52351E+01
5159	685	5.52387E+01
7836	372	5.52411E+01
7836	463	5.52500E+01
1851	372	5.52605E+01
7387	562	5.52685E+01
5425	722	5.52692E+01
1741	330	5.52890E+01
7746	282	5.52906E+01
11218	592	5.53124E+01
1741	422	5.53222E+01
11218	546	5.53382E+01
5425	807	5.53388E+01
7656	671	5.53388E+01
1741	281	5.53564E+01
1741	283	5.53592E+01
7746	721	5.53659E+01
11218	591	5.53709E+01
11137	548	5.53746E+01
11218	458	5.53774E+01
9878	375	5.53809E+01
11218	361	5.53820E+01
1851	423	5.53966E+01
9878	643	5.53977E+01
11300	715	5.54003E+01
7656	755	5.54015E+01
1851	373	5.54031E+01
1851	331	5.54036E+01
8033	567	5.54131E+01
7746	598	5.54169E+01
11137	222	5.54273E+01
11137	547	5.54300E+01
5425	367	5.54340E+01
1851	332	5.54363E+01
1851	424	5.54397E+01
1851	371	5.54515E+01
7746	754	5.54565E+01
5056	631	5.54567E+01
11218	270	5.54571E+01
7656	543	5.54686E+01
7656	132	5.54709E+01
5056	809	5.54773E+01
11300	635	5.54798E+01
11218	320	5.54843E+01
11218	418	5.55103E+01
11300	716	5.55213E+01
11137	413	5.55225E+01
11218	566	5.55270E+01
7656	371	5.55302E+01
9878	810	5.55305E+01
5056	757	5.55320E+01
1741	463	5.55330E+01
1741	466	5.55442E+01
5159	799	5.55557E+01
9878	768	5.55572E+01
7746	712	5.55628E+01
5056	685	5.55633E+01
7746	796	5.55728E+01
11137	568	5.55796E+01
5425	596	5.55923E+01
1741	334	5.56009E+01
7836	670	5.56009E+01
11137	454	5.56114E+01
8033	460	5.56145E+01
7746	680	5.56177E+01
11137	567	5.56243E+01
5056	559	5.56548E+01
8033	634	5.56549E+01
7656	317	5.56590E+01
7387	367	5.56677E+01
1741	557	5.56717E+01
1741	370	5.56752E+01
7746	639	5.56823E+01
1851	330	5.56824E+01
5159	644	5.56975E+01
11218	327	5.57018E+01
1851	464	5.57021E+01
11300	231	5.57040E+01
1741	426	5.57063E+01
7387	811	5.57123E+01
1741	556	5.57128E+01
11137	229	5.57136E+01
1851	422	5.57204E+01
7387	770	5.57228E+01
7656	218	5.57230E+01
8033	279	5.57245E+01
1741	284	5.57253E+01
8033	635	5.57289E+01
11137	277	5.57373E+01
1851	282	5.57475E+01
11137	136	5.57481E+01
8033	231	5.57482E+01
7836	332	5.57528E+01
5159	603	5.57532E+01
1851	333	5.57547E+01
1741	280	5.57723E+01
9878	726	5.57731E+01
7656	797	5.57817E+01
7656	629	5.57818E+01
7656	358	5.57861E+01
1741	375	5.57864E+01
1741	234	5.57893E+01
1851	281	5.57964E+01
8033	595	5.58010E+01
1851	425	5.58220E+01
8033	369	5.58228E+01
1851	465	5.58278E+01
11300	551	5.58351E+01
9878	335	5.58385E+01
11300	452	5.58417E+01
8033	222	5.58430E+01
7656	422	5.58500E+01
1851	374	5.58545E+01
5322	680	5.58553E+01
7836	423	5.58611E+01
11300	672	5.58746E+01
11300	220	5.58791E+01
5322	638	5.58801E+01
1741	233	5.58816E+01
11218	593	5.58912E+01
7387	729	5.58949E+01
7746	450	5.58979E+01
5159	220	5.59074E+01
11300	279	5.59080E+01
7387	806	5.59138E+01
11137	549	5.59312E+01
8033	413	5.59409E+01
7836	450	5.59417E+01
7746	670	5.59417E+01
11300	339	5.59418E+01
11300	714	5.59420E+01
11300	676	5.59437E+01
7387	606	5.59467E+01
7746	409	5.59478E+01
1851	463	5.59514E+01
5159	768	5.59547E+01
1851	283	5.59552E+01
7746	131	5.59739E+01
8033	454	5.59743E+01
8033	420	5.59764E+01
1741	558	5.59834E+01
11137	367	5.59983E+01
1741	329	5.60032E+01
1851	370	5.60063E+01
11218	633	5.60183E+01
7387	471	5.60298E+01
5056	220	5.60317E+01
11218	590	5.60401E+01
7387	431	5.60466E+01
11300	411	5.60480E+01
5425	764	5.60525E+01
5056	644	5.60581E+01
11137	592	5.60643E+01
8033	591	5.60659E+01
7836	409	5.60666E+01
11300	134	5.60695E+01
11137	546	5.60755E+01
5159	589	5.60799E+01
11137	361	5.60923E+01
7387	688	5.60963E+01
11137	591	5.61187E+01
1851	280	5.61306E+01
7387	459	5.61355E+01
11218	453	5.61364E+01
1741	555	5.61370E+01
11137	458	5.61411E+01
1741	421	5.61521E+01
11218	221	5.61525E+01
11137	270	5.61557E+01
8033	633	5.61579E+01
11218	632	5.61630E+01
7746	266	5.61633E+01
5056	603	5.61673E+01
11300	757	5.61693E+01
7387	647	5.61706E+01
5425	326	5.61775E+01
11300	630	5.61858E+01
11137	320	5.61874E+01
11300	544	5.62031E+01
5056	768	5.62113E+01
11218	412	5.62113E+01
1741	232	5.62219E+01
7387	679	5.62262E+01
1741	467	5.62282E+01
1851	556	5.62292E+01
5056	799	5.62438E+01
7387	721	5.62525E+01
9878	684	5.62576E+01
5322	367	5.62640E+01
9878	425	5.62654E+01
11137	566	5.62656E+01
7746	463	5.62775E+01
11137	418	5.62823E+01
7656	331	5.62840E+01
1851	234	5.62874E+01
7836	131	5.62953E+01
5159	337	5.63003E+01
1851	466	5.63008E+01
1741	462	5.63034E+01
1851	329	5.63051E+01
1741	285	5.63075E+01
1851	233	5.63078E+01
1851	557	5.63086E+01
11300	756	5.63106E+01
5322	722	5.63153E+01
1741	601	5.63208E+01
7656	554	5.63232E+01
8033	136	5.63291E+01
5159	134	5.63326E+01
11300	717	5.63336E+01
1851	334	5.63378E+01
11218	550	5.63414E+01
7656	803	5.63468E+01
1741	335	5.63488E+01
5159	339	5.63530E+01
5159	377	5.63611E+01
9878	557	5.63628E+01
11218	230	5.63733E+01
5425	459	5.63752E+01
8033	636	5.63796E+01
7836	804	5.63802E+01
1851	284	5.63965E+01
7836	283	5.63980E+01
5056	589	5.64261E+01
7836	266	5.64421E+01
1851	421	5.64427E+01
5056	134	5.64443E+01
11218	135	5.64443E+01
7836	628	5.64510E+01
5322	807	5.64588E+01
11218	278	5.64677E+01
1741	602	5.64716E+01
7746	372	5.64798E+01
8033	329	5.64896E+01
11137	327	5.64900E+01
7746	217	5.64909E+01
8033	552	5.64947E+01
7387	326	5.65002E+01
11218	381	5.65104E+01
8033	676	5.65106E+01
1741	279	5.65118E+01
9878	601	5.65126E+01
5056	339	5.65158E+01
1851	426	5.65204E+01
1741	600	5.65242E+01
11218	634	5.65268E+01
1851	555	5.65324E+01
5322	596	5.65393E+01
11218	545	5.65397E+01
8033	546	5.65449E+01
7656	762	5.65458E+01
7836	542	5.65491E+01
7746	542	5.65619E+01
7387	551	5.65668E+01
1851	232	5.65733E+01
1851	375	5.65942E+01
1741	427	5.65986E+01
7387	763	5.66004E+01
7387	812	5.66012E+01
5425	228	5.66067E+01
1851	462	5.66071E+01
1741	559	5.66199E+01
11300	369	5.66262E+01
11137	593	5.66450E+01
7656	587	5.66484E+01
8033	675	5.66513E+01
7746	628	5.66521E+01
7387	637	5.66557E+01
9878	286	5.66637E+01
7387	418	5.66669E+01
7656	234	5.66750E+01
1741	376	5.67045E+01
11300	595	5.67069E+01
11300	758	5.67165E+01
11300	460	5.67240E+01
1741	369	5.67303E+01
5425	418	5.67398E+01
1851	558	5.67403E+01
8033	361	5.67409E+01
7746	316	5.67507E+01
11218	674	5.67570E+01
9878	374	5.67591E+01
8033	270	5.67659E+01
7746	804	5.67696E+01
11137	633	5.67705E+01
11137	590	5.67816E+01
1851	279	5.67854E+01
8033	566	5.67973E+01
7836	217	5.68092E+01
9878	465	5.68133E+01
7836	555	5.68164E+01
8033	320	5.68320E+01
5159	468	5.68356E+01
7656	721	5.68376E+01
11137	221	5.68418E+01
1741	231	5.68471E+01
11137	453	5.68574E+01
5159	452	5.68936E+01
11218	368	5.68963E+01
5425	276	5.68999E+01
1851	601	5.69061E+01
9878	809	5.69117E+01
5159	727	5.69128E+01
11137	632	5.69131E+01
11300	798	5.69157E+01
7387	771	5.69220E+01
11137	412	5.69228E+01
11218	631	5.69275E+01
11218	459	5.69375E+01
7746	91	5.69426E+01
1741	603	5.69451E+01
8033	677	5.69484E+01
5159	411	5.69544E+01
1851	369	5.69601E+01
5159	810	5.69602E+01
7746	357	5.69624E+01
7836	763	5.69629E+01
11300	588	5.69701E+01
7836	795	5.69723E+01
10603	377	5.69726E+01
1741	554	5.69766E+01
1851	600	5.69825E+01
7656	598	5.69889E+01
5322	326	5.69981E+01
5056	337	5.70037E+01
7836	316	5.70112E+01
10603	427	5.70120E+01
7746	423	5.70123E+01
5056	377	5.70178E+01
10603	376	5.70276E+01
9878	334	5.70380E+01
10603	428	5.70482E+01
11218	360	5.70525E+01
1851	285	5.70527E+01
11218	673	5.70599E+01
10687	377	5.70622E+01
11300	268	5.70660E+01
9878	767	5.70723E+01
10687	427	5.70806E+01
7746	332	5.70838E+01
1741	286	5.70901E+01
7387	228	5.70946E+01
11300	713	5.70952E+01
1851	467	5.70963E+01
11137	550	5.71006E+01
11218	269	5.71015E+01
11300	755	5.71015E+01
11300	420	5.71021E+01
1741	328	5.71023E+01
7656	680	5.71027E+01
11300	359	5.71059E+01
11218	594	5.71125E+01
11218	675	5.71139E+01
10687	376	5.71140E+01
1741	599	5.71148E+01
5425	551	5.71182E+01
10687	428	5.71185E+01
1851	231	5.71205E+01
11137	135	5.71281E+01
1741	643	5.71307E+01
8033	596	5.71333E+01
5056	452	5.71351E+01
9878	642	5.71395E+01
5425	806	5.71537E+01
11300	799	5.71555E+01
5056	411	5.71567E+01
5056	727	5.71626E+01
5322	764	5.71660E+01
1851	335	5.71685E+01
11300	329	5.71721E+01
5056	810	5.71724E+01
7836	753	5.71727E+01
11137	230	5.71733E+01
7387	805	5.71739E+01
7656	282	5.71739E+01
7836	357	5.71803E+01
11218	319	5.71807E+01
1851	602	5.71837E+01
7656	639	5.72026E+01
10603	378	5.72091E+01
1741	468	5.72126E+01
11137	381	5.72157E+01
8033	632	5.72192E+01
1741	642	5.72276E+01
7656	754	5.72282E+01
11300	318	5.72302E+01
10603	337	5.72410E+01
11218	419	5.72418E+01
1851	554	5.72503E+01
11137	278	5.72661E+01
11137	545	5.72676E+01
7656	712	5.72701E+01
5322	459	5.72721E+01
11218	589	5.72721E+01
7656	131	5.72722E+01
11137	634	5.72782E+01
10603	468	5.72835E+01
10603	336	5.72856E+01
7387	276	5.72912E+01
11300	636	5.72917E+01
10687	378	5.73017E+01
