GRAM	c2h2	chi_tot
10544	552	2.60329E+01
10544	461	2.60718E+01
10544	596	2.60851E+01
10544	460	2.61247E+01
10544	421	2.61359E+01
10544	595	2.61411E+01
10544	637	2.61612E+01
10544	636	2.61618E+01
10544	420	2.62036E+01
10544	678	2.62173E+01
10544	551	2.62278E+01
10544	553	2.62323E+01
10544	677	2.62416E+01
10544	719	2.62592E+01
10544	370	2.62920E+01
10544	760	2.63195E+01
10544	371	2.63232E+01
10544	462	2.63654E+01
10544	422	2.63676E+01
10544	718	2.63771E+01
10544	801	2.64428E+01
10544	597	2.64491E+01
10544	802	2.64640E+01
10544	369	2.65129E+01
10544	331	2.65189E+01
10544	761	2.65316E+01
10544	459	2.65402E+01
10544	419	2.65843E+01
10544	330	2.65907E+01
10544	759	2.65910E+01
10544	372	2.65970E+01
10544	638	2.66008E+01
10544	720	2.66120E+01
10544	635	2.66274E+01
10544	594	2.66374E+01
10544	332	2.66380E+01
10544	679	2.66497E+01
10544	676	2.67506E+01
10544	554	2.68050E+01
10544	550	2.68330E+01
10544	283	2.68481E+01
10544	329	2.68608E+01
10544	282	2.68742E+01
10544	423	2.68855E+01
10544	800	2.69171E+01
10460	552	2.69314E+01
10544	803	2.69361E+01
10544	333	2.69440E+01
10544	284	2.69564E+01
10460	596	2.69687E+01
10460	461	2.69776E+01
10544	463	2.69879E+01
10544	717	2.69960E+01
10544	368	2.69983E+01
10460	637	2.70291E+01
10460	460	2.70313E+01
10544	281	2.70397E+01
10460	595	2.70428E+01
10460	421	2.70518E+01
10460	636	2.70593E+01
10460	678	2.70745E+01
10544	373	2.71064E+01
10460	420	2.71136E+01
10460	719	2.71150E+01
10460	553	2.71192E+01
10460	551	2.71335E+01
10460	677	2.71394E+01
10544	762	2.71827E+01
10460	760	2.71864E+01
10544	285	2.71955E+01
10544	598	2.72058E+01
10460	370	2.72105E+01
10460	371	2.72512E+01
10460	462	2.72672E+01
10460	802	2.72773E+01
10460	718	2.72838E+01
10460	422	2.72867E+01
10544	418	2.72911E+01
10460	597	2.73089E+01
10460	761	2.73283E+01
10544	458	2.73304E+01
10460	801	2.73349E+01
10544	328	2.73401E+01
10544	280	2.73517E+01
10544	758	2.73763E+01
10544	721	2.73928E+01
10460	720	2.74078E+01
10460	369	2.74201E+01
10376	552	2.74320E+01
10460	638	2.74325E+01
10544	334	2.74343E+01
10460	459	2.74440E+01
10544	639	2.74470E+01
10460	331	2.74494E+01
10376	596	2.74568E+01
10460	679	2.74584E+01
10544	234	2.74621E+01
10376	461	2.74762E+01
10460	419	2.74860E+01
10544	680	2.74998E+01
10376	637	2.75072E+01
10460	330	2.75088E+01
10460	759	2.75176E+01
10460	372	2.75326E+01
10376	460	2.75420E+01
10460	635	2.75471E+01
10376	678	2.75491E+01
10460	594	2.75513E+01
10376	421	2.75556E+01
10376	595	2.75585E+01
10544	286	2.75627E+01
10544	634	2.75710E+01
10376	636	2.75746E+01
10460	332	2.75795E+01
10544	593	2.75849E+01
10376	719	2.75960E+01
10376	553	2.75984E+01
10376	420	2.76235E+01
10376	551	2.76523E+01
10376	677	2.76606E+01
10460	803	2.76606E+01
10460	554	2.76760E+01
10544	424	2.76781E+01
10460	676	2.76805E+01
10376	760	2.76860E+01
10376	370	2.77191E+01
10544	555	2.77267E+01
10376	802	2.77313E+01
10460	550	2.77410E+01
10376	462	2.77514E+01
10376	761	2.77574E+01
10376	371	2.77579E+01
10544	675	2.77589E+01
10544	367	2.77620E+01
10460	329	2.77650E+01
10376	597	2.77655E+01
10544	233	2.77744E+01
10376	422	2.77829E+01
10460	283	2.77836E+01
10460	282	2.77982E+01
10544	804	2.78032E+01
10460	423	2.78054E+01
10376	718	2.78199E+01
10544	279	2.78208E+01
10376	720	2.78267E+01
10544	374	2.78456E+01
10544	549	2.78566E+01
10376	801	2.78665E+01
10376	638	2.78684E+01
10460	800	2.78759E+01
10376	679	2.78805E+01
10460	463	2.78824E+01
10460	368	2.78923E+01
10460	333	2.78951E+01
10460	762	2.79005E+01
10460	284	2.79020E+01
10544	799	2.79148E+01
10544	464	2.79213E+01
10376	369	2.79296E+01
10460	717	2.79434E+01
10460	281	2.79509E+01
10376	331	2.79592E+01
10376	459	2.79645E+01
10376	419	2.80002E+01
10376	330	2.80173E+01
10376	803	2.80292E+01
10376	372	2.80363E+01
10460	598	2.80367E+01
10544	327	2.80432E+01
10460	373	2.80477E+01
10376	759	2.80796E+01
10376	332	2.80900E+01
10376	594	2.80902E+01
10376	635	2.80941E+01
10544	335	2.81059E+01
10460	721	2.81210E+01
10544	716	2.81299E+01
10376	554	2.81308E+01
10460	285	2.81498E+01
10460	418	2.81818E+01
10544	232	2.81947E+01
10544	763	2.82182E+01
10460	458	2.82278E+01
10460	328	2.82291E+01
10460	639	2.82365E+01
10376	676	2.82415E+01
10460	280	2.82489E+01
10376	762	2.82522E+01
10460	680	2.82533E+01
10376	329	2.82714E+01
10376	550	2.82746E+01
10376	423	2.82924E+01
10376	283	2.82929E+01
10376	282	2.83055E+01
10544	599	2.83232E+01
10544	417	2.83335E+01
10376	463	2.83501E+01
10460	758	2.83508E+01
10460	234	2.83587E+01
10460	334	2.83934E+01
10376	368	2.84016E+01
10376	333	2.84054E+01
10376	284	2.84127E+01
10460	804	2.84311E+01
10376	281	2.84555E+01
10376	598	2.84580E+01
10544	278	2.84612E+01
10376	721	2.84719E+01
10376	800	2.84756E+01
10544	457	2.85011E+01
10460	593	2.85049E+01
10460	634	2.85055E+01
10460	286	2.85241E+01
10376	717	2.85266E+01
10376	373	2.85474E+01
10544	722	2.85503E+01
10460	555	2.85779E+01
10460	424	2.85964E+01
10376	680	2.86177E+01
10376	639	2.86258E+01
10460	367	2.86408E+01
10544	640	2.86601E+01
10460	233	2.86603E+01
10376	285	2.86610E+01
10544	757	2.86873E+01
10376	418	2.86988E+01
10460	279	2.87027E+01
10376	804	2.87082E+01
10460	675	2.87116E+01
10544	681	2.87212E+01
10376	328	2.87326E+01
10544	425	2.87344E+01
10544	231	2.87365E+01
10376	280	2.87502E+01
10376	458	2.87556E+01
10460	549	2.87624E+01
10460	374	2.87909E+01
10460	464	2.88054E+01
10544	375	2.88083E+01
10544	366	2.88158E+01
10460	763	2.88500E+01
10376	234	2.88535E+01
10376	334	2.89028E+01
10460	327	2.89154E+01
10460	799	2.89268E+01
10544	336	2.89541E+01
10376	758	2.89658E+01
10544	556	2.89721E+01
10544	592	2.89828E+01
10544	326	2.89855E+01
10544	633	2.89918E+01
10544	805	2.90037E+01
10376	555	2.90056E+01
10376	286	2.90350E+01
10376	593	2.90623E+01
10460	232	2.90682E+01
10460	335	2.90716E+01
10376	424	2.90728E+01
10376	634	2.90782E+01
10460	716	2.91072E+01
10376	763	2.91191E+01
10460	599	2.91207E+01
10544	465	2.91479E+01
10376	367	2.91489E+01
10376	233	2.91529E+01
10544	568	2.91634E+01
10376	279	2.92001E+01
10460	722	2.92044E+01
10460	417	2.92106E+01
10376	464	2.92545E+01
10544	674	2.92645E+01
10376	374	2.92854E+01
10544	277	2.92895E+01
10544	548	2.92971E+01
10376	675	2.93051E+01
10376	549	2.93073E+01
10460	278	2.93265E+01
10460	457	2.93886E+01
10460	640	2.94022E+01
10460	681	2.94135E+01
10544	230	2.94153E+01
10376	327	2.94154E+01
10544	798	2.94430E+01
10376	722	2.94827E+01
10376	599	2.95034E+01
10460	805	2.95292E+01
10376	232	2.95580E+01
10544	764	2.95786E+01
10376	335	2.95791E+01
10376	799	2.95836E+01
10460	231	2.95963E+01
10460	425	2.96489E+01
10460	366	2.96776E+01
10460	757	2.96970E+01
10376	805	2.97105E+01
10544	416	2.97148E+01
10376	681	2.97162E+01
10376	716	2.97287E+01
10376	417	2.97287E+01
10376	640	2.97412E+01
10460	375	2.97557E+01
10544	600	2.97672E+01
10544	715	2.97744E+01
10460	556	2.97997E+01
10376	278	2.98195E+01
10460	326	2.98395E+01
10460	592	2.99027E+01
10376	457	2.99212E+01
10460	336	2.99247E+01
10460	633	2.99332E+01
10544	337	2.99724E+01
10544	376	2.99862E+01
10460	465	3.00185E+01
10544	723	3.00286E+01
10544	426	3.00433E+01
10544	456	3.00493E+01
10460	568	3.00686E+01
10376	231	3.00825E+01
10376	425	3.01131E+01
10460	764	3.01192E+01
10460	277	3.01370E+01
10544	365	3.01664E+01
10544	325	3.01801E+01
10376	366	3.01833E+01
10460	548	3.01958E+01
10544	641	3.01975E+01
10376	556	3.01979E+01
10460	674	3.02305E+01
10376	375	3.02439E+01
10544	229	3.02471E+01
10460	230	3.02599E+01
10544	682	3.02638E+01
10376	764	3.03018E+01
10544	276	3.03226E+01
10376	326	3.03353E+01
10376	757	3.03546E+01
10376	336	3.04293E+01
10376	465	3.04472E+01
10376	592	3.04736E+01
10544	806	3.04760E+01
10460	798	3.04934E+01
10544	756	3.05144E+01
10544	557	3.05154E+01
10376	633	3.05255E+01
10460	600	3.05271E+01
10460	416	3.05758E+01
10460	723	3.06038E+01
10376	277	3.06251E+01
10376	568	3.06265E+01
10544	466	3.06502E+01
10376	230	3.07419E+01
10376	548	3.07483E+01
10460	715	3.07700E+01
10376	723	3.08059E+01
10544	591	3.08159E+01
10376	674	3.08490E+01
10376	600	3.08683E+01
10544	632	3.08731E+01
10460	641	3.08877E+01
10460	682	3.08903E+01
10460	806	3.08951E+01
10460	456	3.09234E+01
10460	376	3.09337E+01
10460	337	3.09459E+01
10460	426	3.09514E+01
10376	806	3.09779E+01
10544	567	3.09973E+01
10460	365	3.10094E+01
10460	325	3.10145E+01
10460	229	3.10753E+01
10376	416	3.10933E+01
10376	682	3.11278E+01
10544	547	3.11402E+01
10460	276	3.11511E+01
10544	338	3.11525E+01
10376	641	3.11732E+01
10376	798	3.11953E+01
10544	765	3.12051E+01
10544	228	3.12463E+01
10544	673	3.12474E+01
10460	557	3.13161E+01
10544	377	3.13691E+01
10376	426	3.14020E+01
10376	376	3.14145E+01
10376	715	3.14207E+01
10544	415	3.14295E+01
10376	337	3.14467E+01
10376	456	3.14581E+01
10544	797	3.14850E+01
10544	601	3.15033E+01
10460	466	3.15046E+01
10376	325	3.15054E+01
10376	365	3.15116E+01
10460	756	3.15459E+01
10376	229	3.15525E+01
10544	275	3.15734E+01
10544	427	3.15919E+01
10544	324	3.16336E+01
10376	276	3.16337E+01
10460	765	3.16506E+01
10376	557	3.16824E+01
10460	591	3.17295E+01
10376	765	3.17442E+01
10544	724	3.17729E+01
10544	364	3.18124E+01
10460	632	3.18135E+01
10460	567	3.18924E+01
10544	714	3.19041E+01
10376	466	3.19108E+01
10544	455	3.19604E+01
10544	642	3.20162E+01
10460	547	3.20271E+01
10460	228	3.20569E+01
10544	683	3.20778E+01
10460	338	3.21269E+01
10544	807	3.21641E+01
10460	673	3.22170E+01
10460	601	3.22219E+01
10376	756	3.22353E+01
10460	724	3.22654E+01
10460	415	3.22721E+01
10376	591	3.23092E+01
10460	377	3.23148E+01
10544	558	3.23309E+01
10460	275	3.23818E+01
10376	724	3.23887E+01
10544	467	3.24099E+01
10376	632	3.24191E+01
10544	227	3.24233E+01
10460	324	3.24472E+01
10376	567	3.24557E+01
10376	807	3.24570E+01
10460	807	3.24742E+01
10460	427	3.24914E+01
10376	601	3.25192E+01
10376	228	3.25288E+01
10460	797	3.25587E+01
4713	678	3.25686E+01
10376	547	3.25836E+01
4713	720	3.25969E+01
4713	636	3.26196E+01
10376	338	3.26225E+01
4713	637	3.26234E+01
4713	595	3.26242E+01
10460	683	3.26348E+01
10460	364	3.26350E+01
4713	762	3.26404E+01
4713	719	3.26483E+01
4713	761	3.26501E+01
10460	642	3.26507E+01
4713	804	3.26801E+01
4713	551	3.26943E+01
4713	803	3.27030E+01
4713	596	3.27248E+01
4713	677	3.27286E+01
4713	679	3.27330E+01
10376	377	3.27870E+01
10376	415	3.27872E+01
10376	683	3.28047E+01
4713	552	3.28078E+01
10460	455	3.28177E+01
10544	755	3.28256E+01
4713	459	3.28330E+01
4713	721	3.28392E+01
10376	673	3.28526E+01
10376	275	3.28584E+01
4713	594	3.28637E+01
4713	460	3.28643E+01
4713	805	3.28789E+01
10376	642	3.28803E+01
4713	763	3.28884E+01
10460	714	3.29067E+01
4713	550	3.29103E+01
10376	427	3.29270E+01
10376	324	3.29326E+01
10544	378	3.29461E+01
4713	760	3.29494E+01
4713	638	3.29526E+01
4713	635	3.29603E+01
4713	802	3.29813E+01
4713	419	3.29847E+01
4713	718	3.30202E+01
10544	766	3.30440E+01
10544	274	3.30478E+01
10544	590	3.30540E+01
10460	558	3.31014E+01
4713	458	3.31139E+01
4713	420	3.31157E+01
4713	418	3.31321E+01
10376	364	3.31327E+01
10544	142	3.31421E+01
4713	597	3.31479E+01
10544	631	3.31807E+01
4713	680	3.31946E+01
4713	461	3.31954E+01
10460	227	3.32152E+01
10544	566	3.32157E+01
4713	676	3.32324E+01
4713	368	3.32355E+01
4713	553	3.32357E+01
10460	467	3.32453E+01
4713	806	3.32640E+01
10376	797	3.32931E+01
4713	369	3.33158E+01
4713	722	3.33423E+01
10544	323	3.33434E+01
10376	455	3.33520E+01
10544	546	3.33577E+01
4713	764	3.33585E+01
10544	428	3.33658E+01
10460	766	3.33920E+01
10376	766	3.33951E+01
4713	367	3.33969E+01
10376	558	3.34337E+01
4713	593	3.34540E+01
10544	414	3.34609E+01
4713	549	3.34653E+01
10544	602	3.34970E+01
4713	421	3.35117E+01
4713	801	3.35441E+01
4713	328	3.35608E+01
4713	759	3.35632E+01
4713	417	3.35692E+01
10376	714	3.35771E+01
4713	639	3.35816E+01
4713	370	3.36240E+01
10376	467	3.36274E+01
4713	329	3.36507E+01
4713	634	3.36565E+01
4713	327	3.36651E+01
10544	672	3.36684E+01
10376	227	3.36815E+01
4713	457	3.37154E+01
4713	717	3.37311E+01
10544	725	3.37326E+01
10544	363	3.37425E+01
10544	226	3.37829E+01
4713	807	3.38019E+01
4713	462	3.38107E+01
4713	366	3.38133E+01
10460	274	3.38352E+01
10460	755	3.38658E+01
4713	598	3.38711E+01
10460	378	3.38877E+01
10460	142	3.39096E+01
4713	681	3.39212E+01
4713	330	3.39216E+01
4713	279	3.39552E+01
10460	590	3.39555E+01
4713	554	3.39594E+01
4713	326	3.39793E+01
10544	796	3.40010E+01
4713	765	3.40145E+01
10544	808	3.40197E+01
4713	280	3.40260E+01
4713	278	3.40306E+01
4713	723	3.40700E+01
10544	643	3.40749E+01
4713	675	3.40902E+01
10460	566	3.40959E+01
10376	808	3.41017E+01
10460	631	3.41128E+01
10544	684	3.41167E+01
10460	323	3.41352E+01
10460	725	3.41398E+01
4713	371	3.41486E+01
4713	422	3.41593E+01
10460	602	3.41710E+01
10376	725	3.41828E+01
10544	454	3.42069E+01
10460	808	3.42196E+01
10460	546	3.42285E+01
4713	281	3.42306E+01
10460	428	3.42543E+01
4713	277	3.42680E+01
10460	414	3.42828E+01
4713	416	3.43025E+01
10376	274	3.43054E+01
4713	232	3.43154E+01
4713	568	3.43417E+01
10376	378	3.43500E+01
4713	231	3.43583E+01
4713	548	3.43612E+01
10376	142	3.43621E+01
4713	331	3.43642E+01
4713	233	3.43688E+01
10544	141	3.43803E+01
10544	559	3.43914E+01
4713	592	3.43966E+01
10544	468	3.44064E+01
4713	800	3.44127E+01
10376	602	3.44222E+01
4713	808	3.44625E+01
10544	713	3.44735E+01
4713	640	3.44808E+01
4713	365	3.44945E+01
4713	234	3.45057E+01
4713	758	3.45068E+01
4713	230	3.45126E+01
4713	325	3.45182E+01
10376	590	3.45391E+01
10460	363	3.45432E+01
10460	226	3.45553E+01
4713	282	3.45605E+01
10376	755	3.45760E+01
10460	684	3.46013E+01
10376	323	3.46143E+01
10460	672	3.46326E+01
4713	456	3.46385E+01
10460	643	3.46506E+01
10376	566	3.46607E+01
10376	428	3.46733E+01
4713	276	3.46844E+01
4713	463	3.46941E+01
10376	684	3.47017E+01
10544	379	3.47056E+01
4713	633	3.47089E+01
10376	631	3.47254E+01
10544	273	3.47421E+01
10376	546	3.47854E+01
4713	716	3.47883E+01
10376	414	3.47939E+01
4713	229	3.47948E+01
10376	643	3.48221E+01
4713	766	3.48222E+01
4713	599	3.48690E+01
4713	682	3.48781E+01
4713	372	3.48813E+01
4713	555	3.49581E+01
4713	332	3.49732E+01
4713	724	3.49864E+01
4713	283	3.50100E+01
10376	226	3.50156E+01
10376	363	3.50354E+01
10460	454	3.50445E+01
4713	423	3.50469E+01
10544	767	3.50492E+01
10460	796	3.50828E+01
10460	559	3.51288E+01
10460	141	3.51324E+01
10376	767	3.52099E+01
4713	809	3.52199E+01
10460	468	3.52202E+01
4713	228	3.52211E+01
10376	672	3.52775E+01
4713	324	3.52924E+01
4713	275	3.52953E+01
10544	322	3.52958E+01
10460	767	3.52982E+01
4713	674	3.53002E+01
10544	225	3.53229E+01
4713	415	3.53315E+01
10544	429	3.53481E+01
10376	559	3.54251E+01
4713	364	3.54438E+01
10460	713	3.54723E+01
10460	273	3.55079E+01
10544	754	3.55683E+01
4713	284	3.55755E+01
10376	454	3.55759E+01
10376	468	3.55763E+01
10376	141	3.55809E+01
4713	567	3.55810E+01
4713	547	3.55898E+01
4713	799	3.55978E+01
4713	641	3.56187E+01
10460	379	3.56410E+01
10544	589	3.56520E+01
4713	591	3.56824E+01
10544	603	3.57135E+01
4713	333	3.57460E+01
4713	767	3.57515E+01
10544	140	3.57562E+01
10544	413	3.57797E+01
4713	757	3.57837E+01
4713	227	3.58051E+01
4713	373	3.58166E+01
4713	464	3.58299E+01
10376	796	3.58373E+01
10544	726	3.58633E+01
10544	630	3.58649E+01
10376	809	3.58734E+01
4713	455	3.58751E+01
10544	545	3.59078E+01
10544	362	3.59336E+01
10376	273	3.59713E+01
10544	809	3.60031E+01
4713	683	3.60306E+01
4713	810	3.60517E+01
4713	725	3.60575E+01
10460	322	3.60650E+01
10460	225	3.60754E+01
10376	379	3.60918E+01
10460	809	3.60921E+01
4713	142	3.60971E+01
4713	632	3.61060E+01
4713	274	3.61108E+01
4713	600	3.61146E+01
10376	726	3.61448E+01
10376	713	3.61532E+01
4713	424	3.61642E+01
10460	726	3.61832E+01
4713	715	3.61867E+01
4713	556	3.62106E+01
10460	429	3.62233E+01
4713	285	3.62541E+01
4713	323	3.63049E+01
10544	644	3.63335E+01
10544	685	3.63378E+01
10460	603	3.63401E+01
10544	671	3.64715E+01
10460	140	3.64923E+01
10376	225	3.65293E+01
10460	589	3.65360E+01
10376	322	3.65374E+01
10376	603	3.65433E+01
4713	226	3.65563E+01
10460	413	3.65792E+01
10460	754	3.66044E+01
10544	469	3.66158E+01
10376	429	3.66242E+01
10544	380	3.66363E+01
10544	272	3.66420E+01
4713	414	3.66464E+01
4713	363	3.66563E+01
10544	560	3.66674E+01
4713	334	3.66811E+01
10460	362	3.67113E+01
10460	685	3.67478E+01
10544	453	3.67483E+01
10460	545	3.67586E+01
4713	768	3.67759E+01
10376	685	3.67773E+01
10460	630	3.67816E+01
4713	141	3.68058E+01
4713	673	3.68478E+01
10460	644	3.68479E+01
10544	795	3.69302E+01
10376	140	3.69362E+01
4713	811	3.69385E+01
4713	374	3.69499E+01
10376	644	3.69597E+01
4713	642	3.69636E+01
10544	224	3.70344E+01
4713	286	3.70435E+01
10376	413	3.70848E+01
4713	798	3.70970E+01
10376	589	3.71190E+01
4713	546	3.71319E+01
4713	273	3.71339E+01
4713	566	3.71375E+01
10376	768	3.71509E+01
10544	768	3.71818E+01
10376	362	3.71971E+01
4713	465	3.72028E+01
4713	726	3.72529E+01
10544	139	3.72642E+01
4713	590	3.72903E+01
10376	545	3.73127E+01
10376	754	3.73247E+01
10460	768	3.73308E+01
4713	684	3.73460E+01
10460	560	3.73690E+01
4713	756	3.73832E+01
10460	272	3.73856E+01
10376	630	3.73954E+01
10460	469	3.74053E+01
4713	454	3.74067E+01
10544	712	3.74199E+01
10460	671	3.74216E+01
10544	321	3.74662E+01
4713	225	3.74783E+01
4713	425	3.75018E+01
10544	430	3.75200E+01
4713	322	3.75494E+01
10460	380	3.75627E+01
10460	453	3.75636E+01
4713	601	3.75810E+01
10376	560	3.76276E+01
4713	140	3.76437E+01
4713	557	3.76959E+01
6147	636	3.76978E+01
6147	595	3.77150E+01
6147	719	3.77323E+01
10376	469	3.77338E+01
10376	810	3.77403E+01
6147	677	3.77484E+01
6147	678	3.77494E+01
6147	551	3.77647E+01
10460	224	3.77665E+01
6052	636	3.77749E+01
4713	335	3.77756E+01
6147	761	3.77846E+01
6052	595	3.77866E+01
6052	678	3.78091E+01
6052	719	3.78120E+01
4713	631	3.78238E+01
6052	551	3.78367E+01
6052	677	3.78391E+01
6147	637	3.78410E+01
10376	272	3.78420E+01
6147	803	3.78548E+01
6052	761	3.78551E+01
6147	594	3.78594E+01
4713	812	3.78637E+01
6147	459	3.78668E+01
6147	760	3.78718E+01
4713	769	3.78724E+01
6147	720	3.78823E+01
6052	637	3.78914E+01
6147	802	3.78920E+01
4713	714	3.79069E+01
6147	550	3.79114E+01
6147	635	3.79202E+01
6052	803	3.79215E+01
6052	720	3.79236E+01
6147	718	3.79277E+01
6147	596	3.79287E+01
6052	459	3.79421E+01
6052	594	3.79500E+01
6147	460	3.79539E+01
6147	552	3.79628E+01
6052	596	3.79789E+01
6052	760	3.79833E+01
10460	139	3.79837E+01
6052	550	3.79975E+01
10376	380	3.80007E+01
6052	802	3.80050E+01
10460	795	3.80060E+01
6147	762	3.80111E+01
6147	419	3.80135E+01
6052	460	3.80184E+01
6052	552	3.80187E+01
6052	635	3.80208E+01
6052	762	3.80370E+01
6052	718	3.80418E+01
10460	810	3.80594E+01
10376	671	3.80687E+01
10544	810	3.80814E+01
6052	419	3.80859E+01
10376	453	3.80899E+01
6147	804	3.80955E+01
6147	679	3.80971E+01
6147	458	3.81045E+01
6052	804	3.81124E+01
6147	676	3.81153E+01
4713	362	3.81170E+01
10544	604	3.81172E+01
6052	679	3.81224E+01
10544	727	3.81260E+01
6147	418	3.81321E+01
6147	420	3.81840E+01
6052	458	3.81893E+01
6052	418	3.82108E+01
10460	321	3.82122E+01
10376	224	3.82140E+01
4713	413	3.82272E+01
6052	676	3.82333E+01
10376	727	3.82372E+01
6147	801	3.82404E+01
6147	368	3.82434E+01
6052	420	3.82492E+01
4713	375	3.82754E+01
6147	759	3.83012E+01
6052	368	3.83168E+01
6147	638	3.83294E+01
10544	412	3.83446E+01
6147	369	3.83470E+01
6052	721	3.83479E+01
6147	721	3.83481E+01
6052	638	3.83504E+01
10544	361	3.83511E+01
6147	461	3.83536E+01
10460	727	3.83575E+01
4713	272	3.83579E+01
6147	593	3.83730E+01
10460	430	3.83793E+01
6147	367	3.83907E+01
6052	801	3.83955E+01
10460	712	3.84046E+01
6052	461	3.84059E+01
6147	549	3.84123E+01
6052	369	3.84166E+01
10376	139	3.84228E+01
6052	759	3.84492E+01
6052	367	3.84674E+01
6052	593	3.84799E+01
6147	597	3.84826E+01
4713	643	3.84849E+01
6147	717	3.84894E+01
6147	553	3.84905E+01
6052	763	3.84943E+01
6052	597	3.85089E+01
6052	549	3.85105E+01
6147	763	3.85160E+01
6147	634	3.85200E+01
6052	553	3.85286E+01
6052	805	3.85408E+01
4713	727	3.85455E+01
6147	417	3.85503E+01
10544	588	3.85514E+01
6147	328	3.85685E+01
4713	224	3.85686E+01
6147	805	3.85759E+01
4713	139	3.86108E+01
6147	421	3.86307E+01
6052	717	3.86334E+01
6052	417	3.86343E+01
6052	634	3.86406E+01
6052	328	3.86417E+01
6147	327	3.86635E+01
10544	753	3.86722E+01
6147	457	3.86749E+01
6147	329	3.86772E+01
10376	321	3.86774E+01
6052	421	3.86879E+01
6147	370	3.86888E+01
10460	604	3.86939E+01
10544	686	3.87020E+01
4713	672	3.87050E+01
10544	271	3.87224E+01
10544	544	3.87365E+01
6052	327	3.87379E+01
6052	329	3.87489E+01
6052	680	3.87505E+01
10544	645	3.87537E+01
6052	370	3.87542E+01
10376	430	3.87606E+01
6147	680	3.87624E+01
6052	457	3.87677E+01
10376	795	3.87684E+01
4713	685	3.87937E+01
4713	466	3.87980E+01
6147	366	3.88015E+01
4713	813	3.88124E+01
10376	604	3.88475E+01
10544	629	3.88615E+01
6147	675	3.88616E+01
6052	366	3.88809E+01
10544	138	3.88923E+01
4713	797	3.88940E+01
10544	223	3.89006E+01
6147	800	3.89255E+01
4713	545	3.89572E+01
6147	326	3.89766E+01
6147	330	3.89778E+01
10376	686	3.89935E+01
6052	675	3.90027E+01
6147	279	3.90058E+01
4713	321	3.90095E+01
10544	470	3.90106E+01
4713	770	3.90208E+01
4713	336	3.90242E+01
10460	686	3.90357E+01
6052	330	3.90477E+01
6052	722	3.90497E+01
4713	426	3.90498E+01
6147	462	3.90508E+01
6052	326	3.90520E+01
6147	278	3.90641E+01
6052	279	3.90790E+01
10376	712	3.90875E+01
6052	462	3.90898E+01
6147	758	3.90911E+01
6147	722	3.90939E+01
10460	361	3.91051E+01
6147	280	3.91058E+01
6052	800	3.91174E+01
10460	412	3.91202E+01
6052	639	3.91255E+01
10544	561	3.91263E+01
6147	639	3.91363E+01
6052	278	3.91372E+01
6052	806	3.91689E+01
6052	280	3.91789E+01
10376	769	3.91859E+01
4713	589	3.91876E+01
6052	764	3.91889E+01
4713	453	3.92036E+01
10460	645	3.92047E+01
6147	568	3.92375E+01
4713	602	3.92414E+01
10376	645	3.92556E+01
6147	592	3.92575E+01
6147	806	3.92576E+01
6147	371	3.92584E+01
6147	764	3.92602E+01
6147	548	3.92690E+01
6052	758	3.92703E+01
6147	416	3.92741E+01
4713	755	3.92812E+01
6147	277	3.92946E+01
6052	371	3.93190E+01
6147	554	3.93291E+01
6147	422	3.93412E+01
6052	554	3.93478E+01
6052	568	3.93488E+01
6147	598	3.93535E+01
6147	281	3.93540E+01
6052	598	3.93541E+01
6052	416	3.93624E+01
6052	277	3.93675E+01
6052	548	3.93771E+01
6052	592	3.93777E+01
6052	422	3.93896E+01
4713	558	3.93927E+01
10544	769	3.94085E+01
10460	588	3.94134E+01
6147	716	3.94265E+01
6052	281	3.94268E+01
10460	271	3.94438E+01
10460	769	3.94572E+01
6147	331	3.94626E+01
6147	365	3.94844E+01
6147	633	3.94982E+01
10544	381	3.95017E+01
6147	325	3.95215E+01
6052	331	3.95305E+01
10544	452	3.95330E+01
10460	544	3.95640E+01
6052	365	3.95661E+01
6147	231	3.95754E+01
6147	456	3.95786E+01
10376	361	3.95836E+01
10544	670	3.95865E+01
10460	138	3.95950E+01
6052	716	3.95956E+01
6052	325	3.95976E+01
6147	232	3.95982E+01
10460	223	3.96125E+01
10376	412	3.96189E+01
6052	633	3.96352E+01
6052	231	3.96477E+01
6052	681	3.96596E+01
6052	232	3.96711E+01
10376	811	3.96759E+01
6052	456	3.96778E+01
6147	230	3.96830E+01
10460	753	3.96927E+01
4713	138	3.97011E+01
6147	681	3.97110E+01
6147	276	3.97127E+01
6147	233	3.97398E+01
6147	282	3.97443E+01
6052	230	3.97546E+01
10460	629	3.97569E+01
4713	271	3.97665E+01
4713	814	3.97718E+01
10460	470	3.97733E+01
4713	376	3.97850E+01
6052	276	3.97853E+01
10460	561	3.97897E+01
4713	361	3.98006E+01
6052	233	3.98131E+01
6052	282	3.98168E+01
4713	223	3.98174E+01
10544	320	3.98198E+01
4713	630	3.98262E+01
10544	431	3.98610E+01
10376	271	3.98931E+01
4713	728	3.99107E+01
4713	713	3.99164E+01
6147	229	3.99344E+01
6147	799	3.99611E+01
6052	807	3.99613E+01
6147	674	3.99863E+01
6052	723	3.99910E+01
6147	234	3.99914E+01
10376	588	3.99915E+01
6052	229	4.00053E+01
10376	561	4.00090E+01
10376	138	4.00290E+01
6147	463	4.00299E+01
4713	412	4.00428E+01
6147	372	4.00491E+01
10376	223	4.00533E+01
6052	463	4.00545E+01
6052	234	4.00651E+01
10376	470	4.00727E+01
6147	723	4.00812E+01
6052	765	4.00825E+01
10460	811	4.00947E+01
6052	372	4.01044E+01
6147	807	4.01044E+01
10376	544	4.01122E+01
6147	332	4.01286E+01
6052	674	4.01460E+01
4713	644	4.01526E+01
6052	799	4.01839E+01
6052	640	4.01863E+01
6052	332	4.01942E+01
10544	794	4.01951E+01
4713	771	4.02033E+01
6147	765	4.02047E+01
10544	811	4.02276E+01
6147	640	4.02309E+01
6147	757	4.02471E+01
10460	381	4.02553E+01
6147	283	4.02746E+01
6147	415	4.03022E+01
6147	423	4.03048E+01
6147	324	4.03077E+01
10460	452	4.03240E+01
6147	275	4.03323E+01
6147	228	4.03431E+01
6052	423	4.03437E+01
4713	686	4.03454E+01
6052	283	4.03466E+01
10376	629	4.03665E+01
6052	324	4.03842E+01
6052	415	4.03939E+01
6052	275	4.04045E+01
6052	228	4.04132E+01
10376	753	4.04133E+01
4713	337	4.04190E+01
10376	728	4.04268E+01
6147	364	4.04423E+01
6147	567	4.04474E+01
6052	757	4.04516E+01
6052	555	4.04559E+01
6147	555	4.04580E+01
6147	547	4.04729E+01
10544	728	4.04867E+01
6052	599	4.04887E+01
6147	591	4.05035E+01
10460	670	4.05151E+01
6147	599	4.05155E+01
6052	364	4.05255E+01
10460	320	4.05426E+01
6052	567	4.05672E+01
6052	547	4.05887E+01
4713	467	4.05998E+01
10544	137	4.06216E+01
10460	728	4.06291E+01
6052	591	4.06341E+01
4713	320	4.06595E+01
10544	711	4.06664E+01
10544	605	4.06715E+01
10460	431	4.07019E+01
6147	715	4.07348E+01
10376	381	4.07400E+01
4713	381	4.07425E+01
4713	427	4.07967E+01
6147	455	4.08069E+01
6052	682	4.08140E+01
4713	671	4.08315E+01
10376	452	4.08432E+01
6147	632	4.08433E+01
6052	808	4.08875E+01
10544	222	4.08975E+01
4713	137	4.09018E+01
6147	682	4.09064E+01
6052	455	4.09110E+01
6147	227	4.09204E+01
6052	715	4.09236E+01
6147	284	4.09450E+01
10544	270	4.09496E+01
10544	360	4.09497E+01
4713	796	4.09590E+01
6147	333	4.09757E+01
6052	227	4.09895E+01
6052	632	4.09930E+01
10376	320	4.10003E+01
6052	284	4.10164E+01
4713	544	4.10245E+01
6052	333	4.10388E+01
6147	373	4.10570E+01
10376	431	4.10619E+01
4713	603	4.10685E+01
6147	808	4.10854E+01
10544	411	4.11039E+01
6052	373	4.11066E+01
6052	724	4.11344E+01
6052	766	4.11399E+01
10376	670	4.11577E+01
6147	274	4.11626E+01
10544	687	4.11739E+01
10460	605	4.11962E+01
4713	222	4.12077E+01
4713	452	4.12260E+01
6052	274	4.12341E+01
10460	794	4.12519E+01
6147	724	4.12718E+01
6147	464	4.12759E+01
4713	559	4.12790E+01
6052	464	4.12851E+01
10376	770	4.12876E+01
10544	646	4.12989E+01
10376	605	4.12991E+01
10460	137	4.13074E+01
6147	766	4.13139E+01
10376	687	4.13158E+01
4713	729	4.13271E+01
4713	588	4.13306E+01
4713	270	4.13345E+01
6147	323	4.13374E+01
6147	798	4.13475E+01
4713	772	4.14045E+01
6052	323	4.14138E+01
10460	687	4.14301E+01
4713	754	4.14403E+01
4713	377	4.14685E+01
6147	673	4.14747E+01
6052	641	4.15007E+01
6147	424	4.15125E+01
6052	424	4.15413E+01
10544	471	4.15620E+01
6147	142	4.15785E+01
6147	641	4.15806E+01
10460	222	4.15892E+01
6052	798	4.15945E+01
6147	414	4.16241E+01
10460	711	4.16283E+01
6052	142	4.16451E+01
6052	673	4.16485E+01
10460	270	4.16491E+01
10460	770	4.16500E+01
10376	812	4.16584E+01
6147	363	4.16691E+01
4713	360	4.16719E+01
6147	226	4.16735E+01
10376	646	4.16739E+01
10460	360	4.16796E+01
10544	587	4.16837E+01
10460	646	4.16847E+01
10544	770	4.17018E+01
6052	414	4.17181E+01
10544	562	4.17342E+01
10376	137	4.17363E+01
6052	226	4.17416E+01
6052	363	4.17532E+01
6147	285	4.17571E+01
6147	756	4.17597E+01
10544	543	4.17800E+01
6052	285	4.18277E+01
6052	556	4.18321E+01
10460	411	4.18548E+01
6147	556	4.18565E+01
6052	600	4.18858E+01
6052	809	4.19219E+01
4713	645	4.19379E+01
6147	600	4.19416E+01
4713	338	4.19501E+01
4713	687	4.19751E+01
6052	756	4.19836E+01
6147	566	4.19893E+01
6147	546	4.20042E+01
6147	334	4.20054E+01
10376	794	4.20113E+01
10376	222	4.20236E+01
4713	411	4.20529E+01
10544	752	4.20538E+01
6052	334	4.20657E+01
4713	629	4.20661E+01
6147	590	4.20891E+01
10376	270	4.20912E+01
10544	628	4.20963E+01
6052	566	4.21153E+01
6052	546	4.21254E+01
10376	360	4.21503E+01
4713	712	4.21710E+01
6147	809	4.21744E+01
10460	812	4.21762E+01
6052	683	4.21781E+01
4713	136	4.21946E+01
6147	273	4.22048E+01
6147	141	4.22214E+01
6052	590	4.22272E+01
6052	273	4.22755E+01
6147	374	4.22796E+01
6052	141	4.22871E+01
10460	471	4.22955E+01
10376	711	4.23053E+01
6147	683	4.23130E+01
10544	319	4.23139E+01
6052	374	4.23232E+01
6052	767	4.23310E+01
6147	454	4.23403E+01
10376	411	4.23455E+01
10544	432	4.23496E+01
10460	562	4.23571E+01
6147	714	4.23951E+01
10544	812	4.24197E+01
10544	136	4.24279E+01
6052	725	4.24456E+01
6052	454	4.24477E+01
4713	319	4.24656E+01
10544	451	4.25012E+01
10460	587	4.25196E+01
6147	631	4.25307E+01
10376	562	4.25358E+01
6147	767	4.25570E+01
10376	471	4.25643E+01
10460	543	4.25816E+01
4713	468	4.25903E+01
6052	714	4.25982E+01
6147	322	4.26030E+01
6147	225	4.26042E+01
4713	773	4.26111E+01
6147	725	4.26310E+01
6052	225	4.26712E+01
6052	322	4.26791E+01
10376	729	4.26850E+01
6052	631	4.26893E+01
6147	286	4.27138E+01
4713	221	4.27152E+01
4713	428	4.27290E+01
10544	339	4.27339E+01
6052	465	4.27675E+01
6147	465	4.27748E+01
4713	730	4.27755E+01
6052	286	4.27835E+01
4713	339	4.28720E+01
10544	729	4.29165E+01
10544	669	4.29332E+01
6147	425	4.29568E+01
10460	628	4.29651E+01
10460	729	4.29692E+01
6052	425	4.29746E+01
10544	221	4.29936E+01
6147	140	4.30114E+01
10460	319	4.30137E+01
4713	269	4.30300E+01
4713	604	4.30342E+01
6052	642	4.30369E+01
6052	810	4.30436E+01
10460	752	4.30486E+01
6147	797	4.30691E+01
6052	140	4.30761E+01
10376	587	4.30894E+01
10460	136	4.30973E+01
10376	543	4.31212E+01
6147	362	4.31489E+01
6147	642	4.31536E+01
10460	432	4.31692E+01
4713	670	4.31770E+01
6147	413	4.32187E+01
6147	335	4.32187E+01
6052	362	4.32333E+01
4713	795	4.32504E+01
10460	451	4.32663E+01
6052	335	4.32760E+01
10544	269	4.32835E+01
4713	543	4.32843E+01
6147	672	4.32981E+01
6052	413	4.33140E+01
4713	378	4.33141E+01
4713	560	4.33300E+01
6052	797	4.33336E+01
10544	606	4.33414E+01
6147	810	4.33505E+01
4713	451	4.34262E+01
10376	771	4.34336E+01
10460	339	4.34383E+01
6147	272	4.34514E+01
6052	557	4.34564E+01
10376	319	4.34638E+01
6052	672	4.34814E+01
6147	557	4.35041E+01
10376	432	4.35064E+01
6052	601	4.35191E+01
10376	136	4.35210E+01
6052	272	4.35211E+01
4713	135	4.35575E+01
10376	628	4.35659E+01
6147	755	4.36044E+01
6147	601	4.36051E+01
6052	768	4.36300E+01
4713	688	4.36590E+01
10460	221	4.36657E+01
4713	587	4.36670E+01
10376	813	4.36702E+01
10544	359	4.36771E+01
4713	359	4.36883E+01
10544	793	4.37049E+01
6147	224	4.37082E+01
10376	688	4.37138E+01
6147	375	4.37141E+01
6052	684	4.37192E+01
10544	688	4.37226E+01
6052	375	4.37510E+01
10376	752	4.37607E+01
6052	224	4.37741E+01
10376	451	4.37767E+01
10460	606	4.38122E+01
4713	753	4.38126E+01
4713	646	4.38128E+01
6147	545	4.38311E+01
10460	669	4.38339E+01
6052	755	4.38415E+01
10376	606	4.38635E+01
10460	771	4.38865E+01
6052	726	4.38945E+01
10376	339	4.38949E+01
6147	684	4.38974E+01
10460	688	4.39005E+01
6147	768	4.39080E+01
10544	647	4.39356E+01
6147	139	4.39452E+01
6052	545	4.39557E+01
10460	269	4.39616E+01
6147	589	4.39804E+01
10544	410	4.40003E+01
6052	139	4.40089E+01
10544	771	4.40388E+01
6147	321	4.40873E+01
10376	221	4.40936E+01
6052	589	4.41231E+01
10544	710	4.41267E+01
6147	726	4.41282E+01
6147	453	4.41481E+01
6052	321	4.41629E+01
10376	647	4.41819E+01
4713	410	4.42102E+01
6052	811	4.42355E+01
4713	731	4.42395E+01
10544	472	4.42421E+01
10460	647	4.42550E+01
6052	453	4.42572E+01
10544	135	4.42841E+01
10460	813	4.42863E+01
4713	220	4.43097E+01
6147	713	4.43738E+01
10460	359	4.43830E+01
4713	318	4.43877E+01
10376	269	4.43966E+01
10544	563	4.44586E+01
10376	669	4.44664E+01
4713	628	4.44884E+01
6052	466	4.44885E+01
6147	466	4.45132E+01
6147	630	4.45226E+01
6052	713	4.45858E+01
6147	811	4.45963E+01
6147	336	4.46150E+01
4713	711	4.46172E+01
6147	426	4.46298E+01
6052	426	4.46360E+01
10544	813	4.46401E+01
6052	336	4.46689E+01
6052	630	4.46865E+01
10460	410	4.47259E+01
10460	793	4.47318E+01
4713	469	4.47483E+01
6052	643	4.47648E+01
4713	268	4.48166E+01
4713	429	4.48304E+01
10376	359	4.48454E+01
6147	361	4.48556E+01
6147	271	4.48847E+01
10544	318	4.49002E+01
6147	643	4.49191E+01
10460	135	4.49375E+01
6052	361	4.49398E+01
10460	472	4.49439E+01
6052	271	4.49535E+01
4713	134	4.49669E+01
10544	542	4.49688E+01
10544	586	4.49739E+01
6147	223	4.49744E+01
10376	730	4.49878E+01
6147	138	4.50137E+01
6052	769	4.50157E+01
10460	563	4.50387E+01
6052	223	4.50392E+01
6147	412	4.50539E+01
10460	710	4.50583E+01
6052	138	4.50764E+01
6147	796	4.50956E+01
4713	605	4.51095E+01
6052	412	4.51496E+01
10544	220	4.51520E+01
10376	563	4.51757E+01
10376	472	4.51805E+01
10376	410	4.52077E+01
6052	558	4.53089E+01
4713	379	4.53094E+01
6147	769	4.53454E+01
10460	730	4.53537E+01
6147	376	4.53555E+01
10376	135	4.53562E+01
6052	602	4.53625E+01
6052	796	4.53706E+01
4713	689	4.53763E+01
6147	558	4.53809E+01
6052	376	4.53855E+01
10544	730	4.53909E+01
6052	685	4.54076E+01
6147	671	4.54145E+01
6052	727	4.54550E+01
10376	793	4.54786E+01
6147	602	4.54799E+01
6052	812	4.54844E+01
10544	627	4.54890E+01
4713	561	4.55188E+01
10460	318	4.55775E+01
10544	450	4.55881E+01
6052	671	4.56030E+01
10376	772	4.56054E+01
10544	751	4.56203E+01
6147	685	4.56294E+01
10544	268	4.56809E+01
4713	542	4.56812E+01
4713	669	4.56837E+01
10376	814	4.56963E+01
4713	732	4.57047E+01
4713	794	4.57171E+01
10376	710	4.57228E+01
6147	727	4.57371E+01
10460	542	4.57425E+01
6147	754	4.57426E+01
4713	647	4.57511E+01
4713	450	4.57514E+01
4714	773	4.57569E+01
6147	320	4.57636E+01
4714	814	4.57655E+01
10460	586	4.57808E+01
6147	381	4.57876E+01
4713	358	4.58031E+01
10460	220	4.58053E+01
6052	320	4.58383E+01
6052	381	4.58770E+01
6147	812	4.58984E+01
6147	544	4.59112E+01
4714	772	4.59415E+01
4713	219	4.59572E+01
6052	754	4.59868E+01
10376	318	4.60198E+01
6052	544	4.60371E+01
10544	607	4.60955E+01
6147	588	4.61320E+01
4713	586	4.61388E+01
10460	772	4.61483E+01
10376	689	4.61615E+01
10544	134	4.61627E+01
4714	813	4.61737E+01
6147	452	4.61891E+01
6147	337	4.61918E+01
6147	137	4.62018E+01
4714	771	4.62193E+01
10376	220	4.62270E+01
6052	337	4.62421E+01
4714	731	4.62496E+01
4713	287	4.62609E+01
6052	137	4.62636E+01
10376	542	4.62715E+01
6052	588	4.62766E+01
4714	730	4.62912E+01
4714	338	4.62924E+01
4714	732	4.62980E+01
6052	452	4.62986E+01
10544	689	4.63217E+01
10460	450	4.63265E+01
10460	627	4.63272E+01
10460	268	4.63384E+01
10376	586	4.63391E+01
4713	752	4.63417E+01
4713	317	4.63825E+01
6147	222	4.63845E+01
4713	133	4.63998E+01
10544	772	4.64010E+01
10460	814	4.64101E+01
4714	378	4.64116E+01
10460	689	4.64206E+01
10544	668	4.64255E+01
6052	467	4.64347E+01
4714	729	4.64402E+01
6052	222	4.64481E+01
4713	409	4.64646E+01
4714	377	4.64703E+01
6052	770	4.64706E+01
6147	467	4.64776E+01
10544	358	4.64782E+01
6147	270	4.64788E+01
10376	607	4.65095E+01
10460	607	4.65108E+01
6052	427	4.65169E+01
6147	427	4.65229E+01
6052	270	4.65465E+01
4714	337	4.65587E+01
4714	379	4.65702E+01
10460	751	4.65813E+01
4714	428	4.65918E+01
4714	770	4.66073E+01
6147	712	4.66245E+01
10544	648	4.66352E+01
6052	644	4.66557E+01
4713	267	4.66565E+01
4714	688	4.66637E+01
4714	427	4.66762E+01
4714	812	4.66794E+01
4714	687	4.67023E+01
4714	728	4.67167E+01
10376	648	4.67512E+01
4714	429	4.67519E+01
6147	360	4.67528E+01
4714	689	4.67539E+01
4714	376	4.67560E+01
4714	468	4.67646E+01
10376	268	4.67665E+01
6147	629	4.67702E+01
6052	813	4.67802E+01
10460	134	4.68008E+01
10376	450	4.68267E+01
6052	360	4.68363E+01
4714	467	4.68398E+01
6052	712	4.68405E+01
6147	644	4.68484E+01
6147	770	4.68516E+01
10544	814	4.68741E+01
10460	648	4.68871E+01
4714	645	4.68919E+01
4714	686	4.68945E+01
4714	559	4.69095E+01
4714	646	4.69121E+01
10376	627	4.69152E+01
4714	560	4.69308E+01
6052	629	4.69361E+01
4714	380	4.69368E+01
4714	469	4.69423E+01
4714	690	4.69512E+01
4714	604	4.69577E+01
10544	409	4.69740E+01
4714	603	4.69840E+01
4714	336	4.70166E+01
4714	426	4.70203E+01
10544	473	4.70260E+01
4713	627	4.70328E+01
4713	470	4.70493E+01
4714	644	4.70637E+01
4713	430	4.70829E+01
6147	411	4.70882E+01
4714	647	4.70943E+01
6052	728	4.71049E+01
4713	690	4.71092E+01
4714	769	4.71250E+01
4714	430	4.71398E+01
4714	605	4.71404E+01
4714	727	4.71444E+01
4714	558	4.71484E+01
10460	358	4.71603E+01
6052	411	4.71833E+01
4714	561	4.71840E+01
4714	466	4.71896E+01
4713	710	4.71949E+01
6147	377	4.71981E+01
10376	134	4.72147E+01
6052	686	4.72163E+01
6052	377	4.72206E+01
4714	691	4.72376E+01
6147	813	4.72467E+01
4714	602	4.72512E+01
4713	606	4.72659E+01
4714	685	4.72691E+01
10544	564	4.72711E+01
10376	751	4.72774E+01
4714	375	4.72781E+01
10460	668	4.72934E+01
4714	811	4.72995E+01
10376	731	4.73156E+01
10544	219	4.73333E+01
4714	470	4.73490E+01
10544	792	4.73612E+01
6052	559	4.73693E+01
6147	795	4.73834E+01
6052	603	4.73905E+01
4714	648	4.74114E+01
6147	728	4.74352E+01
4713	380	4.74419E+01
4714	643	4.74601E+01
6147	559	4.74667E+01
6147	686	4.74822E+01
10544	287	4.74855E+01
6147	136	4.74889E+01
4714	606	4.75010E+01
10544	317	4.75284E+01
6147	603	4.75400E+01
6052	136	4.75497E+01
6147	319	4.75972E+01
10376	358	4.76143E+01
4713	218	4.76238E+01
4714	425	4.76380E+01
4714	562	4.76391E+01
6052	795	4.76624E+01
6052	319	4.76708E+01
4714	335	4.76713E+01
10460	409	4.76742E+01
4714	557	4.76746E+01
10460	473	4.76933E+01
10544	709	4.77090E+01
4713	648	4.77298E+01
4714	431	4.77382E+01
4714	726	4.77507E+01
10460	731	4.77629E+01
6147	670	4.77713E+01
10376	773	4.77881E+01
4714	601	4.77911E+01
4714	768	4.77951E+01
10460	564	4.78065E+01
4713	562	4.78166E+01
4714	465	4.78338E+01
4713	132	4.78344E+01
4714	649	4.78404E+01
4714	684	4.78578E+01
10544	731	4.78904E+01
10376	473	4.78962E+01
10376	564	4.79004E+01
10376	668	4.79110E+01
6147	221	4.79130E+01
6147	338	4.79459E+01
4714	471	4.79594E+01
6052	670	4.79610E+01
10460	219	4.79686E+01
4713	357	4.79698E+01
6052	221	4.79755E+01
6052	771	4.79810E+01
6147	339	4.79909E+01
6052	338	4.79923E+01
4714	607	4.80106E+01
10544	133	4.80379E+01
4714	374	4.80454E+01
4714	810	4.80530E+01
6052	339	4.80687E+01
10544	267	4.80987E+01
1132	675	4.80996E+01
4714	642	4.81149E+01
6052	814	4.81159E+01
1132	634	4.81224E+01
6147	753	4.81235E+01
1132	717	4.81311E+01
10460	287	4.81343E+01
10376	409	4.81465E+01
4713	449	4.81474E+01
1132	592	4.81490E+01
4713	541	4.81578E+01
1132	633	4.81606E+01
10460	317	4.81840E+01
6147	543	4.81934E+01
1132	568	4.81937E+01
6147	269	4.82007E+01
1132	676	4.82039E+01
1132	759	4.82123E+01
1132	548	4.82219E+01
10544	541	4.82319E+01
1132	593	4.82352E+01
1132	716	4.82461E+01
4714	563	4.82672E+01
6052	269	4.82672E+01
1132	758	4.82770E+01
4713	668	4.82893E+01
4713	793	4.83003E+01
1132	674	4.83133E+01
1132	718	4.83178E+01
6052	543	4.83187E+01
1132	801	4.83283E+01
10544	585	4.83454E+01
1132	456	4.83487E+01
10460	792	4.83492E+01
4714	650	4.83620E+01
1132	549	4.83641E+01
6052	753	4.83693E+01
1132	567	4.83805E+01
10376	219	4.83844E+01
1132	800	4.83858E+01
1132	591	4.83868E+01
1132	547	4.83971E+01
4713	316	4.84075E+01
1132	635	4.84081E+01
1022	675	4.84118E+01
6147	771	4.84126E+01
6147	451	4.84143E+01
10460	773	4.84205E+01
1132	760	4.84249E+01
1022	634	4.84344E+01
1022	717	4.84424E+01
1022	592	4.84614E+01
1132	457	4.84639E+01
1022	633	4.84730E+01
6147	587	4.84897E+01
1022	568	4.85065E+01
4713	266	4.85127E+01
4714	556	4.85133E+01
1022	676	4.85141E+01
1132	802	4.85191E+01
1132	632	4.85218E+01
1022	759	4.85226E+01
6052	451	4.85230E+01
4714	334	4.85275E+01
4714	432	4.85283E+01
1022	548	4.85348E+01
4714	286	4.85354E+01
1132	455	4.85364E+01
4714	424	4.85423E+01
1022	593	4.85481E+01
1132	416	4.85528E+01
1132	415	4.85554E+01
1022	716	4.85599E+01
10376	287	4.85627E+01
4714	725	4.85666E+01
6052	468	4.85910E+01
1022	758	4.85913E+01
10460	709	4.86046E+01
6052	428	4.86073E+01
10376	317	4.86187E+01
1132	677	4.86189E+01
1022	718	4.86254E+01
6147	428	4.86262E+01
1022	674	4.86264E+01
1132	757	4.86295E+01
912	675	4.86310E+01
6052	587	4.86339E+01
6147	814	4.86343E+01
4714	600	4.86349E+01
912	634	4.86370E+01
10376	690	4.86377E+01
1022	801	4.86382E+01
4714	767	4.86443E+01
4714	608	4.86444E+01
1132	594	4.86449E+01
6147	468	4.86529E+01
912	717	4.86590E+01
10460	133	4.86614E+01
1022	456	4.86616E+01
1132	715	4.86666E+01
912	592	4.86731E+01
1022	549	4.86783E+01
6052	645	4.86825E+01
4713	585	4.86863E+01
1022	567	4.86915E+01
4714	683	4.86952E+01
912	633	4.86960E+01
1022	591	4.86981E+01
1022	800	4.87010E+01
912	676	4.87064E+01
1132	799	4.87069E+01
1022	547	4.87081E+01
912	568	4.87139E+01
1022	635	4.87189E+01
10544	449	4.87290E+01
1022	760	4.87299E+01
10460	267	4.87366E+01
912	759	4.87409E+01
912	548	4.87412E+01
912	593	4.87426E+01
4714	472	4.87488E+01
1132	364	4.87542E+01
4713	408	4.87664E+01
10544	773	4.87740E+01
1022	457	4.87791E+01
4714	464	4.87909E+01
1132	719	4.87919E+01
6147	359	4.87971E+01
1132	365	4.87981E+01
912	716	4.88049E+01
912	718	4.88091E+01
1132	550	4.88221E+01
1022	802	4.88224E+01
6052	729	4.88257E+01
1132	417	4.88321E+01
1022	632	4.88336E+01
1132	414	4.88394E+01
1132	673	4.88409E+01
4713	691	4.88420E+01
912	758	4.88432E+01
1022	455	4.88467E+01
6147	135	4.88512E+01
912	801	4.88658E+01
912	456	4.88669E+01
1022	415	4.88673E+01
1022	416	4.88678E+01
912	674	4.88682E+01
912	549	4.88714E+01
1132	566	4.88791E+01
6052	359	4.88793E+01
1132	458	4.88808E+01
1132	546	4.88818E+01
1132	761	4.88949E+01
912	635	4.88976E+01
10544	608	4.89082E+01
912	760	4.89100E+01
6052	135	4.89110E+01
912	567	4.89111E+01
6147	645	4.89139E+01
912	591	4.89241E+01
912	547	4.89256E+01
1022	677	4.89260E+01
1132	803	4.89344E+01
1132	590	4.89393E+01
1022	757	4.89465E+01
10544	690	4.89501E+01
10544	626	4.89574E+01
1022	594	4.89575E+01
4714	809	4.89627E+01
4713	751	4.89658E+01
912	800	4.89662E+01
1132	363	4.89679E+01
10460	690	4.89692E+01
912	457	4.89750E+01
10460	541	4.89766E+01
1022	715	4.89817E+01
912	802	4.90077E+01
1132	636	4.90088E+01
1132	324	4.90141E+01
1132	454	4.90194E+01
1022	799	4.90261E+01
4714	564	4.90419E+01
912	455	4.90598E+01
4714	641	4.90632E+01
4714	373	4.90661E+01
1022	364	4.90667E+01
912	416	4.90680E+01
10376	133	4.90707E+01
912	415	4.90732E+01
912	632	4.90735E+01
1132	323	4.90742E+01
10376	792	4.90755E+01
912	677	4.90877E+01
6147	711	4.90909E+01
1022	719	4.90947E+01
1132	366	4.90960E+01
1022	365	4.91140E+01
10460	585	4.91214E+01
6052	687	4.91218E+01
912	594	4.91321E+01
1022	550	4.91371E+01
1022	414	4.91481E+01
1022	417	4.91498E+01
1022	673	4.91540E+01
10376	267	4.91580E+01
1132	325	4.91811E+01
1022	566	4.91880E+01
1022	546	4.91904E+01
1022	761	4.91935E+01
1132	631	4.91938E+01
1022	458	4.91978E+01
6147	729	4.92039E+01
10376	608	4.92117E+01
6147	628	4.92160E+01
912	757	4.92267E+01
1022	803	4.92301E+01
6147	378	4.92353E+01
912	719	4.92413E+01
1022	590	4.92487E+01
6052	378	4.92499E+01
912	715	4.92502E+01
4713	131	4.92505E+01
10376	709	4.92513E+01
10460	608	4.92664E+01
1132	756	4.92692E+01
912	364	4.92701E+01
6147	410	4.92732E+01
10544	750	4.92753E+01
1022	363	4.92768E+01
4713	217	4.92785E+01
1132	798	4.92972E+01
10544	357	4.92997E+01
1132	274	4.93044E+01
6052	711	4.93063E+01
912	365	4.93140E+01
912	550	4.93148E+01
1022	636	4.93174E+01
912	799	4.93236E+01
1022	454	4.93268E+01
1132	678	4.93282E+01
1022	324	4.93285E+01
912	761	4.93313E+01
912	417	4.93434E+01
912	414	4.93586E+01
10376	649	4.93587E+01
1132	322	4.93644E+01
6052	410	4.93671E+01
1132	595	4.93683E+01
912	803	4.93695E+01
10544	649	4.93746E+01
1132	275	4.93773E+01
6052	628	4.93808E+01
4714	609	4.93815E+01
912	458	4.93829E+01
1132	714	4.93848E+01
1022	323	4.93849E+01
1132	418	4.93864E+01
1132	413	4.93956E+01
912	673	4.94141E+01
1022	366	4.94151E+01
912	546	4.94168E+01
912	566	4.94172E+01
1132	273	4.94294E+01
6147	687	4.94317E+01
1132	362	4.94342E+01
10460	449	4.94403E+01
4713	431	4.94660E+01
4713	471	4.94673E+01
912	636	4.94691E+01
4713	607	4.94776E+01
4714	285	4.94803E+01
912	363	4.94828E+01
912	590	4.94860E+01
10376	541	4.94933E+01
1022	325	4.94990E+01
10544	218	4.94992E+01
