GRAM	c2h2	chi_tot
8925	234	3.60953E+01
9013	234	3.64245E+01
8925	233	3.65023E+01
9013	233	3.68835E+01
8925	281	3.72934E+01
8925	282	3.74574E+01
8925	232	3.75111E+01
9013	281	3.76083E+01
8970	285	3.76532E+01
9013	282	3.77205E+01
8970	286	3.77653E+01
8925	280	3.78518E+01
9013	232	3.79459E+01
8970	284	3.81802E+01
9013	280	3.82205E+01
8882	285	3.82328E+01
8925	283	3.82963E+01
8882	286	3.83855E+01
9013	283	3.85096E+01
8882	284	3.87179E+01
8925	330	3.89189E+01
8925	231	3.91795E+01
8925	279	3.91924E+01
9013	330	3.92102E+01
8925	331	3.92255E+01
8970	283	3.93754E+01
9013	331	3.94705E+01
8925	329	3.95005E+01
8970	334	3.96092E+01
9013	279	3.96172E+01
9013	231	3.96699E+01
8925	284	3.97737E+01
8970	333	3.98028E+01
9013	329	3.98410E+01
8882	283	3.98696E+01
9013	284	3.99389E+01
8970	335	4.01920E+01
8882	334	4.02238E+01
5327	338	4.02734E+01
5430	338	4.03171E+01
8925	332	4.03622E+01
8882	333	4.03833E+01
9013	332	4.05640E+01
5327	337	4.05906E+01
5430	337	4.06094E+01
8970	332	4.08131E+01
8882	335	4.08385E+01
8925	370	4.09370E+01
8925	328	4.10395E+01
9013	370	4.12081E+01
8925	371	4.12712E+01
8970	282	4.12748E+01
8882	332	4.13571E+01
8925	278	4.13865E+01
9013	328	4.14326E+01
9013	371	4.15085E+01
8970	336	4.15139E+01
8925	230	4.15718E+01
5430	336	4.16126E+01
5327	336	4.16179E+01
8925	369	4.16463E+01
8882	282	4.17240E+01
8925	285	4.18608E+01
9013	278	4.18700E+01
9013	369	4.19558E+01
9013	285	4.19795E+01
8970	373	4.20196E+01
8970	374	4.20372E+01
9013	230	4.21196E+01
8882	336	4.21900E+01
8925	333	4.22824E+01
5430	286	4.23934E+01
5327	286	4.24049E+01
8970	234	4.24412E+01
9013	333	4.24435E+01
8925	372	4.25771E+01
8882	373	4.26349E+01
5327	378	4.26475E+01
8882	374	4.26712E+01
8970	331	4.26870E+01
5430	378	4.26957E+01
9013	372	4.27850E+01
5327	377	4.27940E+01
5430	377	4.28054E+01
8882	234	4.28071E+01
8970	375	4.29427E+01
8970	372	4.29463E+01
8925	421	4.31865E+01
8882	331	4.31919E+01
5327	379	4.32308E+01
5430	379	4.33170E+01
5430	335	4.33654E+01
5327	335	4.33941E+01
9013	421	4.34269E+01
8925	368	4.34774E+01
8970	337	4.35371E+01
8882	372	4.35391E+01
8882	375	4.35918E+01
8925	327	4.36130E+01
5430	376	4.36967E+01
5327	376	4.37211E+01
8925	420	4.37220E+01
8925	422	4.38013E+01
9013	368	4.38300E+01
8970	281	4.39249E+01
9013	420	4.39820E+01
9013	422	4.40286E+01
9013	327	4.40622E+01
8882	337	4.42407E+01
8882	281	4.43274E+01
8970	424	4.44677E+01
5327	380	4.44976E+01
8925	277	4.45109E+01
8925	286	4.45349E+01
9013	286	4.46088E+01
5430	380	4.46229E+01
8970	376	4.46829E+01
8925	229	4.47527E+01
8925	373	4.47922E+01
8970	371	4.48799E+01
8970	425	4.48855E+01
8925	334	4.49481E+01
9013	373	4.49747E+01
5430	285	4.50064E+01
5327	285	4.50327E+01
9013	277	4.50556E+01
8970	423	4.50699E+01
9013	334	4.50711E+01
8882	424	4.51176E+01
5327	428	4.51382E+01
5430	428	4.51444E+01
5327	429	4.51786E+01
5430	429	4.52368E+01
8882	376	4.53436E+01
9013	229	4.53601E+01
8970	233	4.53992E+01
5430	375	4.54228E+01
8882	371	4.54460E+01
8925	423	4.54816E+01
8970	330	4.54817E+01
5327	375	4.54819E+01
8925	419	4.54928E+01
8882	425	4.55305E+01
8925	461	4.56472E+01
9013	423	4.57020E+01
8882	233	4.57182E+01
8882	423	4.57193E+01
9013	419	4.57794E+01
9013	461	4.58571E+01
5430	427	4.58633E+01
5430	334	4.59065E+01
5327	427	4.59076E+01
8925	462	4.59289E+01
8882	330	4.59447E+01
5327	334	4.59578E+01
5327	430	4.59686E+01
5430	430	4.60803E+01
9013	462	4.61485E+01
8970	338	4.62243E+01
8970	426	4.62515E+01
8925	367	4.65078E+01
8925	460	4.66352E+01
8970	422	4.67717E+01
9013	460	4.68446E+01
8882	426	4.68865E+01
9013	367	4.69087E+01
8882	338	4.69533E+01
8970	464	4.71498E+01
8970	377	4.72046E+01
8925	326	4.72970E+01
8970	280	4.73846E+01
8925	463	4.73849E+01
8970	465	4.73868E+01
8882	422	4.74147E+01
5327	431	4.74503E+01
5430	426	4.74551E+01
5327	469	4.75183E+01
5430	469	4.75423E+01
5327	426	4.75480E+01
5430	431	4.76169E+01
9013	463	4.76229E+01
8882	280	4.77384E+01
9013	326	4.78056E+01
5430	468	4.78176E+01
8882	464	4.78399E+01
5327	468	4.78614E+01
8925	374	4.78619E+01
8882	377	4.78736E+01
8970	370	4.78913E+01
5327	470	4.79514E+01
8970	463	4.80227E+01
9013	374	4.80230E+01
5430	374	4.80380E+01
5430	470	4.80452E+01
8882	465	4.80456E+01
8925	553	4.81065E+01
5327	374	4.81305E+01
8925	424	4.81481E+01
9013	553	4.82838E+01
5430	284	4.83082E+01
8925	335	4.83254E+01
5327	284	4.83489E+01
9013	424	4.83674E+01
9013	335	4.84127E+01
8882	370	4.84265E+01
8970	427	4.84997E+01
8925	418	4.85759E+01
8925	276	4.86374E+01
8970	466	4.86425E+01
12068	234	4.86723E+01
8925	552	4.87276E+01
8882	463	4.87366E+01
8925	228	4.87795E+01
8925	554	4.87838E+01
12009	234	4.87865E+01
11950	234	4.88328E+01
9013	552	4.88742E+01
9013	418	4.88963E+01
5430	467	4.89379E+01
8925	459	4.89791E+01
9013	554	4.90036E+01
8970	232	4.90428E+01
5327	467	4.90474E+01
5327	471	4.90959E+01
8882	427	4.91199E+01
9013	459	4.91978E+01
9013	276	4.92459E+01
5430	471	4.92611E+01
8882	466	4.92633E+01
8970	329	4.92655E+01
5430	333	4.92760E+01
12068	233	4.93018E+01
8882	232	4.93133E+01
5327	333	4.93494E+01
12009	233	4.94087E+01
9013	228	4.94484E+01
11950	233	4.94512E+01
5327	432	4.95707E+01
8038	284	4.95895E+01
8970	421	4.96590E+01
8882	329	4.96837E+01
8970	556	4.97735E+01
5430	432	4.97938E+01
8038	283	4.98235E+01
1856	232	4.98541E+01
1746	232	4.98936E+01
12068	282	4.99061E+01
8925	464	4.99190E+01
12068	281	4.99212E+01
5327	561	4.99241E+01
5430	561	4.99322E+01
5430	425	4.99831E+01
8038	285	4.99958E+01
12009	282	5.00280E+01
12009	281	5.00375E+01
1746	233	5.00607E+01
11950	282	5.00780E+01
11950	281	5.00846E+01
8970	462	5.01038E+01
1856	233	5.01106E+01
5327	425	5.01231E+01
9013	464	5.01830E+01
5430	560	5.02022E+01
1856	231	5.02042E+01
8970	555	5.02431E+01
5327	560	5.02792E+01
8882	421	5.02893E+01
5327	562	5.03121E+01
1746	231	5.03362E+01
5430	562	5.04076E+01
8970	557	5.04206E+01
8970	378	5.04558E+01
8882	556	5.04910E+01
12068	232	5.05424E+01
12068	283	5.05783E+01
12009	232	5.06416E+01
8925	597	5.06546E+01
8925	555	5.06547E+01
12068	280	5.06725E+01
11950	232	5.06803E+01
12009	283	5.07054E+01
8038	282	5.07316E+01
8925	551	5.07413E+01
11950	283	5.07580E+01
12009	280	5.07827E+01
1746	234	5.07838E+01
9013	597	5.07916E+01
8925	366	5.08029E+01
11950	280	5.08267E+01
8882	462	5.08333E+01
8970	467	5.08351E+01
9013	551	5.08697E+01
5327	472	5.08900E+01
1856	234	5.09204E+01
9013	555	5.09275E+01
5430	466	5.09730E+01
8038	234	5.09802E+01
8038	286	5.10150E+01
8882	555	5.10175E+01
1856	279	5.10347E+01
1746	280	5.10576E+01
8882	557	5.10722E+01
1856	280	5.10757E+01
1746	279	5.11215E+01
5430	472	5.11284E+01
8882	378	5.11301E+01
5327	466	5.11458E+01
1856	230	5.12222E+01
9013	366	5.12571E+01
8925	596	5.12613E+01
5430	559	5.12878E+01
9013	596	5.13366E+01
8925	598	5.13719E+01
5327	563	5.13770E+01
8882	467	5.14116E+01
5327	559	5.14474E+01
1746	230	5.14498E+01
8038	332	5.14542E+01
8038	333	5.14697E+01
12068	330	5.15489E+01
5430	563	5.15618E+01
8970	428	5.15672E+01
9013	598	5.15850E+01
5430	373	5.15981E+01
12009	330	5.16691E+01
11950	330	5.17180E+01
1746	281	5.17192E+01
5327	373	5.17228E+01
8970	279	5.17257E+01
8925	425	5.17292E+01
8925	375	5.17362E+01
12068	331	5.17628E+01
1856	278	5.17829E+01
1856	281	5.18391E+01
9013	375	5.18796E+01
12009	331	5.18849E+01
12068	284	5.18997E+01
11950	331	5.19348E+01
8970	554	5.19388E+01
9013	425	5.19527E+01
1746	278	5.19779E+01
8882	279	5.20287E+01
12009	284	5.20316E+01
8970	369	5.20591E+01
8970	558	5.20817E+01
11950	284	5.20866E+01
8925	325	5.21524E+01
8882	428	5.21681E+01
12068	279	5.22216E+01
12068	329	5.22462E+01
8038	331	5.22648E+01
8038	334	5.22674E+01
5430	605	5.22694E+01
12009	279	5.23251E+01
5327	605	5.23303E+01
5430	283	5.23329E+01
8038	281	5.23568E+01
5327	606	5.23630E+01
12009	329	5.23636E+01
11950	279	5.23657E+01
8925	336	5.23810E+01
5327	283	5.23877E+01
5430	606	5.24057E+01
11950	329	5.24112E+01
8970	600	5.24163E+01
9013	336	5.24350E+01
12068	231	5.24532E+01
7948	284	5.25261E+01
12009	231	5.25443E+01
1856	329	5.25551E+01
8882	369	5.25589E+01
1746	329	5.25639E+01
11950	231	5.25789E+01
8882	558	5.26593E+01
1856	328	5.26791E+01
7948	283	5.27171E+01
9013	325	5.27241E+01
8925	458	5.27474E+01
8882	554	5.27601E+01
1746	328	5.28090E+01
12068	332	5.28282E+01
8970	599	5.28366E+01
5430	604	5.28518E+01
12009	332	5.29513E+01
1856	229	5.29718E+01
7948	285	5.29735E+01
9013	458	5.29857E+01
8038	233	5.29938E+01
11950	332	5.30018E+01
5327	604	5.30138E+01
8925	417	5.30296E+01
5327	607	5.30457E+01
1746	282	5.30514E+01
5327	564	5.30567E+01
8970	601	5.31217E+01
8882	600	5.31773E+01
5430	607	5.31943E+01
1746	330	5.32062E+01
8925	638	5.32302E+01
5430	558	5.32648E+01
1856	282	5.32707E+01
5327	473	5.32783E+01
8925	595	5.32903E+01
9013	638	5.32980E+01
1746	229	5.32984E+01
8925	599	5.33015E+01
1856	330	5.33157E+01
9013	595	5.33198E+01
5430	564	5.33327E+01
9013	417	5.33915E+01
1856	277	5.33953E+01
8970	231	5.34388E+01
8925	465	5.34397E+01
8970	461	5.34925E+01
5327	558	5.35041E+01
5430	424	5.35164E+01
5430	332	5.35195E+01
12068	370	5.35629E+01
7948	282	5.35801E+01
8038	372	5.35841E+01
5430	473	5.35915E+01
9013	599	5.36035E+01
8925	556	5.36118E+01
5327	332	5.36141E+01
8882	231	5.36592E+01
12009	370	5.36869E+01
8882	599	5.36880E+01
8925	227	5.36938E+01
8925	639	5.36992E+01
5327	424	5.37014E+01
1746	277	5.37020E+01
8038	373	5.37176E+01
9013	465	5.37371E+01
11950	370	5.37378E+01
7948	234	5.37489E+01
1856	327	5.37622E+01
8882	601	5.37816E+01
8038	335	5.38092E+01
8925	275	5.38193E+01
8970	420	5.38197E+01
12068	285	5.38404E+01
9013	639	5.38753E+01
8970	468	5.38899E+01
12068	328	5.39258E+01
12068	371	5.39406E+01
9013	556	5.39473E+01
8038	330	5.39550E+01
12009	285	5.39768E+01
5430	465	5.39992E+01
1746	327	5.40159E+01
7948	286	5.40320E+01
11950	285	5.40340E+01
12009	328	5.40396E+01
12009	371	5.40603E+01
11950	328	5.40853E+01
9013	637	5.40856E+01
8925	637	5.41087E+01
11950	371	5.41091E+01
8970	328	5.41158E+01
8925	142	5.41211E+01
8925	550	5.42215E+01
5430	603	5.42255E+01
8882	461	5.42290E+01
5327	465	5.42329E+01
12068	369	5.42644E+01
5327	608	5.43175E+01
9013	550	5.43453E+01
7948	332	5.43861E+01
8970	379	5.43874E+01
12009	369	5.43914E+01
8038	371	5.44107E+01
8882	468	5.44162E+01
9013	227	5.44258E+01
1856	369	5.44297E+01
8882	420	5.44308E+01
7948	333	5.44348E+01
11950	369	5.44436E+01
5327	603	5.44857E+01
8882	328	5.44860E+01
5430	647	5.44871E+01
1746	369	5.44923E+01
9013	275	5.44939E+01
8970	598	5.45017E+01
5327	647	5.45677E+01
5430	608	5.45741E+01
12068	278	5.46413E+01
8970	559	5.46644E+01
5327	648	5.46701E+01
1746	331	5.46708E+01
12068	333	5.46964E+01
5430	648	5.47098E+01
12009	278	5.47375E+01
8038	374	5.47518E+01
8038	280	5.47542E+01
11950	278	5.47745E+01
12009	333	5.48198E+01
8970	602	5.48399E+01
11950	333	5.48707E+01
1856	368	5.48845E+01
9013	142	5.48947E+01
1856	331	5.48959E+01
5430	646	5.48986E+01
1746	370	5.49339E+01
8970	553	5.49709E+01
8970	641	5.49990E+01
1856	370	5.50068E+01
1746	283	5.50121E+01
8882	379	5.50639E+01
1746	368	5.50848E+01
5327	646	5.50969E+01
12068	230	5.50995E+01
8948	286	5.51060E+01
7948	281	5.51583E+01
7948	331	5.51605E+01
8882	559	5.51607E+01
12009	230	5.51821E+01
11950	230	5.52125E+01
7948	334	5.52628E+01
5327	565	5.52952E+01
12068	372	5.53234E+01
1856	283	5.53284E+01
8860	286	5.53347E+01
5327	649	5.53438E+01
8882	602	5.53893E+01
8970	429	5.53918E+01
8925	640	5.54005E+01
8882	598	5.54317E+01
12009	372	5.54375E+01
11950	372	5.54837E+01
8970	642	5.54838E+01
5430	649	5.55062E+01
1856	228	5.55124E+01
8970	640	5.56542E+01
8038	232	5.56581E+01
5430	565	5.56641E+01
9013	640	5.57002E+01
7948	233	5.57138E+01
12068	421	5.58213E+01
8882	553	5.58281E+01
8882	641	5.58444E+01
1856	326	5.58805E+01
9013	679	5.59101E+01
8038	423	5.59336E+01
1746	228	5.59411E+01
1856	276	5.59458E+01
12009	421	5.59465E+01
8925	680	5.59484E+01
8925	679	5.59563E+01
8882	429	5.59692E+01
11950	421	5.59980E+01
5430	645	5.60108E+01
9013	680	5.60395E+01
8038	336	5.60588E+01
5327	609	5.61225E+01
12068	368	5.61260E+01
8925	426	5.61608E+01
5430	372	5.61639E+01
12068	420	5.61680E+01
8882	642	5.61942E+01
5430	557	5.62172E+01
12009	368	5.62546E+01
1746	326	5.62610E+01
8038	370	5.62652E+01
12009	420	5.63046E+01
11950	368	5.63074E+01
8948	285	5.63178E+01
5327	372	5.63195E+01
5327	645	5.63240E+01
8925	600	5.63273E+01
1746	371	5.63348E+01
9013	636	5.63390E+01
11950	420	5.63615E+01
8925	376	5.63662E+01
1746	276	5.63671E+01
12068	286	5.63764E+01
8038	424	5.63795E+01
9013	426	5.63937E+01
8925	365	5.64017E+01
8925	636	5.64337E+01
1856	367	5.64474E+01
5430	602	5.64717E+01
5430	609	5.64890E+01
9013	376	5.64955E+01
12009	286	5.65168E+01
8860	285	5.65172E+01
8038	422	5.65314E+01
5327	650	5.65327E+01
5327	557	5.65332E+01
1856	371	5.65409E+01
7948	372	5.65504E+01
11950	286	5.65762E+01
8038	329	5.65895E+01
8882	640	5.66221E+01
8038	375	5.66326E+01
12068	327	5.66664E+01
12068	422	5.66762E+01
1856	420	5.66824E+01
7948	373	5.66985E+01
5430	689	5.67143E+01
9013	600	5.67295E+01
8948	336	5.67358E+01
1746	420	5.67742E+01
12009	327	5.67757E+01
1746	367	5.67875E+01
12009	422	5.67879E+01
5430	690	5.68084E+01
7948	330	5.68112E+01
8925	594	5.68174E+01
9013	594	5.68182E+01
11950	327	5.68190E+01
5430	650	5.68199E+01
5327	602	5.68268E+01
5327	690	5.68276E+01
8948	335	5.68311E+01
7948	335	5.68320E+01
11950	422	5.68329E+01
5327	689	5.68682E+01
1746	332	5.69046E+01
9013	365	5.69144E+01
8970	643	5.69868E+01
8860	336	5.70224E+01
8970	278	5.70283E+01
8925	337	5.70804E+01
8860	335	5.70996E+01
9013	337	5.71035E+01
5430	282	5.71239E+01
9013	678	5.71702E+01
5430	688	5.71824E+01
5327	282	5.71924E+01
8925	681	5.71940E+01
1856	419	5.72133E+01
1746	421	5.72151E+01
1856	332	5.72430E+01
1856	421	5.72756E+01
8882	278	5.72781E+01
5327	691	5.72902E+01
12068	334	5.73278E+01
8925	678	5.73329E+01
7948	371	5.73576E+01
8948	337	5.73730E+01
5430	691	5.74079E+01
9013	681	5.74405E+01
12009	334	5.74509E+01
1746	419	5.74587E+01
8970	368	5.74647E+01
8970	603	5.74677E+01
5327	688	5.74683E+01
11950	334	5.75017E+01
7948	280	5.75062E+01
8970	597	5.75298E+01
8882	643	5.75516E+01
8925	557	5.75532E+01
1746	284	5.75686E+01
8970	639	5.75757E+01
12068	373	5.76463E+01
8970	682	5.76540E+01
8860	337	5.76759E+01
8948	334	5.76979E+01
8970	683	5.76996E+01
8970	469	5.77356E+01
7948	374	5.77427E+01
12009	373	5.77535E+01
8038	425	5.77928E+01
11950	373	5.77965E+01
12068	419	5.78055E+01
8925	466	5.78653E+01
8882	603	5.78983E+01
5430	644	5.78988E+01
8882	368	5.79240E+01
8860	334	5.79464E+01
12009	419	5.79513E+01
9013	557	5.79599E+01
8925	457	5.79799E+01
1856	284	5.79801E+01
8038	279	5.79912E+01
12068	277	5.80096E+01
11950	419	5.80126E+01
8970	560	5.80848E+01
12009	277	5.80978E+01
5430	464	5.81024E+01
11950	277	5.81309E+01
5430	423	5.81314E+01
12068	461	5.81347E+01
8948	284	5.81973E+01
9013	466	5.82026E+01
8882	469	5.82065E+01
8925	324	5.82095E+01
8925	641	5.82117E+01
9013	457	5.82485E+01
8038	421	5.82558E+01
12009	461	5.82671E+01
5430	687	5.82742E+01
8970	460	5.82823E+01
9013	721	5.83092E+01
11950	461	5.83222E+01
5327	644	5.83235E+01
7948	232	5.83277E+01
5327	423	5.83594E+01
8925	721	5.83629E+01
8860	284	5.83663E+01
5327	464	5.83941E+01
8882	560	5.84931E+01
8882	683	5.85231E+01
8882	597	5.85249E+01
8038	463	5.85300E+01
12068	229	5.85468E+01
12009	229	5.86205E+01
1746	372	5.86280E+01
8882	682	5.86433E+01
12068	423	5.86437E+01
11950	229	5.86465E+01
9013	641	5.86483E+01
8882	639	5.86520E+01
8970	230	5.86583E+01
5327	687	5.86891E+01
5430	331	5.86921E+01
8038	464	5.86944E+01
1746	422	5.87005E+01
8948	338	5.87035E+01
12009	423	5.87400E+01
12068	460	5.87449E+01
8970	681	5.87685E+01
8970	684	5.87772E+01
11950	423	5.87777E+01
5327	331	5.88072E+01
9013	720	5.88086E+01
8882	230	5.88267E+01
9013	324	5.88474E+01
12068	462	5.88664E+01
8925	416	5.88823E+01
1856	227	5.88909E+01
5430	732	5.88972E+01
1856	142	5.88976E+01
12009	460	5.88980E+01
1856	422	5.89118E+01
7948	423	5.89384E+01
1856	418	5.89439E+01
8970	380	5.89547E+01
11950	460	5.89630E+01
1856	372	5.89652E+01
12009	462	5.89751E+01
8925	722	5.89769E+01
8038	337	5.89792E+01
8882	460	5.90162E+01
11950	462	5.90188E+01
8860	338	5.90210E+01
8925	720	5.90237E+01
8038	231	5.90370E+01
5327	732	5.90480E+01
5430	731	5.90718E+01
1856	325	5.90996E+01
9013	722	5.91060E+01
7948	336	5.91062E+01
1856	366	5.91861E+01
7948	370	5.91877E+01
8925	549	5.92127E+01
8038	369	5.92235E+01
12068	367	5.92279E+01
8948	375	5.92280E+01
9013	416	5.92931E+01
8038	376	5.93082E+01
8925	141	5.93218E+01
1856	461	5.93307E+01
8970	419	5.93375E+01
1746	418	5.93436E+01
9013	549	5.93462E+01
1856	460	5.93489E+01
12009	367	5.93565E+01
5327	731	5.93684E+01
7948	424	5.93705E+01
8948	333	5.93758E+01
1746	461	5.93775E+01
8970	644	5.93959E+01
7948	329	5.94026E+01
11950	367	5.94091E+01
8882	684	5.94224E+01
1746	227	5.94246E+01
8970	552	5.94418E+01
1746	142	5.94451E+01
8948	376	5.94606E+01
1856	275	5.94936E+01
8038	462	5.95072E+01
8925	226	5.95144E+01
8860	375	5.95253E+01
7948	422	5.95432E+01
1746	460	5.95648E+01
8925	682	5.95674E+01
8860	333	5.96024E+01
1746	325	5.96090E+01
7948	375	5.96291E+01
8882	380	5.96305E+01
1746	366	5.96674E+01
5430	601	5.96823E+01
5430	730	5.97457E+01
8860	376	5.97581E+01
8882	644	5.98056E+01
1746	333	5.98656E+01
8948	374	5.98713E+01
8038	465	5.99058E+01
8882	681	5.99092E+01
8970	430	5.99123E+01
9013	677	5.99179E+01
8882	419	5.99222E+01
9013	682	5.99850E+01
8970	724	6.00306E+01
1746	275	6.00323E+01
5430	686	6.00579E+01
8925	274	6.00775E+01
8038	426	6.01048E+01
8970	327	6.01134E+01
5327	601	6.01285E+01
9013	635	6.01329E+01
9013	141	6.01526E+01
8860	374	6.01653E+01
8925	677	6.01739E+01
5327	730	6.01855E+01
5430	556	6.02398E+01
8038	328	6.02427E+01
8925	635	6.02782E+01
9013	226	6.03110E+01
1856	333	6.03154E+01
8882	552	6.03227E+01
1746	462	6.03263E+01
8925	601	6.03372E+01
8882	327	6.04322E+01
1856	462	6.04481E+01
8882	430	6.04624E+01
8948	377	6.05140E+01
8970	725	6.05216E+01
12068	326	6.05453E+01
5430	234	6.05749E+01
1856	459	6.05849E+01
8970	723	6.05931E+01
5327	686	6.05984E+01
5327	234	6.06238E+01
5327	556	6.06290E+01
5430	643	6.06491E+01
12009	326	6.06491E+01
12068	552	6.06728E+01
12068	335	6.06870E+01
11950	326	6.06896E+01
7948	279	6.06913E+01
1746	285	6.06953E+01
12068	553	6.06960E+01
9013	719	6.07190E+01
8925	723	6.07397E+01
7948	425	6.07637E+01
8970	685	6.07674E+01
8948	283	6.07764E+01
12068	459	6.07901E+01
8860	377	6.08090E+01
12009	335	6.08091E+01
12068	418	6.08150E+01
12009	553	6.08188E+01
9013	274	6.08203E+01
12009	552	6.08293E+01
12068	463	6.08377E+01
9013	601	6.08497E+01
12068	374	6.08524E+01
11950	335	6.08595E+01
11950	553	6.08695E+01
8970	638	6.08868E+01
11950	552	6.08963E+01
8970	604	6.09129E+01
8860	283	6.09138E+01
9013	762	6.09194E+01
12009	463	6.09199E+01
11950	463	6.09509E+01
12009	374	6.09516E+01
12009	459	6.09605E+01
12009	418	6.09676E+01
1746	459	6.09696E+01
9013	763	6.09735E+01
5430	729	6.09761E+01
11950	374	6.09908E+01
11950	418	6.10319E+01
8925	763	6.10334E+01
11950	459	6.10338E+01
8882	724	6.10432E+01
8038	555	6.10471E+01
9013	723	6.10701E+01
8925	719	6.10709E+01
1746	423	6.11514E+01
8970	680	6.11742E+01
5327	643	6.11813E+01
8925	762	6.11838E+01
8038	420	6.11932E+01
1856	285	6.12004E+01
8882	604	6.12174E+01
8882	685	6.12237E+01
7948	421	6.12673E+01
8882	725	6.13271E+01
8925	427	6.13835E+01
8948	373	6.14463E+01
1856	423	6.15117E+01
8038	556	6.15416E+01
5327	729	6.15561E+01
7948	463	6.15912E+01
9013	427	6.16306E+01
12068	424	6.16405E+01
7948	231	6.16541E+01
8925	377	6.17030E+01
8038	554	6.17046E+01
7948	464	6.17107E+01
12009	424	6.17197E+01
8038	461	6.17234E+01
8860	373	6.17336E+01
11950	424	6.17491E+01
1746	373	6.17558E+01
5430	773	6.17954E+01
8882	723	6.17983E+01
5430	371	6.18044E+01
9013	377	6.18217E+01
9013	593	6.18769E+01
8925	593	6.18869E+01
8948	332	6.19084E+01
8948	426	6.19278E+01
1856	417	6.19346E+01
8970	726	6.19413E+01
5327	371	6.19896E+01
8925	642	6.20122E+01
8970	596	6.20292E+01
1856	552	6.20348E+01
7948	337	6.20483E+01
8925	764	6.20547E+01
8882	638	6.20551E+01
8038	466	6.20770E+01
1856	553	6.20939E+01
12068	554	6.21079E+01
8860	332	6.21109E+01
7948	369	6.21163E+01
12068	551	6.21426E+01
8038	278	6.21449E+01
1746	553	6.21590E+01
8948	425	6.21725E+01
9013	761	6.21846E+01
12009	554	6.21930E+01
9013	764	6.22210E+01
1856	373	6.22222E+01
11950	554	6.22256E+01
8860	426	6.22441E+01
8970	561	6.22652E+01
1746	552	6.22844E+01
8970	470	6.23022E+01
7948	376	6.23061E+01
5327	773	6.23183E+01
1746	463	6.23231E+01
12009	551	6.23285E+01
8948	378	6.23343E+01
8970	722	6.23412E+01
9013	338	6.23845E+01
8925	558	6.23861E+01
8925	338	6.23899E+01
12068	276	6.23987E+01
11950	551	6.24096E+01
8882	680	6.24494E+01
12009	276	6.24784E+01
1746	417	6.24887E+01
11950	276	6.25073E+01
8860	425	6.25096E+01
8970	766	6.25199E+01
8882	726	6.25275E+01
8038	338	6.25336E+01
8882	561	6.25796E+01
9013	642	6.25973E+01
7948	462	6.26039E+01
8970	645	6.26110E+01
5430	685	6.26121E+01
1856	463	6.26125E+01
8948	427	6.26128E+01
8860	378	6.26239E+01
8925	761	6.26282E+01
1856	141	6.26944E+01
8882	470	6.27129E+01
8038	377	6.27268E+01
5430	281	6.27369E+01
8970	765	6.27385E+01
5430	772	6.27659E+01
5327	281	6.28189E+01
5430	728	6.28264E+01
12068	228	6.28525E+01
8882	645	6.28575E+01
7948	465	6.28685E+01
9013	558	6.28719E+01
8860	427	6.29038E+01
12009	228	6.29168E+01
12068	596	6.29188E+01
11950	228	6.29382E+01
8925	683	6.29419E+01
7948	328	6.30092E+01
7948	426	6.30494E+01
8882	596	6.30742E+01
12009	596	6.30814E+01
8038	557	6.30827E+01
1856	458	6.31058E+01
8925	467	6.31228E+01
1856	226	6.31352E+01
1856	365	6.31462E+01
11950	596	6.31517E+01
1746	554	6.31728E+01
8038	230	6.31989E+01
1856	551	6.32021E+01
12068	597	6.32270E+01
8038	427	6.32520E+01
8970	767	6.32539E+01
5327	685	6.32742E+01
9013	804	6.32863E+01
1856	554	6.32927E+01
8925	364	6.33045E+01
1746	141	6.33355E+01
12009	597	6.33421E+01
8038	368	6.33656E+01
8970	277	6.33724E+01
5430	463	6.33769E+01
11950	597	6.33894E+01
8948	424	6.34158E+01
5327	772	6.34396E+01
1856	324	6.34586E+01
9013	467	6.35063E+01
1746	334	6.35199E+01
8925	724	6.35216E+01
5327	728	6.35433E+01
9013	683	6.35439E+01
8970	686	6.35630E+01
8882	277	6.35666E+01
8882	766	6.35746E+01
8925	804	6.36092E+01
8038	553	6.36214E+01
1746	551	6.36348E+01
12068	366	6.36375E+01
8038	599	6.36437E+01
1746	458	6.36582E+01
9013	805	6.37152E+01
8882	722	6.37219E+01
5327	463	6.37237E+01
12009	366	6.37643E+01
8860	424	6.37690E+01
1746	365	6.37691E+01
1746	226	6.37761E+01
8925	805	6.37933E+01
11950	366	6.38160E+01
8882	686	6.38212E+01
9013	364	6.38806E+01
5430	422	6.39125E+01
12068	464	6.39455E+01
5430	600	6.39601E+01
12009	464	6.39989E+01
8948	372	6.40125E+01
11950	464	6.40159E+01
8882	765	6.40243E+01
8970	764	6.40382E+01
8882	767	6.40633E+01
9013	724	6.40688E+01
1856	274	6.40705E+01
9013	803	6.40767E+01
1856	334	6.40794E+01
8948	282	6.40951E+01
1746	324	6.40982E+01
8038	600	6.41142E+01
8925	765	6.41176E+01
9013	718	6.41321E+01
7948	555	6.41526E+01
12068	595	6.41572E+01
8948	428	6.41619E+01
8970	727	6.41763E+01
5327	422	6.41813E+01
8970	367	6.41825E+01
7948	420	6.41965E+01
8860	282	6.41996E+01
9013	676	6.42222E+01
5430	771	6.42349E+01
8860	372	6.42896E+01
8038	598	6.43363E+01
12068	458	6.43444E+01
5430	642	6.43600E+01
12009	595	6.43617E+01
1746	286	6.43712E+01
8860	428	6.44236E+01
11950	595	6.44522E+01
5327	600	6.44933E+01
1746	424	6.44945E+01
9013	765	6.45285E+01
12009	458	6.45287E+01
8882	727	6.45327E+01
8925	676	6.45464E+01
8970	459	6.45517E+01
7948	556	6.45610E+01
8925	718	6.45935E+01
8882	367	6.45964E+01
11950	458	6.46085E+01
8925	803	6.46189E+01
8948	466	6.46471E+01
8925	456	6.46782E+01
1746	274	6.47285E+01
12068	336	6.47387E+01
8970	229	6.47681E+01
7948	278	6.47903E+01
12068	555	6.47932E+01
8970	768	6.48219E+01
12009	555	6.48373E+01
7948	461	6.48453E+01
11950	555	6.48500E+01
12009	336	6.48592E+01
5430	330	6.48606E+01
8948	379	6.48698E+01
9013	760	6.48779E+01
8882	229	6.48828E+01
7948	554	6.48846E+01
1856	597	6.48881E+01
12068	375	6.48893E+01
11950	336	6.49090E+01
1856	286	6.49685E+01
12068	598	6.49694E+01
7948	466	6.49781E+01
12009	375	6.49795E+01
9013	456	6.49877E+01
8038	327	6.49941E+01
8970	808	6.49942E+01
8970	679	6.49953E+01
5327	642	6.49954E+01
5327	330	6.49955E+01
8860	466	6.49961E+01
1856	424	6.50021E+01
11950	375	6.50145E+01
12009	598	6.50320E+01
8970	807	6.50327E+01
1746	597	6.50371E+01
8925	806	6.50438E+01
11950	598	6.50540E+01
5327	771	6.50565E+01
8948	465	6.50689E+01
8970	431	6.50704E+01
8970	605	6.50923E+01
1856	596	6.50978E+01
8038	467	6.51297E+01
8860	379	6.51515E+01
12068	550	6.51884E+01
8948	467	6.52165E+01
12068	637	6.52223E+01
8925	602	6.52281E+01
1746	555	6.52315E+01
9013	806	6.52322E+01
8925	140	6.52489E+01
12068	417	6.52583E+01
8882	605	6.52642E+01
8038	460	6.52713E+01
8882	459	6.52729E+01
1746	464	6.52795E+01
8948	331	6.53470E+01
5430	727	6.53683E+01
8882	768	6.53739E+01
12009	550	6.53988E+01
12009	637	6.53994E+01
8970	721	6.54069E+01
12009	417	6.54151E+01
8038	419	6.54268E+01
5430	555	6.54360E+01
8970	551	6.54366E+01
1746	596	6.54452E+01
8925	323	6.54549E+01
8860	465	6.54655E+01
8925	760	6.54719E+01
11950	637	6.54772E+01
11950	417	6.54813E+01
11950	550	6.54917E+01
9013	634	6.55085E+01
8860	467	6.55120E+01
12068	638	6.55172E+01
8860	331	6.55232E+01
1856	555	6.55362E+01
8882	764	6.55379E+01
8038	558	6.55725E+01
8882	431	6.55895E+01
12068	425	6.55914E+01
7948	338	6.56216E+01
12068	325	6.56242E+01
12009	638	6.56329E+01
8038	601	6.56334E+01
12009	425	6.56518E+01
1856	550	6.56654E+01
1746	374	6.56684E+01
11950	425	6.56723E+01
11950	638	6.56811E+01
8925	634	6.56822E+01
8970	637	6.56972E+01
8925	548	6.57214E+01
12009	325	6.57214E+01
7948	377	6.57222E+01
8948	423	6.57337E+01
1856	464	6.57355E+01
11950	325	6.57586E+01
7948	230	6.57614E+01
1746	598	6.57663E+01
8970	809	6.58154E+01
1856	598	6.58174E+01
9013	602	6.58597E+01
9013	548	6.58788E+01
5327	555	6.58946E+01
7948	557	6.60054E+01
5430	684	6.60277E+01
8970	806	6.60534E+01
8860	423	6.60978E+01
8925	415	6.61210E+01
8882	808	6.61251E+01
9013	140	6.61379E+01
5430	233	6.61538E+01
9013	323	6.61618E+01
7948	427	6.61646E+01
9013	802	6.62066E+01
5327	233	6.62122E+01
5327	727	6.62179E+01
1856	416	6.62200E+01
7948	368	6.62230E+01
8925	225	6.62325E+01
5430	770	6.62606E+01
1856	374	6.62624E+01
1746	550	6.62786E+01
8970	418	6.62815E+01
8038	640	6.62970E+01
8038	597	6.63067E+01
8882	551	6.63280E+01
8882	679	6.63858E+01
8925	568	6.63966E+01
8882	807	6.64295E+01
8038	641	6.64644E+01
5430	814	6.64774E+01
9013	568	6.65075E+01
8948	429	6.65111E+01
12068	636	6.65245E+01
1856	595	6.65335E+01
8948	234	6.65435E+01
8970	646	6.65438E+01
8970	763	6.65523E+01
8860	234	6.65666E+01
8948	464	6.65682E+01
9013	415	6.65880E+01
8882	646	6.66200E+01
8882	809	6.66662E+01
8925	643	6.66897E+01
8948	468	6.66987E+01
8860	429	6.67397E+01
12009	636	6.67561E+01
5327	684	6.68069E+01
7948	599	6.68230E+01
8882	418	6.68323E+01
8038	378	6.68377E+01
11950	636	6.68602E+01
7948	553	6.68630E+01
8038	552	6.68989E+01
1746	416	6.69273E+01
8860	468	6.69352E+01
8925	802	6.69385E+01
8882	637	6.69393E+01
8882	721	6.69433E+01
1856	457	6.69545E+01
8860	464	6.70059E+01
12068	594	6.70306E+01
8970	687	6.70702E+01
1746	595	6.70764E+01
8925	766	6.70939E+01
9013	225	6.70947E+01
8970	769	6.71168E+01
8882	687	6.71223E+01
8970	728	6.71260E+01
8970	562	6.71310E+01
7948	600	6.71659E+01
8038	428	6.71733E+01
1856	140	6.71899E+01
8925	725	6.71975E+01
8925	684	6.71977E+01
5327	770	6.72268E+01
8925	807	6.72320E+01
8882	728	6.72438E+01
12009	594	6.72710E+01
12068	639	6.72921E+01
8038	277	6.72941E+01
8038	639	6.73067E+01
8970	326	6.73309E+01
8925	428	6.73397E+01
12009	639	6.73405E+01
8882	562	6.73464E+01
11950	639	6.73561E+01
11950	594	6.73787E+01
8970	810	6.73839E+01
8925	273	6.73908E+01
8882	769	6.74013E+01
9013	643	6.74333E+01
8948	558	6.74716E+01
5327	814	6.74772E+01
8948	557	6.75026E+01
8970	471	6.75212E+01
1746	599	6.75355E+01
12068	678	6.75496E+01
12068	679	6.75791E+01
8882	326	6.75949E+01
9013	428	6.76055E+01
7948	598	6.76291E+01
8948	371	6.76366E+01
1746	457	6.76723E+01
8038	642	6.76877E+01
8925	378	6.76991E+01
8882	806	6.76992E+01
9013	807	6.77049E+01
12009	679	6.77094E+01
7948	327	6.77099E+01
12009	678	6.77545E+01
9013	766	6.77646E+01
11950	679	6.77653E+01
1856	599	6.77876E+01
9013	378	6.78105E+01
8860	558	6.78256E+01
1746	335	6.78367E+01
11950	678	6.78464E+01
12068	275	6.78617E+01
8882	471	6.78675E+01
8860	371	6.78998E+01
1746	140	6.79263E+01
12009	275	6.79323E+01
8860	557	6.79384E+01
1856	638	6.79426E+01
8882	810	6.79430E+01
11950	275	6.79565E+01
7948	467	6.79617E+01
9013	725	6.79746E+01
9013	684	6.79955E+01
12068	599	6.80196E+01
11950	599	6.80200E+01
12009	599	6.80254E+01
8925	559	6.80281E+01
12068	227	6.80576E+01
8948	380	6.80732E+01
8970	595	6.80876E+01
12068	465	6.80926E+01
8038	602	6.80935E+01
12009	227	6.81121E+01
12009	465	6.81148E+01
11950	465	6.81168E+01
11950	227	6.81287E+01
8970	805	6.81864E+01
9013	273	6.82032E+01
8948	281	6.82049E+01
8038	229	6.82102E+01
5430	813	6.82385E+01
1746	556	6.82394E+01
1746	638	6.82425E+01
8882	763	6.82457E+01
1856	225	6.82483E+01
8860	281	6.82752E+01
1856	364	6.83390E+01
1856	639	6.83422E+01
8860	380	6.83444E+01
7948	558	6.83890E+01
7948	460	6.84073E+01
7948	419	6.84136E+01
8948	559	6.84204E+01
1746	639	6.84295E+01
9013	592	6.85016E+01
8925	592	6.85037E+01
1856	335	6.85044E+01
7948	601	6.85451E+01
5430	370	6.85974E+01
9013	559	6.86000E+01
8948	556	6.86111E+01
11950	556	6.86260E+01
12009	556	6.86347E+01
12068	556	6.86348E+01
12068	142	6.86590E+01
1746	425	6.86646E+01
1856	637	6.86770E+01
5430	726	6.86843E+01
8860	559	6.86858E+01
12009	142	6.87048E+01
11950	142	6.87172E+01
1856	556	6.87285E+01
8038	367	6.87670E+01
5327	370	6.88108E+01
8038	682	6.88234E+01
3229	285	6.88315E+01
5430	769	6.89091E+01
8038	559	6.89229E+01
3229	284	6.89276E+01
1856	323	6.89578E+01
8038	468	6.89923E+01
1746	225	6.89978E+01
8948	469	6.90199E+01
9013	759	6.90810E+01
1746	364	6.91032E+01
9013	717	6.91078E+01
1746	465	6.91132E+01
8860	556	6.91207E+01
12068	680	6.91354E+01
5430	641	6.91406E+01
8925	468	6.91454E+01
12068	677	6.91651E+01
8882	595	6.91659E+01
8038	681	6.91746E+01
12009	680	6.91838E+01
1746	637	6.91863E+01
8860	469	6.91925E+01
11950	680	6.92000E+01
8948	422	6.92097E+01
8948	463	6.92406E+01
5430	280	6.92422E+01
1856	594	6.92637E+01
1856	425	6.93180E+01
5327	280	6.93376E+01
3229	286	6.93685E+01
5327	813	6.93900E+01
12068	365	6.93950E+01
5430	599	6.94155E+01
12009	677	6.94361E+01
12068	337	6.94467E+01
12068	457	6.94527E+01
1856	549	6.94696E+01
12068	635	6.95136E+01
12009	365	6.95183E+01
12068	720	6.95347E+01
8038	683	6.95413E+01
11950	677	6.95598E+01
12009	337	6.95651E+01
11950	365	6.95682E+01
8860	422	6.95794E+01
9013	468	6.95809E+01
8948	430	6.95967E+01
8970	811	6.95976E+01
7948	640	6.96084E+01
7948	641	6.96092E+01
8038	638	6.96126E+01
11950	337	6.96140E+01
12009	457	6.96469E+01
8925	717	6.96487E+01
1746	640	6.96510E+01
8038	596	6.96616E+01
5327	726	6.96620E+01
1856	273	6.96698E+01
3229	283	6.96830E+01
12009	720	6.96971E+01
7948	597	6.96972E+01
12068	376	6.97058E+01
8860	463	6.97124E+01
1746	323	6.97280E+01
11950	457	6.97313E+01
1856	465	6.97344E+01
3335	285	6.97380E+01
8948	330	6.97544E+01
11950	720	6.97692E+01
9013	801	6.97750E+01
1856	640	6.97782E+01
12009	376	6.97860E+01
8860	430	6.97888E+01
12009	635	6.97921E+01
8925	759	6.97934E+01
11950	376	6.98162E+01
7948	378	6.98264E+01
3335	284	6.98374E+01
8038	643	6.98513E+01
8882	811	6.98554E+01
12068	549	6.98624E+01
5327	641	6.98742E+01
7948	277	6.98822E+01
8860	330	6.99018E+01
8970	720	6.99124E+01
11950	635	6.99186E+01
5430	462	6.99215E+01
8970	606	6.99297E+01
8882	606	6.99633E+01
12068	719	6.99809E+01
1746	594	6.99976E+01
5327	769	7.00158E+01
5327	599	7.00308E+01
8970	770	7.00432E+01
7948	428	7.00484E+01
8882	770	7.00518E+01
8882	805	7.00609E+01
12009	549	7.00923E+01
9013	675	7.01159E+01
8948	601	7.01282E+01
8948	602	7.01395E+01
7948	552	7.01877E+01
11950	549	7.01943E+01
12009	719	7.02298E+01
8038	459	7.02312E+01
8925	808	7.02350E+01
1746	600	7.02444E+01
1746	549	7.02592E+01
8948	560	7.02614E+01
3335	286	7.02722E+01
1746	375	7.03200E+01
5327	462	7.03201E+01
8970	678	7.03395E+01
11950	719	7.03437E+01
11950	640	7.03690E+01
12009	640	7.03887E+01
3441	285	7.03968E+01
5430	683	7.04081E+01
8970	762	7.04105E+01
12068	640	7.04129E+01
12068	426	7.04289E+01
8860	560	7.04318E+01
1746	273	7.04481E+01
12009	426	7.04691E+01
11950	426	7.04798E+01
8925	675	7.04813E+01
5430	812	7.05018E+01
3441	284	7.05211E+01
8860	602	7.05228E+01
8882	729	7.05732E+01
3335	283	7.05967E+01
8860	601	7.06275E+01
1856	636	7.06293E+01
7948	642	7.06514E+01
12068	721	7.06624E+01
8925	801	7.06630E+01
1856	600	7.06974E+01
8970	729	7.07017E+01
7948	229	7.07161E+01
8038	680	7.07200E+01
12009	721	7.07294E+01
11950	721	7.07555E+01
7948	639	7.07680E+01
8860	233	7.08114E+01
8970	432	7.08131E+01
3229	333	7.08183E+01
8948	233	7.08237E+01
8970	276	7.08254E+01
7948	602	7.08543E+01
8925	767	7.08640E+01
8948	555	7.09040E+01
3441	286	7.09064E+01
8925	603	7.09078E+01
8038	326	7.09176E+01
5430	421	7.09482E+01
3229	334	7.09521E+01
8882	276	7.09616E+01
9013	808	7.10073E+01
8882	647	7.10156E+01
8038	418	7.10280E+01
1856	375	7.10400E+01
8882	688	7.10453E+01
8970	647	7.11160E+01
8948	603	7.11235E+01
3229	282	7.11314E+01
12068	416	7.11660E+01
8948	600	7.11975E+01
8970	688	7.12060E+01
8038	684	7.12067E+01
5327	421	7.12555E+01
1856	680	7.12786E+01
8882	432	7.12979E+01
5327	683	7.12992E+01
3441	283	7.13056E+01
12009	416	7.13242E+01
1746	636	7.13433E+01
8860	603	7.13828E+01
11950	416	7.13910E+01
8038	603	7.13969E+01
8925	363	7.14655E+01
8038	723	7.14749E+01
8860	555	7.14789E+01
3229	332	7.14809E+01
8038	724	7.15300E+01
12068	761	7.15480E+01
8970	804	7.15632E+01
3229	234	7.15654E+01
1746	680	7.15751E+01
8882	720	7.15815E+01
7948	367	7.15830E+01
1856	679	7.15892E+01
8038	379	7.15927E+01
12068	593	7.15938E+01
8038	551	7.16234E+01
7948	559	7.16245E+01
8925	726	7.16524E+01
9013	603	7.16664E+01
3335	333	7.17210E+01
7948	468	7.17482E+01
12009	761	7.17622E+01
1856	415	7.17986E+01
5327	812	7.18019E+01
8860	600	7.18038E+01
1746	641	7.18046E+01
9013	767	7.18072E+01
8038	429	7.18079E+01
8970	228	7.18215E+01
8882	678	7.18232E+01
3229	335	7.18448E+01
3335	334	7.18581E+01
11950	761	7.18603E+01
12009	593	7.18634E+01
8882	228	7.18807E+01
8925	139	7.18824E+01
5430	554	7.19124E+01
12068	324	7.19332E+01
11950	593	7.19850E+01
1856	681	7.19987E+01
11950	681	7.20136E+01
12009	324	7.20227E+01
12009	681	7.20401E+01
3335	282	7.20495E+01
11950	324	7.20561E+01
1746	681	7.20706E+01
12068	762	7.20726E+01
12068	681	7.20798E+01
8970	636	7.20932E+01
5430	329	7.21028E+01
1746	557	7.21061E+01
1746	679	7.21069E+01
8948	470	7.21079E+01
9013	363	7.21092E+01
12068	718	7.21163E+01
1856	456	7.21404E+01
8925	644	7.21431E+01
7948	682	7.21455E+01
1856	641	7.21472E+01
11950	600	7.21588E+01
12009	762	7.21795E+01
12009	600	7.21935E+01
8860	470	7.22122E+01
11950	762	7.22258E+01
8925	685	7.22263E+01
12068	600	7.22481E+01
5430	768	7.22560E+01
5327	329	7.22569E+01
8970	366	7.22670E+01
8882	762	7.22742E+01
8882	812	7.23141E+01
8970	458	7.23539E+01
8970	812	7.23653E+01
1856	139	7.23754E+01
3335	332	7.23813E+01
8948	370	7.23940E+01
3441	333	7.23944E+01
5327	554	7.24360E+01
12009	718	7.24416E+01
9013	633	7.24656E+01
3335	234	7.25013E+01
3441	334	7.25027E+01
5430	232	7.25037E+01
8038	722	7.25068E+01
12068	676	7.25126E+01
8038	725	7.25474E+01
5327	232	7.25717E+01
11950	718	7.25922E+01
8948	643	7.26116E+01
8970	563	7.26119E+01
7948	643	7.26212E+01
8882	366	7.26303E+01
8860	370	7.26394E+01
12068	760	7.26435E+01
8925	633	7.26446E+01
7948	683	7.26454E+01
1746	415	7.26567E+01
9013	726	7.26704E+01
7948	681	7.26978E+01
8882	563	7.27237E+01
3335	335	7.27549E+01
1856	557	7.27786E+01
3441	282	7.27841E+01
1746	336	7.27843E+01
8925	455	7.27985E+01
9013	139	7.28299E+01
8948	642	7.28305E+01
12009	676	7.28404E+01
8038	644	7.28489E+01
5430	725	7.28693E+01
8948	561	7.29134E+01
12009	760	7.29545E+01
8860	561	7.29832E+01
8948	604	7.29833E+01
3229	331	7.29839E+01
11950	676	7.29913E+01
8970	550	7.30132E+01
1746	456	7.30199E+01
1856	678	7.30239E+01
8882	458	7.30518E+01
8038	560	7.30537E+01
9013	644	7.30538E+01
8860	643	7.30742E+01
3441	332	7.30839E+01
11950	760	7.30991E+01
8860	604	7.31113E+01
7948	596	7.31321E+01
9013	455	7.31594E+01
11950	722	7.31648E+01
11950	466	7.31665E+01
8948	280	7.31708E+01
12009	466	7.31805E+01
8948	462	7.31877E+01
12009	722	7.31886E+01
12068	466	7.31914E+01
7948	638	7.32047E+01
8860	280	7.32052E+01
1746	139	7.32082E+01
12068	722	7.32244E+01
9013	685	7.32295E+01
8882	771	7.32412E+01
3229	373	7.32467E+01
3441	234	7.32600E+01
3229	281	7.33164E+01
8038	637	7.33228E+01
5430	811	7.33278E+01
8970	472	7.33293E+01
1856	593	7.33297E+01
8948	431	7.33579E+01
8948	644	7.33666E+01
7948	459	7.33692E+01
3441	335	7.33712E+01
8882	636	7.33889E+01
3229	374	7.34146E+01
8860	642	7.34420E+01
11950	557	7.34435E+01
3229	336	7.34616E+01
8948	599	7.34651E+01
12009	557	7.34749E+01
1746	682	7.34918E+01
5327	768	7.34985E+01
8038	276	7.35082E+01
8860	431	7.35103E+01
8970	771	7.35157E+01
12068	557	7.35218E+01
1856	336	7.35590E+01
12068	803	7.35666E+01
7948	326	7.35788E+01
8038	679	7.35796E+01
8038	469	7.35957E+01
1746	426	7.36032E+01
8882	472	7.36073E+01
8882	804	7.36426E+01
1856	682	7.36466E+01
8860	644	7.36711E+01
8860	462	7.36858E+01
8038	685	7.37070E+01
8925	547	7.37093E+01
12009	803	7.37360E+01
1746	466	7.37501E+01
1746	678	7.37578E+01
12068	802	7.37887E+01
1746	601	7.37956E+01
8925	224	7.38069E+01
11950	803	7.38136E+01
8925	322	7.38269E+01
1856	635	7.38621E+01
3335	331	7.38831E+01
8882	550	7.39012E+01
9013	547	7.39051E+01
8948	421	7.39330E+01
8925	809	7.39396E+01
8038	765	7.39666E+01
5327	725	7.39696E+01
8925	429	7.39719E+01
3229	372	7.39861E+01
7948	418	7.39896E+01
7948	603	7.39968E+01
3229	233	7.40403E+01
11950	763	7.40609E+01
12009	763	7.40709E+01
12009	802	7.40753E+01
7948	684	7.40781E+01
12068	763	7.40803E+01
8038	228	7.41259E+01
12068	141	7.41377E+01
3335	373	7.41380E+01
8948	641	7.41403E+01
8860	599	7.41680E+01
12009	141	7.41741E+01
12068	226	7.41797E+01
11950	141	7.41819E+01
1856	224	7.42041E+01
11950	802	7.42094E+01
12009	226	7.42242E+01
8038	766	7.42262E+01
11950	226	7.42357E+01
3335	281	7.42396E+01
12068	634	7.42430E+01
1746	593	7.42489E+01
9013	429	7.42609E+01
8860	421	7.43023E+01
8925	379	7.43105E+01
3335	374	7.43192E+01
3335	336	7.43767E+01
8925	567	7.43998E+01
1856	426	7.44010E+01
8925	560	7.44045E+01
8038	726	7.44096E+01
9013	379	7.44179E+01
12068	274	7.44182E+01
7948	680	7.44244E+01
3229	375	7.44371E+01
8882	730	7.44425E+01
1856	601	7.44494E+01
12009	274	7.44791E+01
8038	595	7.44898E+01
8948	554	7.44943E+01
11950	274	7.44985E+01
1856	466	7.45353E+01
9013	567	7.45453E+01
12009	634	7.45599E+01
7948	379	7.45707E+01
11950	641	7.45810E+01
9013	322	7.46049E+01
3441	331	7.46153E+01
1856	548	7.46259E+01
12009	641	7.46379E+01
7948	429	7.46403E+01
8925	414	7.46859E+01
8038	764	7.46894E+01
8970	417	7.46948E+01
11950	634	7.47048E+01
1856	363	7.47345E+01
9013	224	7.47352E+01
12068	641	7.47392E+01
8038	721	7.47517E+01
5327	811	7.47723E+01
1746	635	7.47743E+01
12068	338	7.47752E+01
1746	642	7.47884E+01
3441	373	7.48088E+01
8970	730	7.48237E+01
9013	758	7.48402E+01
9013	800	7.48500E+01
3335	372	7.48659E+01
12068	804	7.48774E+01
7948	724	7.48798E+01
8860	641	7.48902E+01
12009	338	7.48910E+01
1856	722	7.49069E+01
12009	804	7.49187E+01
11950	804	7.49344E+01
11950	338	7.49386E+01
7948	551	7.49439E+01
3441	374	7.49575E+01
3441	336	7.49650E+01
3335	233	7.49840E+01
8948	645	7.49903E+01
3441	281	7.50004E+01
1856	721	7.50176E+01
9013	809	7.50235E+01
8948	684	7.50602E+01
1746	224	7.50628E+01
9013	560	7.50690E+01
7948	723	7.50738E+01
5430	640	7.51055E+01
8860	554	7.51247E+01
8860	645	7.51288E+01
8948	329	7.52040E+01
8882	417	7.52041E+01
9013	414	7.52161E+01
8882	813	7.52396E+01
8882	607	7.52452E+01
12068	377	7.52501E+01
1746	722	7.52514E+01
8925	768	7.53194E+01
12009	377	7.53195E+01
8860	329	7.53201E+01
11950	377	7.53445E+01
1856	642	7.53469E+01
8038	767	7.53480E+01
8970	607	7.53547E+01
3335	375	7.53563E+01
3229	330	7.53813E+01
8948	685	7.53851E+01
7948	644	7.54141E+01
8038	604	7.54557E+01
12068	759	7.54674E+01
8038	366	7.54858E+01
8882	689	7.55167E+01
1856	322	7.55531E+01
3441	372	7.55697E+01
1746	548	7.55867E+01
1746	721	7.55922E+01
8970	813	7.56061E+01
8860	605	7.56224E+01
7948	725	7.56309E+01
8948	605	7.56318E+01
7948	560	7.56325E+01
8925	758	7.56363E+01
1746	363	7.56381E+01
1856	677	7.56597E+01
1746	376	7.56650E+01
9013	716	7.56660E+01
8860	684	7.56717E+01
12068	801	7.56739E+01
8925	272	7.56914E+01
3229	371	7.56921E+01
1856	568	7.57031E+01
1856	723	7.57188E+01
8948	683	7.57205E+01
8970	761	7.57293E+01
1746	683	7.57355E+01
8970	594	7.57630E+01
3441	233	7.57655E+01
3229	337	7.57679E+01
8860	232	7.57851E+01
8860	685	7.58072E+01
8970	325	7.58174E+01
1746	723	7.58297E+01
8948	232	7.58340E+01
8925	800	7.58572E+01
12009	759	7.58630E+01
5430	682	7.58656E+01
8925	469	7.58682E+01
8948	471	7.58924E+01
8970	689	7.58961E+01
8860	471	7.59245E+01
5327	640	7.59313E+01
3229	424	7.59472E+01
8970	719	7.59592E+01
3441	375	7.59626E+01
8882	648	7.59741E+01
12068	717	7.60214E+01
8882	325	7.60232E+01
7948	276	7.60360E+01
11950	759	7.60483E+01
11950	682	7.60592E+01
12009	801	7.60652E+01
12068	427	7.60900E+01
12009	427	7.61086E+01
11950	427	7.61089E+01
1856	683	7.61181E+01
12068	456	7.61194E+01
12009	682	7.61310E+01
1856	720	7.61495E+01
5430	598	7.61600E+01
12068	548	7.61761E+01
1856	272	7.62422E+01
11950	801	7.62496E+01
8925	716	7.62549E+01
8970	648	7.62564E+01
3229	425	7.62636E+01
3229	376	7.62640E+01
8860	562	7.62642E+01
12068	682	7.62642E+01
7948	469	7.62692E+01
3335	330	7.62804E+01
3229	280	7.62940E+01
8948	562	7.62999E+01
8970	803	7.63084E+01
12009	456	7.63194E+01
7948	685	7.63331E+01
7948	722	7.63349E+01
9013	469	7.63609E+01
5430	767	7.63875E+01
11950	456	7.64066E+01
12009	717	7.64118E+01
12009	548	7.64199E+01
1746	322	7.64529E+01
12068	364	7.65007E+01
1856	376	7.65095E+01
8860	683	7.65109E+01
8038	763	7.65202E+01
11950	548	7.65285E+01
12068	568	7.65370E+01
8038	807	7.65382E+01
9013	768	7.65458E+01
3335	371	7.65621E+01
7948	228	7.65731E+01
9013	272	7.65742E+01
8948	686	7.65828E+01
8038	645	7.65862E+01
11950	717	7.65936E+01
3229	423	7.65971E+01
1746	677	7.66031E+01
12009	364	7.66189E+01
5430	369	7.66262E+01
8925	591	7.66288E+01
9013	591	7.66531E+01
8038	458	7.66604E+01
11950	364	7.66660E+01
8948	640	7.66671E+01
3335	337	7.66888E+01
1746	568	7.66992E+01
5430	279	7.67227E+01
1746	558	7.67492E+01
8925	727	7.67841E+01
5430	810	7.67852E+01
12009	568	7.67946E+01
8860	686	7.68064E+01
3335	424	7.68242E+01
5327	279	7.68313E+01
11950	723	7.68462E+01
8038	808	7.68473E+01
5327	598	7.68520E+01
8882	594	7.68570E+01
5327	682	7.68623E+01
5327	369	7.68662E+01
8882	772	7.68943E+01
11950	568	7.69100E+01
12009	723	7.69230E+01
8038	686	7.69416E+01
8038	380	7.69479E+01
1746	720	7.69491E+01
8038	727	7.70108E+01
7948	637	7.70241E+01
3441	330	7.70427E+01
8948	598	7.70529E+01
12068	723	7.70680E+01
8038	430	7.70957E+01
8038	806	7.71136E+01
1746	272	7.71403E+01
3335	425	7.71669E+01
