GRAM	c2h2	chi_tot
8227	810	7.87495E+01
8227	809	7.87966E+01
8227	811	7.88140E+01
8227	808	7.89710E+01
8227	812	7.89760E+01
8227	767	7.90740E+01
8227	768	7.90828E+01
8227	766	7.92021E+01
8227	769	7.92118E+01
8227	813	7.92224E+01
8227	807	7.92905E+01
8227	770	7.94463E+01
8227	725	7.94532E+01
8227	765	7.94859E+01
8227	726	7.95086E+01
8227	814	7.95418E+01
8227	724	7.95453E+01
8227	727	7.96935E+01
8227	771	7.97728E+01
8227	806	7.97745E+01
8227	723	7.98055E+01
8227	683	7.99161E+01
8227	764	7.99466E+01
10231	800	7.99734E+01
8227	682	7.99885E+01
8227	728	7.99922E+01
8227	684	8.00038E+01
10231	758	8.00204E+01
10231	799	8.00525E+01
10231	716	8.01080E+01
10231	757	8.01710E+01
10231	759	8.01755E+01
8227	772	8.01791E+01
10231	717	8.01823E+01
10231	801	8.01840E+01
10231	675	8.02201E+01
8227	685	8.02319E+01
8227	681	8.02429E+01
8227	722	8.02559E+01
10231	674	8.02582E+01
10231	633	8.03187E+01
10231	715	8.03547E+01
8227	729	8.03908E+01
10231	798	8.04429E+01
8227	805	8.04442E+01
8227	641	8.04459E+01
10231	634	8.04598E+01
10231	592	8.04865E+01
10231	676	8.04975E+01
10231	632	8.05074E+01
8227	640	8.05231E+01
10231	591	8.05312E+01
8227	642	8.05437E+01
10231	718	8.05557E+01
8227	686	8.05832E+01
8227	763	8.06065E+01
10231	567	8.06118E+01
10231	760	8.06126E+01
10231	673	8.06302E+01
10231	568	8.06376E+01
10231	756	8.06468E+01
8227	773	8.06538E+01
10231	547	8.06585E+01
10231	802	8.06585E+01
8227	680	8.07028E+01
10231	548	8.07051E+01
10231	593	8.07670E+01
8227	643	8.07954E+01
8227	639	8.07985E+01
10231	455	8.08546E+01
8227	730	8.08766E+01
10231	635	8.09106E+01
10231	590	8.09156E+01
8227	721	8.09203E+01
10231	456	8.09225E+01
10231	566	8.09228E+01
10231	714	8.09383E+01
10231	546	8.09470E+01
8227	599	8.10345E+01
10231	631	8.10396E+01
8227	687	8.10428E+01
10231	677	8.10669E+01
10231	549	8.10718E+01
8227	600	8.11082E+01
10231	454	8.11158E+01
10231	415	8.11184E+01
10231	414	8.11201E+01
8227	598	8.11537E+01
10231	797	8.11611E+01
8227	644	8.11820E+01
10231	719	8.12025E+01
8227	638	8.12965E+01
10231	761	8.13040E+01
10231	457	8.13053E+01
8227	804	8.13218E+01
10231	672	8.13481E+01
10231	594	8.13513E+01
8227	601	8.13523E+01
10231	363	8.13597E+01
10231	803	8.13688E+01
8227	679	8.13925E+01
10231	416	8.14261E+01
8227	731	8.14378E+01
10231	413	8.14422E+01
10231	755	8.14612E+01
10231	364	8.14746E+01
8227	762	8.14887E+01
8227	597	8.14900E+01
10231	362	8.15466E+01
10231	545	8.15776E+01
8227	688	8.15975E+01
10231	636	8.16463E+01
10231	589	8.16471E+01
8227	645	8.16870E+01
10231	322	8.16885E+01
8227	555	8.16982E+01
8227	554	8.17014E+01
10231	453	8.17113E+01
10231	550	8.17366E+01
10231	323	8.17437E+01
8227	602	8.17465E+01
8227	720	8.18223E+01
10231	713	8.18685E+01
10231	365	8.18788E+01
8227	556	8.18857E+01
10231	678	8.19011E+01
10231	321	8.19152E+01
8227	553	8.19186E+01
10231	630	8.19214E+01
10231	458	8.19815E+01
10231	417	8.20245E+01
10231	361	8.20380E+01
8227	637	8.20416E+01
10231	272	8.20416E+01
8227	732	8.20635E+01
8227	596	8.20678E+01
10231	324	8.20731E+01
10231	273	8.20734E+01
10231	412	8.20857E+01
10231	720	8.20939E+01
10231	595	8.22133E+01
10231	796	8.22177E+01
10231	762	8.22201E+01
8227	689	8.22348E+01
8227	557	8.22424E+01
10231	271	8.22662E+01
8227	603	8.22725E+01
10231	804	8.22850E+01
8227	646	8.22960E+01
8227	678	8.23359E+01
10231	274	8.23562E+01
10231	224	8.23666E+01
8227	552	8.23736E+01
8227	462	8.23754E+01
10231	381	8.23974E+01
10231	671	8.24161E+01
10231	320	8.24221E+01
8227	803	8.24291E+01
8227	463	8.24307E+01
10231	223	8.24676E+01
10231	225	8.24848E+01
8227	461	8.25337E+01
10231	544	8.25480E+01
10231	366	8.25525E+01
8227	761	8.26154E+01
10231	754	8.26208E+01
10231	138	8.26360E+01
10231	452	8.26366E+01
10231	637	8.26382E+01
10231	139	8.26385E+01
10231	325	8.26595E+01
10231	551	8.26732E+01
8227	464	8.26779E+01
10231	588	8.27237E+01
10231	270	8.27423E+01
8227	558	8.27485E+01
10231	222	8.27868E+01
10231	137	8.28074E+01
10231	140	8.28135E+01
10231	226	8.28167E+01
10231	360	8.28273E+01
10231	275	8.28748E+01
10231	418	8.28889E+01
8227	595	8.29111E+01
8227	604	8.29142E+01
10231	459	8.29251E+01
8227	460	8.29279E+01
8227	690	8.29433E+01
10231	679	8.29701E+01
8227	719	8.29840E+01
8227	647	8.29958E+01
10231	411	8.30413E+01
8227	636	8.30572E+01
8227	551	8.30898E+01
8227	465	8.30967E+01
8227	421	8.31462E+01
10231	712	8.31468E+01
10231	136	8.31474E+01
10231	629	8.31501E+01
10231	141	8.31551E+01
8227	422	8.31791E+01
10231	319	8.31989E+01
10231	721	8.31990E+01
10231	221	8.33164E+01
10231	596	8.33242E+01
8227	420	8.33277E+01
10231	763	8.33305E+01
10231	227	8.33510E+01
10231	805	8.33773E+01
8227	559	8.33866E+01
8227	423	8.34070E+01
10231	339	8.34178E+01
10231	269	8.34563E+01
10231	367	8.34703E+01
10231	326	8.34778E+01
8227	677	8.35547E+01
8227	459	8.35801E+01
10231	276	8.36065E+01
10231	795	8.36153E+01
10231	135	8.36444E+01
10231	142	8.36545E+01
8227	605	8.36570E+01
8227	466	8.36685E+01
8227	691	8.37124E+01
8227	419	8.37437E+01
8227	648	8.37740E+01
8227	802	8.37867E+01
8227	424	8.38121E+01
10231	670	8.38294E+01
10231	543	8.38458E+01
10231	552	8.38527E+01
10231	638	8.38559E+01
10231	451	8.38766E+01
10231	359	8.38971E+01
10231	419	8.39926E+01
8227	370	8.39978E+01
8227	760	8.40071E+01
10231	220	8.40407E+01
8227	594	8.40420E+01
10231	228	8.40711E+01
8227	550	8.40896E+01
8227	369	8.40925E+01
8227	371	8.40993E+01
10231	460	8.41082E+01
10231	753	8.41235E+01
10231	587	8.41335E+01
8227	560	8.41408E+01
10231	318	8.42265E+01
10231	680	8.42424E+01
10231	134	8.42819E+01
10231	410	8.42892E+01
8227	635	8.43643E+01
8227	467	8.43764E+01
8227	425	8.43773E+01
8227	372	8.43820E+01
10231	268	8.43875E+01
8227	368	8.44012E+01
8227	418	8.44155E+01
8227	718	8.44254E+01
10231	722	8.44868E+01
8227	606	8.44874E+01
10231	327	8.45002E+01
8227	458	8.45122E+01
10231	277	8.45250E+01
10231	368	8.46048E+01
10231	764	8.46051E+01
10231	806	8.46177E+01
8227	649	8.46191E+01
10231	597	8.46536E+01
10231	628	8.47125E+01
10231	711	8.47650E+01
8227	373	8.48323E+01
10231	219	8.49361E+01
8227	367	8.49440E+01
10231	229	8.49558E+01
8227	561	8.49957E+01
8227	329	8.50127E+01
10231	133	8.50397E+01
8227	330	8.50463E+01
8227	676	8.50681E+01
8227	426	8.50871E+01
8227	328	8.51600E+01
8227	468	8.52048E+01
10231	358	8.52201E+01
10231	553	8.52461E+01
8227	331	8.52476E+01
10231	639	8.52681E+01
10231	420	8.53086E+01
10231	287	8.53253E+01
10231	794	8.53468E+01
8227	417	8.53644E+01
8227	607	8.53924E+01
8227	549	8.53932E+01
10231	450	8.54062E+01
8227	801	8.54133E+01
8227	374	8.54373E+01
10231	542	8.54478E+01
10231	317	8.54769E+01
8227	593	8.54797E+01
10231	461	8.55034E+01
8227	327	8.55055E+01
10231	267	8.55093E+01
8227	650	8.55214E+01
10231	669	8.55717E+01
10231	278	8.56049E+01
8227	332	8.56053E+01
8227	759	8.56818E+01
10231	681	8.56871E+01
10231	328	8.57003E+01
8227	366	8.57429E+01
8227	457	8.57445E+01
10231	409	8.57996E+01
10231	586	8.58533E+01
10231	132	8.58967E+01
8227	427	8.59262E+01
10231	723	8.59280E+01
10231	369	8.59303E+01
8227	562	8.59368E+01
10231	752	8.59556E+01
10231	218	8.59735E+01
8227	634	8.59803E+01
10231	807	8.59810E+01
10231	230	8.59810E+01
10231	765	8.60167E+01
8227	326	8.60699E+01
8227	333	8.61099E+01
8227	469	8.61381E+01
8227	717	8.61637E+01
10231	598	8.61713E+01
8227	375	8.61837E+01
8227	280	8.62153E+01
8227	279	8.62333E+01
8227	281	8.63426E+01
8227	608	8.63608E+01
8227	278	8.64111E+01
10231	627	8.65832E+01
8227	282	8.66034E+01
8227	416	8.66096E+01
10231	710	8.67016E+01
8227	334	8.67522E+01
10231	357	8.67608E+01
8227	277	8.67661E+01
10231	266	8.67899E+01
10231	421	8.68124E+01
8227	365	8.68182E+01
10231	279	8.68246E+01
10231	554	8.68250E+01
10231	131	8.68315E+01
10231	640	8.68448E+01
8227	325	8.68756E+01
8227	428	8.68792E+01
8227	675	8.68916E+01
10231	316	8.69144E+01
8227	563	8.69505E+01
10231	91	8.69789E+01
8227	283	8.69876E+01
8227	548	8.70165E+01
8227	568	8.70336E+01
10231	329	8.70570E+01
8227	376	8.70576E+01
10231	462	8.70843E+01
10231	217	8.71207E+01
10231	231	8.71225E+01
6621	760	8.71309E+01
6621	718	8.71546E+01
6621	803	8.71561E+01
6621	802	8.71585E+01
6621	761	8.71602E+01
8227	470	8.71603E+01
10231	449	8.71905E+01
6621	719	8.71961E+01
6621	676	8.72260E+01
8227	592	8.72390E+01
6621	677	8.72516E+01
10231	682	8.72760E+01
8227	456	8.72930E+01
8227	276	8.73190E+01
10231	541	8.73202E+01
8227	800	8.73245E+01
6621	635	8.73248E+01
6621	759	8.73296E+01
6621	804	8.73402E+01
6621	634	8.73533E+01
6621	717	8.73606E+01
6621	801	8.73702E+01
8227	609	8.73836E+01
10231	793	8.73909E+01
6621	762	8.73944E+01
10231	370	8.74249E+01
6621	593	8.74333E+01
10231	808	8.74451E+01
6621	720	8.74620E+01
6621	675	8.74677E+01
8227	284	8.74859E+01
10231	724	8.74963E+01
8227	335	8.75220E+01
6621	678	8.75224E+01
10231	408	8.75355E+01
10231	766	8.75414E+01
6621	636	8.75626E+01
6621	592	8.75671E+01
6621	594	8.75867E+01
6621	568	8.75989E+01
8227	231	8.76057E+01
10231	668	8.76133E+01
8227	232	8.76170E+01
6621	548	8.76321E+01
6621	549	8.76331E+01
8227	758	8.76541E+01
6621	633	8.76687E+01
6621	805	8.76877E+01
8227	230	8.77239E+01
10231	90	8.77260E+01
8227	233	8.77400E+01
6621	758	8.77771E+01
6621	456	8.78031E+01
6621	763	8.78094E+01
6621	800	8.78123E+01
10231	130	8.78225E+01
6621	716	8.78343E+01
10231	585	8.78483E+01
10231	599	8.78487E+01
6621	457	8.78713E+01
8227	633	8.79183E+01
6621	550	8.79210E+01
6621	721	8.79277E+01
8227	429	8.79305E+01
6621	547	8.79367E+01
6621	567	8.79377E+01
8227	324	8.79430E+01
8227	234	8.79600E+01
8227	229	8.79917E+01
6621	674	8.79954E+01
6621	595	8.80049E+01
6621	591	8.80056E+01
6621	679	8.80135E+01
8227	564	8.80255E+01
6621	455	8.80404E+01
6621	637	8.80427E+01
8227	377	8.80444E+01
6621	415	8.80457E+01
6621	416	8.80883E+01
10231	751	8.80885E+01
8227	285	8.80905E+01
8227	275	8.80914E+01
8227	415	8.81656E+01
10231	280	8.81677E+01
6621	806	8.81762E+01
8227	364	8.81857E+01
10231	265	8.81942E+01
8227	716	8.82119E+01
6621	458	8.82263E+01
8227	471	8.82567E+01
6621	632	8.82870E+01
6621	364	8.83061E+01
6621	414	8.83071E+01
10231	216	8.83471E+01
10231	232	8.83591E+01
6621	764	8.83809E+01
8227	336	8.84079E+01
6621	363	8.84132E+01
6621	417	8.84183E+01
8227	228	8.84298E+01
6621	551	8.84725E+01
10231	89	8.84787E+01
10231	356	8.84790E+01
10231	422	8.84816E+01
6621	365	8.84874E+01
6621	757	8.84912E+01
10231	315	8.84992E+01
6621	799	8.85033E+01
10231	330	8.85545E+01
10231	641	8.85589E+01
6621	546	8.85590E+01
10231	555	8.85626E+01
6621	722	8.85675E+01
6621	715	8.85916E+01
6621	566	8.85940E+01
6621	454	8.85947E+01
6621	323	8.86234E+01
6621	596	8.86627E+01
10231	235	8.86695E+01
6621	680	8.86987E+01
10231	626	8.87241E+01
6621	638	8.87389E+01
6621	322	8.87564E+01
6621	590	8.87604E+01
6621	324	8.87657E+01
6621	807	8.87848E+01
8227	286	8.87951E+01
6621	362	8.88189E+01
6621	673	8.88227E+01
10231	463	8.88264E+01
6621	459	8.88445E+01
10231	129	8.88489E+01
6621	413	8.88812E+01
10231	709	8.89202E+01
6621	366	8.89390E+01
8227	547	8.89691E+01
6621	273	8.89771E+01
10231	683	8.89843E+01
10231	809	8.89913E+01
6621	418	8.90133E+01
8227	567	8.90220E+01
8227	674	8.90361E+01
8227	227	8.90572E+01
8227	430	8.90647E+01
10231	371	8.90710E+01
6621	765	8.90861E+01
6621	274	8.91005E+01
8227	274	8.91026E+01
6621	272	8.91074E+01
8227	378	8.91291E+01
8227	565	8.91535E+01
10231	767	8.91590E+01
8227	455	8.91670E+01
6621	325	8.91678E+01
10231	725	8.91696E+01
6621	321	8.91706E+01
10231	448	8.91881E+01
6621	631	8.92182E+01
10231	88	8.92270E+01
6621	552	8.92616E+01
8227	323	8.92857E+01
8227	591	8.93285E+01
6621	225	8.93464E+01
6621	723	8.93568E+01
6621	224	8.93674E+01
8227	337	8.93977E+01
8227	472	8.94154E+01
10231	540	8.94207E+01
10231	407	8.94550E+01
6621	798	8.94580E+01
6621	275	8.94641E+01
6621	453	8.94689E+01
6621	756	8.94852E+01
6621	271	8.94949E+01
6621	808	8.94952E+01
6621	545	8.95033E+01
6621	361	8.95245E+01
8227	799	8.95321E+01
6621	597	8.95331E+01
6621	226	8.95425E+01
6621	681	8.95516E+01
6621	139	8.95912E+01
6621	223	8.96099E+01
10231	281	8.96221E+01
6621	639	8.96240E+01
10231	215	8.96257E+01
6621	367	8.96371E+01
6621	714	8.96439E+01
6621	140	8.96482E+01
10231	600	8.96605E+01
10231	233	8.96734E+01
10231	264	8.96867E+01
6621	460	8.97001E+01
10231	792	8.97092E+01
6621	138	8.97096E+01
6621	412	8.97669E+01
6621	326	8.98064E+01
6621	589	8.98355E+01
6621	419	8.98480E+01
8227	363	8.98534E+01
6621	320	8.98627E+01
6621	141	8.98757E+01
8227	226	8.98885E+01
10231	128	8.98915E+01
6621	766	8.99047E+01
10231	667	8.99100E+01
8227	757	8.99343E+01
6621	227	8.99454E+01
6621	672	8.99577E+01
10231	87	8.99618E+01
8227	142	8.99771E+01
6621	137	9.00033E+01
8227	414	9.00387E+01
6621	276	9.00464E+01
6621	222	9.00717E+01
10231	584	9.00734E+01
6621	381	9.00738E+01
6621	270	9.01331E+01
10231	331	9.01816E+01
8227	632	9.01854E+01
10231	314	9.01926E+01
6621	553	9.02617E+01
6621	142	9.02653E+01
8227	431	9.02684E+01
6621	724	9.02729E+01
6621	809	9.02914E+01
10231	423	9.02968E+01
8227	379	9.02978E+01
10231	355	9.03343E+01
8227	273	9.03649E+01
10231	642	9.03875E+01
10231	556	9.04351E+01
6621	630	9.04651E+01
6621	136	9.04659E+01
10231	750	9.04764E+01
8227	338	9.04796E+01
6621	360	9.05212E+01
6621	228	9.05394E+01
6621	682	9.05476E+01
6621	368	9.05555E+01
8227	715	9.05781E+01
6621	598	9.05890E+01
10231	810	9.06031E+01
8227	473	9.06277E+01
8227	141	9.06429E+01
6621	327	9.06546E+01
6621	452	9.06562E+01
6621	640	9.06717E+01
10231	86	9.06750E+01
6621	797	9.06866E+01
10231	464	9.07077E+01
6621	221	9.07436E+01
6621	544	9.07650E+01
6621	461	9.07672E+01
6621	755	9.07672E+01
10231	684	9.07915E+01
6621	767	9.08188E+01
6621	319	9.08210E+01
6621	277	9.08219E+01
10231	768	9.08521E+01
10231	372	9.08546E+01
6621	420	9.08968E+01
8227	322	9.09076E+01
10231	726	9.09294E+01
8227	225	9.09332E+01
10231	127	9.09337E+01
10231	214	9.09346E+01
6621	411	9.09527E+01
6621	713	9.09963E+01
6621	269	9.10070E+01
10231	234	9.10527E+01
6621	135	9.10847E+01
10231	625	9.10851E+01
6621	339	9.11519E+01
6621	810	9.11591E+01
10231	282	9.11781E+01
6621	588	9.12265E+01
10231	263	9.12357E+01
8227	546	9.12524E+01
6621	725	9.12961E+01
6621	229	9.13042E+01
8227	566	9.13417E+01
10231	447	9.13540E+01
10231	85	9.13607E+01
8227	454	9.13668E+01
10231	708	9.13685E+01
6621	671	9.14010E+01
6621	554	9.14465E+01
8227	140	9.14773E+01
8227	673	9.15063E+01
10231	406	9.15164E+01
8227	432	9.15313E+01
8227	380	9.15390E+01
10231	601	9.15847E+01
6621	220	9.16084E+01
6621	683	9.16645E+01
6621	369	9.16692E+01
6621	328	9.16867E+01
10231	539	9.17010E+01
8227	590	9.17496E+01
6621	278	9.17657E+01
6621	359	9.17900E+01
6621	599	9.18045E+01
6621	768	9.18132E+01
8227	362	9.18207E+01
6621	134	9.18414E+01
6621	641	9.18576E+01
8227	272	9.18811E+01
10231	332	9.19292E+01
10231	313	9.19612E+01
10231	126	9.19630E+01
10231	84	9.20159E+01
6621	462	9.20210E+01
6621	629	9.20222E+01
6621	318	9.20248E+01
8227	798	9.20432E+01
6621	811	9.20859E+01
6621	268	9.20945E+01
6621	421	9.21357E+01
6621	451	9.21399E+01
6621	796	9.21939E+01
8227	224	9.21949E+01
6621	230	9.22161E+01
8227	413	9.22258E+01
10231	424	9.22410E+01
10231	791	9.22465E+01
10231	213	9.22565E+01
10231	811	9.22659E+01
10231	354	9.22903E+01
10231	643	9.23112E+01
6621	543	9.23297E+01
6621	754	9.23394E+01
10231	666	9.24050E+01
6621	726	9.24094E+01
6621	410	9.24174E+01
10231	557	9.24217E+01
10231	583	9.24754E+01
8227	139	9.24845E+01
8227	756	9.25272E+01
10231	769	9.26057E+01
6621	219	9.26411E+01
10231	83	9.26414E+01
6621	712	9.26467E+01
10231	685	9.26805E+01
10231	465	9.27087E+01
6621	133	9.27153E+01
10231	727	9.27597E+01
10231	373	9.27640E+01
8227	631	9.27816E+01
6621	555	9.27911E+01
8227	321	9.28034E+01
10231	262	9.28162E+01
10231	283	9.28275E+01
6621	279	9.28560E+01
6621	769	9.28744E+01
6621	329	9.28811E+01
6621	684	9.28834E+01
6621	587	9.29194E+01
6621	370	9.29564E+01
10231	125	9.29714E+01
10231	749	9.30589E+01
6621	812	9.30610E+01
6621	670	9.31448E+01
6621	600	9.31561E+01
6621	642	9.31604E+01
6621	287	9.32134E+01
10231	82	9.32418E+01
6621	231	9.32516E+01
8227	714	9.32643E+01
6621	358	9.33020E+01
6621	267	9.33679E+01
6621	463	9.34380E+01
6621	317	9.34447E+01
6621	422	9.35433E+01
10231	212	9.35786E+01
6621	727	9.35982E+01
10231	602	9.36029E+01
10231	624	9.36068E+01
10231	446	9.36429E+01
8227	271	9.36432E+01
8227	138	9.36644E+01
8227	223	9.36714E+01
10231	405	9.36808E+01
6621	132	9.36844E+01
10231	312	9.37794E+01
10231	333	9.37898E+01
6621	218	9.38110E+01
10231	81	9.38243E+01
8227	545	9.38594E+01
6621	628	9.38741E+01
8227	453	9.38831E+01
6621	450	9.38934E+01
10231	124	9.39558E+01
10231	812	9.39676E+01
6621	795	9.39783E+01
10231	707	9.39826E+01
6621	770	9.39906E+01
6621	813	9.40746E+01
6621	280	9.40760E+01
8227	361	9.40769E+01
10231	538	9.41094E+01
6621	409	9.41300E+01
6621	542	9.41727E+01
6621	685	9.41882E+01
6621	753	9.41957E+01
6621	330	9.42218E+01
6621	556	9.42729E+01
10231	425	9.42992E+01
8227	672	9.43002E+01
10231	644	9.43138E+01
10231	353	9.43165E+01
6621	232	9.43891E+01
10231	80	9.43970E+01
6621	371	9.43995E+01
10231	770	9.44066E+01
10231	261	9.44115E+01
8227	589	9.44955E+01
10231	558	9.45047E+01
6621	643	9.45619E+01
10231	284	9.45631E+01
6621	711	9.45837E+01
6621	601	9.46232E+01
10231	686	9.46365E+01
10231	728	9.46468E+01
8227	412	9.47131E+01
6621	131	9.47266E+01
10231	374	9.47878E+01
6621	266	9.47942E+01
10231	466	9.48128E+01
6621	728	9.48501E+01
8227	797	9.48591E+01
6621	586	9.48896E+01
10231	211	9.48927E+01
6621	91	9.49149E+01
10231	123	9.49174E+01
10231	790	9.49343E+01
8227	320	9.49593E+01
10231	79	9.49670E+01
10231	582	9.49965E+01
6621	464	9.49970E+01
8227	137	9.50102E+01
6621	357	9.50206E+01
10231	665	9.50329E+01
6621	316	9.50436E+01
6621	217	9.50851E+01
6621	423	9.51001E+01
6621	814	9.51188E+01
6621	771	9.51514E+01
6621	669	9.51708E+01
8227	222	9.53533E+01
6621	281	9.54129E+01
8227	755	9.54317E+01
8227	381	9.55037E+01
10231	78	9.55387E+01
6621	686	9.55650E+01
6621	233	9.56113E+01
10231	311	9.56294E+01
8227	270	9.56342E+01
6621	331	9.56970E+01
10231	813	9.56974E+01
8227	630	9.56992E+01
10231	603	9.56997E+01
6621	90	9.57320E+01
10231	334	9.57553E+01
10231	748	9.57655E+01
6621	130	9.58201E+01
10231	122	9.58606E+01
6621	557	9.58721E+01
6621	449	9.58812E+01
10231	404	9.59128E+01
6621	372	9.59843E+01
6621	627	9.59941E+01
10231	445	9.60101E+01
10231	260	9.60127E+01
6621	794	9.60287E+01
6621	644	9.60466E+01
6621	408	9.60524E+01
10231	77	9.61140E+01
6621	729	9.61537E+01
6621	602	9.61881E+01
10231	210	9.61948E+01
10231	623	9.62257E+01
10231	771	9.62431E+01
6621	541	9.62595E+01
8227	713	9.62657E+01
6621	752	9.63196E+01
6621	265	9.63375E+01
6621	772	9.63474E+01
10231	285	9.63780E+01
10231	645	9.63816E+01
10231	352	9.63883E+01
6621	216	9.64319E+01
10231	426	9.64575E+01
8227	136	9.65078E+01
6621	89	9.65513E+01
10231	729	9.65785E+01
10231	537	9.65938E+01
8227	360	9.66014E+01
10231	687	9.66469E+01
10231	559	9.66694E+01
6621	465	9.66790E+01
10231	706	9.66918E+01
10231	76	9.66931E+01
8227	452	9.66970E+01
8227	544	9.67735E+01
6621	315	9.67810E+01
6621	710	9.67840E+01
6621	424	9.67895E+01
10231	121	9.67915E+01
6621	235	9.68153E+01
6621	282	9.68569E+01
6621	234	9.69050E+01
6621	356	9.69051E+01
10231	375	9.69142E+01
6621	129	9.69436E+01
6621	687	9.70020E+01
10231	467	9.70057E+01
6621	585	9.71016E+01
8227	221	9.72231E+01
10231	75	9.72759E+01
6621	332	9.72973E+01
8227	319	9.73535E+01
6621	88	9.73629E+01
8227	671	9.74079E+01
10231	814	9.74465E+01
6621	668	9.74480E+01
8227	411	9.74771E+01
10231	209	9.74853E+01
6621	730	9.74989E+01
10231	310	9.74993E+01
8227	588	9.75502E+01
6621	773	9.75703E+01
6621	558	9.75715E+01
10231	581	9.75779E+01
6621	645	9.76012E+01
10231	259	9.76161E+01
10231	789	9.76973E+01
6621	373	9.76986E+01
10231	120	9.77163E+01
10231	664	9.77252E+01
10231	335	9.78160E+01
6621	215	9.78243E+01
8227	269	9.78296E+01
6621	603	9.78356E+01
10231	604	9.78617E+01
10231	74	9.78630E+01
6621	264	9.79615E+01
8227	796	9.79751E+01
6621	448	9.80614E+01
8227	339	9.80629E+01
6621	128	9.80776E+01
10231	772	9.81048E+01
8227	135	9.81362E+01
6621	407	9.81428E+01
6621	87	9.81573E+01
10231	403	9.81790E+01
10231	286	9.82669E+01
6621	793	9.83213E+01
6621	626	9.83437E+01
6621	283	9.83993E+01
10231	444	9.84126E+01
10231	73	9.84565E+01
6621	466	9.84678E+01
10231	351	9.84845E+01
6621	688	9.84881E+01
10231	646	9.85025E+01
10231	747	9.85215E+01
10231	730	9.85434E+01
6621	540	9.85478E+01
6621	425	9.85964E+01
6621	314	9.86175E+01
8227	754	9.86396E+01
10231	119	9.86403E+01
6621	751	9.86808E+01
10231	688	9.87000E+01
10231	427	9.87024E+01
10231	208	9.87677E+01
6621	731	9.88762E+01
10231	622	9.88779E+01
10231	560	9.89021E+01
6621	355	9.89147E+01
8227	629	9.89210E+01
6621	86	9.89263E+01
6621	333	9.90146E+01
10231	72	9.90599E+01
10231	536	9.91029E+01
10231	376	9.91295E+01
6621	127	9.92055E+01
6621	709	9.92103E+01
6621	646	9.92140E+01
10231	258	9.92221E+01
6621	214	9.92404E+01
8227	220	9.92544E+01
10231	468	9.92737E+01
6621	559	9.93564E+01
8227	359	9.93636E+01
10231	309	9.93802E+01
10231	705	9.94240E+01
10231	514	9.94280E+01
6621	584	9.95106E+01
6621	374	9.95311E+01
6621	604	9.95529E+01
10231	118	9.95679E+01
8227	712	9.95693E+01
6621	263	9.96341E+01
6621	85	9.96638E+01
10231	71	9.96777E+01
8227	451	9.97797E+01
10231	513	9.98480E+01
8227	134	9.98703E+01
6621	667	9.99324E+01
8227	318	9.99558E+01
10231	336	9.99596E+01
8227	543	9.99683E+01
10231	773	9.99825E+01
6621	689	1.00013E+02
6621	284	1.00033E+02
10231	207	1.00048E+02
10231	605	1.00077E+02
10231	580	1.00162E+02
8227	268	1.00199E+02
10231	512	1.00274E+02
6621	732	1.00277E+02
10231	70	1.00314E+02
6621	126	1.00315E+02
6621	467	1.00349E+02
6621	406	1.00360E+02
6621	84	1.00367E+02
6621	447	1.00390E+02
10231	663	1.00414E+02
10231	402	1.00448E+02
10231	788	1.00459E+02
8227	410	1.00484E+02
10231	117	1.00503E+02
6621	426	1.00507E+02
6621	313	1.00520E+02
10231	731	1.00531E+02
10231	350	1.00584E+02
6621	213	1.00663E+02
10231	647	1.00665E+02
10231	511	1.00707E+02
10231	689	1.00784E+02
10231	443	1.00809E+02
8227	670	1.00810E+02
6621	792	1.00817E+02
10231	257	1.00832E+02
6621	334	1.00841E+02
6621	625	1.00874E+02
6621	647	1.00874E+02
8227	587	1.00887E+02
10231	69	1.00971E+02
6621	539	1.00990E+02
6621	354	1.01013E+02
10231	428	1.01019E+02
6621	83	1.01037E+02
10231	510	1.01149E+02
10231	561	1.01189E+02
6621	560	1.01214E+02
6621	750	1.01234E+02
10231	746	1.01253E+02
10231	308	1.01263E+02
6621	605	1.01328E+02
6621	262	1.01331E+02
10231	206	1.01334E+02
8227	795	1.01379E+02
6621	125	1.01398E+02
8227	219	1.01413E+02
10231	377	1.01419E+02
10231	116	1.01451E+02
6621	375	1.01470E+02
10231	621	1.01502E+02
6621	690	1.01568E+02
10231	535	1.01588E+02
10231	509	1.01602E+02
10231	469	1.01602E+02
10231	68	1.01652E+02
6621	82	1.01680E+02
8227	133	1.01684E+02
6621	285	1.01750E+02
6621	708	1.01812E+02
10231	508	1.02063E+02
6621	583	1.02065E+02
6621	212	1.02080E+02
10231	704	1.02110E+02
8227	753	1.02134E+02
10231	337	1.02173E+02
6621	81	1.02302E+02
6621	468	1.02309E+02
8227	358	1.02323E+02
10231	606	1.02332E+02
8227	287	1.02354E+02
10231	67	1.02356E+02
10231	115	1.02418E+02
8227	628	1.02419E+02
10231	256	1.02446E+02
6621	124	1.02452E+02
6621	312	1.02463E+02
6621	427	1.02508E+02
10231	507	1.02532E+02
10231	732	1.02532E+02
6621	666	1.02569E+02
6621	648	1.02571E+02
10231	205	1.02631E+02
10231	349	1.02664E+02
6621	405	1.02665E+02
10231	401	1.02687E+02
10231	579	1.02696E+02
8227	267	1.02708E+02
8227	317	1.02727E+02
6621	335	1.02766E+02
6621	446	1.02822E+02
10231	648	1.02856E+02
10231	690	1.02890E+02
6621	80	1.02914E+02
10231	506	1.03008E+02
6621	261	1.03035E+02
10231	662	1.03037E+02
10231	66	1.03083E+02
8227	450	1.03093E+02
6621	561	1.03130E+02
10231	307	1.03134E+02
6621	691	1.03143E+02
10231	787	1.03146E+02
6621	606	1.03149E+02
8227	711	1.03152E+02
10231	442	1.03159E+02
6621	353	1.03171E+02
10231	429	1.03392E+02
8227	542	1.03407E+02
10231	114	1.03408E+02
6621	791	1.03464E+02
6621	123	1.03479E+02
6621	211	1.03484E+02
10231	505	1.03491E+02
6621	376	1.03501E+02
10231	562	1.03518E+02
6621	79	1.03521E+02
6621	624	1.03527E+02
6621	538	1.03536E+02
6621	286	1.03546E+02
8227	132	1.03551E+02
8227	218	1.03660E+02
8227	409	1.03693E+02
10231	378	1.03766E+02
10231	65	1.03834E+02
10231	745	1.03893E+02
6621	749	1.03922E+02
10231	204	1.03946E+02
10231	470	1.03976E+02
10231	504	1.03982E+02
10231	534	1.04004E+02
10231	620	1.04041E+02
10231	255	1.04060E+02
6621	78	1.04130E+02
6621	649	1.04295E+02
6621	469	1.04334E+02
10231	113	1.04428E+02
6621	311	1.04431E+02
10231	338	1.04444E+02
8227	586	1.04470E+02
8227	669	1.04475E+02
6621	122	1.04484E+02
10231	503	1.04484E+02
6621	707	1.04528E+02
6621	428	1.04585E+02
10231	64	1.04610E+02
10231	607	1.04616E+02
10231	703	1.04687E+02
10231	348	1.04702E+02
6621	582	1.04708E+02
6621	260	1.04739E+02
6621	77	1.04742E+02
6621	336	1.04779E+02
10231	400	1.04865E+02
6621	210	1.04871E+02
10231	306	1.04980E+02
10231	502	1.04998E+02
6621	607	1.05004E+02
10231	691	1.05007E+02
6621	404	1.05024E+02
8227	794	1.05048E+02
10231	649	1.05068E+02
6621	562	1.05092E+02
10231	578	1.05129E+02
10231	203	1.05280E+02
6621	665	1.05296E+02
6621	445	1.05314E+02
8227	266	1.05316E+02
6621	76	1.05358E+02
6621	352	1.05365E+02
10231	63	1.05413E+02
10231	441	1.05427E+02
8227	357	1.05435E+02
8227	131	1.05447E+02
6621	121	1.05475E+02
10231	112	1.05482E+02
10231	501	1.05524E+02
10231	661	1.05536E+02
9890	814	1.05563E+02
6621	377	1.05611E+02
8227	316	1.05620E+02
10231	183	1.05630E+02
10231	254	1.05668E+02
9890	813	1.05685E+02
10231	786	1.05697E+02
10231	430	1.05806E+02
10231	563	1.05874E+02
8227	752	1.05885E+02
9890	812	1.05921E+02
10231	182	1.05938E+02
8227	91	1.05947E+02
8227	217	1.05956E+02
6621	75	1.05977E+02
9890	772	1.05995E+02
9890	773	1.06004E+02
6621	650	1.06038E+02
10231	500	1.06064E+02
9890	771	1.06095E+02
6621	537	1.06135E+02
8227	627	1.06155E+02
10231	379	1.06159E+02
6621	790	1.06198E+02
6621	209	1.06242E+02
6621	623	1.06242E+02
10231	62	1.06246E+02
10231	181	1.06247E+02
9890	811	1.06285E+02
10231	533	1.06307E+02
9890	770	1.06317E+02
10231	471	1.06381E+02
10231	744	1.06382E+02
6621	470	1.06410E+02
6621	310	1.06411E+02
6621	259	1.06441E+02
10231	619	1.06444E+02
6621	120	1.06457E+02
9890	730	1.06538E+02
10231	180	1.06556E+02
9890	731	1.06564E+02
10231	111	1.06571E+02
8227	449	1.06590E+02
6621	74	1.06600E+02
10231	499	1.06618E+02
9890	729	1.06628E+02
10231	202	1.06631E+02
10231	347	1.06674E+02
9890	769	1.06677E+02
6621	748	1.06681E+02
9890	732	1.06694E+02
6621	429	1.06723E+02
10231	305	1.06783E+02
9890	810	1.06795E+02
9890	728	1.06851E+02
6621	337	1.06866E+02
10231	179	1.06866E+02
6621	608	1.06885E+02
10231	608	1.06919E+02
10231	399	1.06954E+02
8227	710	1.06977E+02
8227	541	1.07043E+02
8227	408	1.07056E+02
6621	563	1.07089E+02
10231	702	1.07103E+02
10231	61	1.07111E+02
10231	178	1.07178E+02
10231	498	1.07187E+02
9890	768	1.07192E+02
9890	688	1.07199E+02
9890	727	1.07221E+02
9890	689	1.07226E+02
6621	73	1.07230E+02
9976	814	1.07237E+02
10231	253	1.07258E+02
10231	650	1.07291E+02
6621	706	1.07294E+02
9890	687	1.07298E+02
8227	90	1.07338E+02
8227	130	1.07347E+02
9890	690	1.07365E+02
6621	581	1.07385E+02
6621	403	1.07405E+02
10231	577	1.07419E+02
9976	813	1.07436E+02
6621	119	1.07438E+02
9890	809	1.07468E+02
10231	177	1.07493E+02
9890	686	1.07537E+02
6621	351	1.07574E+02
10231	440	1.07576E+02
6621	208	1.07602E+02
9890	691	1.07604E+02
9976	773	1.07607E+02
9976	772	1.07680E+02
10231	110	1.07692E+02
9890	726	1.07756E+02
9976	812	1.07756E+02
10231	497	1.07773E+02
6621	378	1.07784E+02
10231	176	1.07816E+02
6621	444	1.07826E+02
10231	660	1.07864E+02
9976	771	1.07867E+02
6621	72	1.07870E+02
9890	767	1.07881E+02
9890	685	1.07933E+02
8227	265	1.07981E+02
9890	646	1.07989E+02
10231	201	1.07989E+02
9890	647	1.07999E+02
10231	60	1.08007E+02
6621	664	1.08050E+02
10231	785	1.08059E+02
9890	645	1.08115E+02
9890	648	1.08128E+02
6621	258	1.08140E+02
10231	175	1.08149E+02
9976	731	1.08175E+02
9976	770	1.08186E+02
9976	811	1.08213E+02
9976	732	1.08219E+02
9976	730	1.08242E+02
8227	585	1.08250E+02
10231	431	1.08250E+02
10231	564	1.08251E+02
6621	514	1.08264E+02
8227	216	1.08266E+02
9890	808	1.08326E+02
8227	668	1.08359E+02
9890	649	1.08364E+02
10231	496	1.08377E+02
9890	644	1.08391E+02
6621	309	1.08396E+02
6621	118	1.08421E+02
9976	729	1.08434E+02
10231	532	1.08463E+02
9890	725	1.08474E+02
10231	174	1.08494E+02
9890	684	1.08504E+02
6621	471	1.08522E+02
10231	304	1.08524E+02
6621	71	1.08525E+02
10231	346	1.08557E+02
10231	380	1.08587E+02
8227	315	1.08589E+02
8227	356	1.08650E+02
9976	769	1.08651E+02
10231	618	1.08672E+02
10231	743	1.08675E+02
9890	650	1.08696E+02
8227	89	1.08699E+02
6621	513	1.08710E+02
6621	536	1.08739E+02
9890	766	1.08765E+02
9976	728	1.08766E+02
6621	609	1.08785E+02
10231	472	1.08808E+02
10231	252	1.08814E+02
9976	810	1.08824E+02
9890	643	1.08834E+02
10231	109	1.08841E+02
8227	235	1.08846E+02
10231	173	1.08850E+02
9976	689	1.08862E+02
9890	605	1.08888E+02
9976	690	1.08901E+02
6621	430	1.08907E+02
9890	604	1.08920E+02
10231	398	1.08924E+02
10231	59	1.08936E+02
9976	688	1.08942E+02
8227	793	1.08944E+02
6621	789	1.08954E+02
6621	207	1.08957E+02
6621	622	1.08961E+02
9890	606	1.08986E+02
10231	495	1.09000E+02
6621	338	1.09015E+02
9976	691	1.09047E+02
9890	603	1.09098E+02
6621	564	1.09111E+02
9976	687	1.09155E+02
6621	512	1.09163E+02
6621	70	1.09199E+02
9890	607	1.09200E+02
10231	172	1.09214E+02
8227	129	1.09230E+02
10231	609	1.09234E+02
9976	727	1.09254E+02
9890	683	1.09271E+02
9976	768	1.09280E+02
10231	701	1.09316E+02
10231	200	1.09342E+02
10231	40	1.09342E+02
9890	807	1.09389E+02
9890	724	1.09400E+02
6621	117	1.09411E+02
9890	602	1.09438E+02
6621	747	1.09442E+02
9890	642	1.09465E+02
9890	608	1.09516E+02
9976	686	1.09517E+02
10231	576	1.09529E+02
10231	39	1.09563E+02
10231	439	1.09576E+02
10231	171	1.09582E+02
9976	809	1.09608E+02
6621	511	1.09623E+02
10231	494	1.09644E+02
9976	647	1.09685E+02
9976	648	1.09701E+02
6621	402	1.09776E+02
6621	350	1.09777E+02
9976	646	1.09796E+02
10231	38	1.09798E+02
9976	649	1.09831E+02
6621	257	1.09839E+02
8227	751	1.09849E+02
9890	765	1.09867E+02
10231	58	1.09894E+02
6621	69	1.09895E+02
9890	560	1.09907E+02
9976	726	1.09915E+02
9890	609	1.09923E+02
9890	561	1.09943E+02
10231	170	1.09952E+02
9890	601	1.09960E+02
10231	659	1.09987E+02
10231	108	1.10005E+02
6621	379	1.10007E+02
9890	559	1.10015E+02
8227	88	1.10019E+02
6621	580	1.10041E+02
6621	705	1.10044E+02
9976	685	1.10044E+02
10231	37	1.10046E+02
9976	645	1.10050E+02
9976	650	1.10063E+02
8227	626	1.10075E+02
9976	767	1.10092E+02
6621	510	1.10093E+02
9890	562	1.10106E+02
10231	303	1.10184E+02
10231	784	1.10199E+02
8227	448	1.10221E+02
9890	682	1.10259E+02
9890	558	1.10285E+02
10231	36	1.10306E+02
9890	641	1.10307E+02
10231	493	1.10308E+02
6621	206	1.10315E+02
6621	443	1.10315E+02
10231	169	1.10320E+02
10231	251	1.10320E+02
10231	345	1.10327E+02
6621	308	1.10376E+02
9890	563	1.10382E+02
6621	116	1.10413E+02
10231	531	1.10440E+02
9976	644	1.10463E+02
8227	407	1.10524E+02
9890	723	1.10557E+02
8227	215	1.10563E+02
6621	509	1.10572E+02
10231	35	1.10574E+02
9976	808	1.10585E+02
6621	68	1.10616E+02
9976	606	1.10633E+02
10231	565	1.10641E+02
6621	472	1.10661E+02
9976	605	1.10662E+02
8227	264	1.10665E+02
10231	199	1.10675E+02
9890	806	1.10684E+02
9890	600	1.10686E+02
10231	168	1.10689E+02
10231	617	1.10693E+02
10231	432	1.10717E+02
9976	607	1.10726E+02
9890	557	1.10733E+02
10231	742	1.10742E+02
10231	397	1.10750E+02
9976	684	1.10755E+02
9890	564	1.10757E+02
6621	663	1.10770E+02
9976	725	1.10770E+02
8227	540	1.10825E+02
9976	604	1.10829E+02
10231	34	1.10846E+02
10231	57	1.10875E+02
9976	608	1.10929E+02
8227	709	1.10991E+02
10231	492	1.10993E+02
9890	468	1.11025E+02
9976	643	1.11051E+02
6621	508	1.11061E+02
10231	167	1.11061E+02
8227	128	1.11075E+02
9890	469	1.11090E+02
9890	467	1.11106E+02
9976	766	1.11108E+02
10231	33	1.11117E+02
6621	431	1.11126E+02
9976	603	1.11149E+02
6621	565	1.11152E+02
10231	107	1.11172E+02
9890	764	1.11213E+02
9890	565	1.11221E+02
9976	609	1.11230E+02
10231	473	1.11252E+02
9890	470	1.11285E+02
8227	87	1.11288E+02
6621	535	1.11301E+02
10231	700	1.11303E+02
9890	466	1.11350E+02
6621	67	1.11361E+02
9890	556	1.11381E+02
9890	640	1.11383E+02
10231	32	1.11386E+02
10231	438	1.11404E+02
6621	115	1.11434E+02
10231	575	1.11437E+02
10231	166	1.11443E+02
9890	681	1.11491E+02
6621	256	1.11539E+02
6621	507	1.11558E+02
8227	314	1.11590E+02
9890	471	1.11593E+02
6621	621	1.11627E+02
9890	599	1.11637E+02
9976	602	1.11639E+02
10231	31	1.11650E+02
6621	788	1.11664E+02
9976	683	1.11671E+02
6621	205	1.11684E+02
10231	491	1.11699E+02
9976	561	1.11714E+02
9976	562	1.11743E+02
10231	302	1.11743E+02
10231	250	1.11759E+02
9890	465	1.11775E+02
9976	807	1.11780E+02
9976	560	1.11820E+02
9976	642	1.11835E+02
10231	165	1.11839E+02
9976	724	1.11841E+02
10231	56	1.11869E+02
10231	658	1.11885E+02
9976	563	1.11891E+02
10231	30	1.11911E+02
8227	355	1.11923E+02
6621	349	1.11953E+02
10231	344	1.11964E+02
9890	722	1.11971E+02
10231	198	1.11971E+02
9890	472	1.12001E+02
6621	506	1.12061E+02
9976	559	1.12077E+02
10231	783	1.12099E+02
6621	401	1.12106E+02
6621	66	1.12130E+02
6621	746	1.12143E+02
9976	564	1.12145E+02
10231	29	1.12169E+02
8227	584	1.12171E+02
10231	530	1.12220E+02
9890	805	1.12235E+02
9890	427	1.12247E+02
9890	555	1.12250E+02
10231	164	1.12250E+02
6621	380	1.12270E+02
9890	428	1.12280E+02
9976	601	1.12320E+02
10231	106	1.12324E+02
6621	307	1.12340E+02
9976	765	1.12354E+02
9890	426	1.12368E+02
9890	464	1.12398E+02
8227	667	1.12403E+02
10231	396	1.12414E+02
10231	28	1.12424E+02
10231	490	1.12425E+02
9890	429	1.12450E+02
6621	114	1.12480E+02
10231	616	1.12492E+02
9976	565	1.12495E+02
9890	473	1.12498E+02
8227	86	1.12499E+02
9976	558	1.12503E+02
10231	741	1.12569E+02
6621	505	1.12572E+02
6621	579	1.12627E+02
9890	425	1.12657E+02
10231	163	1.12677E+02
10231	27	1.12679E+02
6621	704	1.12718E+02
9890	639	1.12720E+02
9890	430	1.12741E+02
6621	442	1.12745E+02
9976	682	1.12818E+02
6621	473	1.12822E+02
8227	214	1.12827E+02
9890	763	1.12829E+02
9976	641	1.12840E+02
9890	598	1.12841E+02
8227	127	1.12865E+02
10231	55	1.12865E+02
9976	469	1.12906E+02
6621	65	1.12924E+02
10231	26	1.12934E+02
9976	470	1.12959E+02
9976	468	1.12990E+02
9890	680	1.12996E+02
8227	792	1.13013E+02
10231	437	1.13044E+02
10231	699	1.13051E+02
6621	204	1.13070E+02
6621	504	1.13091E+02
10231	249	1.13112E+02
9976	557	1.13115E+02
10231	162	1.13118E+02
10231	574	1.13128E+02
9890	424	1.13131E+02
9976	471	1.13132E+02
9890	431	1.13139E+02
9976	723	1.13154E+02
10231	489	1.13167E+02
10231	301	1.13183E+02
10231	25	1.13190E+02
10231	197	1.13211E+02
9976	600	1.13213E+02
9976	806	1.13217E+02
9976	467	1.13227E+02
6621	255	1.13237E+02
9890	463	1.13242E+02
8227	263	1.13333E+02
9890	554	1.13364E+02
6621	432	1.13373E+02
6621	662	1.13397E+02
9976	472	1.13411E+02
10231	105	1.13444E+02
10231	24	1.13450E+02
10231	343	1.13452E+02
10231	657	1.13549E+02
6621	113	1.13556E+02
10231	161	1.13571E+02
9890	376	1.13575E+02
6621	503	1.13621E+02
9890	377	1.13624E+02
9890	432	1.13632E+02
9976	466	1.13634E+02
8227	85	1.13647E+02
9890	721	1.13669E+02
9890	375	1.13674E+02
10231	23	1.13717E+02
6621	64	1.13743E+02
10231	782	1.13754E+02
6621	534	1.13777E+02
9976	473	1.13787E+02
10231	529	1.13794E+02
9890	378	1.13806E+02
9890	423	1.13807E+02
10231	54	1.13847E+02
9976	764	1.13855E+02
10231	395	1.13902E+02
10231	488	1.13921E+02
8227	447	1.13934E+02
9976	556	1.13936E+02
9890	374	1.13936E+02
8227	750	1.13963E+02
10231	22	1.13995E+02
10231	160	1.14033E+02
8227	406	1.14051E+02
10231	615	1.14065E+02
9890	804	1.14068E+02
6621	348	1.14079E+02
9976	640	1.14088E+02
9890	379	1.14109E+02
8227	625	1.14117E+02
10231	740	1.14156E+02
6621	502	1.14163E+02
6621	620	1.14187E+02
9976	428	1.14214E+02
9976	681	1.14220E+02
9976	465	1.14229E+02
9976	429	1.14234E+02
6621	787	1.14267E+02
6621	306	1.14273E+02
10231	21	1.14289E+02
9890	597	1.14320E+02
9890	462	1.14327E+02
9976	427	1.14339E+02
9976	599	1.14341E+02
9890	638	1.14342E+02
10231	248	1.14361E+02
6621	400	1.14366E+02
9890	373	1.14374E+02
10231	196	1.14378E+02
9976	430	1.14382E+02
6621	203	1.14474E+02
10231	436	1.14490E+02
10231	300	1.14491E+02
10231	159	1.14505E+02
10231	104	1.14515E+02
9890	380	1.14520E+02
10231	698	1.14565E+02
6621	63	1.14590E+02
8227	313	1.14590E+02
8227	126	1.14591E+02
10231	20	1.14602E+02
10231	573	1.14602E+02
9976	426	1.14623E+02
9976	431	1.14643E+02
6621	112	1.14666E+02
10231	487	1.14679E+02
8227	539	1.14694E+02
9890	422	1.14704E+02
6621	501	1.14717E+02
6621	745	1.14723E+02
8227	84	1.14730E+02
9976	722	1.14736E+02
9890	762	1.14741E+02
9890	553	1.14747E+02
10231	342	1.14781E+02
9890	679	1.14796E+02
10231	53	1.14799E+02
6621	183	1.14836E+02
9976	805	1.14922E+02
6621	254	1.14925E+02
10231	19	1.14932E+02
10231	656	1.14985E+02
9976	555	1.14986E+02
10231	158	1.14987E+02
9890	372	1.15002E+02
9976	432	1.15005E+02
9976	464	1.15031E+02
8227	213	1.15044E+02
9890	336	1.15075E+02
6621	441	1.15080E+02
9976	425	1.15082E+02
6621	578	1.15095E+02
8227	708	1.15129E+02
9890	337	1.15139E+02
9890	335	1.15147E+02
6621	182	1.15160E+02
10231	528	1.15161E+02
10231	781	1.15174E+02
10231	394	1.15211E+02
8227	354	1.15217E+02
6621	703	1.15259E+02
10231	18	1.15277E+02
6621	500	1.15286E+02
9890	338	1.15326E+02
9890	334	1.15363E+02
10231	614	1.15419E+02
10231	486	1.15430E+02
10231	195	1.15454E+02
6621	62	1.15468E+02
10231	157	1.15479E+02
6621	181	1.15483E+02
10231	247	1.15495E+02
10231	739	1.15513E+02
10231	103	1.15519E+02
9976	639	1.15608E+02
9976	377	1.15627E+02
10231	17	1.15630E+02
9976	763	1.15637E+02
9976	378	1.15657E+02
10231	299	1.15658E+02
9890	720	1.15674E+02
9890	461	1.15675E+02
10231	52	1.15707E+02
9976	598	1.15730E+02
9976	424	1.15733E+02
9890	333	1.15736E+02
9976	376	1.15737E+02
10231	435	1.15744E+02
8227	83	1.15753E+02
6621	180	1.15808E+02
6621	111	1.15812E+02
9976	379	1.15814E+02
9890	371	1.15833E+02
9890	421	1.15840E+02
10231	697	1.15856E+02
10231	572	1.15867E+02
6621	499	1.15869E+02
6621	661	1.15882E+02
6621	202	1.15893E+02
9976	680	1.15904E+02
10231	341	1.15948E+02
8227	262	1.15963E+02
10231	156	1.15980E+02
10231	16	1.15985E+02
9976	375	1.16001E+02
9976	463	1.16060E+02
9976	380	1.16085E+02
9890	596	1.16099E+02
6621	533	1.16128E+02
6621	347	1.16131E+02
6621	179	1.16133E+02
6621	305	1.16157E+02
10231	485	1.16165E+02
8227	583	1.16170E+02
9890	803	1.16207E+02
10231	655	1.16207E+02
8227	125	1.16248E+02
9890	332	1.16274E+02
9890	637	1.16275E+02
9976	554	1.16289E+02
10231	527	1.16333E+02
10231	15	1.16339E+02
10231	393	1.16345E+02
10231	780	1.16375E+02
6621	61	1.16378E+02
9890	552	1.16421E+02
10231	194	1.16429E+02
9976	374	1.16434E+02
10231	102	1.16442E+02
6621	178	1.16459E+02
6621	498	1.16467E+02
10231	155	1.16487E+02
10231	246	1.16505E+02
6621	399	1.16525E+02
8227	666	1.16537E+02
10231	51	1.16556E+02
10231	613	1.16567E+02
6621	253	1.16591E+02
9976	423	1.16592E+02
6621	619	1.16596E+02
9976	721	1.16612E+02
10231	738	1.16658E+02
10231	298	1.16681E+02
10231	14	1.16692E+02
6621	786	1.16712E+02
8227	82	1.16726E+02
6621	177	1.16790E+02
10231	434	1.16815E+02
10231	484	1.16871E+02
9890	370	1.16884E+02
9890	678	1.16917E+02
9976	804	1.16922E+02
10231	571	1.16939E+02
10231	696	1.16943E+02
10231	340	1.16956E+02
9890	286	1.16965E+02
9890	761	1.16970E+02
9890	331	1.16988E+02
6621	110	1.16992E+02
10231	154	1.16994E+02
10231	13	1.17045E+02
9976	373	1.17048E+02
6621	497	1.17083E+02
6621	176	1.17129E+02
6621	744	1.17135E+02
8227	791	1.17183E+02
9890	285	1.17192E+02
8227	212	1.17205E+02
9976	337	1.17209E+02
9890	420	1.17233E+02
10231	654	1.17233E+02
9976	338	1.17247E+02
10231	101	1.17275E+02
6621	440	1.17285E+02
10231	193	1.17296E+02
9976	336	1.17301E+02
9890	460	1.17307E+02
10231	392	1.17312E+02
6621	201	1.17319E+02
6621	60	1.17322E+02
10231	526	1.17323E+02
10231	50	1.17334E+02
9976	462	1.17339E+02
10231	779	1.17380E+02
10231	245	1.17390E+02
10231	12	1.17400E+02
9976	597	1.17404E+02
6621	577	1.17407E+02
9976	638	1.17423E+02
6621	175	1.17478E+02
10231	153	1.17495E+02
10231	612	1.17530E+02
9976	335	1.17533E+02
10231	483	1.17536E+02
9890	284	1.17542E+02
10231	297	1.17565E+02
8227	312	1.17567E+02
8227	405	1.17596E+02
10231	737	1.17613E+02
6621	702	1.17624E+02
8227	81	1.17662E+02
8227	446	1.17679E+02
9976	422	1.17679E+02
6621	496	1.17717E+02
10231	433	1.17720E+02
9976	762	1.17727E+02
10231	11	1.17758E+02
10231	570	1.17835E+02
8227	124	1.17838E+02
6621	174	1.17840E+02
10231	695	1.17848E+02
9976	372	1.17858E+02
9976	553	1.17870E+02
9890	330	1.17887E+02
9976	679	1.17896E+02
9976	334	1.17915E+02
6621	304	1.17973E+02
10231	152	1.17985E+02
9890	719	1.18008E+02
10231	100	1.18012E+02
9890	283	1.18021E+02
10231	49	1.18033E+02
10231	192	1.18053E+02
6621	346	1.18085E+02
10231	653	1.18086E+02
10231	10	1.18117E+02
10231	391	1.18127E+02
10231	525	1.18150E+02
10231	482	1.18151E+02
8227	749	1.18153E+02
10231	244	1.18153E+02
9890	369	1.18167E+02
6621	660	1.18183E+02
6621	109	1.18198E+02
9890	595	1.18200E+02
8227	624	1.18212E+02
10231	778	1.18212E+02
6621	173	1.18214E+02
6621	252	1.18220E+02
6621	59	1.18297E+02
10231	296	1.18317E+02
6621	532	1.18319E+02
10231	611	1.18330E+02
6621	495	1.18371E+02
10231	736	1.18403E+02
9890	551	1.18407E+02
10231	151	1.18456E+02
9976	333	1.18458E+02
10231	9	1.18475E+02
8227	353	1.18504E+02
9890	636	1.18537E+02
8227	261	1.18543E+02
6621	398	1.18557E+02
8227	80	1.18576E+02
10231	569	1.18579E+02
8227	538	1.18593E+02
10231	694	1.18595E+02
6621	172	1.18596E+02
9890	282	1.18637E+02
10231	48	1.18650E+02
10231	99	1.18654E+02
9890	802	1.18673E+02
10231	191	1.18704E+02
10231	481	1.18708E+02
6621	40	1.18734E+02
6621	200	1.18739E+02
10231	652	1.18790E+02
10231	243	1.18802E+02
10231	390	1.18807E+02
9976	720	1.18808E+02
6621	618	1.18816E+02
10231	8	1.18829E+02
10231	524	1.18835E+02
9976	371	1.18878E+02
9976	461	1.18888E+02
10231	777	1.18895E+02
10231	150	1.18901E+02
9890	419	1.18903E+02
10231	295	1.18950E+02
6621	785	1.18957E+02
6621	39	1.18965E+02
6621	171	1.18982E+02
9890	329	1.18984E+02
10231	610	1.18988E+02
9976	421	1.19012E+02
6621	494	1.19046E+02
10231	735	1.19051E+02
9976	332	1.19172E+02
10231	7	1.19172E+02
10231	47	1.19185E+02
10231	98	1.19203E+02
10231	480	1.19204E+02
10231	693	1.19208E+02
6621	38	1.19210E+02
9976	803	1.19241E+02
9890	459	1.19243E+02
10231	190	1.19256E+02
6621	58	1.19303E+02
8227	211	1.19307E+02
8227	707	1.19313E+02
10231	149	1.19313E+02
6621	439	1.19332E+02
6621	743	1.19340E+02
10231	242	1.19347E+02
10231	651	1.19366E+02
6621	170	1.19369E+02
8227	123	1.19369E+02
10231	389	1.19369E+02
9890	677	1.19376E+02
9976	596	1.19388E+02
10231	523	1.19398E+02
9890	281	1.19399E+02
6621	108	1.19420E+02
10231	776	1.19453E+02
6621	37	1.19470E+02
10231	294	1.19477E+02
8227	79	1.19478E+02
9976	286	1.19484E+02
10231	6	1.19500E+02
6621	576	1.19529E+02
9890	760	1.19535E+02
9976	637	1.19558E+02
10231	734	1.19580E+02
10231	479	1.19636E+02
10231	46	1.19643E+02
10231	97	1.19668E+02
10231	148	1.19688E+02
9890	368	1.19702E+02
6621	303	1.19703E+02
10231	692	1.19706E+02
10231	189	1.19719E+02
6621	493	1.19742E+02
6621	36	1.19743E+02
9976	552	1.19750E+02
6621	169	1.19755E+02
6621	701	1.19777E+02
6621	251	1.19795E+02
10231	241	1.19800E+02
10231	5	1.19808E+02
10231	388	1.19829E+02
10231	522	1.19857E+02
9976	285	1.19865E+02
10231	775	1.19906E+02
10231	293	1.19912E+02
6621	345	1.19920E+02
10231	478	1.20008E+02
10231	733	1.20008E+02
10231	147	1.20022E+02
6621	35	1.20023E+02
