GRAM	c2h2	chi_tot
4673	338	2.00026E+01
4673	337	2.01897E+01
8216	338	2.01950E+01
4673	286	2.02065E+01
8216	286	2.02327E+01
8216	337	2.02946E+01
4673	336	2.04063E+01
8216	285	2.04098E+01
8216	336	2.04210E+01
4673	380	2.04587E+01
4673	285	2.04712E+01
4673	379	2.05398E+01
8216	335	2.05743E+01
8216	284	2.06083E+01
1380	286	2.06313E+01
1380	338	2.06490E+01
4673	335	2.06528E+01
4673	378	2.06587E+01
8216	379	2.07149E+01
8216	380	2.07236E+01
2433	338	2.07332E+01
8216	378	2.07415E+01
1600	338	2.07434E+01
1600	286	2.07530E+01
1380	337	2.07531E+01
8216	334	2.07545E+01
4673	284	2.07608E+01
8216	377	2.08034E+01
1380	285	2.08124E+01
4673	377	2.08156E+01
2539	338	2.08277E+01
8216	283	2.08294E+01
1490	286	2.08500E+01
1600	337	2.08567E+01
1490	338	2.08688E+01
1380	336	2.08840E+01
8216	234	2.08850E+01
8216	376	2.09005E+01
2433	286	2.09129E+01
2433	337	2.09163E+01
4673	334	2.09294E+01
1600	285	2.09431E+01
8216	333	2.09620E+01
1490	337	2.09712E+01
1600	336	2.09971E+01
2645	338	2.10085E+01
4673	376	2.10104E+01
2539	337	2.10111E+01
2539	286	2.10117E+01
1380	284	2.10151E+01
1490	285	2.10296E+01
8216	375	2.10325E+01
1380	335	2.10418E+01
8216	282	2.10743E+01
4673	283	2.10766E+01
1490	336	2.11004E+01
2433	336	2.11292E+01
8216	233	2.11368E+01
1600	284	2.11551E+01
1600	335	2.11647E+01
2433	285	2.11748E+01
4673	234	2.11781E+01
2645	337	2.11931E+01
2645	286	2.11969E+01
8216	332	2.11973E+01
8216	374	2.11993E+01
2433	380	2.12199E+01
2539	336	2.12243E+01
1380	334	2.12266E+01
1490	284	2.12308E+01
4673	333	2.12366E+01
1380	283	2.12405E+01
4673	375	2.12431E+01
1380	379	2.12464E+01
1380	380	2.12482E+01
1380	234	2.12558E+01
1490	335	2.12565E+01
2539	285	2.12739E+01
1380	378	2.12797E+01
2433	379	2.12955E+01
2539	380	2.13097E+01
1600	380	2.13227E+01
1600	379	2.13304E+01
8216	281	2.13445E+01
1380	377	2.13480E+01
1600	334	2.13595E+01
2433	335	2.13721E+01
1600	378	2.13734E+01
2539	379	2.13855E+01
4673	431	2.13857E+01
1600	283	2.13902E+01
4673	430	2.13923E+01
8216	373	2.14008E+01
2645	336	2.14075E+01
2433	378	2.14092E+01
8216	232	2.14151E+01
1600	234	2.14166E+01
4673	282	2.14203E+01
4673	432	2.14247E+01
8216	428	2.14284E+01
8216	429	2.14307E+01
1380	333	2.14387E+01
1490	334	2.14396E+01
4673	429	2.14450E+01
1380	376	2.14513E+01
1600	377	2.14518E+01
1490	283	2.14546E+01
2645	285	2.14604E+01
8216	331	2.14611E+01
2433	284	2.14617E+01
1490	379	2.14634E+01
1490	380	2.14671E+01
2539	335	2.14675E+01
8216	427	2.14698E+01
1490	234	2.14706E+01
8216	430	2.14772E+01
2645	380	2.14868E+01
1380	282	2.14899E+01
1490	378	2.14947E+01
2539	378	2.14992E+01
1380	233	2.15122E+01
4673	374	2.15137E+01
4673	233	2.15260E+01
4673	428	2.15442E+01
8216	426	2.15545E+01
1490	377	2.15611E+01
2433	377	2.15611E+01
2539	284	2.15612E+01
2645	379	2.15638E+01
1600	376	2.15652E+01
8216	431	2.15678E+01
4673	332	2.15752E+01
1600	333	2.15819E+01
1380	375	2.15891E+01
8216	372	2.16372E+01
8216	280	2.16415E+01
2433	334	2.16451E+01
1600	282	2.16497E+01
1490	333	2.16499E+01
2539	377	2.16514E+01
2645	335	2.16521E+01
1490	376	2.16624E+01
1380	332	2.16786E+01
2645	378	2.16788E+01
8216	425	2.16821E+01
1600	233	2.16826E+01
4673	427	2.16897E+01
1490	282	2.17024E+01
8216	432	2.17024E+01
1600	375	2.17137E+01
8216	231	2.17217E+01
1490	233	2.17255E+01
2539	334	2.17409E+01
2645	284	2.17490E+01
2433	376	2.17512E+01
8216	330	2.17544E+01
1380	374	2.17615E+01
1380	281	2.17647E+01
2433	283	2.17749E+01
4673	281	2.17936E+01
1380	232	2.17953E+01
1490	375	2.17984E+01
4673	373	2.18225E+01
2645	377	2.18323E+01
1600	332	2.18325E+01
2539	376	2.18417E+01
8216	424	2.18523E+01
2433	234	2.18662E+01
2539	283	2.18748E+01
4673	426	2.18812E+01
1490	332	2.18881E+01
1600	374	2.18969E+01
4673	232	2.19052E+01
8216	371	2.19081E+01
2645	334	2.19269E+01
1600	281	2.19349E+01
4673	331	2.19463E+01
1380	331	2.19472E+01
2433	333	2.19489E+01
8216	279	2.19669E+01
1380	373	2.19685E+01
2539	234	2.19687E+01
1490	374	2.19689E+01
1490	281	2.19755E+01
1600	232	2.19758E+01
2433	375	2.19794E+01
1490	232	2.20069E+01
2645	376	2.20240E+01
2539	333	2.20451E+01
8216	230	2.20578E+01
1380	429	2.20622E+01
2645	283	2.20640E+01
8216	423	2.20642E+01
1380	280	2.20665E+01
1380	428	2.20698E+01
2539	375	2.20702E+01
8216	329	2.20775E+01
1380	430	2.20980E+01
1380	231	2.21069E+01
1600	331	2.21121E+01
1600	373	2.21150E+01
2433	282	2.21159E+01
4673	425	2.21186E+01
1380	427	2.21203E+01
1600	429	2.21528E+01
1490	331	2.21549E+01
2645	234	2.21599E+01
8216	467	2.21674E+01
4673	372	2.21697E+01
8216	468	2.21704E+01
1600	428	2.21708E+01
1490	373	2.21739E+01
2433	430	2.21743E+01
2433	431	2.21744E+01
1380	431	2.21772E+01
1600	430	2.21784E+01
4673	280	2.21982E+01
1380	372	2.22100E+01
2433	233	2.22118E+01
8216	370	2.22132E+01
1380	426	2.22135E+01
8216	466	2.22155E+01
2539	282	2.22163E+01
2433	432	2.22204E+01
2433	429	2.22208E+01
8216	469	2.22250E+01
1600	427	2.22321E+01
2645	333	2.22325E+01
1380	330	2.22451E+01
2433	374	2.22457E+01
1600	280	2.22476E+01
1600	431	2.22477E+01
2645	375	2.22539E+01
2539	430	2.22589E+01
2539	431	2.22591E+01
1490	429	2.22721E+01
9605	338	2.22754E+01
1490	280	2.22756E+01
1490	428	2.22775E+01
2433	332	2.22843E+01
1600	231	2.22980E+01
1380	432	2.22995E+01
2539	432	2.23052E+01
2539	429	2.23054E+01
1490	430	2.23101E+01
8216	465	2.23139E+01
2433	428	2.23140E+01
2539	233	2.23147E+01
1490	231	2.23168E+01
8216	422	2.23169E+01
4673	231	2.23178E+01
8216	278	2.23218E+01
1490	427	2.23258E+01
8216	470	2.23312E+01
1600	426	2.23363E+01
2539	374	2.23368E+01
1380	425	2.23489E+01
4673	330	2.23509E+01
1600	432	2.23602E+01
1600	372	2.23681E+01
2539	332	2.23808E+01
1490	431	2.23916E+01
4673	470	2.23929E+01
4673	469	2.23948E+01
1380	279	2.23969E+01
2539	428	2.23987E+01
4673	424	2.24016E+01
2645	282	2.24069E+01
1490	372	2.24134E+01
1490	426	2.24168E+01
1600	330	2.24215E+01
8216	229	2.24235E+01
8216	328	2.24313E+01
2645	431	2.24342E+01
2645	430	2.24353E+01
4673	471	2.24439E+01
1380	230	2.24482E+01
4673	468	2.24503E+01
1490	330	2.24509E+01
2433	427	2.24538E+01
9605	337	2.24541E+01
8216	464	2.24618E+01
2645	432	2.24792E+01
1600	425	2.24831E+01
2645	429	2.24831E+01
1380	371	2.24858E+01
2433	281	2.24866E+01
8216	471	2.24888E+01
2645	233	2.25073E+01
1490	432	2.25162E+01
2645	374	2.25220E+01
1380	424	2.25260E+01
9884	380	2.25307E+01
9605	286	2.25345E+01
2539	427	2.25386E+01
4673	472	2.25463E+01
1490	425	2.25500E+01
2433	373	2.25503E+01
8216	369	2.25517E+01
4673	371	2.25552E+01
4673	467	2.25593E+01
2645	332	2.25698E+01
1380	329	2.25730E+01
2645	428	2.25778E+01
2539	281	2.25873E+01
2433	232	2.25887E+01
1600	279	2.25893E+01
1490	279	2.26041E+01
8216	421	2.26089E+01
4673	279	2.26358E+01
9884	338	2.26385E+01
2433	426	2.26398E+01
2539	373	2.26418E+01
1600	230	2.26505E+01
2433	331	2.26522E+01
9605	380	2.26547E+01
1600	371	2.26558E+01
1490	230	2.26564E+01
8216	463	2.26575E+01
9605	336	2.26624E+01
1600	424	2.26719E+01
1490	371	2.26873E+01
2539	232	2.26921E+01
8216	472	2.26963E+01
4673	473	2.26972E+01
8126	286	2.26990E+01
8216	277	2.27066E+01
2645	427	2.27191E+01
8126	338	2.27205E+01
4673	466	2.27217E+01
2539	426	2.27248E+01
1490	424	2.27250E+01
9605	379	2.27250E+01
4673	423	2.27297E+01
1380	423	2.27441E+01
2539	331	2.27492E+01
1380	278	2.27568E+01
1600	329	2.27612E+01
4673	230	2.27650E+01
1490	329	2.27770E+01
2645	281	2.27795E+01
4673	329	2.27897E+01
9605	285	2.27912E+01
1380	370	2.27954E+01
8126	337	2.28026E+01
8216	327	2.28158E+01
8216	228	2.28175E+01
1380	229	2.28194E+01
2645	373	2.28286E+01
9884	379	2.28309E+01
9605	378	2.28332E+01
8216	142	2.28378E+01
8126	285	2.28597E+01
2433	425	2.28719E+01
2645	232	2.28862E+01
2433	280	2.28885E+01
2433	372	2.28934E+01
8216	462	2.28992E+01
9605	335	2.29003E+01
1600	423	2.29021E+01
11306	338	2.29032E+01
2645	426	2.29068E+01
8216	558	2.29084E+01
8126	336	2.29112E+01
1380	468	2.29210E+01
8216	368	2.29230E+01
1380	328	2.29313E+01
1380	467	2.29314E+01
8216	559	2.29366E+01
4673	465	2.29369E+01
8216	557	2.29371E+01
8216	420	2.29383E+01
2645	331	2.29398E+01
1490	423	2.29410E+01
8216	473	2.29512E+01
2539	425	2.29572E+01
1380	469	2.29607E+01
1600	278	2.29610E+01
1490	278	2.29622E+01
1600	370	2.29777E+01
4673	370	2.29784E+01
9605	377	2.29797E+01
2539	372	2.29854E+01
2539	280	2.29898E+01
1380	466	2.29914E+01
1490	370	2.29950E+01
9691	338	2.29971E+01
2433	231	2.29990E+01
1380	422	2.30021E+01
8216	560	2.30217E+01
8216	556	2.30217E+01
1600	468	2.30250E+01
1490	229	2.30257E+01
1600	229	2.30332E+01
9884	337	2.30368E+01
9884	432	2.30379E+01
8126	284	2.30412E+01
8126	335	2.30461E+01
1600	467	2.30466E+01
1380	470	2.30505E+01
2433	330	2.30536E+01
1600	469	2.30538E+01
9605	284	2.30725E+01
11306	337	2.30783E+01
1380	465	2.31003E+01
4673	422	2.31016E+01
2539	231	2.31029E+01
4673	278	2.31075E+01
1600	466	2.31180E+01
8216	276	2.31209E+01
1490	468	2.31213E+01
1490	467	2.31293E+01
1600	328	2.31318E+01
1600	470	2.31331E+01
1490	328	2.31334E+01
1380	369	2.31381E+01
2645	425	2.31408E+01
1380	277	2.31468E+01
11143	338	2.31471E+01
2433	424	2.31498E+01
2539	330	2.31512E+01
8216	555	2.31608E+01
8216	561	2.31629E+01
1490	469	2.31635E+01
9605	376	2.31644E+01
9605	334	2.31681E+01
1600	422	2.31726E+01
11306	286	2.31727E+01
2645	372	2.31738E+01
9884	378	2.31740E+01
9691	337	2.31804E+01
2645	280	2.31835E+01
8216	461	2.31845E+01
1490	466	2.31868E+01
1380	471	2.31901E+01
8455	380	2.31947E+01
8543	380	2.31948E+01
2433	469	2.31954E+01
1490	422	2.31970E+01
2433	470	2.32005E+01
4673	464	2.32040E+01
8126	334	2.32076E+01
2453	338	2.32078E+01
1380	228	2.32190E+01
1380	142	2.32198E+01
9884	431	2.32263E+01
8216	326	2.32306E+01
2539	424	2.32355E+01
8216	227	2.32372E+01
1600	465	2.32388E+01
8216	141	2.32392E+01
2433	468	2.32441E+01
8126	283	2.32447E+01
4673	229	2.32463E+01
8367	380	2.32517E+01
1490	470	2.32560E+01
1380	464	2.32570E+01
2433	471	2.32588E+01
1600	471	2.32625E+01
4673	328	2.32632E+01
11306	380	2.32696E+01
8126	379	2.32709E+01
2539	469	2.32738E+01
2433	371	2.32748E+01
8126	234	2.32755E+01
9691	286	2.32762E+01
8126	378	2.32786E+01
2539	470	2.32791E+01
11306	336	2.32832E+01
11224	338	2.32898E+01
8455	338	2.32917E+01
1490	465	2.32933E+01
8126	380	2.32981E+01
1380	421	2.32985E+01
2645	231	2.32986E+01
8216	419	2.33035E+01
8367	338	2.33169E+01
11143	337	2.33194E+01
1380	327	2.33203E+01
8126	377	2.33212E+01
2539	468	2.33224E+01
2433	279	2.33235E+01
8216	367	2.33259E+01
11306	379	2.33328E+01
1600	369	2.33330E+01
8543	338	2.33355E+01
1490	369	2.33357E+01
2539	471	2.33376E+01
2645	330	2.33433E+01
2433	467	2.33467E+01
1490	277	2.33503E+01
8216	554	2.33521E+01
8216	562	2.33586E+01
9691	380	2.33590E+01
1600	277	2.33633E+01
2539	371	2.33674E+01
2433	472	2.33687E+01
1380	472	2.33782E+01
9605	283	2.33798E+01
9605	375	2.33870E+01
9691	336	2.33934E+01
8126	333	2.33957E+01
4673	560	2.33972E+01
1490	471	2.33984E+01
8126	376	2.33984E+01
11143	286	2.34034E+01
1600	464	2.34077E+01
4673	561	2.34205E+01
2645	424	2.34207E+01
1490	228	2.34235E+01
1490	142	2.34245E+01
2539	467	2.34250E+01
2539	279	2.34253E+01
11306	285	2.34287E+01
4673	559	2.34313E+01
9691	379	2.34338E+01
11306	378	2.34345E+01
4673	369	2.34387E+01
1600	472	2.34406E+01
2433	230	2.34439E+01
1600	228	2.34447E+01
1490	464	2.34477E+01
2539	472	2.34479E+01
2645	469	2.34500E+01
1600	142	2.34521E+01
2645	470	2.34540E+01
1380	463	2.34600E+01
2559	338	2.34617E+01
11224	337	2.34643E+01
9884	430	2.34648E+01
9605	333	2.34663E+01
9884	336	2.34700E+01
8126	282	2.34713E+01
2433	423	2.34728E+01
9605	430	2.34732E+01
1600	421	2.34818E+01
9605	431	2.34820E+01
2433	329	2.34892E+01
1490	421	2.34914E+01
2453	337	2.34916E+01
4673	562	2.34996E+01
2645	468	2.35001E+01
2433	466	2.35027E+01
8126	233	2.35101E+01
8126	375	2.35101E+01
945	338	2.35107E+01
8216	460	2.35110E+01
2645	471	2.35113E+01
9605	429	2.35113E+01
1380	368	2.35131E+01
4673	421	2.35157E+01
11306	335	2.35183E+01
1490	327	2.35205E+01
11143	336	2.35214E+01
4673	463	2.35215E+01
4673	558	2.35237E+01
9605	234	2.35242E+01
11143	380	2.35242E+01
2433	473	2.35273E+01
1600	327	2.35334E+01
9605	432	2.35373E+01
9691	285	2.35374E+01
9884	286	2.35395E+01
2453	380	2.35455E+01
8455	379	2.35463E+01
9691	378	2.35469E+01
2539	230	2.35482E+01
11224	286	2.35543E+01
8543	379	2.35571E+01
2645	371	2.35575E+01
2539	423	2.35590E+01
9884	377	2.35609E+01
8216	275	2.35626E+01
1380	276	2.35662E+01
11306	377	2.35749E+01
2539	466	2.35812E+01
11143	379	2.35851E+01
2539	329	2.35873E+01
1490	472	2.35892E+01
8216	553	2.35931E+01
9605	428	2.35966E+01
8367	379	2.36005E+01
2645	467	2.36041E+01
8216	563	2.36057E+01
2539	473	2.36071E+01
8126	332	2.36111E+01
1380	473	2.36122E+01
4673	277	2.36135E+01
2645	472	2.36204E+01
2645	279	2.36206E+01
1600	463	2.36234E+01
1380	141	2.36273E+01
4673	563	2.36314E+01
1380	420	2.36315E+01
2453	286	2.36325E+01
9691	335	2.36363E+01
8216	601	2.36441E+01
1380	227	2.36444E+01
9605	374	2.36478E+01
1490	463	2.36485E+01
8126	374	2.36560E+01
11143	285	2.36563E+01
11224	380	2.36602E+01
8216	140	2.36604E+01
1600	473	2.36649E+01
11224	336	2.36685E+01
8216	600	2.36733E+01
8216	325	2.36740E+01
4673	557	2.36745E+01
8216	602	2.36749E+01
8216	226	2.36792E+01
11143	378	2.36841E+01
2433	370	2.36942E+01
9691	377	2.36983E+01
8216	418	2.37026E+01
2665	338	2.37042E+01
1380	462	2.37073E+01
1490	368	2.37087E+01
11306	284	2.37095E+01
2433	465	2.37118E+01
9605	282	2.37146E+01
1600	368	2.37210E+01
8126	281	2.37224E+01
11224	379	2.37232E+01
8543	432	2.37238E+01
2453	379	2.37244E+01
9605	427	2.37289E+01
1380	326	2.37394E+01
8455	337	2.37431E+01
2559	337	2.37450E+01
2645	230	2.37455E+01
2645	423	2.37459E+01
11143	335	2.37532E+01
11306	376	2.37540E+01
1165	338	2.37549E+01
9884	429	2.37550E+01
8216	366	2.37587E+01
4673	228	2.37597E+01
8216	599	2.37616E+01
2645	466	2.37619E+01
8455	432	2.37641E+01
8216	603	2.37653E+01
8367	337	2.37655E+01
1490	276	2.37678E+01
8126	232	2.37702E+01
4673	327	2.37713E+01
2645	473	2.37784E+01
2645	329	2.37812E+01
11306	334	2.37837E+01
4369	338	2.37844E+01
2539	370	2.37873E+01
2539	465	2.37905E+01
2433	278	2.37925E+01
2559	380	2.37938E+01
1600	276	2.37953E+01
9605	332	2.37959E+01
8543	337	2.37971E+01
945	380	2.37979E+01
1380	558	2.37985E+01
1055	338	2.38067E+01
2453	336	2.38081E+01
1380	559	2.38086E+01
11224	285	2.38094E+01
4673	142	2.38102E+01
4673	564	2.38113E+01
11143	377	2.38216E+01
1490	420	2.38223E+01
9691	284	2.38234E+01
11224	378	2.38244E+01
1490	473	2.38260E+01
1600	420	2.38279E+01
1490	141	2.38302E+01
8126	373	2.38362E+01
945	337	2.38385E+01
2433	422	2.38398E+01
1380	557	2.38427E+01
1490	227	2.38471E+01
8126	331	2.38545E+01
8367	432	2.38555E+01
9605	233	2.38631E+01
1600	141	2.38708E+01
1380	560	2.38730E+01
8216	459	2.38764E+01
8216	552	2.38809E+01
1600	227	2.38824E+01
4673	556	2.38829E+01
1600	462	2.38837E+01
4673	462	2.38871E+01
9691	376	2.38882E+01
2559	286	2.38903E+01
1490	462	2.38936E+01
2539	278	2.38949E+01
8216	564	2.38997E+01
11224	335	2.39026E+01
8216	598	2.39070E+01
9605	426	2.39080E+01
9691	334	2.39093E+01
8216	604	2.39138E+01
4369	380	2.39154E+01
1380	367	2.39192E+01
1600	559	2.39202E+01
1600	558	2.39216E+01
2433	229	2.39228E+01
2539	422	2.39266E+01
11143	284	2.39339E+01
4673	368	2.39349E+01
1490	326	2.39376E+01
9884	335	2.39388E+01
1380	556	2.39403E+01
8455	378	2.39429E+01
2453	378	2.39440E+01
9884	473	2.39451E+01
9605	373	2.39468E+01
2433	328	2.39594E+01
8126	428	2.39622E+01
11224	377	2.39642E+01
8543	378	2.39647E+01
1600	326	2.39655E+01
4673	420	2.39699E+01
11306	375	2.39719E+01
2559	379	2.39721E+01
2433	464	2.39728E+01
2645	465	2.39728E+01
1600	560	2.39736E+01
8543	431	2.39743E+01
1600	557	2.39777E+01
2645	370	2.39792E+01
8126	427	2.39823E+01
8126	429	2.39854E+01
1490	558	2.39869E+01
2665	337	2.39887E+01
1380	561	2.39912E+01
9884	376	2.39919E+01
2453	285	2.39938E+01
8367	378	2.39942E+01
1380	461	2.39965E+01
11143	376	2.39975E+01
1380	419	2.39992E+01
8126	280	2.39997E+01
1490	559	2.39998E+01
8455	431	2.40038E+01
9884	285	2.40083E+01
1380	275	2.40130E+01
11143	334	2.40151E+01
11306	283	2.40166E+01
945	379	2.40242E+01
945	286	2.40262E+01
9884	472	2.40265E+01
2539	229	2.40277E+01
8216	274	2.40282E+01
1490	557	2.40284E+01
1165	380	2.40301E+01
2665	380	2.40320E+01
4673	565	2.40336E+01
8126	426	2.40452E+01
11306	430	2.40501E+01
8126	372	2.40507E+01
2539	464	2.40520E+01
8126	430	2.40522E+01
1380	140	2.40547E+01
8126	231	2.40577E+01
2539	328	2.40581E+01
2559	336	2.40612E+01
1490	560	2.40671E+01
11306	431	2.40693E+01
11306	429	2.40784E+01
9605	281	2.40786E+01
11306	333	2.40800E+01
1600	561	2.40810E+01
1165	337	2.40837E+01
1600	556	2.40876E+01
11224	284	2.40893E+01
1380	555	2.40897E+01
1055	380	2.40909E+01
4345	286	2.40914E+01
2645	278	2.40919E+01
1380	226	2.40922E+01
8367	431	2.40926E+01
9884	428	2.40978E+01
8216	139	2.40980E+01
8216	597	2.41071E+01
1490	367	2.41128E+01
2645	422	2.41152E+01
9691	375	2.41162E+01
8216	605	2.41172E+01
1490	556	2.41235E+01
8126	330	2.41266E+01
1055	337	2.41314E+01
8216	417	2.41335E+01
9605	425	2.41336E+01
9691	283	2.41356E+01
11306	432	2.41356E+01
2665	286	2.41376E+01
8216	225	2.41394E+01
1600	367	2.41403E+01
8216	324	2.41427E+01
11224	376	2.41427E+01
4673	555	2.41473E+01
2433	369	2.41505E+01
8126	425	2.41505E+01
4673	276	2.41525E+01
4472	338	2.41544E+01
11306	428	2.41548E+01
2453	335	2.41577E+01
9605	331	2.41577E+01
1380	562	2.41613E+01
9884	471	2.41618E+01
8126	431	2.41627E+01
9417	286	2.41639E+01
11224	334	2.41670E+01
9691	430	2.41716E+01
11306	234	2.41718E+01
9691	431	2.41758E+01
4369	337	2.41799E+01
1490	461	2.41808E+01
1600	461	2.41862E+01
1380	325	2.41868E+01
1490	419	2.41880E+01
1490	561	2.41883E+01
2559	378	2.41912E+01
945	336	2.41998E+01
2453	377	2.42049E+01
1600	419	2.42091E+01
4369	379	2.42098E+01
2665	379	2.42115E+01
11143	375	2.42119E+01
8216	551	2.42125E+01
1490	275	2.42126E+01
9691	333	2.42129E+01
9691	429	2.42146E+01
8216	365	2.42190E+01
2433	560	2.42208E+01
4345	338	2.42244E+01
4345	285	2.42264E+01
2645	229	2.42267E+01
9691	432	2.42267E+01
11306	374	2.42285E+01
8455	336	2.42318E+01
9605	232	2.42329E+01
8216	565	2.42350E+01
2645	464	2.42360E+01
11143	283	2.42374E+01
1600	562	2.42408E+01
2539	369	2.42443E+01
2433	559	2.42478E+01
2433	421	2.42491E+01
1600	555	2.42497E+01
9417	338	2.42510E+01
2559	285	2.42513E+01
8367	336	2.42513E+01
2433	561	2.42515E+01
2645	328	2.42538E+01
1600	275	2.42549E+01
1490	140	2.42558E+01
8367	286	2.42568E+01
1165	379	2.42573E+01
8455	286	2.42592E+01
1490	555	2.42705E+01
8543	430	2.42771E+01
8216	458	2.42780E+01
11306	427	2.42789E+01
4345	337	2.42791E+01
4472	380	2.42805E+01
1165	286	2.42808E+01
2433	463	2.42844E+01
9605	372	2.42844E+01
1380	554	2.42887E+01
9691	234	2.42899E+01
945	378	2.42918E+01
2539	560	2.42922E+01
1490	226	2.42930E+01
8455	430	2.42954E+01
2433	277	2.42957E+01
8543	336	2.42963E+01
8126	424	2.42978E+01
4673	461	2.42983E+01
8126	371	2.42991E+01
9417	285	2.42999E+01
4673	227	2.43017E+01
8126	279	2.43045E+01
9691	428	2.43050E+01
9417	337	2.43056E+01
2665	336	2.43061E+01
11143	333	2.43078E+01
11143	430	2.43090E+01
1600	140	2.43096E+01
4448	286	2.43128E+01
4673	326	2.43130E+01
1055	379	2.43139E+01
8126	432	2.43168E+01
2539	559	2.43189E+01
1055	286	2.43205E+01
2539	561	2.43233E+01
1380	460	2.43252E+01
4673	141	2.43259E+01
11143	431	2.43304E+01
2433	558	2.43331E+01
11143	429	2.43349E+01
2539	421	2.43365E+01
2433	562	2.43381E+01
9605	469	2.43387E+01
1600	226	2.43425E+01
9331	286	2.43454E+01
8543	286	2.43493E+01
11306	282	2.43514E+01
1380	366	2.43545E+01
9884	470	2.43545E+01
9605	470	2.43570E+01
8216	596	2.43586E+01
8216	641	2.43588E+01
11224	375	2.43596E+01
4345	336	2.43598E+01
1490	562	2.43615E+01
2539	463	2.43641E+01
8216	606	2.43711E+01
8216	642	2.43718E+01
4532	338	2.43723E+01
8126	230	2.43740E+01
9605	468	2.43754E+01
1380	563	2.43806E+01
8367	430	2.43814E+01
4345	284	2.43815E+01
9691	374	2.43826E+01
1490	325	2.43830E+01
2453	284	2.43838E+01
8455	377	2.43856E+01
11143	234	2.43856E+01
9417	336	2.43863E+01
4532	286	2.43898E+01
4673	603	2.43918E+01
11224	283	2.43952E+01
11143	432	2.43985E+01
2539	277	2.43987E+01
1380	418	2.43997E+01
2539	558	2.44043E+01
9605	424	2.44056E+01
8216	640	2.44068E+01
11306	332	2.44082E+01
11143	428	2.44085E+01
4575	338	2.44096E+01
2539	562	2.44103E+01
2559	335	2.44104E+01
4673	604	2.44133E+01
4429	338	2.44140E+01
8543	377	2.44187E+01
4429	286	2.44255E+01
1600	325	2.44261E+01
8126	329	2.44280E+01
4673	602	2.44291E+01
945	285	2.44293E+01
9605	471	2.44298E+01
2665	378	2.44318E+01
2433	228	2.44338E+01
8367	377	2.44338E+01
2645	369	2.44380E+01
9691	427	2.44427E+01
9884	334	2.44438E+01
11224	430	2.44439E+01
4448	338	2.44449E+01
8216	643	2.44453E+01
9331	338	2.44459E+01
1165	336	2.44460E+01
4448	285	2.44474E+01
1600	563	2.44502E+01
11306	426	2.44508E+01
2559	377	2.44515E+01
9417	284	2.44560E+01
1600	554	2.44618E+01
4673	419	2.44622E+01
11224	333	2.44623E+01
11224	431	2.44632E+01
2433	327	2.44642E+01
11143	374	2.44649E+01
4673	554	2.44653E+01
4673	367	2.44654E+01
4345	335	2.44665E+01
9884	375	2.44671E+01
1490	554	2.44672E+01
2645	560	2.44673E+01
9605	467	2.44673E+01
2453	432	2.44678E+01
11224	429	2.44721E+01
9605	280	2.44736E+01
9691	282	2.44756E+01
2433	557	2.44769E+01
2433	563	2.44774E+01
9331	285	2.44785E+01
2433	142	2.44800E+01
4532	337	2.44829E+01
1380	274	2.44837E+01
8126	423	2.44863E+01
1055	336	2.44895E+01
4673	605	2.44905E+01
9417	335	2.44931E+01
9884	427	2.44935E+01
2645	559	2.44955E+01
9503	286	2.44962E+01
2645	561	2.44969E+01
9331	337	2.44978E+01
1380	139	2.44984E+01
4448	337	2.44991E+01
2665	285	2.44998E+01
2453	376	2.45070E+01
1490	460	2.45075E+01
4369	286	2.45086E+01
9884	284	2.45088E+01
11306	233	2.45118E+01
8216	273	2.45130E+01
8216	639	2.45146E+01
4429	337	2.45229E+01
11306	373	2.45242E+01
4575	380	2.45258E+01
1165	378	2.45259E+01
4673	601	2.45268E+01
2645	421	2.45270E+01
1600	460	2.45286E+01
2453	431	2.45290E+01
11224	432	2.45293E+01
11143	427	2.45296E+01
1380	553	2.45346E+01
4345	234	2.45373E+01
2539	228	2.45393E+01
9503	338	2.45396E+01
2453	334	2.45408E+01
1490	366	2.45463E+01
11224	234	2.45472E+01
8216	138	2.45473E+01
4369	378	2.45475E+01
9691	332	2.45479E+01
11224	428	2.45480E+01
2539	557	2.45482E+01
4472	337	2.45483E+01
2645	463	2.45499E+01
2539	563	2.45503E+01
9605	330	2.45529E+01
9605	472	2.45555E+01
4345	283	2.45578E+01
1380	225	2.45583E+01
2539	327	2.45636E+01
11143	282	2.45686E+01
4472	379	2.45731E+01
9331	336	2.45756E+01
8216	644	2.45773E+01
1055	378	2.45780E+01
4532	285	2.45790E+01
4448	336	2.45794E+01
8126	370	2.45811E+01
2645	558	2.45823E+01
2645	562	2.45827E+01
1490	563	2.45840E+01
8216	550	2.45844E+01
1490	418	2.45866E+01
2539	142	2.45867E+01
1600	366	2.45893E+01
8216	416	2.45932E+01
945	335	2.45951E+01
2645	277	2.45976E+01
4345	334	2.45992E+01
945	377	2.46012E+01
4448	284	2.46022E+01
9884	469	2.46068E+01
9503	337	2.46075E+01
4369	336	2.46110E+01
4429	285	2.46130E+01
8216	224	2.46134E+01
9605	466	2.46140E+01
11224	374	2.46152E+01
4673	606	2.46194E+01
4532	336	2.46207E+01
1600	418	2.46233E+01
9417	334	2.46259E+01
9691	426	2.46274E+01
9331	284	2.46317E+01
11143	332	2.46320E+01
8216	323	2.46322E+01
9417	283	2.46333E+01
9691	233	2.46337E+01
8543	429	2.46340E+01
9605	231	2.46356E+01
8126	278	2.46380E+01
2453	430	2.46384E+01
8455	429	2.46407E+01
2559	284	2.46409E+01
2433	368	2.46428E+01
2433	462	2.46442E+01
1380	564	2.46446E+01
9503	285	2.46460E+01
9417	234	2.46460E+01
4326	338	2.46482E+01
4326	286	2.46563E+01
2665	335	2.46566E+01
8216	595	2.46579E+01
4429	336	2.46590E+01
1380	324	2.46592E+01
9605	371	2.46605E+01
2433	564	2.46649E+01
8216	607	2.46698E+01
11306	425	2.46703E+01
11224	427	2.46716E+01
1380	601	2.46726E+01
2433	556	2.46784E+01
9331	335	2.46795E+01
8216	638	2.46801E+01
1490	274	2.46813E+01
1380	602	2.46814E+01
8126	467	2.46843E+01
1165	285	2.46849E+01
4673	600	2.46850E+01
4448	335	2.46857E+01
9691	373	2.46875E+01
8543	473	2.46895E+01
1380	459	2.46910E+01
2665	377	2.46934E+01
1490	139	2.46978E+01
11143	426	2.46981E+01
2433	420	2.46985E+01
4369	432	2.46997E+01
945	432	2.47003E+01
9503	336	2.47022E+01
8216	364	2.47031E+01
1600	564	2.47046E+01
2559	432	2.47092E+01
8126	466	2.47092E+01
8126	468	2.47099E+01
1490	553	2.47110E+01
8216	457	2.47124E+01
8126	422	2.47150E+01
11306	281	2.47158E+01
8126	229	2.47190E+01
1380	600	2.47200E+01
1055	285	2.47206E+01
1600	553	2.47212E+01
2645	563	2.47214E+01
4673	275	2.47216E+01
11143	233	2.47221E+01
9605	423	2.47233E+01
8367	429	2.47236E+01
2539	462	2.47245E+01
2645	557	2.47279E+01
11224	282	2.47289E+01
9605	473	2.47312E+01
2539	368	2.47373E+01
1600	274	2.47386E+01
2539	564	2.47386E+01
2645	228	2.47400E+01
4345	233	2.47454E+01
1380	603	2.47461E+01
4551	286	2.47493E+01
2539	556	2.47500E+01
4673	460	2.47523E+01
2559	376	2.47532E+01
4345	282	2.47564E+01
11143	373	2.47567E+01
4326	337	2.47568E+01
1490	225	2.47571E+01
4345	333	2.47580E+01
8455	335	2.47583E+01
4448	234	2.47588E+01
8126	328	2.47593E+01
2645	327	2.47612E+01
8216	645	2.47641E+01
1600	139	2.47647E+01
8455	473	2.47670E+01
11306	331	2.47692E+01
2559	431	2.47696E+01
8367	335	2.47749E+01
4448	283	2.47782E+01
8367	285	2.47791E+01
8126	465	2.47839E+01
8455	285	2.47841E+01
9417	333	2.47850E+01
4532	335	2.47859E+01
8126	469	2.47866E+01
2539	420	2.47867E+01
2645	142	2.47885E+01
11224	332	2.47892E+01
4532	284	2.47902E+01
2559	334	2.47931E+01
4673	607	2.47943E+01
2453	429	2.47969E+01
9417	378	2.47972E+01
2453	283	2.48042E+01
1600	602	2.48046E+01
9331	283	2.48060E+01
4575	337	2.48061E+01
1600	601	2.48076E+01
9417	377	2.48079E+01
9331	334	2.48092E+01
9331	234	2.48115E+01
945	431	2.48135E+01
9605	465	2.48150E+01
1380	365	2.48166E+01
9503	284	2.48167E+01
4448	334	2.48179E+01
1600	225	2.48209E+01
4575	379	2.48211E+01
9417	379	2.48214E+01
4429	284	2.48224E+01
4429	335	2.48224E+01
1380	599	2.48226E+01
4345	378	2.48233E+01
9503	335	2.48235E+01
1380	552	2.48247E+01
1380	417	2.48307E+01
2433	276	2.48319E+01
9417	282	2.48330E+01
8543	335	2.48336E+01
4673	553	2.48339E+01
8543	472	2.48343E+01
1165	377	2.48363E+01
4345	377	2.48367E+01
1165	335	2.48424E+01
11224	426	2.48427E+01
4326	285	2.48435E+01
4345	379	2.48444E+01
9691	281	2.48449E+01
1490	601	2.48501E+01
2453	375	2.48504E+01
1490	564	2.48513E+01
9417	376	2.48531E+01
1490	324	2.48535E+01
9417	233	2.48555E+01
1600	603	2.48581E+01
9691	425	2.48590E+01
11306	372	2.48593E+01
11306	469	2.48597E+01
1490	602	2.48618E+01
945	284	2.48624E+01
4673	140	2.48628E+01
1380	604	2.48652E+01
1600	600	2.48672E+01
4673	226	2.48677E+01
1490	459	2.48714E+01
8455	376	2.48748E+01
4551	338	2.48757E+01
2559	430	2.48782E+01
9417	380	2.48803E+01
4472	286	2.48804E+01
1055	335	2.48815E+01
4369	431	2.48815E+01
11306	232	2.48830E+01
8543	285	2.48839E+01
1055	377	2.48840E+01
4345	376	2.48841E+01
11306	468	2.48847E+01
4551	285	2.48856E+01
4673	325	2.48858E+01
11224	233	2.48861E+01
2665	284	2.48907E+01
11306	470	2.48909E+01
4326	336	2.48925E+01
8367	473	2.48935E+01
1490	600	2.48947E+01
2433	565	2.48948E+01
8126	369	2.48960E+01
8216	637	2.48998E+01
4345	380	2.49000E+01
8455	472	2.49010E+01
9605	279	2.49012E+01
4673	599	2.49028E+01
8126	464	2.49074E+01
1600	459	2.49083E+01
2645	564	2.49086E+01
4472	378	2.49090E+01
11224	373	2.49097E+01
1600	324	2.49120E+01
2645	462	2.49122E+01
11143	425	2.49139E+01
8126	470	2.49144E+01
9691	331	2.49155E+01
1165	432	2.49193E+01
8543	376	2.49195E+01
8367	376	2.49196E+01
9884	468	2.49197E+01
11143	281	2.49291E+01
4369	377	2.49295E+01
1490	603	2.49296E+01
2645	556	2.49315E+01
4551	337	2.49316E+01
9417	375	2.49325E+01
2645	368	2.49329E+01
2539	276	2.49356E+01
2433	555	2.49360E+01
11306	424	2.49372E+01
9884	426	2.49425E+01
4532	380	2.49432E+01
4345	332	2.49433E+01
2665	432	2.49435E+01
4532	379	2.49456E+01
1380	565	2.49476E+01
945	376	2.49526E+01
1380	138	2.49540E+01
2453	333	2.49582E+01
9331	333	2.49652E+01
4345	375	2.49654E+01
11306	467	2.49660E+01
1600	604	2.49664E+01
4448	233	2.49666E+01
2539	565	2.49694E+01
9417	332	2.49708E+01
9503	334	2.49715E+01
2433	227	2.49733E+01
1380	273	2.49734E+01
945	430	2.49748E+01
4448	333	2.49762E+01
4448	282	2.49765E+01
11306	471	2.49776E+01
4345	232	2.49778E+01
4472	336	2.49778E+01
1380	598	2.49785E+01
4345	281	2.49786E+01
4532	334	2.49786E+01
2645	420	2.49791E+01
4369	285	2.49792E+01
9605	329	2.49820E+01
1600	599	2.49824E+01
8126	421	2.49824E+01
2453	234	2.49829E+01
4532	378	2.49834E+01
9884	333	2.49861E+01
1055	432	2.49867E+01
9884	374	2.49871E+01
11143	331	2.49890E+01
4429	380	2.49897E+01
4673	418	2.49901E+01
4429	379	2.49904E+01
8216	549	2.49928E+01
2433	141	2.49936E+01
1490	599	2.49947E+01
2665	376	2.49963E+01
9331	378	2.49984E+01
1600	565	2.49985E+01
1490	552	2.49991E+01
8216	646	2.50006E+01
8126	277	2.50008E+01
8216	594	2.50009E+01
9331	282	2.50026E+01
2433	326	2.50027E+01
8216	137	2.50032E+01
2453	428	2.50049E+01
2665	431	2.50050E+01
9331	377	2.50063E+01
1490	365	2.50064E+01
8216	608	2.50064E+01
2539	555	2.50080E+01
4673	608	2.50086E+01
9691	232	2.50086E+01
9503	283	2.50092E+01
8216	272	2.50115E+01
4429	334	2.50132E+01
4551	336	2.50136E+01
1490	417	2.50158E+01
9331	233	2.50179E+01
9884	565	2.50207E+01
4532	283	2.50245E+01
945	334	2.50249E+01
1600	552	2.50251E+01
9331	379	2.50251E+01
8367	472	2.50256E+01
9884	564	2.50264E+01
4429	378	2.50266E+01
4673	366	2.50280E+01
9691	372	2.50312E+01
1165	431	2.50332E+01
9691	469	2.50336E+01
8543	471	2.50350E+01
1380	605	2.50358E+01
2559	429	2.50360E+01
8216	682	2.50379E+01
1380	224	2.50382E+01
2665	334	2.50406E+01
8455	428	2.50407E+01
4448	378	2.50412E+01
9503	234	2.50417E+01
4551	284	2.50421E+01
9884	283	2.50434E+01
8543	428	2.50460E+01
9417	374	2.50460E+01
9691	470	2.50470E+01
9331	376	2.50486E+01
2433	461	2.50496E+01
1490	604	2.50521E+01
4326	284	2.50524E+01
4448	377	2.50539E+01
4429	283	2.50549E+01
4326	335	2.50556E+01
9417	281	2.50564E+01
4532	377	2.50570E+01
4472	432	2.50574E+01
8216	681	2.50582E+01
4532	234	2.50595E+01
2559	283	2.50610E+01
11224	425	2.50612E+01
4448	379	2.50630E+01
1600	365	2.50650E+01
1600	417	2.50683E+01
9605	464	2.50694E+01
9605	230	2.50724E+01
9605	370	2.50746E+01
9691	468	2.50756E+01
8216	683	2.50777E+01
8216	415	2.50781E+01
8126	463	2.50782E+01
4369	335	2.50785E+01
2539	227	2.50794E+01
4345	374	2.50803E+01
9503	378	2.50805E+01
9884	563	2.50825E+01
9605	422	2.50856E+01
9331	380	2.50865E+01
4429	234	2.50871E+01
11143	372	2.50876E+01
9417	232	2.50893E+01
11143	232	2.50894E+01
8455	471	2.50905E+01
1380	458	2.50910E+01
9503	379	2.50913E+01
8126	228	2.50917E+01
11224	281	2.50920E+01
8126	471	2.50930E+01
1055	431	2.50961E+01
2559	375	2.50962E+01
8216	223	2.50966E+01
8126	142	2.50977E+01
4429	377	2.50984E+01
2539	141	2.51008E+01
4448	376	2.51008E+01
2539	326	2.51028E+01
11306	466	2.51034E+01
9503	377	2.51052E+01
11306	280	2.51116E+01
4369	430	2.51135E+01
2665	430	2.51148E+01
9691	471	2.51151E+01
11306	472	2.51180E+01
1165	284	2.51190E+01
4448	380	2.51193E+01
8367	428	2.51204E+01
8126	327	2.51206E+01
4551	335	2.51216E+01
11143	469	2.51218E+01
9331	375	2.51250E+01
1600	605	2.51267E+01
2539	461	2.51307E+01
2645	276	2.51363E+01
9691	424	2.51371E+01
9503	380	2.51375E+01
8216	322	2.51376E+01
2645	565	2.51383E+01
8216	680	2.51386E+01
11143	468	2.51442E+01
4575	286	2.51463E+01
9503	333	2.51464E+01
9331	332	2.51477E+01
1490	598	2.51481E+01
11224	331	2.51489E+01
1055	284	2.51506E+01
1600	598	2.51514E+01
1490	138	2.51516E+01
1380	323	2.51520E+01
11143	470	2.51552E+01
1380	551	2.51557E+01
4345	331	2.51558E+01
1490	565	2.51578E+01
4575	378	2.51599E+01
4448	332	2.51612E+01
11306	330	2.51641E+01
9503	376	2.51651E+01
4532	376	2.51661E+01
1490	273	2.51691E+01
2433	367	2.51694E+01
8216	636	2.51700E+01
9691	467	2.51730E+01
8216	684	2.51757E+01
8216	456	2.51758E+01
11143	424	2.51767E+01
4673	598	2.51779E+01
4448	375	2.51815E+01
9417	331	2.51840E+01
1380	597	2.51849E+01
945	429	2.51855E+01
2433	419	2.51860E+01
1165	376	2.51889E+01
2645	555	2.51913E+01
9417	373	2.51934E+01
9884	562	2.51952E+01
1165	430	2.51954E+01
4448	281	2.51983E+01
4448	232	2.51987E+01
4532	333	2.51991E+01
7192	286	2.52010E+01
4551	234	2.52031E+01
9605	560	2.52054E+01
4429	376	2.52056E+01
8216	363	2.52070E+01
2559	333	2.52101E+01
8367	471	2.52127E+01
9605	559	2.52154E+01
4551	283	2.52199E+01
9331	281	2.52226E+01
11143	467	2.52226E+01
9503	282	2.52248E+01
4345	280	2.52258E+01
1490	605	2.52261E+01
4326	380	2.52272E+01
4326	379	2.52277E+01
4345	373	2.52287E+01
1600	138	2.52315E+01
4429	333	2.52318E+01
1055	376	2.52319E+01
11306	371	2.52337E+01
1490	224	2.52351E+01
2453	374	2.52353E+01
9331	374	2.52353E+01
2433	603	2.52364E+01
9691	472	2.52364E+01
4345	231	2.52365E+01
4472	431	2.52371E+01
4575	336	2.52384E+01
1600	273	2.52414E+01
2559	234	2.52424E+01
8126	368	2.52431E+01
2559	428	2.52434E+01
11224	372	2.52435E+01
11143	471	2.52437E+01
9691	280	2.52456E+01
4326	334	2.52459E+01
4673	459	2.52461E+01
2433	554	2.52471E+01
9331	232	2.52485E+01
4673	552	2.52499E+01
11306	423	2.52509E+01
1380	606	2.52537E+01
1055	430	2.52537E+01
4673	609	2.52547E+01
9605	561	2.52554E+01
4551	334	2.52557E+01
11224	232	2.52560E+01
2453	282	2.52568E+01
11224	469	2.52569E+01
9503	375	2.52598E+01
2453	427	2.52625E+01
4326	378	2.52637E+01
2539	367	2.52647E+01
2433	604	2.52653E+01
2433	602	2.52663E+01
9503	233	2.52666E+01
1490	458	2.52696E+01
1165	334	2.52733E+01
2665	429	2.52738E+01
2539	419	2.52750E+01
8216	679	2.52772E+01
8216	647	2.52802E+01
11224	468	2.52817E+01
2645	227	2.52819E+01
4532	282	2.52833E+01
4326	283	2.52844E+01
9605	558	2.52863E+01
8126	420	2.52867E+01
11306	231	2.52873E+01
11224	470	2.52881E+01
4472	377	2.52892E+01
1380	416	2.52894E+01
4575	432	2.52936E+01
9884	467	2.52938E+01
8126	462	2.52944E+01
8543	470	2.52952E+01
4448	374	2.52958E+01
11306	465	2.52966E+01
7192	285	2.52994E+01
2539	603	2.53001E+01
1380	364	2.53017E+01
2645	326	2.53022E+01
2645	141	2.53042E+01
9417	280	2.53049E+01
1055	334	2.53080E+01
11306	473	2.53093E+01
4532	375	2.53106E+01
4429	282	2.53117E+01
2665	283	2.53120E+01
1600	224	2.53131E+01
4326	234	2.53146E+01
4673	274	2.53163E+01
9691	330	2.53167E+01
2539	554	2.53198E+01
2645	461	2.53204E+01
11143	280	2.53206E+01
8126	472	2.53211E+01
1600	458	2.53224E+01
8455	334	2.53236E+01
9691	466	2.53256E+01
4532	233	2.53257E+01
11224	424	2.53270E+01
945	283	2.53272E+01
1490	551	2.53283E+01
8216	685	2.53285E+01
2539	604	2.53294E+01
2539	602	2.53297E+01
1600	606	2.53349E+01
4326	377	2.53353E+01
8367	284	2.53358E+01
8367	334	2.53370E+01
8455	470	2.53391E+01
2665	375	2.53407E+01
8455	284	2.53434E+01
1490	323	2.53444E+01
945	375	2.53460E+01
4429	375	2.53482E+01
9503	332	2.53487E+01
4472	285	2.53495E+01
9417	231	2.53495E+01
2433	605	2.53499E+01
4429	233	2.53514E+01
1490	597	2.53524E+01
4369	376	2.53559E+01
2433	601	2.53564E+01
11143	466	2.53567E+01
9331	331	2.53574E+01
4673	644	2.53607E+01
9605	278	2.53626E+01
11224	467	2.53626E+01
4673	643	2.53633E+01
9605	562	2.53635E+01
9884	561	2.53692E+01
1600	551	2.53702E+01
1600	597	2.53714E+01
8216	609	2.53729E+01
4448	331	2.53733E+01
11224	471	2.53745E+01
9417	372	2.53746E+01
9605	463	2.53758E+01
9331	373	2.53794E+01
11143	330	2.53795E+01
8216	593	2.53831E+01
11143	472	2.53855E+01
9503	374	2.53893E+01
8126	276	2.53924E+01
4345	330	2.53960E+01
4369	429	2.53971E+01
2433	275	2.53983E+01
1165	429	2.54070E+01
7192	338	2.54073E+01
9691	473	2.54081E+01
8543	334	2.54100E+01
4345	372	2.54105E+01
8455	375	2.54107E+01
2453	332	2.54110E+01
4551	233	2.54127E+01
4673	645	2.54132E+01
9691	371	2.54136E+01
2539	605	2.54147E+01
7102	286	2.54153E+01
4551	333	2.54160E+01
1380	137	2.54161E+01
4673	139	2.54162E+01
7192	284	2.54165E+01
9691	231	2.54168E+01
1600	323	2.54182E+01
9605	557	2.54182E+01
2539	601	2.54198E+01
4551	282	2.54201E+01
8126	558	2.54203E+01
9417	427	2.54243E+01
4673	642	2.54244E+01
7192	337	2.54245E+01
8126	557	2.54246E+01
9417	330	2.54251E+01
8216	548	2.54330E+01
9884	234	2.54355E+01
2453	233	2.54360E+01
1380	596	2.54388E+01
9417	428	2.54408E+01
4326	376	2.54423E+01
4472	335	2.54436E+01
4448	373	2.54437E+01
4448	280	2.54452E+01
9884	425	2.54452E+01
9605	328	2.54458E+01
945	428	2.54461E+01
1490	606	2.54476E+01
4532	332	2.54481E+01
9417	426	2.54506E+01
8367	375	2.54520E+01
4673	225	2.54523E+01
8543	284	2.54532E+01
4448	231	2.54572E+01
11143	371	2.54575E+01
8367	470	2.54586E+01
2665	333	2.54590E+01
8216	136	2.54596E+01
1055	429	2.54607E+01
9691	423	2.54612E+01
2645	367	2.54623E+01
4326	333	2.54640E+01
9503	281	2.54648E+01
7192	336	2.54667E+01
4472	430	2.54670E+01
8543	375	2.54673E+01
9331	280	2.54677E+01
2645	419	2.54694E+01
4551	378	2.54710E+01
8216	678	2.54712E+01
8126	559	2.54722E+01
1490	416	2.54727E+01
2645	603	2.54742E+01
4575	431	2.54761E+01
1380	272	2.54766E+01
4429	332	2.54787E+01
8126	141	2.54793E+01
2559	374	2.54807E+01
4369	284	2.54824E+01
2665	428	2.54825E+01
8126	556	2.54842E+01
4673	324	2.54854E+01
4551	377	2.54855E+01
2433	606	2.54860E+01
8216	635	2.54862E+01
11143	423	2.54862E+01
11224	280	2.54863E+01
1490	364	2.54897E+01
8126	227	2.54897E+01
11143	231	2.54897E+01
945	333	2.54900E+01
4532	374	2.54903E+01
9605	421	2.54909E+01
4551	379	2.54911E+01
2665	234	2.54958E+01
8455	427	2.54961E+01
2433	460	2.54978E+01
11224	466	2.54994E+01
4345	279	2.54995E+01
2559	427	2.55004E+01
9417	429	2.55007E+01
2645	604	2.55020E+01
2539	275	2.55026E+01
2645	554	2.55050E+01
2645	602	2.55053E+01
9331	231	2.55053E+01
2433	600	2.55071E+01
4673	597	2.55075E+01
8126	326	2.55117E+01
7102	285	2.55123E+01
2559	282	2.55132E+01
7192	234	2.55133E+01
1380	607	2.55135E+01
8543	427	2.55137E+01
11224	472	2.55143E+01
4673	646	2.55160E+01
9503	232	2.55167E+01
8216	271	2.55178E+01
4345	427	2.55194E+01
9417	425	2.55194E+01
1380	457	2.55220E+01
4345	230	2.55227E+01
1380	550	2.55243E+01
4429	374	2.55259E+01
9605	369	2.55260E+01
1380	642	2.55264E+01
9605	563	2.55266E+01
1380	223	2.55271E+01
2433	140	2.55283E+01
4345	428	2.55297E+01
8216	686	2.55308E+01
945	234	2.55315E+01
9691	465	2.55328E+01
8216	568	2.55335E+01
7192	335	2.55337E+01
4551	376	2.55341E+01
7282	286	2.55353E+01
2433	226	2.55368E+01
1380	641	2.55374E+01
11306	279	2.55403E+01
4326	282	2.55407E+01
1600	416	2.55410E+01
11224	330	2.55423E+01
9605	229	2.55428E+01
4575	377	2.55430E+01
11306	464	2.55446E+01
4673	641	2.55457E+01
4551	380	2.55458E+01
11143	465	2.55462E+01
4673	417	2.55508E+01
4345	426	2.55511E+01
2539	606	2.55516E+01
9884	373	2.55528E+01
7192	283	2.55534E+01
9503	373	2.55535E+01
8126	461	2.55537E+01
9331	372	2.55571E+01
1600	364	2.55639E+01
9884	332	2.55673E+01
4532	281	2.55681E+01
2453	426	2.55697E+01
2539	600	2.55707E+01
1380	643	2.55709E+01
2433	325	2.55722E+01
8367	427	2.55722E+01
11143	473	2.55778E+01
4326	233	2.55784E+01
9503	331	2.55791E+01
2539	460	2.55798E+01
9417	279	2.55800E+01
8126	560	2.55804E+01
4345	429	2.55824E+01
4369	334	2.55828E+01
1165	375	2.55835E+01
8216	414	2.55837E+01
8216	222	2.55839E+01
4326	375	2.55844E+01
1165	283	2.55849E+01
1600	607	2.55854E+01
2645	605	2.55859E+01
9417	371	2.55894E+01
11306	329	2.55937E+01
4429	281	2.55945E+01
9331	330	2.55949E+01
8216	648	2.55957E+01
8126	473	2.55961E+01
2645	601	2.55971E+01
8126	555	2.55976E+01
4551	332	2.56029E+01
1380	640	2.56039E+01
1490	596	2.56044E+01
9417	430	2.56044E+01
9884	560	2.56076E+01
2433	553	2.56089E+01
9605	556	2.56103E+01
11306	422	2.56105E+01
1490	137	2.56119E+01
1055	283	2.56123E+01
4448	330	2.56131E+01
9884	282	2.56141E+01
11224	371	2.56165E+01
4551	375	2.56167E+01
8543	469	2.56173E+01
4575	285	2.56180E+01
4673	365	2.56190E+01
4532	232	2.56191E+01
8126	367	2.56213E+01
1055	375	2.56218E+01
4345	425	2.56242E+01
4448	372	2.56250E+01
4345	371	2.56253E+01
7192	334	2.56254E+01
8126	419	2.56264E+01
9331	427	2.56277E+01
7102	284	2.56281E+01
9417	424	2.56300E+01
7102	338	2.56304E+01
7496	338	2.56344E+01
2539	140	2.56360E+01
9417	230	2.56372E+01
1600	596	2.56392E+01
11224	423	2.56394E+01
4429	232	2.56428E+01
2539	226	2.56435E+01
4551	281	2.56440E+01
7282	285	2.56448E+01
7102	337	2.56464E+01
4551	232	2.56468E+01
9331	428	2.56469E+01
11306	370	2.56470E+01
8455	469	2.56490E+01
9331	426	2.56511E+01
8216	321	2.56538E+01
11224	231	2.56590E+01
1380	322	2.56601E+01
2453	373	2.56623E+01
2559	332	2.56626E+01
4673	647	2.56632E+01
8216	455	2.56635E+01
11306	559	2.56638E+01
1600	642	2.56642E+01
4345	329	2.56644E+01
11306	560	2.56678E+01
2433	607	2.56681E+01
1165	428	2.56686E+01
1380	644	2.56690E+01
1490	272	2.56704E+01
2539	325	2.56731E+01
4345	430	2.56781E+01
9691	279	2.56791E+01
7192	233	2.56819E+01
2539	553	2.56824E+01
1600	641	2.56871E+01
7102	336	2.56873E+01
8216	723	2.56874E+01
11224	465	2.56917E+01
8216	722	2.56920E+01
1490	642	2.56945E+01
9417	329	2.56948E+01
1490	550	2.56952E+01
2559	233	2.56953E+01
1600	643	2.56973E+01
1490	457	2.56990E+01
7282	338	2.56995E+01
1490	641	2.57025E+01
2453	472	2.57044E+01
1600	137	2.57045E+01
11224	473	2.57048E+01
2645	275	2.57052E+01
4532	373	2.57054E+01
4575	335	2.57070E+01
2453	471	2.57079E+01
4575	430	2.57089E+01
2433	418	2.57091E+01
9331	429	2.57092E+01
7496	286	2.57097E+01
4673	551	2.57098E+01
4326	332	2.57105E+01
7192	282	2.57110E+01
1490	607	2.57111E+01
4472	376	2.57139E+01
8216	677	2.57166E+01
9331	425	2.57168E+01
2433	599	2.57173E+01
1055	428	2.57176E+01
7102	234	2.57182E+01
4448	279	2.57186E+01
2645	606	2.57216E+01
1490	223	2.57222E+01
11306	558	2.57223E+01
1380	639	2.57250E+01
9503	427	2.57259E+01
11306	230	2.57259E+01
8216	362	2.57261E+01
4532	331	2.57263E+01
2665	374	2.57266E+01
4673	640	2.57273E+01
9503	428	2.57276E+01
2433	366	2.57279E+01
7282	337	2.57282E+01
9884	466	2.57294E+01
9503	280	2.57307E+01
9605	462	2.57320E+01
4448	427	2.57327E+01
4551	374	2.57330E+01
4369	428	2.57333E+01
11306	561	2.57334E+01
2539	607	2.57346E+01
1380	595	2.57366E+01
4345	424	2.57383E+01
4429	373	2.57389E+01
9331	279	2.57392E+01
4532	429	2.57395E+01
1165	333	2.57396E+01
8216	724	2.57400E+01
9605	564	2.57402E+01
2665	427	2.57409E+01
7192	333	2.57420E+01
1490	643	2.57422E+01
7496	337	2.57428E+01
4448	230	2.57431E+01
2453	281	2.57435E+01
4448	428	2.57438E+01
8126	561	2.57440E+01
11143	279	2.57450E+01
4472	429	2.57487E+01
2645	600	2.57497E+01
4532	428	2.57502E+01
2453	473	2.57519E+01
9417	431	2.57520E+01
9691	329	2.57521E+01
9503	372	2.57523E+01
7102	335	2.57529E+01
1600	550	2.57531E+01
8216	721	2.57547E+01
4429	331	2.57548E+01
945	427	2.57568E+01
1600	272	2.57575E+01
4326	374	2.57618E+01
8126	554	2.57627E+01
7102	283	2.57635E+01
4448	426	2.57636E+01
2453	470	2.57654E+01
2665	282	2.57656E+01
8367	469	2.57656E+01
1600	640	2.57662E+01
1490	640	2.57663E+01
1600	457	2.57677E+01
9503	426	2.57678E+01
9331	371	2.57683E+01
1055	333	2.57697E+01
2645	460	2.57715E+01
1380	415	2.57720E+01
4532	430	2.57729E+01
9503	429	2.57734E+01
7282	284	2.57735E+01
8216	687	2.57763E+01
4673	458	2.57766E+01
2539	599	2.57813E+01
9417	423	2.57817E+01
945	374	2.57818E+01
7282	336	2.57822E+01
1600	644	2.57846E+01
4429	429	2.57847E+01
9331	230	2.57895E+01
11143	464	2.57902E+01
4429	428	2.57937E+01
9691	464	2.57937E+01
