GRAM	c2h2	chi_tot
3902	323	6.44022E+01
3902	363	6.44613E+01
3902	273	6.45415E+01
3902	274	6.45693E+01
3902	322	6.45985E+01
3902	414	6.46211E+01
3902	364	6.46430E+01
3902	324	6.47930E+01
3902	415	6.48069E+01
3902	226	6.48129E+01
3902	455	6.48673E+01
3902	225	6.48885E+01
3902	362	6.49161E+01
3902	272	6.49931E+01
3902	454	6.50118E+01
3902	275	6.51082E+01
3902	413	6.51268E+01
3902	227	6.51363E+01
3902	546	6.52008E+01
3902	547	6.52422E+01
3902	566	6.52875E+01
3902	321	6.53262E+01
3902	224	6.53416E+01
3902	141	6.53501E+01
3902	567	6.53509E+01
3902	142	6.54775E+01
3902	140	6.55035E+01
3902	456	6.55075E+01
3902	365	6.55172E+01
3902	590	6.55253E+01
3902	591	6.55841E+01
3902	416	6.57535E+01
3902	325	6.58052E+01
3902	453	6.58484E+01
3902	228	6.58688E+01
3902	271	6.58740E+01
3902	632	6.58796E+01
3902	545	6.59109E+01
3902	139	6.59250E+01
3902	361	6.59279E+01
3902	631	6.59470E+01
3902	548	6.61296E+01
3902	223	6.61389E+01
3902	276	6.61724E+01
3902	673	6.61886E+01
3902	412	6.62296E+01
3902	589	6.62464E+01
3902	568	6.62730E+01
3902	672	6.64925E+01
3902	320	6.65107E+01
3902	592	6.65223E+01
3902	138	6.65945E+01
3902	714	6.65962E+01
3902	381	6.66861E+01
3902	633	6.66999E+01
3902	674	6.67563E+01
3902	630	6.67942E+01
3902	715	6.68142E+01
3902	756	6.69923E+01
3902	457	6.69961E+01
3902	229	6.70113E+01
3902	366	6.71153E+01
3902	270	6.71187E+01
3902	755	6.71828E+01
3902	713	6.72104E+01
3902	222	6.72352E+01
3902	544	6.72528E+01
3902	452	6.72620E+01
3902	797	6.73865E+01
3902	360	6.73984E+01
3902	326	6.74519E+01
3902	137	6.74840E+01
3902	417	6.75022E+01
3902	671	6.75502E+01
3902	798	6.75778E+01
3902	588	6.76211E+01
3902	757	6.76814E+01
3902	277	6.77608E+01
3902	411	6.78167E+01
3902	549	6.79257E+01
3902	716	6.79597E+01
3902	796	6.80076E+01
3902	319	6.80622E+01
3902	754	6.81447E+01
3902	675	6.82789E+01
3902	629	6.82871E+01
3902	593	6.84064E+01
3902	339	6.84394E+01
3902	634	6.84814E+01
3902	712	6.85285E+01
3902	230	6.85574E+01
3902	136	6.85590E+01
3902	221	6.85748E+01
3902	269	6.86504E+01
3902	799	6.86653E+01
3902	543	6.90912E+01
3902	451	6.91238E+01
3902	359	6.92183E+01
3902	670	6.92190E+01
3902	758	6.93190E+01
3902	795	6.93209E+01
3902	458	6.93658E+01
3902	367	6.94453E+01
3902	587	6.95069E+01
3902	327	6.97281E+01
3902	753	6.97402E+01
3902	410	6.97669E+01
3902	135	6.97803E+01
3902	278	6.98605E+01
3902	318	6.98839E+01
3902	418	7.00674E+01
3902	717	7.00881E+01
3902	220	7.00951E+01
3902	628	7.02762E+01
3902	268	7.03871E+01
3902	711	7.04007E+01
3902	231	7.04959E+01
3902	550	7.06597E+01
3902	800	7.06894E+01
3902	676	7.08003E+01
3902	134	7.11068E+01
3902	794	7.11818E+01
3902	635	7.12594E+01
3902	594	7.12668E+01
3902	358	7.12777E+01
3902	542	7.12867E+01
3902	450	7.13035E+01
3902	669	7.13442E+01
3902	219	7.17316E+01
3902	586	7.17573E+01
3902	287	7.17900E+01
3902	752	7.18153E+01
3902	317	7.18798E+01
3902	759	7.19302E+01
3902	409	7.19615E+01
3902	267	7.22499E+01
3902	279	7.24533E+01
3902	368	7.24948E+01
3902	133	7.24977E+01
3902	627	7.26101E+01
3902	328	7.26144E+01
3902	459	7.26194E+01
3902	710	7.26697E+01
3902	232	7.28133E+01
3902	718	7.32119E+01
3902	218	7.34240E+01
3902	793	7.34358E+01
3902	419	7.34386E+01
3902	357	7.34760E+01
3902	801	7.36450E+01
3902	449	7.36789E+01
3902	541	7.37068E+01
3902	668	7.37723E+01
3902	132	7.39148E+01
3902	316	7.39638E+01
3902	266	7.41675E+01
3902	751	7.42136E+01
3902	585	7.42331E+01
3902	408	7.42936E+01
3902	677	7.43241E+01
3902	551	7.43285E+01
3902	636	7.50318E+01
3902	595	7.50987E+01
3902	217	7.51210E+01
3902	626	7.51468E+01
3902	709	7.51838E+01
3902	131	7.53241E+01
3902	233	7.54951E+01
3902	760	7.54963E+01
3902	280	7.55196E+01
3902	356	7.57289E+01
3902	792	7.59317E+01
3902	315	7.60655E+01
3902	265	7.60817E+01
3902	329	7.60841E+01
3902	448	7.61435E+01
3902	540	7.62341E+01
3902	369	7.62366E+01
3902	667	7.63626E+01
3902	91	7.64250E+01
3902	407	7.66735E+01
3902	130	7.66971E+01
3902	460	7.67340E+01
3902	216	7.67830E+01
3902	750	7.67892E+01
3902	584	7.68116E+01
3902	235	7.69373E+01
3902	719	7.73028E+01
3902	90	7.73836E+01
3902	802	7.74844E+01
3902	420	7.75864E+01
3902	625	7.77627E+01
3902	708	7.78073E+01
3902	264	7.79489E+01
3902	355	7.79707E+01
3902	129	7.80127E+01
3902	314	7.81328E+01
3902	89	7.82886E+01
3902	215	7.83825E+01
3902	234	7.85273E+01
3902	791	7.85330E+01
3902	447	7.86107E+01
3902	539	7.87721E+01
3902	678	7.88159E+01
3902	552	7.89011E+01
3902	666	7.89947E+01
3902	406	7.90306E+01
3902	281	7.90426E+01
3902	88	7.91383E+01
3902	128	7.92575E+01
3902	583	7.93915E+01
3902	749	7.94153E+01
3902	263	7.97410E+01
3902	637	7.97621E+01
3902	596	7.98670E+01
3902	214	7.99027E+01
3902	87	7.99344E+01
3902	761	7.99589E+01
3902	330	8.01101E+01
3902	313	8.01313E+01
3902	354	8.01538E+01
3902	624	8.03565E+01
3902	127	8.04256E+01
3902	707	8.04268E+01
3902	370	8.06357E+01
3902	86	8.06801E+01
3902	446	8.10141E+01
3902	790	8.11245E+01
3902	538	8.12456E+01
3902	405	8.13131E+01
3902	213	8.13355E+01
3902	85	8.13793E+01
3902	262	8.14433E+01
3902	126	8.15175E+01
3902	665	8.15716E+01
3902	461	8.16678E+01
3902	582	8.18941E+01
3902	748	8.19884E+01
3902	84	8.20360E+01
3902	312	8.20405E+01
3902	803	8.21237E+01
3902	353	8.22458E+01
3902	720	8.22960E+01
3902	421	8.24694E+01
3902	125	8.25377E+01
3902	83	8.26548E+01
3902	212	8.26803E+01
3902	623	8.28504E+01
3902	706	8.29533E+01
3902	282	8.30088E+01
3902	261	8.30520E+01
3902	82	8.32405E+01
3902	445	8.33057E+01
3902	404	8.34849E+01
3902	124	8.34928E+01
3902	537	8.35995E+01
3902	789	8.36159E+01
3902	81	8.37983E+01
3902	311	8.38499E+01
3902	211	8.39419E+01
3902	664	8.40204E+01
3902	679	8.42095E+01
3902	352	8.42263E+01
3902	581	8.42614E+01
3902	553	8.43267E+01
3902	80	8.43339E+01
3902	123	8.43907E+01
3902	747	8.44305E+01
3902	260	8.45698E+01
3902	331	8.46693E+01
3902	79	8.48527E+01
3902	210	8.51287E+01
3902	622	8.51883E+01
3902	762	8.52271E+01
3902	122	8.52395E+01
3902	705	8.53219E+01
3902	78	8.53593E+01
3902	638	8.53863E+01
3902	444	8.54526E+01
3902	597	8.55132E+01
3902	403	8.55221E+01
3902	310	8.55549E+01
3902	371	8.56573E+01
3902	536	8.57952E+01
3902	77	8.58581E+01
3902	788	8.59416E+01
3902	259	8.60027E+01
3902	121	8.60477E+01
3902	351	8.60830E+01
3902	209	8.62512E+01
3902	663	8.62900E+01
3902	76	8.63524E+01
3902	580	8.64538E+01
3902	746	8.66870E+01
3902	120	8.68234E+01
3902	75	8.68448E+01
3902	309	8.71547E+01
3902	208	8.73196E+01
3902	621	8.73326E+01
3902	74	8.73365E+01
3902	258	8.73570E+01
3902	462	8.73693E+01
3902	283	8.74072E+01
3902	402	8.74096E+01
3902	443	8.74330E+01
3902	804	8.74535E+01
3902	704	8.74896E+01
3902	119	8.75740E+01
3902	535	8.78076E+01
3902	350	8.78089E+01
3902	73	8.78280E+01
3902	422	8.80432E+01
3902	787	8.80595E+01
3902	721	8.80984E+01
3902	118	8.83058E+01
3902	72	8.83192E+01
3902	207	8.83433E+01
3902	662	8.83487E+01
3902	579	8.84462E+01
3902	257	8.86378E+01
3902	308	8.86491E+01
3902	745	8.87250E+01
3902	71	8.88101E+01
3902	117	8.90234E+01
3902	401	8.91376E+01
3902	514	8.92204E+01
3902	442	8.92336E+01
3902	620	8.92620E+01
3902	70	8.93010E+01
3902	206	8.93295E+01
3941	364	8.93484E+01
3941	324	8.93565E+01
3941	365	8.93798E+01
3902	349	8.93995E+01
3902	703	8.94324E+01
3941	415	8.94345E+01
3941	416	8.94795E+01
3902	513	8.95319E+01
3941	456	8.95689E+01
3941	325	8.95871E+01
3902	534	8.96224E+01
3941	275	8.96478E+01
3941	323	8.97277E+01
3902	116	8.97308E+01
3902	332	8.97447E+01
3902	69	8.97927E+01
3941	274	8.98010E+01
3902	512	8.98402E+01
3902	256	8.98482E+01
3941	455	8.98660E+01
3941	548	8.99105E+01
3902	786	8.99472E+01
3941	363	8.99820E+01
3941	276	9.00073E+01
3941	547	9.00157E+01
3941	568	9.00197E+01
3902	307	9.00382E+01
3941	457	9.00857E+01
3941	567	9.01041E+01
3941	366	9.01155E+01
3941	414	9.01169E+01
3902	511	9.01445E+01
3902	661	9.01807E+01
3941	227	9.02093E+01
3902	578	9.02261E+01
3941	592	9.02688E+01
3902	205	9.02823E+01
3902	68	9.02857E+01
3941	417	9.03022E+01
3941	228	9.03364E+01
3941	591	9.03654E+01
3902	680	9.04147E+01
3902	115	9.04309E+01
3941	326	9.04392E+01
3902	510	9.04449E+01
3941	273	9.04473E+01
3941	226	9.04811E+01
3902	744	9.05295E+01
3902	554	9.05437E+01
3941	633	9.06209E+01
3941	322	9.06595E+01
3941	549	9.06758E+01
3902	400	9.07009E+01
3902	509	9.07425E+01
3902	67	9.07801E+01
3902	441	9.08478E+01
3902	348	9.08517E+01
3941	632	9.08648E+01
3941	229	9.08665E+01
3941	277	9.08831E+01
3941	454	9.09043E+01
3941	546	9.09186E+01
3902	619	9.09680E+01
3902	255	9.09893E+01
3941	566	9.09973E+01
3941	674	9.10288E+01
3902	508	9.10392E+01
3941	593	9.10731E+01
3902	114	9.11257E+01
3941	225	9.11377E+01
3902	702	9.11419E+01
3902	763	9.11878E+01
3941	142	9.11948E+01
3902	204	9.12031E+01
3941	362	9.12170E+01
3902	533	9.12342E+01
3902	372	9.12710E+01
3902	66	9.12755E+01
3941	634	9.12849E+01
3941	590	9.12868E+01
3902	306	9.13209E+01
3902	507	9.13363E+01
3941	675	9.14095E+01
3941	413	9.14491E+01
3941	458	9.14587E+01
3941	673	9.15399E+01
3941	272	9.15490E+01
3941	141	9.15504E+01
3941	367	9.15710E+01
3941	716	9.15790E+01
3941	715	9.15846E+01
3902	785	9.15989E+01
3902	506	9.16344E+01
3902	65	9.17710E+01
3902	660	9.17837E+01
3902	577	9.17914E+01
3941	230	9.17961E+01
3902	113	9.18154E+01
3902	639	9.18221E+01
3941	327	9.19140E+01
3941	757	9.19233E+01
3941	418	9.19252E+01
3902	505	9.19328E+01
3941	631	9.19330E+01
3902	598	9.19653E+01
3902	254	9.20600E+01
3941	321	9.20899E+01
3902	203	9.20907E+01
3902	399	9.20974E+01
3902	743	9.20998E+01
3941	224	9.21538E+01
3902	347	9.21635E+01
3941	140	9.21769E+01
3902	284	9.22275E+01
3902	504	9.22300E+01
3902	64	9.22659E+01
3941	278	9.22670E+01
3902	440	9.22753E+01
3941	758	9.23431E+01
3941	550	9.23508E+01
3941	756	9.23776E+01
3941	799	9.24320E+01
3941	714	9.24438E+01
3902	618	9.24532E+01
3941	717	9.24933E+01
3902	305	9.24949E+01
3902	112	9.24986E+01
3941	545	9.25164E+01
3902	503	9.25243E+01
3941	798	9.25480E+01
3941	453	9.25828E+01
3902	701	9.26221E+01
3902	532	9.26451E+01
3941	676	9.27369E+01
3902	63	9.27603E+01
3902	502	9.28148E+01
3941	594	9.28195E+01
3902	183	9.28379E+01
3941	672	9.28497E+01
3941	635	9.29032E+01
3941	589	9.29246E+01
3902	202	9.29418E+01
3941	361	9.29667E+01
3902	182	9.29805E+01
3902	784	9.30210E+01
3941	271	9.30508E+01
3902	253	9.30570E+01
3941	139	9.30586E+01
3902	501	9.31015E+01
3941	231	9.31163E+01
3902	181	9.31244E+01
3902	576	9.31480E+01
3902	659	9.31654E+01
3902	111	9.31721E+01
3941	800	9.31787E+01
3902	62	9.32540E+01
3902	180	9.32693E+01
3902	398	9.33292E+01
3941	412	9.33293E+01
3902	346	9.33346E+01
3902	805	9.33517E+01
3902	500	9.33854E+01
3902	179	9.34142E+01
3902	742	9.34459E+01
3941	797	9.34743E+01
3941	223	9.34921E+01
3902	439	9.35206E+01
3902	304	9.35581E+01
3902	178	9.35586E+01
3941	755	9.36265E+01
3902	499	9.36678E+01
3941	759	9.36746E+01
3941	459	9.37000E+01
3902	177	9.37025E+01
3941	630	9.37096E+01
3902	617	9.37280E+01
3941	368	9.37408E+01
3902	61	9.37469E+01
3902	201	9.37515E+01
3902	463	9.37849E+01
3902	110	9.38315E+01
3902	176	9.38468E+01
3902	531	9.38636E+01
3902	700	9.38858E+01
3941	320	9.39381E+01
3902	498	9.39498E+01
3902	252	9.39763E+01
3902	175	9.39926E+01
3941	328	9.39975E+01
3902	40	9.40303E+01
3941	713	9.40523E+01
3941	381	9.40663E+01
3902	174	9.41411E+01
3941	279	9.41438E+01
3902	39	9.41446E+01
3941	138	9.41723E+01
3902	783	9.42288E+01
3902	497	9.42319E+01
3902	60	9.42378E+01
3902	38	9.42612E+01
3902	423	9.42660E+01
3902	173	9.42926E+01
3902	575	9.43084E+01
3902	658	9.43405E+01
3941	419	9.43463E+01
3941	718	9.43526E+01
3902	345	9.43671E+01
3902	37	9.43795E+01
3902	397	9.44018E+01
3902	172	9.44467E+01
3902	109	9.44715E+01
3902	36	9.44989E+01
3902	303	9.45094E+01
3902	200	9.45140E+01
3902	496	9.45141E+01
3902	741	9.45849E+01
3902	438	9.45933E+01
3902	722	9.45993E+01
3902	171	9.46024E+01
3902	35	9.46186E+01
3941	544	9.46824E+01
3902	59	9.47244E+01
3902	34	9.47380E+01
3902	170	9.47588E+01
3941	452	9.47796E+01
3902	495	9.47967E+01
3941	801	9.47978E+01
3902	616	9.48087E+01
3902	251	9.48137E+01
3941	232	9.48150E+01
3941	671	9.48329E+01
3902	33	9.48568E+01
3941	270	9.48821E+01
3902	530	9.49029E+01
3902	169	9.49158E+01
3941	551	9.49422E+01
3902	699	9.49515E+01
3902	32	9.49747E+01
3941	677	9.50268E+01
3902	168	9.50740E+01
3902	494	9.50808E+01
3902	108	9.50860E+01
3902	31	9.50917E+01
3941	222	9.51032E+01
3941	796	9.51175E+01
3941	360	9.51269E+01
3941	588	9.51458E+01
3902	58	9.52036E+01
3902	30	9.52083E+01
3902	199	9.52228E+01
3902	167	9.52349E+01
3902	782	9.52425E+01
3902	344	9.52658E+01
3902	574	9.52893E+01
3902	333	9.53230E+01
3902	396	9.53243E+01
3902	29	9.53249E+01
3902	657	9.53284E+01
3902	302	9.53495E+01
3902	493	9.53678E+01
3902	166	9.53999E+01
3902	28	9.54420E+01
3941	636	9.54851E+01
3941	137	9.54873E+01
3902	437	9.55062E+01
3941	595	9.55141E+01
3902	740	9.55379E+01
3941	754	9.55542E+01
3902	27	9.55605E+01
3902	250	9.55661E+01
3902	165	9.55694E+01
3941	411	9.56387E+01
3902	492	9.56588E+01
3902	107	9.56687E+01
3902	57	9.56718E+01
3902	26	9.56811E+01
3902	615	9.57149E+01
3902	164	9.57433E+01
3902	529	9.57793E+01
3902	25	9.58049E+01
3902	698	9.58408E+01
3902	198	9.58726E+01
3941	760	9.59137E+01
3902	163	9.59211E+01
3902	24	9.59329E+01
3902	491	9.59543E+01
3902	343	9.60385E+01
3941	629	9.60544E+01
3902	23	9.60658E+01
3902	301	9.60817E+01
3902	781	9.60848E+01
3902	162	9.61026E+01
3902	395	9.61083E+01
3941	319	9.61094E+01
3902	573	9.61098E+01
3902	56	9.61248E+01
3902	656	9.61508E+01
3902	22	9.62038E+01
3902	106	9.62136E+01
3902	249	9.62327E+01
3902	490	9.62537E+01
3902	436	9.62748E+01
3941	712	9.62757E+01
3902	161	9.62884E+01
3902	739	9.63280E+01
3902	21	9.63466E+01
3902	197	9.64589E+01
3902	614	9.64675E+01
3902	160	9.64795E+01
3902	20	9.64934E+01
3941	280	9.64965E+01
3902	528	9.65112E+01
3902	489	9.65553E+01
3902	55	9.65583E+01
3902	697	9.65763E+01
3941	339	9.65828E+01
3941	369	9.66039E+01
3902	19	9.66432E+01
3941	329	9.66676E+01
3902	159	9.66767E+01
3902	342	9.66951E+01
3902	300	9.67117E+01
3902	105	9.67152E+01
3902	394	9.67678E+01
3902	780	9.67789E+01
3902	572	9.67901E+01
3902	18	9.67951E+01
3941	460	9.67953E+01
3902	248	9.68148E+01
3902	655	9.68297E+01
3902	488	9.68565E+01
3941	233	9.68794E+01
3902	158	9.68803E+01
3902	435	9.69157E+01
3941	221	9.69278E+01
3902	17	9.69482E+01
3941	269	9.69618E+01
3941	136	9.69664E+01
3902	54	9.69676E+01
3902	738	9.69777E+01
3902	196	9.69798E+01
3902	613	9.70877E+01
3902	157	9.70896E+01
3902	16	9.71024E+01
3902	527	9.71170E+01
3941	719	9.71422E+01
3902	487	9.71542E+01
3902	104	9.71695E+01
3902	696	9.71801E+01
3902	341	9.72471E+01
3902	299	9.72473E+01
3941	802	9.72578E+01
3902	15	9.72584E+01
3941	543	9.72766E+01
3902	156	9.73034E+01
3902	247	9.73164E+01
3902	393	9.73172E+01
3902	681	9.73285E+01
3941	670	9.73423E+01
3902	779	9.73469E+01
3902	53	9.73483E+01
3902	571	9.73498E+01
3941	795	9.73521E+01
3941	451	9.73617E+01
3902	654	9.73860E+01
3902	14	9.74175E+01
3902	195	9.74356E+01
3902	486	9.74451E+01
3902	434	9.74456E+01
3902	373	9.74512E+01
3902	285	9.74595E+01
3902	555	9.74885E+01
3902	737	9.75085E+01
3902	155	9.75194E+01
3941	420	9.75432E+01
3902	103	9.75742E+01
3902	13	9.75808E+01
3941	359	9.75839E+01
3902	612	9.75952E+01
3902	526	9.76147E+01
3902	695	9.76726E+01
3902	52	9.76966E+01
3902	298	9.76976E+01
3902	340	9.77068E+01
3902	764	9.77197E+01
3902	485	9.77251E+01
3902	154	9.77354E+01
3902	246	9.77431E+01
3902	12	9.77487E+01
3902	392	9.77711E+01
3941	587	9.78040E+01
3902	570	9.78073E+01
3902	778	9.78091E+01
3902	194	9.78288E+01
3902	653	9.78393E+01
3902	433	9.78806E+01
3902	11	9.79198E+01
3902	102	9.79291E+01
3902	736	9.79398E+01
3902	153	9.79486E+01
3902	484	9.79900E+01
3902	611	9.80082E+01
3902	51	9.80097E+01
3941	753	9.80190E+01
3902	525	9.80212E+01
3902	694	9.80724E+01
3902	297	9.80727E+01
3902	10	9.80920E+01
3902	245	9.81021E+01
3902	391	9.81435E+01
3902	152	9.81560E+01
3902	193	9.81635E+01
3902	569	9.81792E+01
3902	777	9.81834E+01
3902	652	9.82068E+01
3902	101	9.82356E+01
3902	483	9.82358E+01
3941	410	9.82523E+01
3941	678	9.82574E+01
3902	9	9.82624E+01
3902	50	9.82865E+01
3902	735	9.82888E+01
3902	610	9.83428E+01
3902	524	9.83514E+01
3902	151	9.83544E+01
3902	296	9.83826E+01
3902	693	9.83955E+01
3902	244	9.84012E+01
3902	8	9.84278E+01
3941	552	9.84286E+01
3902	192	9.84451E+01
3902	390	9.84472E+01
3902	482	9.84594E+01
3902	776	9.84854E+01
3902	100	9.84969E+01
3941	318	9.85034E+01
3902	651	9.85035E+01
3902	49	9.85273E+01
3902	150	9.85407E+01
3941	135	9.85683E+01
3902	734	9.85701E+01
3902	7	9.85859E+01
3902	523	9.86184E+01
3902	295	9.86367E+01
3902	243	9.86482E+01
3902	692	9.86558E+01
3902	481	9.86590E+01
3902	191	9.86798E+01
3902	389	9.86937E+01
3902	149	9.87121E+01
3902	99	9.87169E+01
3902	775	9.87282E+01
3902	48	9.87338E+01
3902	6	9.87343E+01
3902	733	9.87962E+01
3941	628	9.88148E+01
3902	522	9.88337E+01
3902	480	9.88338E+01
3902	294	9.88438E+01
3902	242	9.88508E+01
3902	148	9.88667E+01
3902	5	9.88714E+01
3902	190	9.88736E+01
3902	388	9.88928E+01
3941	220	9.89001E+01
3902	98	9.89003E+01
3902	47	9.89086E+01
3902	774	9.89231E+01
3941	711	9.89613E+01
3902	640	9.89784E+01
3902	479	9.89846E+01
3902	4	9.89960E+01
3902	147	9.90034E+01
3941	637	9.90054E+01
3902	521	9.90067E+01
3902	293	9.90119E+01
3902	241	9.90160E+01
3941	761	9.90168E+01
3902	189	9.90325E+01
3902	97	9.90519E+01
3902	387	9.90533E+01
3902	46	9.90549E+01
3902	3	9.91072E+01
3902	478	9.91128E+01
3902	146	9.91222E+01
3941	596	9.91318E+01
3902	520	9.91454E+01
3902	599	9.91466E+01
3902	292	9.91477E+01
3902	240	9.91500E+01
3902	188	9.91621E+01
3902	45	9.91761E+01
3902	96	9.91761E+01
3902	386	9.91822E+01
3902	2	9.92049E+01
3941	268	9.92054E+01
3902	477	9.92204E+01
3902	145	9.92240E+01
3902	519	9.92564E+01
3902	291	9.92570E+01
3902	239	9.92582E+01
3902	187	9.92672E+01
3902	44	9.92758E+01
3902	95	9.92775E+01
3902	385	9.92854E+01
3902	1	9.92895E+01
3941	234	9.92963E+01
3902	476	9.93098E+01
3941	281	9.93098E+01
3902	144	9.93099E+01
3902	290	9.93448E+01
3902	518	9.93451E+01
3902	238	9.93454E+01
3902	186	9.93521E+01
3902	43	9.93573E+01
3902	94	9.93597E+01
3902	0	9.93616E+01
3902	384	9.93681E+01
3902	143	9.93817E+01
3902	475	9.93835E+01
3902	289	9.94152E+01
3902	237	9.94154E+01
3902	517	9.94159E+01
3902	185	9.94204E+01
3902	42	9.94235E+01
3902	93	9.94261E+01
3902	383	9.94341E+01
3902	474	9.94437E+01
3902	236	9.94715E+01
3902	288	9.94715E+01
3902	516	9.94724E+01
3902	184	9.94753E+01
3902	41	9.94770E+01
3902	92	9.94795E+01
3902	382	9.94868E+01
3902	515	9.95174E+01
3902	806	9.96983E+01
3941	330	9.99000E+01
3941	794	1.00032E+02
3941	370	1.00130E+02
3941	542	1.00157E+02
3941	450	1.00196E+02
3941	669	1.00221E+02
3941	358	1.00226E+02
3941	134	1.00250E+02
3941	803	1.00491E+02
3941	461	1.00710E+02
3941	586	1.00751E+02
3941	720	1.00811E+02
3902	464	1.00865E+02
3941	752	1.00866E+02
3941	287	1.00936E+02
3941	219	1.00953E+02
3941	317	1.01022E+02
3941	409	1.01050E+02
3902	424	1.01101E+02
3902	334	1.01390E+02
3941	421	1.01480E+02
3941	267	1.01532E+02
3902	723	1.01683E+02
3941	627	1.01839E+02
3941	710	1.01952E+02
3941	133	1.01971E+02
3941	679	1.02374E+02
3941	282	1.02571E+02
3941	553	1.02767E+02
3941	762	1.02908E+02
3941	357	1.02951E+02
3941	793	1.03003E+02
3941	218	1.03027E+02
3902	286	1.03092E+02
3941	449	1.03162E+02
3941	541	1.03192E+02
3941	668	1.03318E+02
3941	638	1.03411E+02
3941	316	1.03580E+02
3941	597	1.03623E+02
3941	331	1.03673E+02
3941	132	1.03691E+02
3941	585	1.03848E+02
3941	266	1.03871E+02
3941	408	1.03926E+02
3941	751	1.03941E+02
3902	374	1.04174E+02
3941	371	1.04288E+02
3941	804	1.04405E+02
3902	765	1.04706E+02
3902	682	1.04845E+02
3941	626	1.04986E+02
3941	217	1.05070E+02
3941	709	1.05099E+02
3902	556	1.05100E+02
3941	721	1.05279E+02
3941	131	1.05377E+02
3941	462	1.05399E+02
3941	356	1.05679E+02
3941	315	1.06109E+02
3941	422	1.06117E+02
3941	792	1.06120E+02
3941	448	1.06153E+02
3941	265	1.06166E+02
3941	540	1.06267E+02
3941	283	1.06271E+02
3902	807	1.06387E+02
3941	667	1.06494E+02
3902	641	1.06763E+02
3941	91	1.06774E+02
3941	407	1.06792E+02
3941	584	1.06975E+02
3902	600	1.06981E+02
3941	130	1.07002E+02
3941	216	1.07044E+02
3941	750	1.07103E+02
3941	235	1.07202E+02
3941	680	1.07299E+02
3941	763	1.07488E+02
3941	90	1.07893E+02
3941	554	1.07903E+02
3902	335	1.07928E+02
3941	332	1.07972E+02
3941	625	1.08137E+02
3941	708	1.08272E+02
3941	355	1.08345E+02
3941	264	1.08374E+02
3902	425	1.08516E+02
3941	129	1.08546E+02
3941	314	1.08558E+02
3902	465	1.08566E+02
3941	639	1.08628E+02
3941	805	1.08891E+02
3941	598	1.08924E+02
3941	215	1.08925E+02
3941	89	1.08943E+02
3941	372	1.09048E+02
3941	447	1.09087E+02
3902	724	1.09239E+02
3941	791	1.09253E+02
3941	539	1.09287E+02
3941	406	1.09582E+02
3941	666	1.09635E+02
3941	88	1.09925E+02
3941	128	1.09996E+02
3941	583	1.10036E+02
3941	749	1.10232E+02
3941	284	1.10399E+02
3941	722	1.10447E+02
3941	263	1.10472E+02
3941	214	1.10697E+02
3941	463	1.10812E+02
3941	87	1.10843E+02
3941	313	1.10899E+02
3941	354	1.10907E+02
3941	624	1.11196E+02
3941	127	1.11349E+02
3941	707	1.11363E+02
3902	375	1.11415E+02
3941	423	1.11415E+02
3941	86	1.11700E+02
3941	446	1.11902E+02
3902	766	1.12046E+02
3941	538	1.12183E+02
3941	405	1.12248E+02
3941	790	1.12296E+02
3941	213	1.12357E+02
3941	262	1.12449E+02
3941	85	1.12502E+02
3941	126	1.12609E+02
3941	764	1.12647E+02
3941	665	1.12650E+02
3941	333	1.12782E+02
3902	683	1.12864E+02
3941	681	1.12936E+02
3941	582	1.12956E+02
3941	312	1.13114E+02
3941	748	1.13233E+02
3941	84	1.13254E+02
3902	557	1.13322E+02
3902	808	1.13331E+02
3941	353	1.13335E+02
3941	555	1.13776E+02
3941	125	1.13781E+02
3941	806	1.13840E+02
3941	212	1.13907E+02
3941	83	1.13962E+02
3941	623	1.14091E+02
3941	706	1.14292E+02
3941	261	1.14303E+02
3941	373	1.14387E+02
3941	445	1.14554E+02
3941	640	1.14572E+02
3941	82	1.14631E+02
3941	404	1.14757E+02
3941	124	1.14875E+02
3941	537	1.14904E+02
3902	336	1.14916E+02
3941	285	1.14946E+02
3941	599	1.14963E+02
3902	642	1.15089E+02
3941	789	1.15166E+02
3941	311	1.15197E+02
3941	81	1.15267E+02
3941	211	1.15354E+02
3902	601	1.15395E+02
3941	664	1.15473E+02
3941	352	1.15614E+02
3941	581	1.15685E+02
3941	80	1.15877E+02
3941	123	1.15901E+02
3941	747	1.16036E+02
3941	260	1.16043E+02
3941	723	1.16207E+02
3941	79	1.16467E+02
3902	426	1.16477E+02
3941	210	1.16709E+02
3941	622	1.16772E+02
3902	466	1.16844E+02
3941	122	1.16868E+02
3941	464	1.16903E+02
3941	705	1.17001E+02
3941	444	1.17015E+02
3941	78	1.17042E+02
3941	403	1.17091E+02
3941	310	1.17147E+02
3902	725	1.17171E+02
3941	424	1.17339E+02
3941	536	1.17418E+02
3941	77	1.17607E+02
3941	259	1.17677E+02
3941	351	1.17735E+02
3941	121	1.17786E+02
3941	788	1.17807E+02
3941	209	1.17986E+02
3941	663	1.18059E+02
3941	334	1.18091E+02
3941	76	1.18167E+02
3941	580	1.18186E+02
3941	765	1.18278E+02
3941	746	1.18594E+02
3941	120	1.18665E+02
3941	75	1.18723E+02
3941	309	1.18965E+02
3902	376	1.19147E+02
3941	807	1.19153E+02
3941	682	1.19188E+02
3941	208	1.19197E+02
3941	621	1.19208E+02
3941	258	1.19214E+02
3941	402	1.19238E+02
3941	443	1.19268E+02
3941	74	1.19278E+02
3941	704	1.19454E+02
3941	119	1.19514E+02
3902	767	1.19654E+02
3941	350	1.19695E+02
3941	535	1.19703E+02
3941	73	1.19832E+02
3941	286	1.19902E+02
3941	787	1.20185E+02
3941	374	1.20280E+02
3941	556	1.20328E+02
3941	118	1.20339E+02
3941	207	1.20354E+02
3941	662	1.20384E+02
3941	72	1.20384E+02
3941	579	1.20442E+02
3902	809	1.20462E+02
3941	308	1.20656E+02
3941	257	1.20661E+02
3941	745	1.20882E+02
3941	71	1.20936E+02
3941	117	1.21147E+02
3941	641	1.21158E+02
3941	401	1.21192E+02
3902	684	1.21295E+02
3941	442	1.21304E+02
3941	620	1.21383E+02
3941	514	1.21442E+02
3941	206	1.21464E+02
3941	70	1.21488E+02
3941	349	1.21491E+02
3941	703	1.21634E+02
3941	600	1.21667E+02
3941	534	1.21751E+02
3941	513	1.21791E+02
3941	116	1.21941E+02
3941	256	1.22024E+02
3941	69	1.22039E+02
3902	558	1.22097E+02
3941	512	1.22136E+02
3941	307	1.22220E+02
3941	786	1.22287E+02
3902	337	1.22332E+02
3941	661	1.22439E+02
3941	578	1.22444E+02
3941	724	1.22457E+02
3941	511	1.22477E+02
3941	205	1.22533E+02
3941	68	1.22591E+02
3941	115	1.22726E+02
3941	510	1.22812E+02
3941	744	1.22893E+02
3941	400	1.22951E+02
3941	441	1.23119E+02
3941	348	1.23123E+02
3941	67	1.23144E+02
3941	509	1.23145E+02
3941	619	1.23294E+02
3941	255	1.23303E+02
3941	508	1.23476E+02
3941	114	1.23502E+02
3941	702	1.23539E+02
3941	533	1.23560E+02
3941	204	1.23564E+02
3941	465	1.23627E+02
3941	306	1.23659E+02
3941	66	1.23697E+02
3941	507	1.23807E+02
3941	425	1.23854E+02
3902	643	1.23873E+02
3941	335	1.23881E+02
3941	785	1.24114E+02
3941	506	1.24139E+02
3941	577	1.24196E+02
3941	660	1.24226E+02
3941	65	1.24250E+02
3941	113	1.24271E+02
3941	766	1.24282E+02
3902	602	1.24320E+02
3941	505	1.24471E+02
3941	254	1.24500E+02
3941	399	1.24515E+02
3941	203	1.24554E+02
3941	347	1.24592E+02
3941	743	1.24632E+02
3941	440	1.24716E+02
3941	808	1.24747E+02
3941	64	1.24800E+02
3941	504	1.24801E+02
3941	618	1.24949E+02
3902	427	1.24956E+02
3941	305	1.24971E+02
3941	112	1.25031E+02
3941	503	1.25127E+02
3941	532	1.25136E+02
3941	701	1.25181E+02
3941	63	1.25350E+02
3902	726	1.25397E+02
3941	502	1.25449E+02
3941	202	1.25501E+02
3941	183	1.25520E+02
3941	253	1.25611E+02
3902	467	1.25660E+02
3941	182	1.25677E+02
3941	784	1.25678E+02
3941	576	1.25707E+02
3941	659	1.25759E+02
3941	501	1.25767E+02
3941	111	1.25779E+02
3941	181	1.25835E+02
3941	398	1.25890E+02
3941	62	1.25897E+02
3941	346	1.25899E+02
3941	683	1.25959E+02
3941	180	1.25994E+02
3941	500	1.26080E+02
3941	439	1.26105E+02
3941	742	1.26115E+02
3941	179	1.26154E+02
3941	304	1.26155E+02
3941	178	1.26313E+02
3941	617	1.26365E+02
3941	499	1.26392E+02
3941	201	1.26399E+02
3941	61	1.26442E+02
3941	177	1.26471E+02
3941	531	1.26493E+02
3941	110	1.26509E+02
3941	700	1.26576E+02
3941	176	1.26630E+02
3941	252	1.26632E+02
3941	498	1.26703E+02
3941	375	1.26704E+02
3941	175	1.26790E+02
3941	40	1.26858E+02
3941	174	1.26953E+02
3941	39	1.26982E+02
3941	60	1.26984E+02
3941	575	1.26996E+02
3941	783	1.27000E+02
3941	497	1.27014E+02
3941	345	1.27048E+02
3941	658	1.27058E+02
3941	397	1.27084E+02
3941	38	1.27109E+02
3941	173	1.27119E+02
3941	303	1.27212E+02
3941	109	1.27216E+02
3941	37	1.27238E+02
3941	200	1.27243E+02
3941	172	1.27288E+02
3941	438	1.27298E+02
3941	496	1.27324E+02
3902	377	1.27347E+02
3941	741	1.27366E+02
3941	36	1.27368E+02
3941	171	1.27458E+02
3902	768	1.27463E+02
3941	35	1.27498E+02
3941	557	1.27504E+02
3941	59	1.27520E+02
3941	251	1.27560E+02
3941	616	1.27561E+02
3941	34	1.27627E+02
3941	170	1.27628E+02
3941	495	1.27635E+02
3941	530	1.27646E+02
3902	810	1.27724E+02
3941	699	1.27748E+02
3941	33	1.27756E+02
3941	169	1.27800E+02
3941	32	1.27884E+02
3941	108	1.27893E+02
3941	494	1.27946E+02
3941	168	1.27972E+02
3941	31	1.28010E+02
3941	199	1.28026E+02
3941	344	1.28045E+02
3941	58	1.28047E+02
3941	574	1.28082E+02
3941	782	1.28106E+02
3941	396	1.28108E+02
3941	30	1.28136E+02
3941	302	1.28143E+02
3941	167	1.28147E+02
3941	657	1.28147E+02
3941	493	1.28260E+02
3941	29	1.28262E+02
3941	642	1.28299E+02
3941	437	1.28311E+02
3941	166	1.28326E+02
3941	28	1.28388E+02
3941	250	1.28392E+02
3941	740	1.28409E+02
3941	165	1.28511E+02
3941	27	1.28516E+02
3941	107	1.28534E+02
3941	57	1.28560E+02
3941	615	1.28561E+02
3941	492	1.28578E+02
3941	529	1.28617E+02
3941	26	1.28646E+02
3941	164	1.28699E+02
3941	698	1.28724E+02
3941	198	1.28742E+02
3941	25	1.28779E+02
3941	163	1.28892E+02
3941	491	1.28900E+02
3941	343	1.28901E+02
3941	24	1.28917E+02
3941	301	1.28953E+02
3941	601	1.28966E+02
3941	395	1.28976E+02
3941	573	1.28988E+02
3941	781	1.29023E+02
3941	656	1.29051E+02
3941	56	1.29055E+02
3941	23	1.29060E+02
3941	162	1.29088E+02
3941	725	1.29104E+02
3941	249	1.29128E+02
3941	106	1.29132E+02
3941	436	1.29161E+02
3941	22	1.29208E+02
3941	490	1.29225E+02
3941	739	1.29271E+02
3941	161	1.29288E+02
3941	21	1.29361E+02
3941	197	1.29387E+02
3941	614	1.29390E+02
3941	528	1.29425E+02
3941	160	1.29494E+02
3941	20	1.29519E+02
3941	55	1.29529E+02
3941	697	1.29529E+02
3941	489	1.29553E+02
3941	342	1.29626E+02
3941	300	1.29649E+02
3941	19	1.29679E+02
3941	105	1.29682E+02
3941	394	1.29705E+02
3941	159	1.29707E+02
3941	572	1.29738E+02
3941	248	1.29769E+02
3941	780	1.29777E+02
3941	655	1.29796E+02
3941	18	1.29842E+02
3941	435	1.29869E+02
3941	488	1.29879E+02
3941	158	1.29925E+02
3941	196	1.29960E+02
3941	54	1.29975E+02
3941	738	1.29979E+02
3941	17	1.30006E+02
3902	685	1.30058E+02
3941	613	1.30072E+02
3941	527	1.30094E+02
3941	336	1.30133E+02
3941	157	1.30150E+02
3902	338	1.30155E+02
3941	16	1.30170E+02
3941	104	1.30179E+02
3941	696	1.30189E+02
3941	487	1.30201E+02
3941	341	1.30236E+02
3941	299	1.30239E+02
3941	393	1.30312E+02
3941	247	1.30321E+02
3941	15	1.30337E+02
3941	571	1.30354E+02
3941	156	1.30379E+02
3941	53	1.30389E+02
3941	779	1.30392E+02
3941	654	1.30406E+02
3941	434	1.30454E+02
3941	195	1.30459E+02
3941	14	1.30507E+02
3941	486	1.30515E+02
3941	809	1.30556E+02
3941	737	1.30557E+02
3941	767	1.30581E+02
3941	155	1.30610E+02
3941	103	1.30621E+02
3941	612	1.30629E+02
3941	526	1.30642E+02
3941	13	1.30681E+02
3941	695	1.30727E+02
3941	298	1.30735E+02
3941	340	1.30742E+02
3941	52	1.30767E+02
3941	246	1.30790E+02
3941	392	1.30812E+02
3941	485	1.30816E+02
3941	154	1.30841E+02
3941	570	1.30857E+02
3941	12	1.30860E+02
3941	194	1.30890E+02
3941	778	1.30892E+02
3941	653	1.30902E+02
3941	426	1.30931E+02
3941	433	1.30933E+02
3941	466	1.30943E+02
3941	102	1.31008E+02
3941	736	1.31026E+02
3941	11	1.31042E+02
3941	153	1.31069E+02
3941	611	1.31082E+02
3941	525	1.31090E+02
3941	484	1.31101E+02
3941	51	1.31107E+02
3941	297	1.31148E+02
3941	694	1.31163E+02
3941	245	1.31184E+02
3941	391	1.31222E+02
3941	10	1.31225E+02
3941	193	1.31256E+02
3941	569	1.31266E+02
3941	152	1.31290E+02
3941	777	1.31297E+02
3941	652	1.31304E+02
3941	101	1.31342E+02
3941	483	1.31365E+02
3902	559	1.31372E+02
3941	735	1.31404E+02
3941	9	1.31407E+02
3941	50	1.31407E+02
3941	610	1.31448E+02
3941	524	1.31453E+02
3941	296	1.31488E+02
3941	151	1.31502E+02
3941	244	1.31512E+02
3941	693	1.31515E+02
3941	390	1.31556E+02
3941	192	1.31564E+02
3941	8	1.31582E+02
3941	482	1.31605E+02
3941	776	1.31623E+02
3941	100	1.31626E+02
3941	651	1.31628E+02
3941	49	1.31667E+02
3941	150	1.31700E+02
3941	734	1.31709E+02
3941	523	1.31746E+02
3941	7	1.31750E+02
3941	295	1.31767E+02
3941	243	1.31782E+02
3941	692	1.31798E+02
3941	481	1.31819E+02
3941	191	1.31820E+02
3941	389	1.31828E+02
3941	99	1.31866E+02
3941	149	1.31882E+02
3941	775	1.31885E+02
3941	48	1.31890E+02
3941	6	1.31908E+02
3941	733	1.31954E+02
3941	522	1.31982E+02
3941	294	1.31994E+02
3941	242	1.32004E+02
3941	480	1.32006E+02
3941	190	1.32032E+02
3941	388	1.32047E+02
3941	148	1.32047E+02
3941	5	1.32054E+02
3941	98	1.32065E+02
3941	47	1.32079E+02
3941	774	1.32096E+02
3941	479	1.32168E+02
3941	521	1.32172E+02
3941	293	1.32179E+02
3941	241	1.32185E+02
3941	4	1.32186E+02
3941	147	1.32192E+02
3941	189	1.32205E+02
3941	387	1.32223E+02
3941	97	1.32230E+02
3941	46	1.32237E+02
3941	3	1.32304E+02
3941	478	1.32305E+02
3941	146	1.32319E+02
3941	520	1.32325E+02
3941	292	1.32328E+02
3941	240	1.32332E+02
3941	188	1.32347E+02
3941	386	1.32364E+02
3941	96	1.32365E+02
3941	45	1.32368E+02
3941	2	1.32408E+02
3941	477	1.32420E+02
3941	145	1.32427E+02
3941	519	1.32446E+02
3941	291	1.32448E+02
3941	239	1.32450E+02
3941	187	1.32461E+02
3941	95	1.32474E+02
3941	44	1.32475E+02
3941	385	1.32478E+02
3941	1	1.32497E+02
3941	476	1.32516E+02
3941	144	1.32518E+02
3941	518	1.32544E+02
3941	290	1.32544E+02
3941	238	1.32545E+02
3941	186	1.32554E+02
3941	43	1.32563E+02
3941	94	1.32564E+02
3941	384	1.32568E+02
3941	0	1.32574E+02
3941	475	1.32594E+02
3941	143	1.32594E+02
3941	289	1.32621E+02
3941	517	1.32621E+02
3941	237	1.32622E+02
3941	185	1.32628E+02
3941	42	1.32635E+02
3941	93	1.32636E+02
3941	383	1.32641E+02
3941	474	1.32659E+02
3941	288	1.32683E+02
3941	236	1.32683E+02
3941	516	1.32683E+02
3941	184	1.32688E+02
3941	41	1.32692E+02
3941	92	1.32694E+02
3941	382	1.32699E+02
3941	515	1.32733E+02
3902	644	1.33040E+02
3941	684	1.33161E+02
3941	376	1.33633E+02
3902	603	1.33686E+02
3902	727	1.33849E+02
3902	428	1.33924E+02
3902	468	1.34973E+02
3902	811	1.35072E+02
3941	558	1.35250E+02
3902	769	1.35416E+02
3941	643	1.35917E+02
3902	378	1.35993E+02
3941	726	1.36068E+02
3941	810	1.36527E+02
3941	602	1.36790E+02
3941	337	1.36825E+02
3941	768	1.37107E+02
3941	427	1.38539E+02
3941	467	1.38811E+02
3902	686	1.39084E+02
3941	685	1.40716E+02
3941	377	1.41041E+02
3902	560	1.41092E+02
3902	728	1.42468E+02
3902	812	1.42473E+02
3902	645	1.42521E+02
3941	811	1.42615E+02
3941	727	1.43283E+02
3902	429	1.43355E+02
3902	604	1.43429E+02
3902	770	1.43466E+02
3941	559	1.43510E+02
3941	769	1.43805E+02
3941	644	1.43937E+02
3941	338	1.43937E+02
3902	469	1.44744E+02
3902	379	1.45069E+02
3941	603	1.45074E+02
3941	428	1.46650E+02
3941	468	1.47192E+02
3902	687	1.48313E+02
3941	686	1.48557E+02
3941	812	1.48785E+02
3941	378	1.48911E+02
3902	813	1.49898E+02
3941	770	1.50629E+02
3941	728	1.50690E+02
3902	561	1.51204E+02
3902	729	1.51206E+02
3902	771	1.51576E+02
3941	560	1.52232E+02
3902	646	1.52254E+02
3941	645	1.52290E+02
3902	430	1.53224E+02
3902	605	1.53489E+02
3941	604	1.53754E+02
3902	380	1.54557E+02
3902	470	1.54932E+02
3941	813	1.55011E+02
3941	429	1.55238E+02
3941	469	1.56045E+02
3941	687	1.56624E+02
3941	379	1.57223E+02
3902	814	1.57327E+02
3941	771	1.57541E+02
3902	688	1.57694E+02
3941	729	1.58242E+02
3902	772	1.59715E+02
3902	730	1.60020E+02
3941	646	1.60917E+02
3941	814	1.61271E+02
3941	561	1.61361E+02
3902	562	1.61654E+02
3902	647	1.62186E+02
3941	605	1.62769E+02
3902	431	1.63500E+02
3902	606	1.63812E+02
3941	430	1.64277E+02
3941	772	1.64513E+02
3941	688	1.64866E+02
3941	470	1.65330E+02
3902	471	1.65495E+02
3941	730	1.65897E+02
3941	380	1.65961E+02
3902	689	1.67182E+02
3902	773	1.67863E+02
3902	731	1.68878E+02
3941	647	1.69764E+02
3941	562	1.70846E+02
3941	773	1.71522E+02
3941	606	1.72064E+02
3902	648	1.72272E+02
3902	563	1.72393E+02
3941	689	1.73239E+02
3941	731	1.73623E+02
3941	431	1.73739E+02
3902	432	1.74146E+02
3902	607	1.74348E+02
3941	471	1.75005E+02
3902	472	1.76386E+02
3902	690	1.76740E+02
3902	732	1.77754E+02
3941	648	1.78786E+02
3941	563	1.80638E+02
3941	732	1.81396E+02
3941	607	1.81592E+02
3941	690	1.81709E+02
3902	649	1.82472E+02
3902	564	1.83375E+02
3941	432	1.83586E+02
3941	472	1.85025E+02
3902	608	1.85055E+02
3902	691	1.86341E+02
3902	473	1.87560E+02
3941	649	1.87944E+02
3941	691	1.90245E+02
3941	564	1.90689E+02
3941	608	1.91312E+02
3902	650	1.92753E+02
3902	565	1.94559E+02
3941	473	1.95345E+02
3902	609	1.95900E+02
3941	650	1.97205E+02
3941	565	2.00962E+02
3941	609	2.01188E+02
5695	372	2.13511E+02
5695	373	2.13755E+02
5695	423	2.13786E+02
5695	333	2.13838E+02
5695	422	2.13848E+02
5695	332	2.13898E+02
5695	371	2.13974E+02
5695	463	2.14352E+02
5695	334	2.14372E+02
5695	462	2.14441E+02
5695	424	2.14508E+02
5695	331	2.14564E+02
5695	374	2.14682E+02
5695	421	2.14724E+02
5695	284	2.14832E+02
5695	285	2.14891E+02
5695	554	2.15098E+02
5695	464	2.15122E+02
5695	370	2.15165E+02
5695	283	2.15261E+02
5695	461	2.15428E+02
5695	286	2.15433E+02
5695	335	2.15487E+02
5695	555	2.15508E+02
5695	553	2.15624E+02
5695	330	2.15847E+02
5695	425	2.15979E+02
5695	598	2.16084E+02
5695	282	2.16181E+02
5695	375	2.16268E+02
5695	597	2.16411E+02
5695	420	2.16442E+02
5695	465	2.16708E+02
5695	599	2.16714E+02
5695	556	2.16803E+02
5695	369	2.17102E+02
5695	552	2.17129E+02
5695	639	2.17138E+02
5695	336	2.17169E+02
5695	460	2.17345E+02
5695	638	2.17507E+02
5695	281	2.17599E+02
5695	640	2.17734E+02
5695	596	2.17751E+02
5695	329	2.17759E+02
5695	426	2.18167E+02
5695	680	2.18220E+02
5695	600	2.18234E+02
5695	376	2.18489E+02
5695	681	2.18567E+02
5695	679	2.18833E+02
5695	637	2.18904E+02
5695	557	2.18925E+02
5695	419	2.19019E+02
5695	466	2.19066E+02
5695	641	2.19212E+02
5695	722	2.19347E+02
5695	337	2.19400E+02
5695	721	2.19413E+02
5695	280	2.19519E+02
5695	551	2.19639E+02
5695	682	2.19784E+02
5695	368	2.19799E+02
5695	595	2.20136E+02
5695	723	2.20137E+02
5695	459	2.20205E+02
5695	763	2.20258E+02
5695	328	2.20310E+02
5695	234	2.20314E+02
5695	720	2.20435E+02
5695	678	2.20481E+02
5695	764	2.20505E+02
5695	601	2.20572E+02
5695	762	2.20860E+02
5695	427	2.21037E+02
5695	805	2.21112E+02
5695	377	2.21319E+02
5695	636	2.21371E+02
5695	806	2.21472E+02
5695	642	2.21485E+02
5695	804	2.21487E+02
5695	765	2.21491E+02
5695	724	2.21679E+02
5695	683	2.21771E+02
5695	558	2.21816E+02
5695	279	2.21947E+02
5695	233	2.22090E+02
5695	467	2.22151E+02
5695	338	2.22162E+02
5695	761	2.22407E+02
5695	418	2.22455E+02
5695	807	2.22461E+02
5695	719	2.22484E+02
5695	803	2.22705E+02
5695	766	2.23109E+02
5695	550	2.23153E+02
5695	677	2.23204E+02
5695	367	2.23254E+02
5695	327	2.23505E+02
5695	594	2.23572E+02
5695	602	2.23652E+02
5695	725	2.23866E+02
5695	808	2.23978E+02
5695	458	2.24000E+02
5695	232	2.24247E+02
5695	684	2.24429E+02
5695	643	2.24463E+02
5695	428	2.24556E+02
5695	378	2.24735E+02
5695	802	2.24854E+02
5695	278	2.24889E+02
5695	635	2.24912E+02
5695	760	2.24966E+02
5695	767	2.25261E+02
5695	559	2.25414E+02
5695	718	2.25598E+02
5695	468	2.25917E+02
5695	809	2.25937E+02
3963	373	2.25968E+02
3963	423	2.26251E+02
3963	372	2.26305E+02
3963	374	2.26317E+02
3963	424	2.26329E+02
3963	333	2.26341E+02
3963	334	2.26355E+02
5695	726	2.26603E+02
5695	417	2.26726E+02
5695	231	2.26789E+02
3963	463	2.26866E+02
3963	332	2.26923E+02
3963	464	2.26925E+02
3963	335	2.26953E+02
3963	422	2.26957E+02
5695	676	2.27004E+02
3963	425	2.27159E+02
3963	375	2.27328E+02
5695	326	2.27337E+02
3963	371	2.27350E+02
3963	285	2.27371E+02
5695	603	2.27397E+02
3963	286	2.27450E+02
5695	366	2.27450E+02
5695	549	2.27636E+02
3963	555	2.27650E+02
3963	462	2.27664E+02
5695	685	2.27666E+02
3963	284	2.27777E+02
3963	465	2.27798E+02
5695	768	2.27861E+02
5695	801	2.27990E+02
3963	554	2.28018E+02
5695	593	2.28024E+02
5695	644	2.28059E+02
3963	331	2.28112E+02
3963	336	2.28121E+02
3963	556	2.28160E+02
5695	810	2.28265E+02
5695	277	2.28345E+02
3963	421	2.28476E+02
5695	759	2.28566E+02
3963	283	2.28671E+02
5695	457	2.28688E+02
3963	599	2.28692E+02
5695	429	2.28695E+02
3963	426	2.28706E+02
5695	379	2.28718E+02
3963	598	2.28912E+02
3963	376	2.28976E+02
3963	370	2.29124E+02
3963	553	2.29313E+02
3963	600	2.29353E+02
3963	461	2.29354E+02
3963	466	2.29443E+02
5695	634	2.29490E+02
3963	557	2.29493E+02
5695	560	2.29657E+02
5695	230	2.29722E+02
3963	640	2.29758E+02
5695	717	2.29773E+02
5695	727	2.29805E+02
3963	337	2.29842E+02
3963	330	2.29920E+02
3963	282	2.30058E+02
3963	597	2.30075E+02
3963	639	2.30079E+02
3963	641	2.30307E+02
5695	469	2.30316E+02
3963	601	2.30825E+02
3963	420	2.30834E+02
5695	769	2.30834E+02
3963	681	2.30851E+02
5695	811	2.30901E+02
3963	427	2.30937E+02
3963	682	2.31077E+02
3963	377	2.31237E+02
3963	638	2.31345E+02
5695	686	2.31395E+02
3963	680	2.31479E+02
3963	552	2.31576E+02
3963	558	2.31592E+02
3963	642	2.31641E+02
3963	369	2.31644E+02
5695	604	2.31731E+02
5695	416	2.31781E+02
5695	325	2.31782E+02
3963	467	2.31814E+02
5695	675	2.31837E+02
3963	723	2.31857E+02
3963	281	2.31942E+02
3963	460	2.31966E+02
3963	683	2.32063E+02
3963	338	2.32097E+02
3963	722	2.32107E+02
5695	800	2.32129E+02
5695	645	2.32191E+02
3963	596	2.32233E+02
5695	276	2.32308E+02
5695	365	2.32342E+02
3963	724	2.32345E+02
3963	329	2.32357E+02
3963	765	2.32771E+02
3963	764	2.32875E+02
5695	568	2.32993E+02
5695	548	2.33018E+02
3963	602	2.33035E+02
3963	679	2.33044E+02
5695	229	2.33044E+02
5695	758	2.33190E+02
3963	721	2.33194E+02
5695	380	2.33247E+02
3963	766	2.33291E+02
5695	728	2.33395E+02
5695	592	2.33419E+02
5695	430	2.33423E+02
3963	807	2.33462E+02
3963	725	2.33474E+02
3963	806	2.33596E+02
3963	637	2.33617E+02
3963	643	2.33677E+02
3963	763	2.33704E+02
3963	684	2.33715E+02
5695	812	2.33794E+02
3963	428	2.33819E+02
3963	808	2.33853E+02
3963	419	2.34046E+02
3963	378	2.34087E+02
5695	770	2.34120E+02
5695	456	2.34196E+02
3963	280	2.34328E+02
3963	767	2.34343E+02
3963	805	2.34349E+02
3963	559	2.34397E+02
5695	561	2.34480E+02
3963	809	2.34690E+02
3963	551	2.34826E+02
3963	468	2.34865E+02
3963	368	2.34920E+02
5695	716	2.34953E+02
3963	234	2.34972E+02
5695	633	2.35027E+02
3963	726	2.35151E+02
3963	720	2.35206E+02
5695	470	2.35302E+02
3963	762	2.35357E+02
3963	595	2.35413E+02
3963	328	2.35432E+02
3963	459	2.35509E+02
5695	687	2.35541E+02
3963	678	2.35611E+02
3963	804	2.35819E+02
3963	768	2.35846E+02
3963	810	2.35903E+02
3963	603	2.35908E+02
3963	685	2.35943E+02
3963	644	2.36328E+02
5695	605	2.36581E+02
5695	228	2.36748E+02
5695	275	2.36756E+02
5695	646	2.36782E+02
5695	324	2.36797E+02
5695	813	2.36906E+02
3963	636	2.36926E+02
3963	233	2.37150E+02
3963	279	2.37220E+02
5695	799	2.37237E+02
3963	727	2.37294E+02
5695	729	2.37311E+02
3963	429	2.37322E+02
3963	811	2.37433E+02
3963	379	2.37507E+02
5695	415	2.37538E+02
5695	674	2.37614E+02
5695	771	2.37665E+02
3963	769	2.37730E+02
3963	560	2.37846E+02
5695	364	2.37864E+02
3963	761	2.37917E+02
3963	803	2.38099E+02
3963	418	2.38106E+02
3963	719	2.38205E+02
3963	469	2.38551E+02
3963	686	2.38666E+02
5695	431	2.38709E+02
5695	757	2.38769E+02
3963	367	2.38949E+02
3963	550	2.39058E+02
3963	327	2.39148E+02
5695	567	2.39167E+02
5695	547	2.39187E+02
3963	677	2.39212E+02
3963	812	2.39234E+02
3963	604	2.39370E+02
3963	645	2.39516E+02
3963	594	2.39612E+02
5695	591	2.39642E+02
3963	232	2.39708E+02
5695	562	2.39822E+02
3963	728	2.39832E+02
3963	770	2.39934E+02
3963	458	2.39969E+02
5695	688	2.40039E+02
5695	814	2.40205E+02
5695	455	2.40413E+02
3963	278	2.40624E+02
5695	227	2.40818E+02
5695	471	2.40829E+02
5695	715	2.41035E+02
3963	802	2.41263E+02
3963	813	2.41266E+02
3963	635	2.41269E+02
5695	632	2.41396E+02
3963	430	2.41416E+02
5695	772	2.41431E+02
3963	760	2.41439E+02
3963	380	2.41476E+02
5695	730	2.41499E+02
5695	274	2.41650E+02
5695	647	2.41765E+02
3963	687	2.41809E+02
3963	561	2.41875E+02
5695	606	2.41880E+02
3963	718	2.42219E+02
5695	323	2.42313E+02
3963	771	2.42411E+02
3963	231	2.42649E+02
3963	729	2.42704E+02
3963	470	2.42825E+02
3963	417	2.42987E+02
3963	646	2.43164E+02
5695	798	2.43226E+02
3963	605	2.43348E+02
3963	326	2.43495E+02
3963	814	2.43500E+02
3963	366	2.43707E+02
3963	676	2.43840E+02
5695	414	2.43882E+02
5695	363	2.43920E+02
5695	673	2.44199E+02
3963	549	2.44230E+02
5695	432	2.44518E+02
3963	277	2.44538E+02
3963	593	2.44792E+02
5695	689	2.44833E+02
3963	772	2.45120E+02
5695	756	2.45183E+02
5695	226	2.45224E+02
3963	457	2.45300E+02
3963	688	2.45310E+02
3963	801	2.45354E+02
5695	773	2.45385E+02
