GRAM	c2h2	chi_tot
3387	423	3.91542E+01
3387	373	3.92812E+01
3387	372	3.92957E+01
3387	424	3.93022E+01
3387	463	3.93857E+01
3387	422	3.94620E+01
3387	464	3.94901E+01
3387	374	3.96425E+01
3387	333	3.96851E+01
3387	371	3.96996E+01
8007	424	3.97061E+01
3387	332	3.97194E+01
8007	425	3.97742E+01
3387	462	3.98082E+01
8007	374	3.98174E+01
3387	555	3.98571E+01
8007	464	3.98891E+01
3387	425	3.98938E+01
7917	424	3.99051E+01
3387	334	3.99601E+01
8007	373	3.99795E+01
3281	423	3.99826E+01
8007	465	3.99958E+01
3387	554	4.00304E+01
7917	374	4.00322E+01
8007	375	4.00324E+01
7917	425	4.00483E+01
3387	331	4.00753E+01
8007	423	4.00968E+01
3387	465	4.01068E+01
3281	372	4.01100E+01
7917	464	4.01102E+01
7917	373	4.01153E+01
3281	373	4.01204E+01
3281	424	4.01582E+01
3281	463	4.02142E+01
7917	423	4.02177E+01
3387	421	4.02440E+01
3387	556	4.02593E+01
3281	422	4.02626E+01
7917	465	4.02843E+01
8007	426	4.02921E+01
8007	463	4.03169E+01
8007	334	4.03241E+01
7917	375	4.03243E+01
3281	464	4.03489E+01
8007	556	4.03618E+01
3387	375	4.03715E+01
8007	335	4.04048E+01
3387	284	4.04292E+01
8007	555	4.04483E+01
7917	463	4.04657E+01
3281	371	4.04887E+01
3387	283	4.04929E+01
7917	334	4.04948E+01
3281	374	4.05066E+01
3387	370	4.05134E+01
3281	333	4.05148E+01
3281	332	4.05269E+01
8007	372	4.05290E+01
3387	335	4.05365E+01
8007	333	4.05519E+01
7917	372	4.05835E+01
3387	599	4.05935E+01
3281	462	4.06063E+01
3387	285	4.06138E+01
8007	376	4.06181E+01
8007	466	4.06246E+01
7917	426	4.06384E+01
7917	556	4.06410E+01
7917	333	4.06446E+01
3387	598	4.06505E+01
7917	335	4.06520E+01
7917	555	4.06696E+01
3281	555	4.07050E+01
3387	330	4.07710E+01
3387	461	4.07760E+01
3281	425	4.07775E+01
8007	336	4.07868E+01
3175	423	4.07950E+01
3387	553	4.07986E+01
3281	334	4.08119E+01
3387	282	4.08177E+01
3281	554	4.08457E+01
3281	331	4.08602E+01
8007	557	4.08625E+01
3175	372	4.09204E+01
3387	426	4.09220E+01
3175	373	4.09364E+01
8007	422	4.09611E+01
3175	424	4.09728E+01
7917	466	4.09760E+01
7917	376	4.09857E+01
3281	465	4.09960E+01
7917	422	4.10002E+01
3281	421	4.10166E+01
8007	599	4.10200E+01
3175	463	4.10278E+01
3387	286	4.10369E+01
3175	422	4.10718E+01
8007	332	4.10979E+01
7917	336	4.11094E+01
7917	332	4.11108E+01
3281	556	4.11398E+01
8007	554	4.11417E+01
8007	600	4.11423E+01
3387	600	4.11443E+01
3175	464	4.11605E+01
7917	557	4.11925E+01
3387	557	4.12186E+01
8007	286	4.12188E+01
3387	466	4.12253E+01
3281	284	4.12467E+01
8007	427	4.12545E+01
8007	285	4.12562E+01
3281	375	4.12604E+01
3281	370	4.12770E+01
7917	599	4.12867E+01
3281	283	4.12906E+01
3175	371	4.12929E+01
8007	462	4.12954E+01
7917	554	4.12979E+01
3175	374	4.13275E+01
3175	333	4.13321E+01
3175	332	4.13366E+01
3387	597	4.13411E+01
7917	462	4.13668E+01
7917	285	4.13692E+01
7917	286	4.14034E+01
3387	336	4.14085E+01
3281	335	4.14103E+01
3175	462	4.14203E+01
3387	281	4.14208E+01
3387	640	4.14389E+01
7917	600	4.14483E+01
3281	285	4.14506E+01
3281	599	4.14523E+01
7917	371	4.14528E+01
3387	376	4.14638E+01
8007	337	4.14650E+01
3281	598	4.14747E+01
8007	371	4.14823E+01
3175	555	4.15185E+01
3387	420	4.15230E+01
3387	639	4.15232E+01
3281	330	4.15330E+01
8007	284	4.15391E+01
3281	461	4.15437E+01
8007	598	4.15466E+01
8007	377	4.15718E+01
7917	284	4.15789E+01
3281	553	4.15812E+01
3175	425	4.15931E+01
3281	282	4.15954E+01
3175	334	4.16364E+01
3175	331	4.16618E+01
11274	375	4.16632E+01
11274	376	4.16637E+01
3175	554	4.16653E+01
7917	427	4.16705E+01
3387	369	4.17630E+01
7917	598	4.17642E+01
8007	467	4.17654E+01
11192	375	4.17840E+01
3175	465	4.18039E+01
8007	640	4.18159E+01
11274	426	4.18201E+01
3175	421	4.18214E+01
3387	329	4.18318E+01
3281	426	4.18336E+01
11192	376	4.18363E+01
11274	425	4.18435E+01
7917	337	4.18618E+01
11274	336	4.18712E+01
8007	601	4.18834E+01
3281	286	4.18928E+01
7917	331	4.19077E+01
11111	375	4.19156E+01
8007	558	4.19308E+01
3175	556	4.19450E+01
11192	425	4.19514E+01
11274	337	4.19538E+01
8007	331	4.19766E+01
3387	641	4.19770E+01
11192	426	4.19799E+01
11111	376	4.19887E+01
8007	641	4.19949E+01
11192	336	4.20127E+01
7917	377	4.20137E+01
3281	600	4.20375E+01
7917	283	4.20434E+01
11274	377	4.20597E+01
11274	374	4.20627E+01
3175	284	4.20630E+01
3175	370	4.20739E+01
11111	425	4.20775E+01
8007	283	4.20787E+01
3175	375	4.20856E+01
3175	283	4.20984E+01
11274	335	4.21051E+01
7917	640	4.21138E+01
11111	426	4.21258E+01
11192	374	4.21303E+01
3281	597	4.21308E+01
3281	557	4.21317E+01
3281	466	4.21449E+01
11192	337	4.21449E+01
11111	336	4.21537E+01
7917	467	4.21751E+01
3281	281	4.21780E+01
3387	552	4.21798E+01
11192	335	4.21961E+01
7917	601	4.22192E+01
11111	374	4.22404E+01
3175	335	4.22415E+01
11274	465	4.22647E+01
3387	638	4.22650E+01
3175	599	4.22654E+01
3281	420	4.22674E+01
3387	234	4.22705E+01
7917	421	4.22727E+01
3387	601	4.22740E+01
3175	285	4.22752E+01
11274	427	4.22818E+01
11192	377	4.22828E+01
3281	640	4.23001E+01
3175	598	4.23002E+01
3281	336	4.23042E+01
7917	558	4.23048E+01
11111	337	4.23065E+01
3387	460	4.23087E+01
8007	639	4.23111E+01
7917	641	4.23116E+01
11111	335	4.23159E+01
8007	421	4.23194E+01
3387	280	4.23245E+01
3175	330	4.23259E+01
3281	639	4.23484E+01
11274	338	4.23489E+01
3175	461	4.23563E+01
3387	681	4.23572E+01
11274	424	4.23597E+01
3281	376	4.23778E+01
11192	465	4.23814E+01
3387	427	4.23832E+01
3175	282	4.23943E+01
3175	553	4.24046E+01
11192	424	4.24134E+01
8007	338	4.24355E+01
11274	466	4.24462E+01
11111	377	4.24553E+01
8007	553	4.24627E+01
11192	427	4.24915E+01
3281	369	4.25008E+01
11111	465	4.25106E+01
11111	424	4.25187E+01
7917	553	4.25462E+01
3281	329	4.25704E+01
3387	337	4.25718E+01
7917	639	4.25777E+01
11192	338	4.25884E+01
3387	680	4.26035E+01
11192	466	4.26118E+01
3175	426	4.26491E+01
11111	427	4.26560E+01
8007	428	4.26585E+01
11274	334	4.26621E+01
11274	464	4.26641E+01
3387	596	4.26861E+01
11192	334	4.27014E+01
3387	558	4.27164E+01
3175	286	4.27253E+01
11192	464	4.27287E+01
3387	682	4.27360E+01
8007	681	4.27391E+01
7917	370	4.27456E+01
8007	597	4.27495E+01
11111	466	4.27580E+01
11111	338	4.27701E+01
7917	282	4.27773E+01
11111	334	4.27995E+01
8007	642	4.28048E+01
8007	682	4.28285E+01
7917	461	4.28331E+01
3175	600	4.28352E+01
3387	467	4.28364E+01
11111	464	4.28392E+01
8007	461	4.28449E+01
11274	378	4.28504E+01
8007	370	4.28623E+01
11274	373	4.28709E+01
3281	641	4.28738E+01
11192	373	4.28837E+01
8007	282	4.28897E+01
8007	378	4.28935E+01
7917	338	4.29058E+01
7917	597	4.29075E+01
3387	377	4.29181E+01
3175	557	4.29263E+01
3281	552	4.29297E+01
3175	466	4.29476E+01
3387	233	4.29641E+01
3175	597	4.29656E+01
3175	281	4.29676E+01
11111	373	4.29715E+01
11274	556	4.30138E+01
3281	234	4.30242E+01
3281	460	4.30458E+01
3281	638	4.30542E+01
7917	330	4.30557E+01
3281	280	4.30606E+01
3175	420	4.30666E+01
7917	681	4.30675E+01
3387	642	4.30964E+01
3175	640	4.31166E+01
11192	556	4.31177E+01
11192	378	4.31227E+01
7917	642	4.31282E+01
7917	428	4.31417E+01
3175	336	4.31418E+01
7917	682	4.31553E+01
11274	286	4.31615E+01
11274	557	4.31668E+01
3175	639	4.31836E+01
11274	467	4.31958E+01
3281	601	4.32013E+01
3175	376	4.32065E+01
8007	330	4.32091E+01
8007	602	4.32098E+01
3281	681	4.32128E+01
11192	286	4.32133E+01
11274	428	4.32238E+01
11111	556	4.32425E+01
3387	328	4.32884E+01
3175	369	4.32897E+01
11111	378	4.33147E+01
11192	557	4.33158E+01
11111	286	4.33166E+01
3387	419	4.33224E+01
3281	427	4.33227E+01
8007	680	4.33369E+01
3175	329	4.33541E+01
11192	423	4.33780E+01
11274	423	4.33808E+01
3387	722	4.33997E+01
8007	468	4.34071E+01
11192	467	4.34074E+01
7917	378	4.34086E+01
3281	680	4.34222E+01
3281	596	4.34411E+01
11111	557	4.34543E+01
11111	423	4.34612E+01
3387	368	4.34772E+01
11192	428	4.34815E+01
3281	337	4.34895E+01
3387	723	4.35017E+01
8007	638	4.35174E+01
3387	679	4.35179E+01
11274	555	4.35255E+01
11192	333	4.35372E+01
8007	559	4.35446E+01
8007	683	4.35496E+01
11274	333	4.35508E+01
3387	279	4.35561E+01
7917	602	4.35662E+01
11111	467	4.35689E+01
11192	555	4.35800E+01
11111	333	4.36130E+01
3281	682	4.36279E+01
7917	680	4.36516E+01
11274	463	4.36597E+01
3281	558	4.36620E+01
8007	723	4.36620E+01
11111	428	4.36636E+01
3175	641	4.36682E+01
11192	463	4.36689E+01
3387	683	4.36879E+01
11111	555	4.36887E+01
3387	637	4.36893E+01
3281	233	4.36992E+01
7917	638	4.37393E+01
3175	552	4.37544E+01
11111	463	4.37590E+01
3281	467	4.37864E+01
8007	722	4.37866E+01
7917	281	4.37994E+01
3175	234	4.38126E+01
11274	285	4.38230E+01
11192	285	4.38266E+01
3175	280	4.38405E+01
3175	460	4.38552E+01
3281	377	4.38572E+01
7917	683	4.38606E+01
7917	468	4.38707E+01
3175	638	4.39041E+01
11111	285	4.39093E+01
3387	721	4.39191E+01
3387	232	4.39206E+01
11274	600	4.39363E+01
3387	602	4.39504E+01
7917	559	4.39558E+01
11274	558	4.39614E+01
3175	601	4.39810E+01
8007	281	4.39914E+01
3281	328	4.40030E+01
7917	723	4.40123E+01
3387	338	4.40236E+01
3281	642	4.40282E+01
11274	379	4.40377E+01
3281	419	4.40383E+01
3175	681	4.40405E+01
10293	423	4.40458E+01
11192	600	4.40568E+01
11192	372	4.40575E+01
7917	420	4.40595E+01
11274	599	4.40753E+01
10293	463	4.40844E+01
11274	372	4.41014E+01
10293	424	4.41172E+01
11111	372	4.41221E+01
3175	427	4.41372E+01
11192	558	4.41512E+01
11192	599	4.41543E+01
7917	722	4.41567E+01
3387	724	4.41661E+01
8007	724	4.41667E+01
11111	600	4.41856E+01
3387	551	4.41868E+01
3281	368	4.41886E+01
8007	420	4.41964E+01
8007	643	4.41972E+01
10293	464	4.42047E+01
3281	722	4.42424E+01
3281	279	4.42706E+01
11111	599	4.42724E+01
3175	680	4.42741E+01
3387	428	4.42755E+01
10293	373	4.42765E+01
3175	596	4.42820E+01
3281	679	4.42994E+01
11111	558	4.43012E+01
3175	337	4.43331E+01
11192	379	4.43581E+01
3281	723	4.43811E+01
3387	764	4.44017E+01
10293	555	4.44136E+01
3387	459	4.44217E+01
3175	682	4.44272E+01
8007	552	4.44304E+01
7917	552	4.44332E+01
10293	372	4.44378E+01
3281	637	4.44423E+01
3175	558	4.44440E+01
10293	422	4.44462E+01
10293	554	4.44706E+01
3175	233	4.44785E+01
7917	724	4.44807E+01
7917	369	4.44897E+01
10293	374	4.44986E+01
11274	468	4.45001E+01
8007	429	4.45018E+01
11274	601	4.45102E+01
7917	643	4.45161E+01
10293	462	4.45189E+01
11111	379	4.45688E+01
8007	764	4.45761E+01
7917	329	4.45824E+01
3175	467	4.45825E+01
8007	379	4.45856E+01
8007	721	4.46046E+01
3281	683	4.46154E+01
3281	232	4.46366E+01
11274	429	4.46429E+01
10293	425	4.46476E+01
8007	596	4.46498E+01
3387	763	4.46618E+01
11192	601	4.46665E+01
8007	679	4.46676E+01
7917	234	4.46710E+01
3175	377	4.46889E+01
3387	765	4.46948E+01
3387	595	4.46964E+01
8007	369	4.46973E+01
11192	284	4.47038E+01
11192	332	4.47155E+01
3281	721	4.47243E+01
11274	554	4.47255E+01
11192	554	4.47261E+01
3387	559	4.47313E+01
3387	378	4.47353E+01
7917	596	4.47378E+01
11274	284	4.47495E+01
3387	643	4.47509E+01
11192	468	4.47547E+01
11111	284	4.47652E+01
8007	765	4.47678E+01
11111	332	4.47683E+01
3175	328	4.47768E+01
11274	332	4.47836E+01
3175	642	4.47971E+01
11111	601	4.48029E+01
11111	554	4.48163E+01
8007	329	4.48233E+01
3175	419	4.48305E+01
8007	684	4.48418E+01
11192	422	4.48630E+01
10293	465	4.48644E+01
10293	598	4.48690E+01
10293	333	4.48780E+01
7917	460	4.48851E+01
8007	234	4.48875E+01
3281	551	4.49041E+01
3281	602	4.49115E+01
11111	422	4.49226E+01
11274	422	4.49249E+01
3387	468	4.49297E+01
11111	468	4.49299E+01
11192	429	4.49467E+01
7917	679	4.49523E+01
11274	598	4.49628E+01
3281	338	4.49633E+01
3175	368	4.49686E+01
10293	334	4.49710E+01
7917	764	4.49733E+01
10293	556	4.49746E+01
7917	721	4.49766E+01
11274	640	4.49785E+01
8007	460	4.49859E+01
11192	598	4.49947E+01
10293	371	4.49967E+01
8007	763	4.50122E+01
3175	279	4.50402E+01
7917	429	4.50497E+01
11192	640	4.50670E+01
11274	641	4.50678E+01
10293	599	4.50789E+01
3281	724	4.50813E+01
8007	603	4.50832E+01
3175	722	4.50919E+01
10293	375	4.50956E+01
10293	332	4.50972E+01
11111	598	4.50990E+01
3387	720	4.51070E+01
7917	765	4.51118E+01
7917	684	4.51238E+01
3281	459	4.51283E+01
3387	678	4.51286E+01
7917	280	4.51338E+01
11111	429	4.51453E+01
3387	278	4.51463E+01
3387	684	4.51561E+01
3387	231	4.51664E+01
10293	553	4.51667E+01
3175	679	4.51708E+01
3387	327	4.51721E+01
7917	379	4.51725E+01
11192	641	4.51885E+01
11111	640	4.51886E+01
3175	723	4.51971E+01
11192	462	4.52214E+01
8007	725	4.52308E+01
3281	428	4.52430E+01
3281	764	4.52620E+01
11274	462	4.52711E+01
11111	462	4.52892E+01
3175	637	4.53029E+01
11111	641	4.53148E+01
3387	725	4.53290E+01
10293	421	4.53376E+01
10293	597	4.53550E+01
10293	335	4.53677E+01
11274	559	4.53717E+01
3175	683	4.53825E+01
3175	232	4.54062E+01
8007	280	4.54081E+01
3281	595	4.54171E+01
3387	806	4.54381E+01
7917	763	4.54442E+01
7917	603	4.54513E+01
8007	637	4.54605E+01
3387	766	4.54736E+01
8007	806	4.54821E+01
3281	763	4.54851E+01
7917	725	4.54940E+01
10293	639	4.54942E+01
8007	766	4.55121E+01
10293	461	4.55279E+01
8007	469	4.55358E+01
3387	762	4.55362E+01
3387	805	4.55697E+01
3281	765	4.55908E+01
11192	559	4.55983E+01
3175	721	4.56025E+01
7917	637	4.56241E+01
11274	380	4.56249E+01
10293	426	4.56296E+01
10293	331	4.56410E+01
3387	418	4.56600E+01
3175	602	4.56705E+01
11192	371	4.56716E+01
8007	805	4.56728E+01
8007	560	4.56768E+01
3387	367	4.56806E+01
11274	639	4.56814E+01
3281	378	4.56996E+01
3281	559	4.57092E+01
11111	371	4.57118E+01
3281	643	4.57172E+01
3175	551	4.57275E+01
11192	639	4.57305E+01
7917	233	4.57504E+01
11274	602	4.57574E+01
11111	559	4.57575E+01
11274	371	4.57743E+01
3387	807	4.57848E+01
7917	766	4.57868E+01
3387	636	4.58066E+01
3175	338	4.58125E+01
10293	640	4.58363E+01
3281	278	4.58385E+01
8007	807	4.58429E+01
11111	639	4.58437E+01
11192	283	4.58579E+01
3175	724	4.58596E+01
3281	327	4.58622E+01
3281	231	4.58627E+01
10293	285	4.58717E+01
3281	678	4.58729E+01
3281	720	4.58744E+01
10293	284	4.58834E+01
7917	806	4.58906E+01
10293	638	4.58911E+01
11274	642	4.58971E+01
11111	283	4.58975E+01
3281	468	4.59101E+01
3175	459	4.59326E+01
11192	602	4.59444E+01
11274	283	4.59543E+01
10293	600	4.59555E+01
10293	370	4.59742E+01
11192	380	4.59920E+01
11274	681	4.60322E+01
8007	233	4.60407E+01
11192	642	4.60434E+01
7917	469	4.60488E+01
10293	466	4.60522E+01
3175	428	4.60555E+01
10293	336	4.60625E+01
10293	376	4.60627E+01
11111	602	4.60855E+01
10293	286	4.60989E+01
3175	764	4.61086E+01
3281	684	4.61183E+01
7917	560	4.61185E+01
8007	644	4.61193E+01
11192	681	4.61211E+01
10293	557	4.61338E+01
3387	603	4.61362E+01
10293	283	4.61437E+01
8007	762	4.61444E+01
7917	805	4.61470E+01
8007	720	4.61671E+01
7917	807	4.61677E+01
11111	642	4.61705E+01
11274	682	4.61978E+01
11111	380	4.62208E+01
10293	680	4.62264E+01
11111	681	4.62436E+01
3387	804	4.62470E+01
11192	331	4.62540E+01
3175	595	4.62605E+01
3281	725	4.62790E+01
11111	331	4.62830E+01
3281	806	4.63091E+01
11192	682	4.63095E+01
3281	762	4.63219E+01
11274	469	4.63429E+01
3281	418	4.63472E+01
3281	367	4.63653E+01
3175	763	4.63689E+01
11274	331	4.63782E+01
7917	419	4.63842E+01
3175	765	4.63957E+01
3281	766	4.64042E+01
3281	805	4.64050E+01
7917	644	4.64230E+01
11111	682	4.64304E+01
3175	643	4.64577E+01
3175	559	4.64765E+01
8007	804	4.64918E+01
7917	328	4.65198E+01
7917	720	4.65215E+01
10293	552	4.65224E+01
3281	636	4.65237E+01
10293	330	4.65284E+01
3175	378	4.65337E+01
11274	430	4.65356E+01
3387	808	4.65419E+01
10293	596	4.65611E+01
10293	681	4.65613E+01
11192	553	4.65799E+01
7917	762	4.65903E+01
3387	429	4.65967E+01
3175	278	4.65975E+01
11192	597	4.66098E+01
8007	419	4.66160E+01
3175	231	4.66222E+01
3175	327	4.66254E+01
11274	597	4.66310E+01
11192	469	4.66377E+01
11274	553	4.66379E+01
8007	685	4.66415E+01
11111	553	4.66490E+01
8007	380	4.66507E+01
10293	679	4.66612E+01
10293	282	4.66661E+01
3387	767	4.66711E+01
8007	808	4.66778E+01
11274	680	4.66893E+01
3281	807	4.66900E+01
11111	597	4.66970E+01
3175	468	4.66981E+01
7917	368	4.67144E+01
3387	230	4.67282E+01
8007	767	4.67340E+01
10293	420	4.67440E+01
11192	680	4.67472E+01
3175	678	4.67588E+01
8007	678	4.67609E+01
3175	720	4.67757E+01
8007	430	4.67813E+01
8007	726	4.67841E+01
7917	279	4.68092E+01
3387	550	4.68212E+01
11111	469	4.68251E+01
3175	684	4.68501E+01
8007	328	4.68517E+01
11111	680	4.68666E+01
10293	641	4.68764E+01
7917	685	4.68826E+01
11192	430	4.68835E+01
3387	644	4.68902E+01
11192	421	4.68919E+01
7917	808	4.69037E+01
3387	379	4.69179E+01
7917	767	4.69254E+01
3387	726	4.69263E+01
11111	421	4.69266E+01
7917	551	4.69713E+01
7917	726	4.69833E+01
3387	719	4.69923E+01
7917	678	4.69984E+01
7917	804	4.70111E+01
11274	421	4.70160E+01
3175	725	4.70161E+01
8007	368	4.70167E+01
10293	721	4.70312E+01
3281	804	4.70455E+01
10293	337	4.70508E+01
8007	551	4.70574E+01
10293	637	4.70580E+01
10293	427	4.70593E+01
3387	761	4.70720E+01
3387	685	4.70815E+01
11111	430	4.70977E+01
7917	232	4.71050E+01
11274	683	4.71180E+01
3387	458	4.71209E+01
3387	277	4.71249E+01
3281	603	4.71306E+01
3175	418	4.71311E+01
10293	460	4.71325E+01
3175	367	4.71354E+01
11274	722	4.71460E+01
3175	806	4.71569E+01
3175	766	4.71634E+01
8007	279	4.71689E+01
11274	638	4.72206E+01
11192	638	4.72231E+01
10293	722	4.72309E+01
11192	722	4.72319E+01
3387	560	4.72364E+01
3175	762	4.72372E+01
11192	683	4.72446E+01
11274	723	4.72480E+01
8007	595	4.72582E+01
7917	595	4.72654E+01
3175	805	4.72971E+01
11192	282	4.73062E+01
7917	380	4.73082E+01
11111	282	4.73232E+01
11111	638	4.73236E+01
11192	723	4.73475E+01
11111	722	4.73557E+01
11111	683	4.73597E+01
11274	560	4.73665E+01
3387	594	4.73692E+01
3175	636	4.73905E+01
7917	430	4.73911E+01
10293	369	4.73975E+01
10293	377	4.73983E+01
3281	230	4.74041E+01
11274	643	4.74087E+01
11192	461	4.74091E+01
3387	677	4.74449E+01
11111	461	4.74526E+01
11274	282	4.74548E+01
8007	604	4.74592E+01
11111	723	4.74638E+01
10293	601	4.74667E+01
10293	281	4.74681E+01
8007	232	4.74721E+01
3281	808	4.74797E+01
3175	807	4.74893E+01
3387	469	4.74912E+01
3281	550	4.75061E+01
3387	326	4.75083E+01
11274	461	4.75215E+01
3387	803	4.75292E+01
7917	459	4.75377E+01
11192	643	4.75742E+01
3281	429	4.75925E+01
10293	682	4.76129E+01
10293	720	4.76226E+01
11192	560	4.76260E+01
11274	603	4.76334E+01
3281	767	4.76348E+01
3387	809	4.76453E+01
11111	643	4.76989E+01
3281	719	4.77218E+01
8007	459	4.77338E+01
11192	370	4.77524E+01
10293	467	4.77589E+01
11111	370	4.77671E+01
10293	329	4.77855E+01
11111	560	4.77923E+01
3281	277	4.77943E+01
3281	458	4.77969E+01
3281	761	4.78195E+01
7917	604	4.78303E+01
11192	603	4.78458E+01
3175	603	4.78667E+01
10293	558	4.78714E+01
10293	763	4.78880E+01
3281	644	4.78903E+01
11274	721	4.78903E+01
10293	678	4.79031E+01
3281	379	4.79076E+01
3281	726	4.79096E+01
8007	809	4.79136E+01
11274	370	4.79164E+01
10293	762	4.79322E+01
11192	721	4.79530E+01
3175	804	4.79766E+01
11111	603	4.79890E+01
8007	803	4.80069E+01
8007	761	4.80247E+01
7917	809	4.80279E+01
3281	594	4.80557E+01
3281	685	4.80774E+01
11111	721	4.80789E+01
11274	724	4.81152E+01
8007	470	4.81335E+01
8007	636	4.81501E+01
3281	677	4.81522E+01
3175	230	4.81530E+01
10293	723	4.81599E+01
3281	326	4.81734E+01
11192	330	4.81774E+01
11111	330	4.81817E+01
11192	724	4.82194E+01
3387	768	4.82235E+01
11274	679	4.82258E+01
3175	808	4.82270E+01
11274	764	4.82280E+01
7917	636	4.82415E+01
11192	679	4.82437E+01
3281	560	4.82463E+01
3281	803	4.82902E+01
8007	561	4.82941E+01
11274	763	4.83100E+01
11192	764	4.83172E+01
11111	724	4.83235E+01
3175	550	4.83255E+01
10293	338	4.83300E+01
3175	767	4.83451E+01
11111	679	4.83551E+01
11274	330	4.83597E+01
8007	768	4.83624E+01
3387	366	4.83873E+01
11192	763	4.83938E+01
3175	429	4.84021E+01
11111	764	4.84323E+01
7917	768	4.84584E+01
7917	761	4.84620E+01
10293	595	4.85016E+01
3281	469	4.85021E+01
8007	719	4.85049E+01
8007	645	4.85140E+01
11111	763	4.85216E+01
3387	417	4.85419E+01
3175	277	4.85420E+01
7917	803	4.85477E+01
10293	551	4.85525E+01
10293	234	4.85639E+01
10293	642	4.85669E+01
10293	280	4.85725E+01
10293	764	4.85837E+01
3175	458	4.85943E+01
3175	644	4.85997E+01
3175	726	4.86026E+01
10293	804	4.86080E+01
3387	635	4.86089E+01
3281	809	4.86143E+01
3387	229	4.86293E+01
3175	719	4.86403E+01
10293	419	4.86898E+01
7917	470	4.86912E+01
11274	470	4.87043E+01
11274	684	4.87188E+01
3175	379	4.87435E+01
8007	727	4.87575E+01
7917	561	4.87599E+01
3175	761	4.87601E+01
7917	231	4.87621E+01
3175	685	4.87710E+01
10293	761	4.87824E+01
3387	604	4.87883E+01
7917	645	4.87927E+01
7917	719	4.88212E+01
11192	684	4.88531E+01
7917	278	4.88573E+01
7917	727	4.88817E+01
8007	686	4.88841E+01
3387	727	4.88951E+01
11274	431	4.88952E+01
3175	594	4.88983E+01
7917	327	4.88995E+01
11274	765	4.89237E+01
3175	326	4.89253E+01
10293	428	4.89348E+01
11111	684	4.89586E+01
10293	805	4.89830E+01
10293	803	4.89830E+01
3175	560	4.89972E+01
11192	765	4.90083E+01
10293	636	4.90102E+01
11192	596	4.90241E+01
11192	470	4.90364E+01
3387	810	4.90365E+01
3281	366	4.90450E+01
10293	719	4.90467E+01
3175	677	4.90473E+01
11111	281	4.90644E+01
11192	281	4.90707E+01
7917	686	4.90737E+01
11111	596	4.90908E+01
10293	378	4.91035E+01
11274	596	4.91045E+01
11111	765	4.91053E+01
11192	552	4.91627E+01
11274	805	4.91953E+01
3281	417	4.92004E+01
11111	552	4.92080E+01
8007	231	4.92090E+01
3281	768	4.92189E+01
3407	378	4.92215E+01
11111	470	4.92346E+01
3175	803	4.92539E+01
11274	762	4.92590E+01
7917	418	4.92638E+01
11274	281	4.92733E+01
11192	805	4.92796E+01
3175	469	4.92805E+01
11274	552	4.92841E+01
3281	229	4.92843E+01
11192	431	4.92852E+01
3281	635	4.92905E+01
3387	760	4.92950E+01
10293	368	4.92958E+01
8007	278	4.93053E+01
3175	809	4.93069E+01
10293	683	4.93191E+01
8007	327	4.93259E+01
11192	762	4.93266E+01
3407	379	4.93417E+01
3387	430	4.93433E+01
10293	459	4.93499E+01
11111	805	4.93985E+01
3387	686	4.94041E+01
10293	328	4.94435E+01
7917	367	4.94436E+01
10293	233	4.94437E+01
3387	802	4.94592E+01
3387	645	4.94602E+01
11111	762	4.94610E+01
3387	380	4.94683E+01
7917	810	4.94759E+01
3407	377	4.94794E+01
8007	810	4.94838E+01
8007	431	4.94900E+01
11192	420	4.94919E+01
3407	428	4.94985E+01
11111	420	4.94999E+01
11111	431	4.95138E+01
3387	276	4.95150E+01
11274	644	4.95400E+01
11274	720	4.95468E+01
11274	804	4.95605E+01
11192	637	4.95755E+01
11192	720	4.95760E+01
10293	602	4.95771E+01
3387	718	4.95809E+01
3407	429	4.95892E+01
8007	418	4.95953E+01
11274	806	4.96238E+01
8007	677	4.96250E+01
11274	637	4.96272E+01
3407	338	4.96282E+01
11192	804	4.96465E+01
11111	637	4.96591E+01
11274	725	4.96605E+01
11274	420	4.96812E+01
11192	806	4.96955E+01
11111	720	4.96981E+01
11192	644	4.97189E+01
10293	724	4.97446E+01
11192	725	4.97615E+01
11111	804	4.97826E+01
11111	806	4.97912E+01
7917	677	4.97980E+01
3175	366	4.98043E+01
3281	604	4.98154E+01
11111	644	4.98380E+01
3407	380	4.98435E+01
8007	367	4.98446E+01
11111	725	4.98491E+01
3407	427	4.98545E+01
3175	768	4.98779E+01
5070	376	4.98994E+01
11274	561	4.99084E+01
3281	727	4.99106E+01
11111	234	4.99251E+01
11192	234	4.99364E+01
10293	765	4.99385E+01
10293	677	4.99685E+01
10293	468	4.99737E+01
3175	417	4.99747E+01
3281	760	5.00043E+01
10293	279	5.00071E+01
5070	377	5.00091E+01
3175	229	5.00223E+01
10293	806	5.00244E+01
3281	810	5.00351E+01
3407	337	5.00597E+01
3387	549	5.00687E+01
3387	769	5.00716E+01
11274	604	5.00868E+01
3407	376	5.01136E+01
3407	430	5.01246E+01
5070	337	5.01282E+01
11274	234	5.01482E+01
7917	431	5.01589E+01
3175	635	5.01591E+01
7917	550	5.01606E+01
3281	276	5.01612E+01
10293	559	5.01646E+01
3407	468	5.01718E+01
5070	375	5.01724E+01
10293	802	5.01739E+01
3281	802	5.01820E+01
11192	561	5.01970E+01
3387	561	5.01990E+01
5070	426	5.02002E+01
5070	336	5.02078E+01
5070	427	5.02176E+01
3301	378	5.02393E+01
11192	460	5.02541E+01
8007	802	5.02670E+01
11111	460	5.02712E+01
3281	718	5.02727E+01
8007	605	5.02882E+01
11274	766	5.03002E+01
3387	325	5.03098E+01
11111	369	5.03190E+01
11192	604	5.03199E+01
7917	769	5.03215E+01
8007	769	5.03308E+01
11192	369	5.03311E+01
8007	550	5.03435E+01
5070	338	5.03572E+01
3281	430	5.03674E+01
11111	561	5.03683E+01
11192	766	5.03715E+01
3407	469	5.03823E+01
3301	379	5.03853E+01
5173	376	5.03938E+01
3387	457	5.03964E+01
3281	686	5.04325E+01
11274	460	5.04330E+01
11111	766	5.04457E+01
3387	676	5.04537E+01
3407	467	5.04597E+01
11111	604	5.04626E+01
5173	377	5.04663E+01
3301	377	5.04715E+01
10293	760	5.04805E+01
3281	380	5.04837E+01
7917	594	5.04854E+01
3281	645	5.04930E+01
11111	329	5.04960E+01
5070	378	5.05011E+01
3387	470	5.05027E+01
11192	329	5.05174E+01
3301	428	5.05229E+01
3175	604	5.05264E+01
3175	727	5.05570E+01
11274	369	5.05591E+01
8007	594	5.05697E+01
10293	232	5.05880E+01
5070	335	5.05997E+01
5173	337	5.06113E+01
3301	338	5.06181E+01
5070	425	5.06422E+01
3301	429	5.06427E+01
11192	678	5.06477E+01
7917	605	5.06544E+01
3407	426	5.06603E+01
3387	811	5.06628E+01
3175	810	5.06711E+01
11274	678	5.06787E+01
5173	427	5.06803E+01
8007	760	5.06814E+01
3387	593	5.06831E+01
5070	428	5.06901E+01
5173	426	5.06971E+01
5173	375	5.07049E+01
3281	549	5.07216E+01
11725	377	5.07274E+01
5173	336	5.07290E+01
11274	807	5.07433E+01
11111	678	5.07459E+01
7917	230	5.07481E+01
11274	329	5.07601E+01
11654	377	5.07620E+01
11192	807	5.07927E+01
11725	338	5.07946E+01
7917	458	5.07952E+01
3407	336	5.07971E+01
5173	338	5.08028E+01
7917	802	5.08035E+01
11274	803	5.08123E+01
11654	338	5.08314E+01
5070	374	5.08322E+01
5070	466	5.08402E+01
3195	378	5.08486E+01
3301	427	5.08501E+01
10293	643	5.08555E+01
11111	807	5.08601E+01
3387	228	5.08861E+01
11192	803	5.08876E+01
11725	378	5.08936E+01
3175	276	5.08972E+01
3301	380	5.09132E+01
5173	378	5.09221E+01
11274	685	5.09232E+01
11654	378	5.09338E+01
5070	467	5.09365E+01
3281	325	5.09496E+01
3175	760	5.09633E+01
11725	376	5.09670E+01
11725	337	5.09755E+01
3195	379	5.09808E+01
11654	376	5.09957E+01
11654	337	5.10056E+01
3301	337	5.10277E+01
11111	803	5.10340E+01
3281	457	5.10420E+01
11192	685	5.10587E+01
3407	470	5.10758E+01
3301	376	5.10804E+01
8007	728	5.10855E+01
3175	686	5.10856E+01
7917	760	5.10862E+01
8007	458	5.10925E+01
3195	377	5.10939E+01
3281	769	5.10972E+01
3407	431	5.11015E+01
5173	428	5.11203E+01
3281	676	5.11245E+01
7917	728	5.11248E+01
3407	375	5.11263E+01
11725	427	5.11310E+01
3195	428	5.11373E+01
11274	761	5.11454E+01
11111	280	5.11480E+01
11111	685	5.11512E+01
5173	335	5.11596E+01
11654	427	5.11645E+01
3175	645	5.11692E+01
3175	802	5.11713E+01
3175	430	5.11730E+01
5173	425	5.11750E+01
3387	728	5.11757E+01
10293	594	5.11757E+01
8007	471	5.11775E+01
11192	280	5.11785E+01
10293	379	5.11810E+01
11192	761	5.11850E+01
7917	811	5.11896E+01
10293	418	5.11940E+01
3175	718	5.12021E+01
3301	430	5.12074E+01
3407	559	5.12098E+01
3301	468	5.12131E+01
3195	338	5.12342E+01
3195	429	5.12372E+01
3281	561	5.12405E+01
10293	429	5.12543E+01
3407	466	5.12594E+01
10293	550	5.12605E+01
3407	560	5.12671E+01
5070	465	5.12699E+01
8007	230	5.12778E+01
7917	277	5.13077E+01
5070	334	5.13094E+01
10293	718	5.13185E+01
11111	761	5.13193E+01
3175	380	5.13207E+01
5173	466	5.13217E+01
8007	646	5.13220E+01
8007	811	5.13283E+01
3281	593	5.13361E+01
11725	426	5.13546E+01
8007	562	5.13588E+01
5070	379	5.13781E+01
11654	426	5.13839E+01
5173	467	5.13902E+01
11725	428	5.14018E+01
5173	374	5.14039E+01
11274	280	5.14371E+01
11654	428	5.14388E+01
3301	469	5.14553E+01
11725	379	5.14678E+01
3301	467	5.14694E+01
11725	336	5.14798E+01
3195	427	5.14832E+01
3195	380	5.14942E+01
11654	336	5.15029E+01
8007	687	5.15057E+01
11654	379	5.15131E+01
3281	228	5.15198E+01
10293	327	5.15339E+01
3175	549	5.15344E+01
3281	470	5.15439E+01
5070	468	5.15469E+01
5070	424	5.15510E+01
11274	471	5.15602E+01
7917	646	5.15668E+01
8007	635	5.15757E+01
7917	635	5.15811E+01
3387	365	5.15952E+01
10293	684	5.16130E+01
11725	375	5.16138E+01
5070	429	5.16152E+01
8007	718	5.16229E+01
3301	426	5.16274E+01
7917	687	5.16345E+01
11654	375	5.16363E+01
10293	807	5.16415E+01
3195	337	5.16522E+01
5070	286	5.16701E+01
3407	558	5.16877E+01
11111	233	5.16877E+01
3281	811	5.16894E+01
3175	325	5.16897E+01
10293	367	5.16943E+01
3175	769	5.17030E+01
11274	432	5.17099E+01
3195	376	5.17152E+01
11192	233	5.17207E+01
10293	635	5.17429E+01
3301	336	5.17432E+01
7917	326	5.17458E+01
5173	379	5.17636E+01
7917	471	5.17753E+01
3195	430	5.17810E+01
5173	465	5.17821E+01
11274	726	5.17965E+01
10293	278	5.18025E+01
5070	558	5.18213E+01
3195	468	5.18289E+01
3407	561	5.18301E+01
3175	457	5.18305E+01
7917	562	5.18421E+01
3407	335	5.18455E+01
8007	277	5.18471E+01
3387	605	5.18590E+01
10293	766	5.18662E+01
7917	718	5.18803E+01
5070	373	5.18871E+01
11192	726	5.18872E+01
5070	557	5.19036E+01
10293	725	5.19068E+01
5173	334	5.19089E+01
3407	425	5.19219E+01
11192	471	5.19268E+01
11725	466	5.19404E+01
11111	726	5.19546E+01
3387	416	5.19573E+01
11725	467	5.19681E+01
11654	466	5.19719E+01
3175	561	5.19732E+01
5173	468	5.19755E+01
11274	233	5.19825E+01
11654	467	5.20011E+01
5173	429	5.20145E+01
10293	231	5.20232E+01
3175	676	5.20233E+01
3195	469	5.20437E+01
12229	421	5.20511E+01
3387	801	5.20562E+01
3387	687	5.20646E+01
3387	634	5.20675E+01
3301	375	5.20679E+01
11725	425	5.20785E+01
11654	425	5.21029E+01
3195	467	5.21110E+01
5173	424	5.21215E+01
12229	461	5.21273E+01
11111	471	5.21340E+01
11192	432	5.21399E+01
11192	719	5.21414E+01
11274	719	5.21563E+01
3387	770	5.21612E+01
11725	429	5.21634E+01
3175	593	5.21743E+01
3301	470	5.21806E+01
10293	458	5.21869E+01
11654	429	5.22034E+01
3387	759	5.22055E+01
3301	431	5.22136E+01
10293	801	5.22188E+01
3281	728	5.22219E+01
11274	645	5.22239E+01
3281	365	5.22259E+01
3407	471	5.22344E+01
12229	370	5.22361E+01
5070	464	5.22372E+01
3301	466	5.22377E+01
10293	603	5.22457E+01
3175	228	5.22465E+01
12171	421	5.22479E+01
11192	595	5.22491E+01
3301	559	5.22522E+01
11111	719	5.22536E+01
11274	767	5.22619E+01
5173	286	5.22634E+01
3175	811	5.22672E+01
8007	326	5.22699E+01
5173	558	5.22745E+01
12229	371	5.22751E+01
3195	426	5.22781E+01
11111	595	5.22918E+01
12229	422	5.22933E+01
5070	559	5.22970E+01
3175	470	5.23114E+01
11725	335	5.23119E+01
11192	767	5.23123E+01
12113	421	5.23159E+01
12229	420	5.23167E+01
12171	461	5.23241E+01
3387	275	5.23268E+01
11654	335	5.23279E+01
3301	560	5.23432E+01
5070	333	5.23452E+01
11111	767	5.23598E+01
3407	603	5.23725E+01
12229	462	5.23748E+01
3195	336	5.23756E+01
5173	557	5.23773E+01
11111	432	5.23818E+01
12113	461	5.23925E+01
11274	595	5.23947E+01
3387	646	5.24048E+01
11192	645	5.24106E+01
5070	285	5.24117E+01
12171	370	5.24318E+01
11274	808	5.24520E+01
11725	380	5.24537E+01
7917	770	5.24556E+01
11192	808	5.24711E+01
12229	552	5.24719E+01
12171	371	5.24745E+01
12229	460	5.24763E+01
3387	812	5.24778E+01
11192	551	5.24872E+01
12229	553	5.24897E+01
12171	422	5.24907E+01
5173	373	5.24993E+01
12113	370	5.24999E+01
11725	465	5.25001E+01
11654	380	5.25038E+01
11111	808	5.25058E+01
11111	551	5.25060E+01
3387	431	5.25075E+01
12171	420	5.25118E+01
3407	432	5.25122E+01
11111	645	5.25213E+01
3407	374	5.25239E+01
11654	465	5.25291E+01
12113	371	5.25425E+01
3407	604	5.25503E+01
12113	422	5.25570E+01
5070	556	5.25659E+01
12171	462	5.25684E+01
11725	468	5.25690E+01
8007	770	5.25786E+01
12113	420	5.25811E+01
3407	465	5.25829E+01
3281	416	5.25872E+01
11654	468	5.26025E+01
8007	432	5.26161E+01
12229	369	5.26295E+01
12229	330	5.26299E+01
12113	462	5.26332E+01
5070	380	5.26437E+01
12229	331	5.26437E+01
5070	469	5.26573E+01
11111	419	5.26673E+01
12171	552	5.26717E+01
11725	374	5.26737E+01
12171	460	5.26745E+01
11274	551	5.26768E+01
10293	469	5.26823E+01
12171	553	5.26825E+01
11192	419	5.26876E+01
7917	366	5.26895E+01
11654	374	5.26896E+01
3301	558	5.26962E+01
7917	417	5.27024E+01
3281	634	5.27144E+01
3195	375	5.27145E+01
12229	372	5.27214E+01
3407	602	5.27222E+01
3407	557	5.27254E+01
5173	559	5.27337E+01
3195	470	5.27402E+01
3281	801	5.27409E+01
12113	552	5.27426E+01
12113	460	5.27458E+01
12113	553	5.27481E+01
3195	431	5.27652E+01
3301	335	5.27699E+01
5173	464	5.27830E+01
11192	636	5.27990E+01
3175	728	5.28199E+01
12171	369	5.28207E+01
12171	330	5.28249E+01
12229	596	5.28312E+01
12171	331	5.28443E+01
10293	676	5.28482E+01
3387	717	5.28535E+01
3301	425	5.28607E+01
11111	636	5.28614E+01
3407	562	5.28655E+01
3281	759	5.28770E+01
3195	559	5.28873E+01
12113	369	5.28887E+01
12113	330	5.28928E+01
3195	466	5.29034E+01
11274	636	5.29123E+01
12113	331	5.29130E+01
3281	605	5.29179E+01
12171	372	5.29239E+01
5070	423	5.29381E+01
3301	561	5.29395E+01
11725	557	5.29429E+01
3195	560	5.29436E+01
11274	419	5.29452E+01
3281	275	5.29495E+01
11274	562	5.29552E+01
12229	329	5.29694E+01
3175	365	5.29736E+01
11654	557	5.29756E+01
11725	558	5.29787E+01
10293	560	5.29847E+01
5173	333	5.29852E+01
12229	332	5.29879E+01
5070	430	5.29903E+01
12113	372	5.29914E+01
5173	380	5.29947E+01
5070	601	5.30066E+01
11654	558	5.30097E+01
12229	423	5.30203E+01
11274	802	5.30207E+01
12171	596	5.30299E+01
10293	759	5.30380E+01
5173	285	5.30428E+01
11274	605	5.30609E+01
5173	469	5.30636E+01
5173	556	5.30644E+01
11192	802	5.30721E+01
7917	229	5.30859E+01
5070	602	5.30879E+01
12113	596	5.31000E+01
12229	419	5.31159E+01
12229	597	5.31177E+01
7917	812	5.31185E+01
3281	687	5.31243E+01
8007	417	5.31379E+01
12229	551	5.31408E+01
12171	329	5.31583E+01
12229	554	5.31749E+01
8007	366	5.31927E+01
12171	332	5.31936E+01
12229	463	5.31965E+01
3407	605	5.32113E+01
3407	334	5.32128E+01
3281	770	5.32154E+01
12171	423	5.32173E+01
11111	802	5.32212E+01
12113	329	5.32252E+01
8007	676	5.32435E+01
11111	328	5.32605E+01
12113	332	5.32630E+01
12229	282	5.32684E+01
11192	562	5.32691E+01
12229	281	5.32761E+01
3407	286	5.32814E+01
12113	423	5.32814E+01
8007	801	5.32943E+01
12229	595	5.33001E+01
12171	597	5.33032E+01
5070	560	5.33040E+01
12171	419	5.33082E+01
11192	328	5.33088E+01
11192	605	5.33102E+01
11725	424	5.33122E+01
11654	424	5.33311E+01
7917	676	5.33350E+01
7917	432	5.33408E+01
12171	551	5.33450E+01
5070	372	5.33503E+01
3175	416	5.33506E+01
12171	554	5.33584E+01
5173	430	5.33604E+01
3195	558	5.33640E+01
12113	597	5.33650E+01
3301	471	5.33706E+01
12113	419	5.33782E+01
12229	637	5.33784E+01
12171	463	5.33853E+01
8007	812	5.33950E+01
11111	368	5.33981E+01
3195	335	5.34099E+01
11725	430	5.34128E+01
5070	284	5.34172E+01
12113	554	5.34176E+01
12113	551	5.34203E+01
3301	603	5.34362E+01
11192	368	5.34383E+01
3301	374	5.34406E+01
12229	459	5.34423E+01
11111	562	5.34436E+01
12113	463	5.34459E+01
11111	605	5.34500E+01
5173	601	5.34540E+01
11654	430	5.34553E+01
12171	282	5.34687E+01
3281	646	5.34693E+01
12171	281	5.34698E+01
11725	334	5.34791E+01
12229	368	5.34849E+01
11654	334	5.34876E+01
3195	561	5.35033E+01
3387	227	5.35036E+01
3281	717	5.35083E+01
12171	595	5.35088E+01
8007	606	5.35190E+01
5070	600	5.35211E+01
12229	283	5.35257E+01
5173	602	5.35267E+01
3195	425	5.35279E+01
3301	465	5.35298E+01
3281	812	5.35310E+01
12113	281	5.35375E+01
12113	282	5.35377E+01
5173	423	5.35484E+01
12229	373	5.35571E+01
3281	431	5.35599E+01
12229	280	5.35689E+01
3387	324	5.35711E+01
11725	556	5.35730E+01
12171	637	5.35761E+01
3175	634	5.35803E+01
3387	562	5.35816E+01
12113	595	5.35857E+01
3175	605	5.36020E+01
11111	279	5.36056E+01
11654	556	5.36058E+01
11274	328	5.36144E+01
10293	380	5.36339E+01
3407	601	5.36390E+01
12171	459	5.36403E+01
12113	637	5.36457E+01
12229	333	5.36470E+01
3407	424	5.36487E+01
3301	604	5.36488E+01
7917	729	5.36531E+01
3301	432	5.36535E+01
11274	686	5.36536E+01
11725	559	5.36538E+01
11192	279	5.36613E+01
11725	464	5.36613E+01
12171	368	5.36708E+01
3175	275	5.36734E+01
3407	644	5.36802E+01
11654	559	5.36820E+01
10293	644	5.36851E+01
11654	464	5.36869E+01
12229	328	5.36918E+01
3301	557	5.37000E+01
8007	229	5.37008E+01
8007	729	5.37069E+01
3387	729	5.37125E+01
12113	459	5.37136E+01
5070	332	5.37188E+01
11725	469	5.37268E+01
5070	603	5.37281E+01
5173	560	5.37282E+01
11725	286	5.37321E+01
12171	283	5.37322E+01
11274	368	5.37331E+01
3175	687	5.37350E+01
12113	368	5.37384E+01
11654	286	5.37403E+01
10293	808	5.37459E+01
3175	801	5.37479E+01
3301	602	5.37507E+01
12229	636	5.37548E+01
11111	232	5.37553E+01
12171	280	5.37558E+01
5070	463	5.37563E+01
11654	469	5.37600E+01
11111	459	5.37601E+01
12171	373	5.37620E+01
3175	770	5.37666E+01
11192	459	5.37714E+01
3407	645	5.37736E+01
10293	230	5.37756E+01
11192	686	5.37844E+01
7917	801	5.37993E+01
12113	283	5.38025E+01
11192	232	5.38111E+01
12229	638	5.38180E+01
12113	280	5.38220E+01
5070	555	5.38282E+01
12113	373	5.38289E+01
3407	472	5.38362E+01
3175	759	5.38469E+01
12171	333	5.38575E+01
11111	686	5.38608E+01
7917	606	5.38727E+01
12171	328	5.38742E+01
3387	548	5.38949E+01
3195	471	5.39001E+01
12113	333	5.39274E+01
12113	328	5.39399E+01
3387	471	5.39408E+01
12171	636	5.39682E+01
11192	677	5.39703E+01
11274	279	5.39781E+01
5173	600	5.39825E+01
7917	549	5.39838E+01
10293	277	5.39884E+01
12171	638	5.39956E+01
5173	372	5.40043E+01
3301	562	5.40079E+01
3387	568	5.40084E+01
11192	760	5.40095E+01
11274	760	5.40102E+01
10293	430	5.40147E+01
12229	678	5.40157E+01
11274	459	5.40206E+01
12229	284	5.40327E+01
12113	636	5.40474E+01
11725	601	5.40480E+01
3175	812	5.40496E+01
11111	677	5.40500E+01
12113	638	5.40538E+01
11274	677	5.40593E+01
3195	603	5.40742E+01
11654	601	5.40795E+01
10293	326	5.40822E+01
5173	284	5.40868E+01
3407	643	5.40917E+01
3195	374	5.40983E+01
3175	646	5.41104E+01
8007	759	5.41140E+01
3301	334	5.41154E+01
3281	227	5.41159E+01
3387	675	5.41182E+01
11274	232	5.41248E+01
12229	234	5.41365E+01
11111	760	5.41366E+01
12229	598	5.41387E+01
11725	373	5.41571E+01
5173	603	5.41636E+01
11654	373	5.41659E+01
12229	279	5.41731E+01
7917	276	5.41821E+01
3195	432	5.41822E+01
3281	324	5.41855E+01
3301	286	5.41863E+01
12171	678	5.42142E+01
12229	424	5.42152E+01
3195	465	5.42182E+01
3387	456	5.42182E+01
3195	604	5.42434E+01
12171	284	5.42451E+01
5070	470	5.42507E+01
10293	417	5.42632E+01
8007	549	5.42712E+01
11725	600	5.42733E+01
10293	767	5.42831E+01
12113	678	5.42847E+01
12171	598	5.43078E+01
11654	600	5.43094E+01
3407	606	5.43095E+01
12229	233	5.43145E+01
12113	284	5.43168E+01
3407	373	5.43176E+01
3407	646	5.43183E+01
5070	642	5.43227E+01
12171	234	5.43302E+01
3407	563	5.43385E+01
5173	463	5.43387E+01
3407	556	5.43438E+01
3301	605	5.43439E+01
12171	279	5.43528E+01
5173	555	5.43557E+01
12113	598	5.43599E+01
3175	431	5.43607E+01
7917	593	5.43731E+01
5070	643	5.43795E+01
12113	234	5.43981E+01
3195	557	5.43984E+01
5173	332	5.44002E+01
12171	424	5.44107E+01
12229	677	5.44123E+01
12113	279	5.44174E+01
10293	717	5.44238E+01
10293	685	5.44254E+01
3195	602	5.44298E+01
11274	727	5.44382E+01
3175	717	5.44421E+01
3407	464	5.44429E+01
3387	813	5.44433E+01
3387	771	5.44441E+01
8007	688	5.44459E+01
7917	759	5.44619E+01
12229	418	5.44715E+01
12113	424	5.44723E+01
12229	679	5.44838E+01
8007	647	5.44855E+01
12171	233	5.45014E+01
12229	555	5.45048E+01
7917	688	5.45056E+01
12229	550	5.45064E+01
11192	727	5.45124E+01
3281	548	5.45163E+01
11725	602	5.45248E+01
12229	594	5.45321E+01
3195	562	5.45336E+01
11654	602	5.45501E+01
11111	727	5.45566E+01
8007	593	5.45591E+01
3301	424	5.45595E+01
10293	593	5.45633E+01
12113	233	5.45676E+01
10293	726	5.45690E+01
12229	464	5.45732E+01
3387	592	5.45960E+01
3407	285	5.46045E+01
10293	366	5.46074E+01
12229	334	5.46115E+01
3281	568	5.46300E+01
3301	601	5.46318E+01
12171	677	5.46324E+01
10293	549	5.46329E+01
11111	809	5.46357E+01
11192	809	5.46371E+01
5173	470	5.46373E+01
8007	472	5.46409E+01
7917	457	5.46448E+01
3281	562	5.46541E+01
11274	809	5.46554E+01
12171	679	5.46555E+01
12171	418	5.46597E+01
5070	599	5.46634E+01
12171	555	5.46767E+01
7917	647	5.46882E+01
5070	283	5.46995E+01
12229	719	5.47084E+01
12113	679	5.47115E+01
12171	550	5.47126E+01
12113	677	5.47151E+01
11274	768	5.47188E+01
12113	555	5.47286E+01
12113	418	5.47300E+01
12229	232	5.47366E+01
11192	768	5.47419E+01
5173	642	5.47461E+01
12171	594	5.47474E+01
3281	675	5.47535E+01
3301	644	5.47538E+01
12171	464	5.47557E+01
11111	768	5.47593E+01
3195	334	5.47627E+01
12229	374	5.47715E+01
12229	285	5.47783E+01
3281	729	5.47881E+01
12113	550	5.47911E+01
5173	643	5.48066E+01
7917	771	5.48089E+01
5070	431	5.48101E+01
5070	561	5.48104E+01
12113	464	5.48115E+01
8007	276	5.48156E+01
5070	422	5.48210E+01
3195	286	5.48219E+01
12171	334	5.48263E+01
12229	327	5.48296E+01
12113	594	5.48297E+01
12229	367	5.48305E+01
8007	563	5.48306E+01
3175	227	5.48310E+01
3281	456	5.48338E+01
5070	641	5.48576E+01
11274	472	5.48818E+01
3301	645	5.48824E+01
5070	604	5.48847E+01
11725	555	5.48927E+01
3195	605	5.48933E+01
12113	334	5.48966E+01
3407	333	5.49094E+01
12171	719	5.49119E+01
3175	324	5.49131E+01
12171	232	5.49165E+01
11654	555	5.49243E+01
11725	560	5.49371E+01
11725	285	5.49453E+01
11654	285	5.49459E+01
12229	635	5.49533E+01
3407	686	5.49592E+01
11654	560	5.49611E+01
5070	644	5.49779E+01
12171	374	5.49782E+01
12113	232	5.49809E+01
12113	719	5.49853E+01
11725	333	5.49911E+01
11654	333	5.49919E+01
12171	285	5.49964E+01
3301	472	5.50035E+01
12171	327	5.50048E+01
3387	688	5.50070E+01
12171	367	5.50103E+01
3281	471	5.50120E+01
12229	458	5.50381E+01
12113	374	5.50442E+01
12229	639	5.50484E+01
8007	457	5.50489E+01
8007	771	5.50525E+01
3407	642	5.50589E+01
7917	325	5.50687E+01
12113	327	5.50692E+01
12113	285	5.50693E+01
11725	423	5.50700E+01
12113	367	5.50772E+01
11654	423	5.50826E+01
12229	720	5.50841E+01
3407	685	5.51028E+01
12229	278	5.51190E+01
10293	800	5.51224E+01
3301	643	5.51293E+01
5173	599	5.51446E+01
11725	431	5.51448E+01
5173	431	5.51529E+01
3407	600	5.51568E+01
12171	635	5.51781E+01
11654	431	5.51890E+01
12171	639	5.52019E+01
3301	373	5.52094E+01
3281	592	5.52162E+01
7917	813	5.52206E+01
5173	561	5.52260E+01
10293	634	5.52283E+01
12171	458	5.52341E+01
12229	718	5.52343E+01
3407	687	5.52382E+01
11725	599	5.52402E+01
5070	371	5.52413E+01
3195	424	5.52421E+01
12113	639	5.52470E+01
12171	720	5.52544E+01
3407	647	5.52615E+01
12113	635	5.52648E+01
7917	472	5.52737E+01
11654	599	5.52790E+01
11192	472	5.52798E+01
3387	364	5.52821E+01
5173	641	5.52839E+01
3301	556	5.52846E+01
12171	278	5.52911E+01
3387	606	5.52985E+01
12113	458	5.53087E+01
12113	720	5.53104E+01
3387	800	5.53125E+01
3175	548	5.53200E+01
5173	604	5.53219E+01
7917	563	5.53250E+01
3175	729	5.53363E+01
3195	601	5.53496E+01
12113	278	5.53540E+01
3301	464	5.53587E+01
3387	142	5.53592E+01
11725	641	5.53645E+01
3175	562	5.53671E+01
11725	642	5.53821E+01
7360	380	5.53853E+01
11274	646	5.53910E+01
11654	641	5.54019E+01
5173	283	5.54087E+01
11654	642	5.54103E+01
3195	644	5.54110E+01
5173	644	5.54148E+01
11725	470	5.54221E+01
10293	604	5.54251E+01
12229	231	5.54292E+01
11725	463	5.54411E+01
3175	568	5.54416E+01
5070	331	5.54477E+01
11654	470	5.54540E+01
7360	379	5.54564E+01
3301	646	5.54613E+01
11654	463	5.54621E+01
12171	718	5.54646E+01
12229	760	5.54679E+01
5173	422	5.54733E+01
3301	606	5.54752E+01
3195	645	5.54886E+01
3301	285	5.54906E+01
11111	472	5.54948E+01
8007	717	5.54981E+01
3195	472	5.55017E+01
3301	563	5.55131E+01
3281	813	5.55217E+01
3281	771	5.55256E+01
3387	274	5.55518E+01
12113	718	5.55526E+01
11192	646	5.55807E+01
12171	231	5.56017E+01
7917	634	5.56102E+01
3175	456	5.56116E+01
10293	457	5.56343E+01
8007	813	5.56404E+01
12229	761	5.56425E+01
3175	675	5.56505E+01
5070	684	5.56538E+01
11192	718	5.56585E+01
11725	603	5.56588E+01
12113	231	5.56643E+01
3387	647	5.56693E+01
7917	717	5.56761E+01
11654	603	5.56762E+01
12229	676	5.56785E+01
11111	646	5.56805E+01
12171	760	5.56817E+01
8007	325	5.56933E+01
8007	634	5.57039E+01
5070	554	5.57105E+01
3407	684	5.57270E+01
11274	718	5.57282E+01
12229	286	5.57542E+01
11111	718	5.57546E+01
12113	760	5.57608E+01
3175	471	5.57673E+01
3387	758	5.57764E+01
5070	683	5.57789E+01
12229	680	5.57872E+01
7917	228	5.57900E+01
3301	333	5.57901E+01
3407	607	5.57994E+01
12171	761	5.58173E+01
3195	643	5.58351E+01
5070	462	5.58448E+01
3407	423	5.58555E+01
3407	473	5.58555E+01
12229	599	5.58653E+01
