GRAM	c2h2	chi_tot
1237	190	3.93199E+01
1237	152	3.93241E+01
1237	230	3.93347E+01
1237	270	3.93549E+01
1237	191	3.93901E+01
1237	115	3.94205E+01
1237	393	3.94234E+01
1237	311	3.94322E+01
1237	229	3.94357E+01
1237	310	3.94429E+01
1237	151	3.94509E+01
1237	352	3.94529E+01
1237	434	3.94557E+01
1237	351	3.94645E+01
1237	116	3.94711E+01
1237	476	3.94808E+01
1237	153	3.94974E+01
1237	269	3.95261E+01
1237	435	3.95558E+01
1237	392	3.95690E+01
1237	518	3.96007E+01
1237	114	3.96059E+01
1237	189	3.96102E+01
1237	271	3.96261E+01
1237	231	3.96416E+01
1237	81	3.96608E+01
1237	475	3.96917E+01
1237	517	3.96955E+01
1237	477	3.97546E+01
1237	117	3.97588E+01
1237	394	3.97604E+01
1237	192	3.98184E+01
1237	560	3.98266E+01
1237	433	3.98348E+01
1237	559	3.98365E+01
1237	80	3.98687E+01
1237	150	3.98795E+01
1237	312	3.98877E+01
1237	309	3.99149E+01
1237	353	3.99201E+01
1237	228	3.99407E+01
1237	350	3.99493E+01
1237	154	3.99661E+01
1237	519	4.00026E+01
1237	113	4.00241E+01
1237	268	4.01331E+01
1237	601	4.01385E+01
1237	436	4.01463E+01
1237	391	4.01895E+01
1237	602	4.01998E+01
1237	79	4.02404E+01
1237	188	4.02566E+01
1237	516	4.02616E+01
1237	118	4.02819E+01
1237	558	4.03256E+01
1237	561	4.03337E+01
1237	272	4.03409E+01
1237	232	4.03550E+01
1237	474	4.03711E+01
1237	478	4.05342E+01
1237	600	4.05701E+01
1237	395	4.05869E+01
1237	193	4.05992E+01
1237	149	4.06049E+01
1237	112	4.06698E+01
1237	432	4.06818E+01
1237	155	4.07250E+01
1237	78	4.07739E+01
1237	603	4.08028E+01
1237	313	4.08107E+01
1237	308	4.08360E+01
1237	227	4.08381E+01
1237	354	4.08693E+01
1237	349	4.08959E+01
1237	520	4.09365E+01
4760	115	4.09403E+01
4863	115	4.09460E+01
4760	151	4.09645E+01
4863	151	4.09744E+01
4760	152	4.09835E+01
4863	152	4.09909E+01
4760	190	4.09979E+01
4760	114	4.10067E+01
4863	190	4.10081E+01
4863	114	4.10156E+01
4760	81	4.10232E+01
4863	81	4.10271E+01
1237	119	4.10376E+01
4760	229	4.10891E+01
4863	229	4.10998E+01
4760	116	4.11113E+01
4863	116	4.11136E+01
4760	189	4.11160E+01
4863	189	4.11271E+01
4760	80	4.11394E+01
4863	80	4.11466E+01
1237	267	4.11612E+01
4760	269	4.11893E+01
4760	230	4.11928E+01
4863	269	4.11986E+01
4863	230	4.12052E+01
4760	310	4.12345E+01
1237	437	4.12436E+01
4760	191	4.12441E+01
4863	310	4.12445E+01
1237	187	4.12459E+01
4760	150	4.12498E+01
4863	191	4.12533E+01
4760	270	4.12543E+01
4863	150	4.12619E+01
1237	557	4.12651E+01
4863	270	4.12685E+01
1237	390	4.12722E+01
1237	515	4.12786E+01
4760	351	4.12944E+01
4863	351	4.13027E+01
4760	153	4.13045E+01
4760	113	4.13078E+01
4863	153	4.13090E+01
4863	113	4.13196E+01
4760	392	4.13388E+01
4863	392	4.13397E+01
4760	228	4.13956E+01
4863	228	4.14051E+01
4863	475	4.14053E+01
1237	562	4.14062E+01
4760	475	4.14198E+01
4760	79	4.14207E+01
4863	433	4.14263E+01
4966	115	4.14269E+01
4863	79	4.14309E+01
4760	434	4.14326E+01
4863	434	4.14404E+01
4760	433	4.14412E+01
4760	309	4.14435E+01
4863	309	4.14454E+01
1237	599	4.14556E+01
4966	152	4.14606E+01
1237	77	4.14663E+01
1237	233	4.14717E+01
4863	517	4.14749E+01
4863	350	4.14787E+01
4966	151	4.14805E+01
4760	350	4.14828E+01
4966	190	4.14886E+01
4760	517	4.14917E+01
4760	311	4.14980E+01
1237	273	4.14982E+01
1237	473	4.15039E+01
4966	81	4.15115E+01
4863	311	4.15172E+01
4863	117	4.15187E+01
4760	117	4.15202E+01
4966	114	4.15287E+01
1237	111	4.15360E+01
4760	393	4.15370E+01
4863	393	4.15564E+01
4966	116	4.15604E+01
4760	268	4.15693E+01
4863	268	4.15743E+01
4863	516	4.15835E+01
4966	229	4.15908E+01
4760	352	4.15938E+01
4760	188	4.15950E+01
4863	558	4.16025E+01
4863	188	4.16069E+01
4863	559	4.16091E+01
1237	148	4.16152E+01
4863	352	4.16159E+01
4863	391	4.16182E+01
4760	476	4.16221E+01
4760	516	4.16323E+01
4760	559	4.16330E+01
4760	391	4.16339E+01
4863	476	4.16365E+01
4966	189	4.16463E+01
4966	230	4.16533E+01
4966	80	4.16590E+01
4760	558	4.16640E+01
4863	474	4.16704E+01
4966	269	4.16837E+01
4966	191	4.16926E+01
4966	310	4.16966E+01
4966	270	4.17091E+01
4760	231	4.17093E+01
4760	474	4.17110E+01
4863	600	4.17194E+01
4863	231	4.17233E+01
1237	194	4.17282E+01
4966	351	4.17328E+01
4966	153	4.17402E+01
4966	392	4.17561E+01
4966	475	4.17620E+01
4760	271	4.17691E+01
1237	156	4.17720E+01
4966	517	4.17808E+01
4863	271	4.17885E+01
4966	434	4.18001E+01
4760	600	4.18002E+01
4966	150	4.18024E+01
4863	601	4.18168E+01
4966	433	4.18352E+01
4760	149	4.18355E+01
4760	112	4.18388E+01
4760	518	4.18491E+01
4863	149	4.18498E+01
4760	192	4.18507E+01
1237	479	4.18509E+01
4863	112	4.18534E+01
4760	601	4.18542E+01
4863	192	4.18587E+01
4966	113	4.18630E+01
4760	78	4.18649E+01
4966	559	4.18657E+01
4863	518	4.18675E+01
4863	78	4.18779E+01
4863	432	4.19060E+01
4966	558	4.19099E+01
1237	396	4.19132E+01
4760	154	4.19217E+01
4966	311	4.19220E+01
4760	435	4.19228E+01
4863	154	4.19232E+01
4966	393	4.19234E+01
4966	117	4.19296E+01
4966	228	4.19360E+01
4966	516	4.19395E+01
4760	432	4.19409E+01
4966	309	4.19416E+01
4966	476	4.19416E+01
4623	189	4.19493E+01
4966	350	4.19542E+01
4863	435	4.19556E+01
4623	228	4.19685E+01
4966	79	4.19697E+01
4966	600	4.19788E+01
1237	431	4.19816E+01
4966	352	4.19970E+01
1237	604	4.20055E+01
1237	120	4.20230E+01
4966	601	4.20258E+01
4966	474	4.20754E+01
4623	188	4.20766E+01
4966	391	4.20807E+01
4863	557	4.20832E+01
4623	229	4.20871E+01
4966	268	4.21009E+01
4760	227	4.21025E+01
4623	150	4.21056E+01
1237	226	4.21077E+01
4623	268	4.21097E+01
4863	308	4.21103E+01
4760	560	4.21104E+01
4863	227	4.21109E+01
4760	308	4.21155E+01
4863	599	4.21164E+01
4966	518	4.21203E+01
4966	231	4.21258E+01
4863	560	4.21283E+01
4863	349	4.21352E+01
4760	349	4.21501E+01
4623	151	4.21548E+01
4863	118	4.21594E+01
4966	188	4.21626E+01
4760	118	4.21651E+01
4863	515	4.21774E+01
4760	557	4.21779E+01
4966	271	4.21816E+01
1237	307	4.21854E+01
4623	269	4.21956E+01
1237	314	4.22017E+01
4760	394	4.22332E+01
4760	599	4.22353E+01
4623	190	4.22356E+01
4760	312	4.22369E+01
4760	515	4.22541E+01
4966	192	4.22543E+01
4966	435	4.22624E+01
4863	312	4.22659E+01
3086	78	4.22690E+01
4863	394	4.22727E+01
1237	348	4.22844E+01
3086	79	4.22870E+01
4623	309	4.23003E+01
1237	355	4.23051E+01
4623	227	4.23115E+01
1237	76	4.23125E+01
4966	154	4.23136E+01
4760	477	4.23302E+01
4966	560	4.23316E+01
4966	432	4.23606E+01
4863	477	4.23761E+01
4760	267	4.23814E+01
4863	390	4.23827E+01
4863	267	4.23829E+01
4760	353	4.23837E+01
4623	149	4.23987E+01
4760	390	4.24125E+01
3086	77	4.24184E+01
4863	353	4.24208E+01
4863	473	4.24209E+01
4966	149	4.24225E+01
4760	187	4.24229E+01
4966	599	4.24245E+01
4966	112	4.24252E+01
4760	602	4.24337E+01
4863	187	4.24358E+01
4966	557	4.24389E+01
4966	78	4.24416E+01
4863	602	4.24447E+01
1237	521	4.24492E+01
4623	114	4.24688E+01
4760	77	4.24696E+01
4623	113	4.24698E+01
3086	80	4.24737E+01
4760	473	4.24839E+01
4863	77	4.24852E+01
4623	308	4.25023E+01
4623	267	4.25289E+01
4966	118	4.25325E+01
4623	152	4.25546E+01
1237	186	4.25569E+01
4966	515	4.25804E+01
1237	266	4.25863E+01
4966	394	4.25863E+01
4760	111	4.25931E+01
4623	187	4.26002E+01
4623	350	4.26008E+01
4966	602	4.26025E+01
4863	111	4.26102E+01
1237	110	4.26127E+01
4966	312	4.26198E+01
3086	112	4.26201E+01
4966	477	4.26258E+01
1237	556	4.26306E+01
4760	232	4.26356E+01
4966	308	4.26476E+01
4623	310	4.26504E+01
4863	232	4.26511E+01
4966	349	4.26532E+01
3086	113	4.26670E+01
4966	227	4.26793E+01
4623	230	4.26839E+01
4760	148	4.27104E+01
4760	519	4.27267E+01
4863	148	4.27268E+01
1237	514	4.27270E+01
3086	76	4.27319E+01
4760	272	4.27328E+01
4623	349	4.27345E+01
4623	112	4.27381E+01
4623	115	4.27422E+01
4966	353	4.27491E+01
4863	272	4.27577E+01
1237	598	4.27633E+01
4863	519	4.27835E+01
1237	389	4.27966E+01
4623	270	4.28071E+01
3086	111	4.28081E+01
4760	193	4.28111E+01
4863	193	4.28176E+01
4863	155	4.28277E+01
4760	155	4.28297E+01
3086	81	4.28306E+01
4863	431	4.28677E+01
4966	473	4.28709E+01
1237	438	4.28727E+01
4966	390	4.28879E+01
1237	147	4.28912E+01
4760	431	4.29195E+01
4760	436	4.29200E+01
4623	391	4.29326E+01
4623	191	4.29440E+01
4966	267	4.29482E+01
3086	149	4.29489E+01
3086	114	4.29533E+01
4863	436	4.29795E+01
4863	598	4.29798E+01
4966	519	4.29798E+01
1237	234	4.29903E+01
4966	232	4.30050E+01
4623	148	4.30180E+01
4966	187	4.30256E+01
4863	556	4.30312E+01
4863	119	4.30325E+01
3086	150	4.30364E+01
4760	119	4.30428E+01
4623	351	4.30495E+01
1237	472	4.30712E+01
4966	77	4.30721E+01
4623	226	4.30910E+01
1237	274	4.30973E+01
4966	272	4.30998E+01
1237	563	4.31032E+01
1237	157	4.31088E+01
4623	79	4.31267E+01
4760	598	4.31313E+01
4623	390	4.31314E+01
4760	561	4.31314E+01
4623	80	4.31420E+01
4760	556	4.31542E+01
3086	148	4.31658E+01
4966	193	4.31668E+01
4966	155	4.31750E+01
4760	226	4.31906E+01
4863	561	4.31949E+01
4863	226	4.31984E+01
3086	75	4.32029E+01
1237	195	4.32062E+01
4966	111	4.32087E+01
4863	307	4.32205E+01
3086	110	4.32241E+01
4623	307	4.32281E+01
4966	436	4.32294E+01
4760	76	4.32300E+01
4760	307	4.32313E+01
1237	121	4.32364E+01
4863	514	4.32411E+01
4863	76	4.32480E+01
4863	348	4.32551E+01
4623	111	4.32633E+01
4760	348	4.32787E+01
3086	188	4.32830E+01
4623	116	4.32944E+01
1237	75	4.33033E+01
4623	153	4.33063E+01
4623	78	4.33095E+01
4623	432	4.33294E+01
4966	148	4.33298E+01
4623	392	4.33325E+01
4966	598	4.33348E+01
4760	514	4.33414E+01
4966	561	4.33431E+01
4623	81	4.33578E+01
4966	431	4.33650E+01
4966	119	4.33660E+01
3086	187	4.33745E+01
4623	348	4.34222E+01
4623	266	4.34227E+01
4760	395	4.34313E+01
4966	556	4.34328E+01
3086	151	4.34354E+01
4760	313	4.34501E+01
3086	115	4.34813E+01
4863	313	4.34893E+01
4863	395	4.34920E+01
4623	186	4.34942E+01
3086	189	4.35554E+01
4623	433	4.35609E+01
4760	110	4.35612E+01
4760	478	4.35624E+01
4623	311	4.35719E+01
4760	186	4.35794E+01
4863	110	4.35807E+01
3086	227	4.35851E+01
4760	603	4.35862E+01
4863	186	4.35934E+01
4863	266	4.36019E+01
4760	266	4.36030E+01
4863	389	4.36154E+01
4863	472	4.36413E+01
4863	478	4.36420E+01
4863	603	4.36508E+01
4760	389	4.36568E+01
4760	354	4.36647E+01
3086	147	4.36729E+01
3086	228	4.36766E+01
4623	77	4.36862E+01
4966	514	4.36883E+01
4623	431	4.37005E+01
1237	430	4.37113E+01
4863	354	4.37174E+01
1237	225	4.37199E+01
4760	472	4.37228E+01
1237	480	4.37475E+01
4966	395	4.37482E+01
1237	397	4.37570E+01
4966	603	4.37578E+01
4623	231	4.37672E+01
4966	313	4.37885E+01
4966	307	4.37961E+01
4966	226	4.38018E+01
4966	348	4.38126E+01
3086	186	4.38142E+01
3086	74	4.38207E+01
4966	478	4.38325E+01
4623	474	4.38449E+01
4760	147	4.38563E+01
4966	76	4.38566E+01
3086	109	4.38570E+01
3086	267	4.38655E+01
1237	605	4.38708E+01
4623	473	4.38721E+01
4863	147	4.38747E+01
1237	109	4.38862E+01
3086	268	4.38876E+01
3086	226	4.38920E+01
4623	389	4.38983E+01
3630	75	4.39216E+01
1237	306	4.39323E+01
4623	147	4.39402E+01
4623	271	4.39565E+01
4760	233	4.39670E+01
3630	74	4.39673E+01
4863	233	4.39838E+01
4966	354	4.39889E+01
4863	156	4.40199E+01
4760	156	4.40259E+01
4623	110	4.40320E+01
3086	308	4.40328E+01
3630	76	4.40438E+01
1237	315	4.40643E+01
4623	192	4.40757E+01
1237	347	4.40852E+01
4623	352	4.41005E+01
4760	194	4.41203E+01
4863	194	4.41249E+01
4623	117	4.41264E+01
4966	472	4.41336E+01
4863	120	4.41349E+01
4760	75	4.41371E+01
4760	273	4.41426E+01
3086	152	4.41453E+01
4760	120	4.41503E+01
4760	520	4.41572E+01
4863	75	4.41574E+01
4966	389	4.41607E+01
1237	185	4.41608E+01
3630	73	4.41682E+01
4863	273	4.41728E+01
3086	229	4.41797E+01
3086	190	4.41985E+01
4966	266	4.42033E+01
4966	110	4.42042E+01
3086	349	4.42082E+01
4966	186	4.42151E+01
3086	309	4.42224E+01
1237	356	4.42375E+01
4623	76	4.42492E+01
3086	116	4.42513E+01
4863	520	4.42552E+01
3086	266	4.42694E+01
4623	225	4.42722E+01
4863	597	4.42858E+01
4966	233	4.42859E+01
3524	75	4.42875E+01
4863	430	4.42918E+01
3086	307	4.42979E+01
4623	515	4.43015E+01
4966	156	4.43218E+01
3524	74	4.43297E+01
3630	77	4.43427E+01
3086	269	4.43517E+01
4623	393	4.43532E+01
4760	430	4.43571E+01
1237	265	4.43746E+01
3086	390	4.43806E+01
4966	520	4.43923E+01
1237	555	4.43982E+01
4623	154	4.44068E+01
1237	146	4.44076E+01
3086	350	4.44126E+01
3524	76	4.44138E+01
4623	434	4.44205E+01
4966	194	4.44249E+01
1237	74	4.44253E+01
4863	555	4.44266E+01
4966	120	4.44268E+01
4760	437	4.44377E+01
4623	306	4.44390E+01
4623	475	4.44427E+01
3086	146	4.44487E+01
4966	273	4.44605E+01
4760	597	4.44641E+01
1237	597	4.44652E+01
3630	109	4.44667E+01
3086	348	4.44710E+01
3086	391	4.44732E+01
4623	472	4.44943E+01
4966	147	4.45062E+01
3630	72	4.45093E+01
3086	432	4.45094E+01
4863	437	4.45252E+01
3524	73	4.45278E+01
3630	110	4.45516E+01
4623	516	4.45665E+01
3086	73	4.45712E+01
4760	555	4.45725E+01
3086	225	4.45740E+01
3086	185	4.45781E+01
1237	513	4.45833E+01
1237	522	4.45988E+01
3630	108	4.46095E+01
3086	431	4.46236E+01
4623	347	4.46250E+01
4760	225	4.46315E+01
4863	225	4.46390E+01
4623	430	4.46404E+01
4623	514	4.46483E+01
3086	473	4.46496E+01
1237	122	4.46785E+01
4966	597	4.46857E+01
3086	108	4.46901E+01
4966	437	4.47138E+01
3524	77	4.47176E+01
3086	474	4.47213E+01
4623	185	4.47261E+01
4760	109	4.47299E+01
1237	388	4.47324E+01
1237	158	4.47421E+01
4760	562	4.47431E+01
4863	306	4.47467E+01
4623	265	4.47509E+01
4863	109	4.47516E+01
3086	515	4.47548E+01
4863	513	4.47551E+01
3086	389	4.47560E+01
4760	306	4.47617E+01
4966	75	4.47863E+01
4863	347	4.48105E+01
3524	109	4.48207E+01
3630	78	4.48228E+01
4966	430	4.48292E+01
4760	347	4.48408E+01
2858	77	4.48555E+01
4863	562	4.48563E+01
3086	433	4.48658E+01
3524	72	4.48664E+01
4966	555	4.48718E+01
4760	513	4.48740E+01
3086	310	4.48779E+01
3630	111	4.48785E+01
2858	111	4.48811E+01
2964	77	4.48945E+01
3086	557	4.49040E+01
3524	110	4.49095E+01
1237	235	4.49137E+01
4623	557	4.49192E+01
2858	76	4.49216E+01
2964	111	4.49217E+01
3086	516	4.49472E+01
4966	562	4.49485E+01
3630	107	4.49594E+01
3524	108	4.49602E+01
2964	76	4.49712E+01
3630	71	4.49735E+01
2858	78	4.49794E+01
4623	75	4.49859E+01
2858	112	4.49906E+01
3086	306	4.49950E+01
3630	146	4.50008E+01
2964	78	4.50072E+01
3086	514	4.50109E+01
2858	148	4.50116E+01
2964	112	4.50179E+01
2858	110	4.50258E+01
4623	109	4.50261E+01
4623	556	4.50308E+01
3086	472	4.50351E+01
4760	185	4.50367E+01
1237	196	4.50399E+01
3086	392	4.50432E+01
1237	471	4.50466E+01
3630	147	4.50497E+01
2964	148	4.50519E+01
4863	185	4.50520E+01
1237	439	4.50703E+01
3086	265	4.50725E+01
4623	312	4.50764E+01
2964	110	4.50789E+01
3086	556	4.50796E+01
2752	77	4.50806E+01
3086	351	4.50935E+01
3086	599	4.50940E+01
3086	230	4.50987E+01
2752	111	4.51068E+01
2858	149	4.51325E+01
4623	146	4.51359E+01
4760	314	4.51360E+01
4760	396	4.51391E+01
1237	275	4.51412E+01
2752	76	4.51432E+01
2964	149	4.51576E+01
3086	153	4.51599E+01
3086	558	4.51673E+01
2858	75	4.51685E+01
4760	74	4.51781E+01
3086	347	4.51808E+01
4863	314	4.51855E+01
4623	388	4.51928E+01
3086	430	4.51973E+01
4863	265	4.51987E+01
4863	74	4.52004E+01
4760	265	4.52015E+01
3524	78	4.52036E+01
2752	78	4.52081E+01
2858	147	4.52100E+01
3086	191	4.52103E+01
2752	112	4.52203E+01
4863	396	4.52218E+01
3086	598	4.52253E+01
2858	187	4.52282E+01
2964	75	4.52282E+01
3630	145	4.52292E+01
4623	118	4.52361E+01
2752	148	4.52384E+01
3630	40	4.52408E+01
3524	111	4.52411E+01
4966	513	4.52442E+01
2752	110	4.52476E+01
4760	146	4.52484E+01
3086	475	4.52573E+01
2964	187	4.52607E+01
3086	117	4.52614E+01
3086	270	4.52638E+01
2964	147	4.52646E+01
4863	146	4.52688E+01
4966	225	4.52751E+01
4863	388	4.52882E+01
2858	79	4.52984E+01
3524	107	4.53073E+01
4863	471	4.53086E+01
2858	186	4.53119E+01
2964	79	4.53142E+01
10851	600	4.53218E+01
3524	71	4.53285E+01
1237	108	4.53367E+01
4760	388	4.53382E+01
4623	232	4.53400E+01
10851	559	4.53417E+01
3524	146	4.53466E+01
4760	479	4.53475E+01
4966	306	4.53580E+01
2964	186	4.53604E+01
2752	149	4.53630E+01
2858	113	4.53641E+01
4760	604	4.53694E+01
2964	113	4.53773E+01
2752	75	4.53867E+01
3086	600	4.53952E+01
4966	109	4.53986E+01
3524	147	4.53992E+01
3630	148	4.54007E+01
4760	471	4.54044E+01
4966	347	4.54049E+01
2858	109	4.54103E+01
4966	396	4.54159E+01
4966	314	4.54261E+01
4623	558	4.54316E+01
2752	147	4.54331E+01
10851	601	4.54363E+01
3086	72	4.54385E+01
4760	355	4.54393E+01
10851	476	4.54515E+01
10851	517	4.54547E+01
3630	112	4.54565E+01
2752	187	4.54576E+01
3630	185	4.54609E+01
4863	479	4.54626E+01
4863	121	4.54648E+01
3086	145	4.54661E+01
4623	517	4.54734E+01
2964	109	4.54753E+01
2858	226	4.54816E+01
3630	79	4.54858E+01
4760	121	4.54860E+01
1237	564	4.54892E+01
3630	106	4.54905E+01
4863	604	4.54932E+01
10851	518	4.54983E+01
4863	157	4.55015E+01
10851	435	4.55029E+01
4863	355	4.55079E+01
4760	157	4.55121E+01
2964	226	4.55214E+01
2858	188	4.55298E+01
2752	79	4.55307E+01
2752	186	4.55386E+01
3630	70	4.55424E+01
2964	188	4.55454E+01
10851	394	4.55511E+01
4966	604	4.55516E+01
4623	513	4.55719E+01
3524	145	4.55720E+01
10851	353	4.55778E+01
10932	600	4.55786E+01
3086	388	4.55795E+01
2858	227	4.55813E+01
10851	558	4.55823E+01
2858	74	4.55830E+01
2858	150	4.55902E+01
4966	479	4.55903E+01
3086	517	4.55963E+01
2752	113	4.55978E+01
3086	224	4.55979E+01
4623	598	4.55983E+01
2964	150	4.55994E+01
2964	227	4.56037E+01
3524	40	4.56093E+01
10932	559	4.56161E+01
3630	186	4.56273E+01
4623	193	4.56277E+01
3630	184	4.56282E+01
2752	109	4.56284E+01
3086	184	4.56347E+01
1237	224	4.56364E+01
10851	312	4.56487E+01
4623	272	4.56503E+01
2964	74	4.56523E+01
1237	73	4.56622E+01
10851	272	4.56631E+01
4623	471	4.56732E+01
3086	555	4.56816E+01
4623	599	4.56883E+01
4623	476	4.56907E+01
3086	434	4.56967E+01
3086	107	4.57006E+01
4760	234	4.57011E+01
2858	146	4.57034E+01
4966	185	4.57034E+01
3086	513	4.57038E+01
3630	144	4.57046E+01
10851	477	4.57087E+01
2752	226	4.57119E+01
4966	121	4.57132E+01
10851	313	4.57138E+01
4966	355	4.57182E+01
4863	234	4.57188E+01
10932	517	4.57188E+01
10932	476	4.57223E+01
10932	601	4.57285E+01
4623	555	4.57311E+01
10851	434	4.57469E+01
10851	393	4.57480E+01
2858	185	4.57541E+01
3524	148	4.57547E+01
4966	157	4.57555E+01
2752	188	4.57618E+01
3630	39	4.57660E+01
4623	353	4.57670E+01
3086	597	4.57715E+01
2964	146	4.57715E+01
10932	435	4.57746E+01
4760	195	4.57786E+01
4863	195	4.57806E+01
10932	518	4.57812E+01
10851	560	4.57907E+01
2858	266	4.57927E+01
10851	232	4.57957E+01
2752	74	4.57980E+01
2858	225	4.58004E+01
3524	185	4.58035E+01
10851	233	4.58100E+01
4623	224	4.58119E+01
2752	227	4.58124E+01
2858	80	4.58148E+01
2964	185	4.58177E+01
2964	80	4.58182E+01
2858	267	4.58190E+01
10932	394	4.58209E+01
2752	150	4.58244E+01
3524	112	4.58247E+01
10851	273	4.58285E+01
10932	558	4.58325E+01
2964	266	4.58331E+01
4966	265	4.58337E+01
3524	106	4.58358E+01
11014	600	4.58361E+01
1237	429	4.58384E+01
4966	471	4.58409E+01
2964	267	4.58417E+01
10851	475	4.58419E+01
10851	352	4.58442E+01
10932	353	4.58460E+01
4966	74	4.58482E+01
4623	155	4.58521E+01
2964	225	4.58565E+01
3086	471	4.58631E+01
4966	388	4.58710E+01
3524	79	4.58734E+01
11014	559	4.58765E+01
4623	74	4.58794E+01
10851	354	4.58834E+01
3086	559	4.58836E+01
10851	436	4.58868E+01
3524	70	4.58957E+01
3630	225	4.58997E+01
10851	599	4.59022E+01
10932	312	4.59208E+01
2752	146	4.59228E+01
4966	146	4.59270E+01
4623	435	4.59286E+01
10932	272	4.59306E+01
3630	224	4.59428E+01
10851	395	4.59573E+01
4966	234	4.59658E+01
3524	184	4.59684E+01
10932	313	4.59718E+01
3524	186	4.59728E+01
2752	185	4.59778E+01
10851	194	4.59808E+01
11014	517	4.59852E+01
10851	271	4.59862E+01
11014	601	4.59876E+01
11014	476	4.59887E+01
10851	193	4.59897E+01
10932	477	4.59919E+01
4760	274	4.59963E+01
3086	311	4.60015E+01
2964	114	4.60068E+01
2858	114	4.60081E+01
4863	596	4.60102E+01
4623	394	4.60109E+01
2858	108	4.60149E+01
10932	434	4.60161E+01
10932	393	4.60214E+01
1237	184	4.60222E+01
2752	266	4.60264E+01
4966	195	4.60286E+01
2752	225	4.60292E+01
4863	274	4.60316E+01
1237	305	4.60354E+01
11014	435	4.60400E+01
11014	518	4.60409E+01
3524	144	4.60447E+01
2858	307	4.60486E+01
2752	80	4.60510E+01
2752	267	4.60513E+01
10932	233	4.60614E+01
10932	232	4.60684E+01
3630	149	4.60721E+01
10851	516	4.60730E+01
10932	273	4.60779E+01
2964	307	4.60792E+01
4760	108	4.60797E+01
4623	305	4.60860E+01
11014	394	4.60862E+01
3086	305	4.60905E+01
2964	108	4.60913E+01
3086	393	4.60921E+01
3630	183	4.60928E+01
10932	560	4.60948E+01
11014	558	4.60966E+01
4863	108	4.61036E+01
10932	475	4.61042E+01
4623	429	4.61049E+01
4623	597	4.61049E+01
11014	353	4.61146E+01
10851	311	4.61171E+01
10932	352	4.61221E+01
2858	228	4.61263E+01
10932	599	4.61304E+01
2964	228	4.61305E+01
3524	39	4.61330E+01
1237	145	4.61341E+01
10932	354	4.61436E+01
1237	398	4.61465E+01
4863	429	4.61479E+01
2858	73	4.61484E+01
3086	601	4.61517E+01
3630	187	4.61556E+01
10932	436	4.61642E+01
3630	105	4.61730E+01
4760	521	4.61861E+01
3630	69	4.61966E+01
11014	312	4.61991E+01
11014	272	4.62048E+01
3086	429	4.62085E+01
4760	596	4.62089E+01
10851	231	4.62114E+01
2858	265	4.62157E+01
10851	519	4.62206E+01
4623	108	4.62215E+01
4760	429	4.62230E+01
10932	395	4.62257E+01
2964	73	4.62267E+01
11014	313	4.62278E+01
3630	265	4.62293E+01
2752	108	4.62294E+01
10932	194	4.62318E+01
2964	189	4.62336E+01
2858	189	4.62356E+01
3086	264	4.62371E+01
3524	225	4.62419E+01
3630	226	4.62434E+01
4863	554	4.62452E+01
2752	114	4.62460E+01
11014	477	4.62483E+01
3086	352	4.62517E+01
4623	184	4.62563E+01
1237	346	4.62578E+01
10851	234	4.62578E+01
4966	274	4.62611E+01
3086	476	4.62620E+01
10932	193	4.62635E+01
2858	308	4.62708E+01
10932	271	4.62724E+01
2964	265	4.62729E+01
10851	602	4.62742E+01
1237	481	4.62797E+01
2964	308	4.62831E+01
3524	224	4.62839E+01
2752	307	4.62855E+01
3630	113	4.62908E+01
4623	346	4.62931E+01
11014	434	4.62961E+01
11014	393	4.63042E+01
3086	346	4.63057E+01
3630	38	4.63161E+01
10851	314	4.63165E+01
2858	306	4.63181E+01
11014	233	4.63189E+01
10851	156	4.63199E+01
10932	516	4.63232E+01
2858	268	4.63262E+01
11014	273	4.63281E+01
4863	521	4.63282E+01
2964	268	4.63303E+01
3630	80	4.63320E+01
3630	223	4.63342E+01
4760	73	4.63369E+01
10851	195	4.63371E+01
11014	232	4.63506E+01
11014	560	4.63537E+01
2752	228	4.63578E+01
10851	192	4.63600E+01
2752	73	4.63604E+01
4863	73	4.63612E+01
3630	264	4.63628E+01
2964	306	4.63662E+01
2858	348	4.63668E+01
10851	155	4.63753E+01
11014	475	4.63821E+01
2964	151	4.63871E+01
4760	224	4.63874E+01
11014	599	4.63890E+01
3630	143	4.63913E+01
11014	354	4.63924E+01
2964	348	4.63925E+01
2858	151	4.63946E+01
4863	224	4.63953E+01
4966	521	4.64041E+01
10932	311	4.64043E+01
3086	71	4.64051E+01
1237	316	4.64077E+01
4760	554	4.64083E+01
11014	352	4.64110E+01
4623	600	4.64123E+01
11014	436	4.64162E+01
3086	231	4.64298E+01
3524	183	4.64311E+01
3524	149	4.64312E+01
2752	265	4.64498E+01
4966	596	4.64533E+01
1237	606	4.64587E+01
2858	145	4.64617E+01
4623	264	4.64637E+01
2752	189	4.64701E+01
3086	154	4.64707E+01
11014	395	4.64743E+01
1237	264	4.64825E+01
10851	274	4.64867E+01
10932	234	4.64881E+01
11014	194	4.64918E+01
10851	557	4.64938E+01
4760	438	4.64985E+01
2858	224	4.65009E+01
2752	308	4.65028E+01
3524	187	4.65047E+01
10932	231	4.65056E+01
3630	266	4.65070E+01
3086	118	4.65078E+01
3524	105	4.65161E+01
2858	184	4.65202E+01
2964	81	4.65206E+01
10932	519	4.65266E+01
2858	81	4.65302E+01
1237	596	4.65334E+01
1237	554	4.65401E+01
10851	392	4.65413E+01
2964	145	4.65427E+01
11014	193	4.65480E+01
3524	69	4.65484E+01
2752	268	4.65560E+01
2752	306	4.65584E+01
10851	157	4.65595E+01
10932	314	4.65616E+01
10932	195	4.65653E+01
11014	271	4.65704E+01
4623	145	4.65710E+01
2964	224	4.65725E+01
3524	265	4.65730E+01
10932	156	4.65764E+01
3630	305	4.65818E+01
3086	192	4.65823E+01
3630	306	4.65868E+01
3524	226	4.65870E+01
8310	75	4.65914E+01
2964	184	4.65982E+01
11014	516	4.65984E+01
4623	559	4.66007E+01
10932	602	4.66077E+01
2752	348	4.66080E+01
10851	433	4.66106E+01
2858	347	4.66127E+01
4863	438	4.66151E+01
8310	74	4.66161E+01
4623	119	4.66198E+01
3086	271	4.66216E+01
10851	478	4.66278E+01
2752	151	4.66326E+01
2858	349	4.66354E+01
2964	349	4.66428E+01
4863	305	4.66487E+01
10932	155	4.66543E+01
2964	347	4.66561E+01
10932	192	4.66564E+01
3524	113	4.66655E+01
4760	305	4.66663E+01
3524	223	4.66746E+01
10851	351	4.66771E+01
2752	145	4.66775E+01
1237	159	4.66814E+01
3524	38	4.66817E+01
1237	357	4.66848E+01
4863	512	4.66919E+01
3086	144	4.66925E+01
3086	554	4.66936E+01
11014	311	4.67051E+01
3524	264	4.67074E+01
2858	389	4.67110E+01
3086	518	4.67126E+01
3086	596	4.67158E+01
10932	274	4.67185E+01
11014	234	4.67207E+01
10851	154	4.67224E+01
4966	429	4.67230E+01
10932	557	4.67256E+01
3524	80	4.67275E+01
2752	224	4.67278E+01
3524	143	4.67292E+01
4966	554	4.67320E+01
2964	389	4.67357E+01
4966	438	4.67382E+01
2752	184	4.67408E+01
8310	109	4.67421E+01
8310	76	4.67478E+01
4760	184	4.67598E+01
4863	346	4.67622E+01
10851	355	4.67664E+01
2752	81	4.67704E+01
4966	108	4.67727E+01
4863	184	4.67764E+01
11014	519	4.67814E+01
10932	157	4.67931E+01
10851	270	4.67932E+01
11014	314	4.67956E+01
4760	346	4.67970E+01
11014	195	4.68005E+01
8310	73	4.68062E+01
3630	182	4.68119E+01
11014	231	4.68123E+01
2858	107	4.68140E+01
3086	512	4.68148E+01
1237	512	4.68175E+01
3086	387	4.68186E+01
10932	392	4.68208E+01
10330	311	4.68221E+01
4760	512	4.68244E+01
10330	271	4.68369E+01
11014	156	4.68438E+01
2858	72	4.68463E+01
8310	110	4.68483E+01
3524	266	4.68499E+01
3630	346	4.68521E+01
4760	145	4.68569E+01
3086	106	4.68602E+01
2752	347	4.68604E+01
3630	263	4.68643E+01
2752	349	4.68678E+01
10851	474	4.68692E+01
11014	602	4.68712E+01
3630	347	4.68718E+01
8310	108	4.68741E+01
4863	145	4.68793E+01
3630	37	4.68806E+01
10932	433	4.68806E+01
10330	270	4.68828E+01
2858	390	4.68970E+01
10330	231	4.69002E+01
2964	107	4.69010E+01
2964	390	4.69036E+01
2964	115	4.69100E+01
10851	437	4.69100E+01
4623	73	4.69102E+01
3630	68	4.69162E+01
3086	223	4.69214E+01
2858	115	4.69266E+01
10932	478	4.69269E+01
3524	305	4.69319E+01
2964	72	4.69331E+01
3524	306	4.69337E+01
1237	107	4.69383E+01
3086	183	4.69447E+01
11014	274	4.69448E+01
11014	155	4.69449E+01
10851	561	4.69569E+01
2752	389	4.69600E+01
4623	387	4.69629E+01
10414	311	4.69632E+01
11014	192	4.69652E+01
10932	351	4.69665E+01
8310	146	4.69734E+01
10851	396	4.69744E+01
10414	271	4.69749E+01
3630	104	4.69766E+01
4623	554	4.69799E+01
10851	120	4.69852E+01
3630	304	4.69854E+01
11014	557	4.69960E+01
1237	72	4.69966E+01
10851	119	4.69978E+01
3630	227	4.70023E+01
3086	435	4.70026E+01
4760	563	4.70042E+01
10330	351	4.70049E+01
2964	309	4.70060E+01
2858	309	4.70129E+01
10330	352	4.70178E+01
10932	355	4.70201E+01
4863	122	4.70225E+01
10932	154	4.70236E+01
2752	107	4.70250E+01
4966	73	4.70268E+01
3630	222	4.70275E+01
4623	512	4.70289E+01
11014	157	4.70371E+01
1237	387	4.70381E+01
10330	230	4.70392E+01
2858	305	4.70398E+01
10868	271	4.70402E+01
10414	270	4.70402E+01
3630	307	4.70404E+01
10330	310	4.70421E+01
10414	231	4.70439E+01
2858	264	4.70462E+01
2858	388	4.70467E+01
4760	122	4.70502E+01
4623	518	4.70505E+01
8310	147	4.70510E+01
10851	230	4.70547E+01
2752	72	4.70554E+01
4966	224	4.70617E+01
10868	311	4.70619E+01
3630	188	4.70656E+01
10851	196	4.70685E+01
3086	560	4.70736E+01
3630	150	4.70743E+01
3630	388	4.70860E+01
2964	388	4.70887E+01
10851	191	4.70920E+01
10868	231	4.70923E+01
8310	77	4.70969E+01
10932	270	4.70987E+01
10851	158	4.71012E+01
2964	305	4.71045E+01
3086	470	4.71085E+01
10851	310	4.71128E+01
2964	229	4.71189E+01
2964	264	4.71192E+01
11014	392	4.71221E+01
10949	271	4.71257E+01
10932	474	4.71272E+01
2858	430	4.71300E+01
4863	264	4.71305E+01
2858	431	4.71335E+01
2752	390	4.71336E+01
2858	229	4.71339E+01
4760	264	4.71340E+01
10330	392	4.71405E+01
2964	431	4.71421E+01
8310	72	4.71440E+01
10851	235	4.71462E+01
10414	351	4.71465E+01
3524	182	4.71486E+01
10949	311	4.71496E+01
10414	352	4.71544E+01
2964	430	4.71562E+01
10851	598	4.71566E+01
3630	387	4.71578E+01
10868	352	4.71587E+01
4623	596	4.71682E+01
2752	115	4.71689E+01
4623	313	4.71710E+01
4863	563	4.71712E+01
11014	478	4.71747E+01
11014	433	4.71764E+01
10949	231	4.71811E+01
10498	271	4.71815E+01
10498	311	4.71821E+01
8310	145	4.71857E+01
10932	437	4.71956E+01
10414	310	4.71968E+01
10851	121	4.72014E+01
10330	192	4.72036E+01
10414	230	4.72069E+01
4966	563	4.72084E+01
3524	263	4.72098E+01
3524	346	4.72100E+01
8310	111	4.72105E+01
10330	312	4.72189E+01
10868	270	4.72200E+01
8310	107	4.72203E+01
4966	512	4.72208E+01
3524	347	4.72241E+01
4966	122	4.72253E+01
8310	185	4.72273E+01
3630	267	4.72283E+01
2752	309	4.72383E+01
10851	118	4.72402E+01
1237	197	4.72417E+01
10330	393	4.72421E+01
10932	396	4.72435E+01
10949	352	4.72439E+01
3524	37	4.72450E+01
10932	120	4.72465E+01
11014	355	4.72496E+01
1237	236	4.72508E+01
3630	142	4.72508E+01
10498	231	4.72559E+01
10330	232	4.72566E+01
3630	345	4.72605E+01
3524	68	4.72666E+01
10330	191	4.72724E+01
10414	392	4.72727E+01
10932	196	4.72736E+01
11014	351	4.72762E+01
4863	158	4.72788E+01
2752	264	4.72795E+01
10932	119	4.72800E+01
2752	305	4.72818E+01
10498	270	4.72843E+01
10868	351	4.72858E+01
10868	192	4.72864E+01
10868	393	4.72909E+01
10868	232	4.72930E+01
4966	305	4.72933E+01
4760	158	4.72947E+01
10868	312	4.72956E+01
10932	561	4.72957E+01
4760	315	4.72967E+01
3086	40	4.72973E+01
3630	429	4.73009E+01
2752	388	4.73049E+01
10932	158	4.73118E+01
3524	104	4.73177E+01
10949	270	4.73177E+01
2964	269	4.73194E+01
2858	346	4.73343E+01
2858	269	4.73349E+01
2964	190	4.73352E+01
10868	392	4.73362E+01
11014	154	4.73371E+01
3524	304	4.73381E+01
10851	515	4.73398E+01
10414	192	4.73476E+01
3524	227	4.73481E+01
10414	312	4.73486E+01
11031	271	4.73508E+01
10330	272	4.73550E+01
10932	235	4.73556E+01
2858	190	4.73558E+01
4863	315	4.73562E+01
10868	230	4.73573E+01
3630	348	4.73581E+01
4623	470	4.73606E+01
4863	387	4.73610E+01
10851	153	4.73616E+01
3630	81	4.73617E+01
10932	598	4.73632E+01
10330	433	4.73651E+01
2752	229	4.73653E+01
8310	184	4.73667E+01
10949	232	4.73669E+01
3524	222	4.73673E+01
10498	352	4.73678E+01
10932	230	4.73704E+01
4760	397	4.73721E+01
10949	351	4.73741E+01
10949	192	4.73750E+01
10949	312	4.73759E+01
10414	232	4.73767E+01
10949	393	4.73768E+01
10414	393	4.73789E+01
2752	431	4.73802E+01
11031	311	4.73805E+01
10498	351	4.73805E+01
3630	114	4.73834E+01
3524	307	4.73839E+01
4863	470	4.73891E+01
10868	272	4.73895E+01
10868	434	4.73897E+01
4966	346	4.73912E+01
2752	430	4.73919E+01
1237	470	4.73945E+01
2964	346	4.73945E+01
3086	602	4.73963E+01
4623	233	4.74025E+01
10868	310	4.74068E+01
10932	191	4.74108E+01
10932	310	4.74161E+01
4760	387	4.74168E+01
11031	231	4.74173E+01
11014	474	4.74185E+01
10949	392	4.74191E+01
3524	188	4.74193E+01
11014	270	4.74207E+01
10330	434	4.74248E+01
2964	350	4.74338E+01
11014	437	4.74353E+01
3524	150	4.74396E+01
10932	121	4.74416E+01
8310	186	4.74430E+01
10414	191	4.74430E+01
2858	350	4.74456E+01
8310	148	4.74468E+01
10498	310	4.74469E+01
3524	388	4.74473E+01
3630	36	4.74495E+01
2858	144	4.74502E+01
1237	523	4.74513E+01
3086	70	4.74523E+01
2858	472	4.74526E+01
4966	184	4.74557E+01
11031	352	4.74590E+01
10949	230	4.74613E+01
10498	230	4.74617E+01
10851	315	4.74626E+01
10949	272	4.74633E+01
2964	472	4.74650E+01
10868	475	4.74710E+01
10414	272	4.74750E+01
10949	434	4.74753E+01
10868	433	4.74757E+01
11014	396	4.74761E+01
4863	397	4.74772E+01
10330	269	4.74799E+01
10868	191	4.74818E+01
4966	158	4.74824E+01
3630	389	4.74836E+01
11014	196	4.74838E+01
10868	193	4.74844E+01
10414	433	4.74860E+01
4760	470	4.74947E+01
10498	392	4.74993E+01
10949	310	4.75030E+01
3630	430	4.75178E+01
11014	120	4.75195E+01
2964	152	4.75229E+01
3524	387	4.75271E+01
11014	158	4.75318E+01
4966	315	4.75337E+01
2858	223	4.75376E+01
3086	304	4.75392E+01
10498	312	4.75400E+01
10932	118	4.75430E+01
2964	144	4.75432E+01
3630	428	4.75444E+01
10498	232	4.75476E+01
2858	152	4.75478E+01
8310	224	4.75522E+01
10949	433	4.75524E+01
10949	475	4.75525E+01
10330	193	4.75534E+01
10498	192	4.75553E+01
11014	561	4.75554E+01
10949	193	4.75563E+01
10414	434	4.75596E+01
2752	269	4.75614E+01
8310	225	4.75618E+01
4966	145	4.75624E+01
11014	235	4.75632E+01
11031	232	4.75685E+01
2858	183	4.75686E+01
3524	267	4.75708E+01
11031	312	4.75733E+01
11014	119	4.75739E+01
11031	270	4.75771E+01
3630	471	4.75805E+01
10932	515	4.75813E+01
10330	475	4.75846E+01
11031	393	4.75849E+01
4760	107	4.75853E+01
2752	346	4.75861E+01
3524	142	4.75866E+01
10949	191	4.75871E+01
3086	312	4.75882E+01
4623	107	4.75886E+01
10868	516	4.75921E+01
2752	190	4.75925E+01
10498	393	4.75961E+01
4760	72	4.75965E+01
4623	194	4.75981E+01
4966	397	4.76046E+01
3630	470	4.76071E+01
8310	71	4.76101E+01
4863	107	4.76112E+01
4623	477	4.76124E+01
11031	192	4.76131E+01
3086	394	4.76171E+01
2964	391	4.76206E+01
11031	351	4.76210E+01
4863	72	4.76226E+01
3086	428	4.76230E+01
3524	345	4.76231E+01
2964	223	4.76237E+01
11014	598	4.76263E+01
2858	391	4.76327E+01
1237	276	4.76383E+01
4623	156	4.76406E+01
2858	429	4.76422E+01
10330	350	4.76424E+01
10851	275	4.76437E+01
8310	78	4.76463E+01
10498	272	4.76467E+01
10851	122	4.76469E+01
10851	520	4.76477E+01
11031	272	4.76539E+01
8310	144	4.76548E+01
10868	353	4.76566E+01
2858	71	4.76568E+01
11031	392	4.76569E+01
10414	269	4.76579E+01
4623	223	4.76587E+01
2964	183	4.76599E+01
3630	386	4.76606E+01
2752	144	4.76625E+01
10949	516	4.76631E+01
10330	229	4.76646E+01
2752	350	4.76669E+01
10414	193	4.76709E+01
2964	432	4.76739E+01
3524	429	4.76763E+01
10330	474	4.76795E+01
11031	434	4.76819E+01
3630	67	4.76820E+01
3630	262	4.76829E+01
2858	432	4.76833E+01
10932	153	4.76848E+01
2964	429	4.76854E+01
10868	154	4.76892E+01
11014	121	4.76933E+01
10498	191	4.76955E+01
10932	315	4.76956E+01
10330	353	4.76999E+01
2858	471	4.77014E+01
11014	230	4.77015E+01
10868	474	4.77033E+01
3524	348	4.77041E+01
10498	433	4.77057E+01
10414	475	4.77105E+01
10851	117	4.77141E+01
4760	356	4.77154E+01
3086	263	4.77163E+01
2752	472	4.77166E+01
4760	480	4.77272E+01
10330	391	4.77288E+01
2964	471	4.77308E+01
2964	473	4.77315E+01
11031	230	4.77316E+01
2858	473	4.77365E+01
3630	181	4.77390E+01
11014	310	4.77397E+01
10949	353	4.77405E+01
3086	477	4.77416E+01
11014	191	4.77435E+01
3630	303	4.77474E+01
2964	71	4.77516E+01
8310	106	4.77516E+01
10330	190	4.77583E+01
11031	475	4.77604E+01
11031	193	4.77607E+01
2752	223	4.77621E+01
3524	114	4.77659E+01
3524	81	4.77662E+01
11031	310	4.77673E+01
10949	474	4.77700E+01
10330	154	4.77736E+01
2858	106	4.77768E+01
3630	512	4.77795E+01
10949	154	4.77797E+01
10498	434	4.77813E+01
10414	474	4.77827E+01
10330	516	4.77838E+01
2752	183	4.77859E+01
11031	433	4.77862E+01
10868	558	4.77888E+01
2752	152	4.77895E+01
4863	196	4.77911E+01
4760	196	4.77923E+01
10414	350	4.77924E+01
4966	264	4.77967E+01
10330	153	4.77989E+01
4863	356	4.77999E+01
3086	345	4.78013E+01
4623	601	4.78079E+01
1237	223	4.78105E+01
3524	36	4.78129E+01
8310	265	4.78200E+01
8310	183	4.78216E+01
10868	557	4.78239E+01
10498	193	4.78348E+01
10414	353	4.78349E+01
3524	389	4.78357E+01
4760	235	4.78400E+01
10868	153	4.78402E+01
8310	112	4.78416E+01
10868	599	4.78462E+01
4760	605	4.78470E+01
10868	517	4.78521E+01
2752	391	4.78539E+01
10868	155	4.78562E+01
10414	229	4.78570E+01
11014	118	4.78576E+01
4863	235	4.78578E+01
11031	191	4.78582E+01
10932	275	4.78585E+01
10330	309	4.78602E+01
10414	391	4.78613E+01
2752	71	4.78631E+01
2858	387	4.78641E+01
10932	122	4.78656E+01
11014	515	4.78676E+01
10949	558	4.78723E+01
3630	103	4.78726E+01
11031	516	4.78730E+01
2964	106	4.78739E+01
10851	603	4.78757E+01
10949	557	4.78770E+01
4863	480	4.78796E+01
3524	430	4.78813E+01
3086	353	4.78822E+01
8310	264	4.78828E+01
1237	440	4.78864E+01
10414	516	4.78902E+01
4623	273	4.78918E+01
10868	394	4.79072E+01
10949	599	4.79078E+01
11014	315	4.79079E+01
2752	432	4.79109E+01
2752	429	4.79155E+01
8310	223	4.79196E+01
10868	269	4.79200E+01
3630	513	4.79207E+01
10851	391	4.79212E+01
10414	154	4.79218E+01
2964	387	4.79229E+01
11031	353	4.79239E+01
2858	514	4.79244E+01
2964	514	4.79248E+01
3524	428	4.79294E+01
10949	155	4.79296E+01
10498	475	4.79305E+01
4966	480	4.79413E+01
10498	269	4.79418E+01
4966	356	4.79443E+01
10949	153	4.79476E+01
10949	517	4.79485E+01
10868	476	4.79500E+01
10414	190	4.79554E+01
10851	159	4.79555E+01
2858	513	4.79569E+01
4966	470	4.79592E+01
3524	471	4.79618E+01
10868	233	4.79625E+01
3630	308	4.79704E+01
3630	221	4.79721E+01
2964	513	4.79738E+01
10414	153	4.79739E+01
2752	473	4.79788E+01
4966	387	4.79791E+01
10932	520	4.79808E+01
2752	471	4.79824E+01
4966	196	4.79839E+01
2752	106	4.79845E+01
3086	119	4.79861E+01
4947	77	4.79873E+01
10498	474	4.79902E+01
8310	226	4.79912E+01
10868	435	4.79936E+01
10949	394	4.79985E+01
3524	470	4.80018E+01
4947	78	4.80019E+01
11031	474	4.80026E+01
3630	35	4.80142E+01
3630	554	4.80151E+01
11014	153	4.80208E+01
10949	233	4.80216E+01
11031	154	4.80236E+01
10330	432	4.80240E+01
3630	472	4.80247E+01
10868	350	4.80250E+01
3524	262	4.80290E+01
10868	391	4.80295E+01
10949	269	4.80305E+01
10414	309	4.80309E+01
3524	67	4.80310E+01
10498	353	4.80325E+01
1237	144	4.80360E+01
3524	386	4.80362E+01
4863	605	4.80365E+01
10932	117	4.80371E+01
3086	595	4.80373E+01
4623	428	4.80386E+01
4623	183	4.80387E+01
4844	77	4.80387E+01
8310	187	4.80458E+01
4966	235	4.80463E+01
3630	344	4.80472E+01
4966	605	4.80506E+01
10949	476	4.80506E+01
10498	350	4.80521E+01
10330	394	4.80539E+01
4623	72	4.80572E+01
10868	515	4.80578E+01
4623	354	4.80587E+01
10851	556	4.80595E+01
11014	275	4.80610E+01
11031	558	4.80657E+01
10851	350	4.80663E+01
3086	155	4.80698E+01
10868	190	4.80710E+01
4844	78	4.80731E+01
3630	469	4.80742E+01
3524	181	4.80744E+01
10868	194	4.80760E+01
10851	269	4.80766E+01
10868	229	4.80825E+01
10851	432	4.80829E+01
3630	511	4.80845E+01
10330	155	4.80870E+01
11031	557	4.80879E+01
2964	116	4.80880E+01
8310	305	4.80900E+01
3086	143	4.80909E+01
10949	435	4.80916E+01
3086	553	4.80919E+01
11014	122	4.80957E+01
10498	516	4.80980E+01
1237	183	4.80985E+01
10330	557	4.80989E+01
3524	303	4.81021E+01
11031	599	4.81027E+01
10498	391	4.81036E+01
4623	436	4.81039E+01
10949	515	4.81090E+01
4623	304	4.81101E+01
10949	391	4.81124E+01
10330	233	4.81143E+01
10868	313	4.81157E+01
10949	350	4.81184E+01
2858	116	4.81208E+01
4863	595	4.81236E+01
10330	515	4.81256E+01
2752	387	4.81285E+01
10949	194	4.81309E+01
10498	154	4.81320E+01
10414	432	4.81372E+01
11031	517	4.81381E+01
3086	105	4.81382E+01
4947	76	4.81388E+01
3086	39	4.81417E+01
11031	155	4.81422E+01
10932	159	4.81427E+01
10498	229	4.81561E+01
2858	304	4.81634E+01
10330	152	4.81642E+01
3086	232	4.81644E+01
4844	76	4.81716E+01
10414	557	4.81736E+01
11031	394	4.81775E+01
8310	149	4.81826E+01
8310	70	4.81840E+01
4947	79	4.81849E+01
3524	512	4.81850E+01
10851	190	4.81863E+01
11031	233	4.81882E+01
10851	197	4.81894E+01
10949	313	4.81898E+01
2752	514	4.81903E+01
10949	190	4.81929E+01
3630	228	4.81944E+01
3630	553	4.81953E+01
10414	394	4.81996E+01
10949	229	4.82017E+01
10414	515	4.82019E+01
3630	427	4.82074E+01
4623	144	4.82075E+01
10414	155	4.82082E+01
10932	391	4.82096E+01
10414	233	4.82115E+01
3524	103	4.82117E+01
8310	266	4.82120E+01
10868	600	4.82150E+01
10330	517	4.82190E+01
10330	558	4.82194E+01
8310	306	4.82211E+01
3630	431	4.82217E+01
11031	153	4.82222E+01
10330	435	4.82258E+01
10498	153	4.82282E+01
10851	479	4.82321E+01
11014	520	4.82324E+01
2858	263	4.82325E+01
11031	476	4.82353E+01
10868	598	4.82356E+01
10851	356	4.82356E+01
10868	432	4.82366E+01
3630	141	4.82436E+01
2964	304	4.82437E+01
10330	313	4.82452E+01
2752	513	4.82457E+01
10330	476	4.82532E+01
10498	190	4.82538E+01
10932	603	4.82563E+01
10949	598	4.82628E+01
2964	310	4.82651E+01
11031	435	4.82721E+01
10868	273	4.82734E+01
4623	120	4.82745E+01
3630	555	4.82759E+01
4844	79	4.82772E+01
10932	556	4.82793E+01
3630	596	4.82874E+01
2858	310	4.82921E+01
10851	152	4.82951E+01
4760	275	4.82956E+01
4966	107	4.83011E+01
11031	194	4.83012E+01
3086	193	4.83038E+01
4966	72	4.83047E+01
10949	432	4.83081E+01
3524	513	4.83089E+01
3524	308	4.83106E+01
3524	221	4.83115E+01
10868	152	4.83115E+01
3086	519	4.83138E+01
3086	511	4.83142E+01
10498	309	4.83158E+01
10868	309	4.83166E+01
10949	600	4.83186E+01
1237	428	4.83194E+01
4623	395	4.83196E+01
2964	263	4.83205E+01
10851	229	4.83207E+01
10330	194	4.83236E+01
11031	269	4.83238E+01
4863	275	4.83354E+01
4760	595	4.83362E+01
10949	273	4.83363E+01
3630	349	4.83364E+01
11014	159	4.83383E+01
10868	156	4.83406E+01
10414	558	4.83406E+01
11031	515	4.83410E+01
8310	143	4.83430E+01
10498	233	4.83430E+01
10330	599	4.83480E+01
8310	263	4.83516E+01
2858	555	4.83526E+01
11031	313	4.83537E+01
10498	557	4.83556E+01
10932	432	4.83572E+01
2964	555	4.83586E+01
10498	432	4.83629E+01
8310	346	4.83634E+01
10414	517	4.83645E+01
10414	313	4.83656E+01
4623	345	4.83659E+01
10414	152	4.83659E+01
2752	116	4.83675E+01
3630	189	4.83684E+01
10932	350	4.83691E+01
10932	197	4.83715E+01
11014	117	4.83720E+01
10498	155	4.83751E+01
3630	390	4.83759E+01
3524	35	4.83765E+01
3630	595	4.83784E+01
10414	435	4.83803E+01
11031	391	4.83806E+01
10498	515	4.83882E+01
3524	472	4.83901E+01
4863	428	4.83936E+01
10949	156	4.83967E+01
11031	350	4.83975E+01
8310	79	4.83998E+01
10932	269	4.84019E+01
2752	304	4.84055E+01
10414	476	4.84091E+01
3630	151	4.84096E+01
1237	71	4.84100E+01
4760	223	4.84125E+01
3524	344	4.84132E+01
8310	40	4.84132E+01
10498	394	4.84137E+01
3630	268	4.84142E+01
2964	515	4.84142E+01
10414	194	4.84148E+01
3086	272	4.84178E+01
10868	118	4.84188E+01
8310	304	4.84197E+01
10851	116	4.84199E+01
4863	223	4.84212E+01
10949	309	4.84227E+01
3086	386	4.84285E+01
10414	599	4.84299E+01
2858	515	4.84305E+01
3524	554	4.84334E+01
10949	152	4.84355E+01
8310	105	4.84360E+01
1237	304	4.84437E+01
10330	273	4.84466E+01
10868	117	4.84472E+01
2858	470	4.84485E+01
4947	75	4.84507E+01
4863	553	4.84545E+01
4623	560	4.84610E+01
3086	182	4.84627E+01
2752	263	4.84643E+01
4844	75	4.84661E+01
11031	598	4.84731E+01
4760	428	4.84749E+01
3630	66	4.84768E+01
3524	469	4.84794E+01
2858	345	4.84812E+01
2964	556	4.84820E+01
10932	356	4.84842E+01
10851	236	4.84872E+01
2858	556	4.84917E+01
11031	273	4.84920E+01
2964	470	4.84944E+01
3086	222	4.84955E+01
11031	190	4.84964E+01
2858	512	4.84990E+01
11031	600	4.85010E+01
4741	77	4.85011E+01
4966	275	4.85026E+01
4623	263	4.85031E+01
3524	511	4.85039E+01
11031	229	4.85056E+01
10868	559	4.85076E+01
10949	118	4.85089E+01
2752	310	4.85093E+01
10330	473	4.85115E+01
10851	473	4.85201E+01
11014	603	4.85266E+01
10932	190	4.85274E+01
3630	514	4.85296E+01
11014	391	4.85303E+01
2964	512	4.85323E+01
10498	313	4.85331E+01
10498	194	4.85360E+01
4947	80	4.85374E+01
4947	111	4.85378E+01
4741	78	4.85423E+01
3630	385	4.85432E+01
3524	228	4.85432E+01
8310	182	4.85461E+01
10414	273	4.85498E+01
10932	479	4.85502E+01
10949	117	4.85532E+01
2964	474	4.85547E+01
11014	197	4.85562E+01
2964	345	4.85574E+01
11014	556	4.85590E+01
2858	70	4.85591E+01
3086	69	4.85605E+01
4947	112	4.85606E+01
10498	558	4.85635E+01
8310	347	4.85650E+01
3630	34	4.85678E+01
11031	432	4.85702E+01
3524	431	4.85718E+01
2964	230	4.85768E+01
2858	474	4.85774E+01
11031	156	4.85774E+01
3524	141	4.85777E+01
4844	111	4.85803E+01
10851	438	4.85913E+01
10868	556	4.85921E+01
3524	427	4.85997E+01
10414	473	4.85998E+01
10330	598	4.86041E+01
10498	517	4.86042E+01
10330	268	4.86081E+01
4966	595	4.86086E+01
10498	435	4.86114E+01
2858	230	4.86119E+01
8310	222	4.86131E+01
