GRAM	c2h2	chi_tot
7481	380	9.52791E+01
7481	432	9.57051E+01
8111	380	9.75588E+01
8201	380	9.78969E+01
8111	432	9.79986E+01
7481	431	9.80753E+01
8201	432	9.82001E+01
7481	379	9.91271E+01
7481	473	9.94125E+01
8111	431	1.00551E+02
8201	431	1.00700E+02
7481	472	1.00892E+02
7481	430	1.01387E+02
8111	379	1.01539E+02
8111	473	1.01767E+02
8201	473	1.01849E+02
8201	379	1.01859E+02
7481	338	1.02268E+02
7481	471	1.03278E+02
8201	472	1.03473E+02
8111	472	1.03485E+02
7481	378	1.03906E+02
8111	430	1.04041E+02
7481	565	1.04106E+02
8201	430	1.04141E+02
8111	338	1.04555E+02
8201	338	1.05077E+02
7481	564	1.05234E+02
7481	429	1.05690E+02
8201	471	1.06004E+02
8111	471	1.06105E+02
8111	378	1.06448E+02
8201	565	1.06551E+02
8111	565	1.06616E+02
7481	470	1.06637E+02
8201	378	1.06754E+02
7481	563	1.07220E+02
8201	564	1.07838E+02
8111	564	1.08041E+02
7481	337	1.08133E+02
8111	429	1.08518E+02
8201	429	1.08574E+02
7481	609	1.08924E+02
8201	470	1.09507E+02
7481	377	1.09661E+02
8111	470	1.09691E+02
8201	563	1.09982E+02
7481	608	1.10095E+02
7481	562	1.10134E+02
8111	563	1.10316E+02
8111	337	1.10514E+02
7481	469	1.11034E+02
7481	428	1.11037E+02
8201	337	1.11045E+02
8201	609	1.11448E+02
8111	609	1.11737E+02
7481	607	1.12083E+02
8111	377	1.12330E+02
8201	377	1.12625E+02
8201	608	1.12790E+02
8201	562	1.13056E+02
8111	608	1.13259E+02
8111	562	1.13514E+02
7481	650	1.13796E+02
8111	428	1.14033E+02
8201	469	1.14050E+02
8201	428	1.14051E+02
7481	561	1.14055E+02
8111	469	1.14309E+02
7481	336	1.14924E+02
8201	607	1.14950E+02
7481	606	1.14961E+02
7481	649	1.15271E+02
8111	607	1.15590E+02
7481	376	1.16446E+02
8201	650	1.16473E+02
7481	468	1.16540E+02
8111	650	1.17101E+02
8201	561	1.17136E+02
8111	336	1.17398E+02
7481	427	1.17487E+02
7481	648	1.17537E+02
8111	561	1.17710E+02
8201	336	1.17939E+02
8201	606	1.18001E+02
8201	649	1.18131E+02
8111	606	1.18805E+02
7481	605	1.18811E+02
7481	691	1.18955E+02
8111	649	1.18975E+02
7481	560	1.19065E+02
8111	376	1.19238E+02
8201	376	1.19526E+02
8201	468	1.19700E+02
8111	468	1.20028E+02
8201	648	1.20580E+02
8201	427	1.20632E+02
8111	427	1.20647E+02
7481	647	1.20668E+02
7481	690	1.20907E+02
10205	380	1.20974E+02
10119	380	1.21009E+02
10119	338	1.21361E+02
10205	338	1.21393E+02
8111	648	1.21634E+02
8201	691	1.21860E+02
8201	605	1.22024E+02
10205	379	1.22139E+02
10119	379	1.22180E+02
8201	560	1.22306E+02
7481	335	1.22691E+02
8111	691	1.22969E+02
8111	605	1.22983E+02
8111	560	1.22986E+02
7481	467	1.23231E+02
7481	689	1.23635E+02
7481	604	1.23724E+02
8201	647	1.23896E+02
8201	690	1.24004E+02
7481	286	1.24040E+02
10205	378	1.24203E+02
10119	378	1.24248E+02
7481	375	1.24319E+02
7481	732	1.24700E+02
10119	337	1.24734E+02
7481	646	1.24749E+02
10205	337	1.24778E+02
7481	426	1.25107E+02
8111	647	1.25150E+02
7481	559	1.25258E+02
8111	335	1.25258E+02
8111	690	1.25363E+02
8201	335	1.25812E+02
10205	431	1.25816E+02
10119	431	1.25886E+02
10205	430	1.26191E+02
10119	430	1.26290E+02
10205	432	1.26345E+02
8111	286	1.26375E+02
10119	432	1.26384E+02
8201	467	1.26537E+02
8201	689	1.26924E+02
8111	467	1.26924E+02
8201	604	1.27110E+02
8201	286	1.27136E+02
10205	377	1.27209E+02
7481	688	1.27216E+02
8111	375	1.27232E+02
7481	731	1.27243E+02
10119	377	1.27257E+02
8201	375	1.27517E+02
10205	429	1.27523E+02
10119	429	1.27646E+02
8201	732	1.27909E+02
8201	646	1.28161E+02
8111	604	1.28213E+02
8201	426	1.28383E+02
8111	426	1.28424E+02
8111	689	1.28525E+02
8201	559	1.28658E+02
10119	336	1.28994E+02
10205	336	1.29051E+02
8111	559	1.29434E+02
8111	646	1.29605E+02
8111	732	1.29661E+02
7481	603	1.29806E+02
10205	428	1.29866E+02
7481	645	1.29876E+02
10119	428	1.30010E+02
7481	730	1.30557E+02
8201	731	1.30650E+02
8201	688	1.30700E+02
10205	471	1.31144E+02
7481	466	1.31194E+02
10205	376	1.31210E+02
10119	376	1.31257E+02
10119	471	1.31262E+02
7481	773	1.31310E+02
10205	470	1.31319E+02
7481	334	1.31489E+02
10119	470	1.31489E+02
7481	687	1.31739E+02
10205	472	1.31898E+02
10119	472	1.31960E+02
10205	469	1.32492E+02
8111	688	1.32532E+02
7481	285	1.32636E+02
8111	731	1.32679E+02
10119	469	1.32710E+02
7481	558	1.32735E+02
10205	427	1.33278E+02
7481	374	1.33345E+02
8201	603	1.33364E+02
10119	427	1.33441E+02
8201	645	1.33472E+02
10205	473	1.33513E+02
10119	473	1.33515E+02
7481	425	1.33974E+02
8111	334	1.34147E+02
8201	730	1.34163E+02
10119	335	1.34190E+02
10119	286	1.34258E+02
10205	335	1.34262E+02
10205	286	1.34427E+02
7481	772	1.34518E+02
8111	603	1.34599E+02
8201	466	1.34645E+02
8201	334	1.34716E+02
7481	729	1.34723E+02
10205	468	1.34738E+02
8201	773	1.34894E+02
10119	468	1.34999E+02
8111	285	1.35041E+02
8111	466	1.35084E+02
8111	645	1.35094E+02
8201	687	1.35416E+02
8201	285	1.35827E+02
7481	644	1.36161E+02
10205	375	1.36262E+02
8201	558	1.36294E+02
10119	375	1.36306E+02
10205	562	1.36332E+02
8111	374	1.36375E+02
8111	730	1.36460E+02
10119	562	1.36542E+02
8201	374	1.36661E+02
10205	563	1.36796E+02
10205	561	1.36827E+02
10119	563	1.36924E+02
10119	561	1.37114E+02
8111	558	1.37156E+02
7481	602	1.37173E+02
7481	686	1.37304E+02
8201	425	1.37381E+02
8111	425	1.37443E+02
8111	773	1.37463E+02
8111	687	1.37468E+02
10205	426	1.37827E+02
10119	426	1.38003E+02
10205	467	1.38135E+02
10205	564	1.38138E+02
10119	564	1.38181E+02
8201	772	1.38306E+02
10205	560	1.38370E+02
10119	467	1.38434E+02
7481	771	1.38501E+02
8201	729	1.38530E+02
10119	560	1.38728E+02
7481	814	1.39010E+02
7481	728	1.39833E+02
8201	644	1.39941E+02
10119	565	1.40236E+02
10205	565	1.40283E+02
10119	334	1.40374E+02
10205	334	1.40463E+02
10119	285	1.40504E+02
7481	465	1.40525E+02
10205	285	1.40695E+02
8201	602	1.40903E+02
10205	559	1.41055E+02
8111	729	1.41084E+02
8111	772	1.41171E+02
8201	686	1.41174E+02
7481	333	1.41369E+02
10205	606	1.41424E+02
10119	559	1.41479E+02
7481	557	1.41608E+02
10205	605	1.41665E+02
10119	606	1.41692E+02
8111	644	1.41727E+02
10119	605	1.42040E+02
10205	607	1.42101E+02
7481	284	1.42169E+02
8111	602	1.42257E+02
10119	607	1.42258E+02
10205	374	1.42428E+02
10119	374	1.42466E+02
8201	771	1.42493E+02
10205	466	1.42769E+02
10205	604	1.42922E+02
7481	813	1.42932E+02
8201	814	1.43038E+02
10119	466	1.43101E+02
7481	770	1.43344E+02
10119	604	1.43396E+02
8111	686	1.43433E+02
10205	425	1.43586E+02
7481	373	1.43595E+02
10205	608	1.43611E+02
10119	608	1.43653E+02
7481	643	1.43732E+02
10119	425	1.43772E+02
8201	728	1.43842E+02
7481	685	1.44028E+02
8111	333	1.44117E+02
8201	465	1.44119E+02
7481	424	1.44174E+02
8111	465	1.44600E+02
8111	284	1.44645E+02
8201	333	1.44704E+02
10205	558	1.44988E+02
10205	603	1.45301E+02
8201	557	1.45323E+02
8201	284	1.45456E+02
10119	558	1.45471E+02
8111	771	1.45645E+02
10119	609	1.45800E+02
10119	603	1.45869E+02
10205	609	1.45879E+02
7481	601	1.45952E+02
7481	727	1.45994E+02
10205	647	1.46221E+02
8111	557	1.46259E+02
10205	646	1.46530E+02
10119	647	1.46587E+02
8111	814	1.46599E+02
8111	728	1.46639E+02
8111	373	1.46740E+02
10205	648	1.46802E+02
10119	648	1.47028E+02
10119	646	1.47030E+02
8201	373	1.47031E+02
8201	813	1.47166E+02
8201	770	1.47541E+02
10119	333	1.47599E+02
7481	812	1.47639E+02
10119	284	1.47646E+02
8201	643	1.47694E+02
10205	333	1.47706E+02
8201	424	1.47713E+02
8111	424	1.47787E+02
10205	645	1.47831E+02
10205	284	1.47861E+02
8201	685	1.48092E+02
10205	649	1.48185E+02
10119	649	1.48266E+02
10119	645	1.48458E+02
10205	465	1.48734E+02
10205	602	1.48924E+02
10119	465	1.49093E+02
7481	769	1.49144E+02
10119	602	1.49578E+02
8111	643	1.49630E+02
10205	373	1.49778E+02
10119	373	1.49806E+02
8201	601	1.49851E+02
8201	727	1.50203E+02
10119	650	1.50221E+02
10205	644	1.50240E+02
10205	557	1.50278E+02
10205	650	1.50289E+02
8111	685	1.50542E+02
10205	424	1.50639E+02
10205	688	1.50753E+02
10119	557	1.50813E+02
10119	424	1.50830E+02
8111	770	1.50967E+02
10119	644	1.50987E+02
10205	689	1.51018E+02
8111	813	1.51036E+02
10119	688	1.51271E+02
8111	601	1.51309E+02
7481	464	1.51326E+02
10205	687	1.51363E+02
10119	689	1.51369E+02
7481	556	1.51989E+02
10119	687	1.52041E+02
7481	684	1.52047E+02
10205	690	1.52065E+02
8201	812	1.52080E+02
10119	690	1.52244E+02
7481	332	1.52394E+02
7481	283	1.52685E+02
7481	642	1.52725E+02
10205	686	1.52954E+02
7481	811	1.53220E+02
8111	727	1.53229E+02
10184	432	1.53266E+02
7481	726	1.53329E+02
10098	432	1.53478E+02
8201	769	1.53547E+02
10119	686	1.53786E+02
10205	691	1.53811E+02
10119	691	1.53814E+02
10205	643	1.53888E+02
10205	601	1.53919E+02
10119	601	1.54649E+02
10119	643	1.54747E+02
10205	730	1.55000E+02
8201	464	1.55064E+02
7481	372	1.55155E+02
10205	729	1.55208E+02
8111	332	1.55231E+02
8111	283	1.55233E+02
10184	473	1.55383E+02
10119	730	1.55545E+02
10205	731	1.55567E+02
10184	380	1.55574E+02
8111	464	1.55577E+02
10205	685	1.55651E+02
10098	473	1.55663E+02
10098	380	1.55701E+02
10119	283	1.55729E+02
7481	423	1.55806E+02
8201	332	1.55838E+02
8201	556	1.55861E+02
10119	731	1.55915E+02
10119	332	1.55923E+02
10119	729	1.55944E+02
10205	283	1.55970E+02
7481	768	1.56014E+02
10205	332	1.56051E+02
8201	283	1.56071E+02
10205	464	1.56131E+02
8111	812	1.56248E+02
7481	600	1.56269E+02
10205	728	1.56287E+02
8201	684	1.56301E+02
10119	464	1.56511E+02
10119	685	1.56627E+02
10205	732	1.56821E+02
8111	556	1.56857E+02
8201	642	1.56868E+02
10184	431	1.56966E+02
10119	732	1.56969E+02
10205	556	1.57042E+02
10119	728	1.57208E+02
10098	431	1.57214E+02
8111	769	1.57232E+02
10119	556	1.57620E+02
8201	726	1.57737E+02
8201	811	1.57869E+02
10184	472	1.58001E+02
10098	472	1.58343E+02
10205	727	1.58352E+02
10205	372	1.58391E+02
10119	372	1.58407E+02
8111	372	1.58410E+02
8201	372	1.58712E+02
10205	642	1.58918E+02
8111	684	1.58924E+02
8111	642	1.58935E+02
10205	772	1.59008E+02
10205	771	1.59024E+02
10205	423	1.59080E+02
10184	565	1.59215E+02
10119	423	1.59271E+02
10119	727	1.59449E+02
8201	423	1.59477E+02
8111	423	1.59557E+02
10098	565	1.59570E+02
10205	684	1.59592E+02
10119	772	1.59605E+02
10205	773	1.59680E+02
7481	810	1.59780E+02
10205	770	1.59817E+02
10119	771	1.59839E+02
10119	642	1.59878E+02
10119	773	1.60054E+02
8201	600	1.60336E+02
10205	600	1.60418E+02
8201	768	1.60621E+02
10119	684	1.60704E+02
10119	770	1.60845E+02
10184	379	1.60908E+02
8111	726	1.60973E+02
10098	379	1.61050E+02
10119	600	1.61215E+02
10184	564	1.61284E+02
10205	769	1.61491E+02
7481	683	1.61502E+02
10205	726	1.61532E+02
10184	471	1.61597E+02
10184	430	1.61669E+02
10098	564	1.61728E+02
8111	600	1.61882E+02
10098	430	1.61950E+02
7481	725	1.61975E+02
10098	471	1.61997E+02
8111	811	1.62321E+02
10205	813	1.62667E+02
10205	814	1.62693E+02
10119	769	1.62724E+02
10119	726	1.62797E+02
7481	641	1.63282E+02
10205	812	1.63338E+02
10119	814	1.63380E+02
10184	609	1.63538E+02
10119	813	1.63596E+02
7481	463	1.63710E+02
7481	555	1.63999E+02
10098	609	1.64001E+02
7481	767	1.64081E+02
10205	768	1.64166E+02
7481	282	1.64239E+02
10184	563	1.64284E+02
10119	812	1.64504E+02
8111	768	1.64549E+02
8201	810	1.64636E+02
7481	331	1.64641E+02
10205	811	1.64799E+02
10119	282	1.64802E+02
10098	563	1.64814E+02
10205	683	1.64930E+02
10205	282	1.65070E+02
10205	463	1.65071E+02
10205	555	1.65399E+02
10119	331	1.65417E+02
10184	608	1.65456E+02
10119	463	1.65465E+02
10205	641	1.65476E+02
10205	331	1.65569E+02
10119	768	1.65596E+02
8201	683	1.65946E+02
10205	725	1.65975E+02
10119	555	1.66012E+02
10098	608	1.66035E+02
10119	683	1.66165E+02
10119	811	1.66196E+02
10184	470	1.66239E+02
10119	641	1.66526E+02
8201	725	1.66581E+02
10098	470	1.66694E+02
10184	338	1.66857E+02
8111	282	1.66858E+02
10098	338	1.66871E+02
10205	810	1.67161E+02
10184	378	1.67227E+02
10098	378	1.67381E+02
10119	725	1.67394E+02
10184	429	1.67427E+02
7481	809	1.67437E+02
8111	331	1.67564E+02
8201	463	1.67591E+02
8201	641	1.67602E+02
8201	282	1.67724E+02
10098	429	1.67739E+02
10205	767	1.67980E+02
10184	650	1.67998E+02
8201	555	1.68026E+02
7481	371	1.68123E+02
8111	463	1.68125E+02
8201	331	1.68196E+02
7481	599	1.68256E+02
10184	607	1.68271E+02
10184	562	1.68296E+02
10119	371	1.68363E+02
10205	371	1.68364E+02
10205	599	1.68556E+02
10098	650	1.68621E+02
8111	683	1.68721E+02
10119	810	1.68781E+02
8201	767	1.68891E+02
10098	562	1.68906E+02
10098	607	1.68962E+02
7481	422	1.68979E+02
10205	422	1.69016E+02
8111	555	1.69068E+02
10119	422	1.69203E+02
8111	810	1.69355E+02
10119	599	1.69409E+02
10119	767	1.69595E+02
8111	641	1.69781E+02
8111	725	1.70007E+02
10184	649	1.70042E+02
10205	809	1.70552E+02
10098	649	1.70806E+02
8111	371	1.71485E+02
8201	371	1.71802E+02
10205	682	1.71823E+02
10205	724	1.71838E+02
10184	469	1.71997E+02
10184	606	1.72063E+02
7481	724	1.72082E+02
10119	809	1.72384E+02
8201	599	1.72489E+02
8201	809	1.72499E+02
10098	469	1.72503E+02
7481	682	1.72546E+02
10184	691	1.72622E+02
8201	422	1.72782E+02
8111	422	1.72860E+02
10098	606	1.72861E+02
10184	648	1.72960E+02
8111	767	1.73040E+02
10205	766	1.73085E+02
10119	682	1.73168E+02
10184	561	1.73399E+02
10119	724	1.73400E+02
10098	691	1.73472E+02
7481	766	1.73487E+02
10119	234	1.73562E+02
10205	640	1.73715E+02
10098	648	1.73861E+02
10205	234	1.73934E+02
10098	561	1.74086E+02
8111	599	1.74105E+02
10184	428	1.74297E+02
10184	337	1.74327E+02
10098	337	1.74338E+02
10184	377	1.74578E+02
10098	428	1.74636E+02
10098	377	1.74741E+02
10119	640	1.74841E+02
10119	766	1.74872E+02
10119	281	1.74927E+02
10184	690	1.74982E+02
10205	808	1.75115E+02
10205	281	1.75224E+02
10205	554	1.75473E+02
7481	640	1.75544E+02
7481	234	1.75580E+02
10205	462	1.75668E+02
3609	338	1.75676E+02
10098	690	1.75997E+02
10119	462	1.76068E+02
3609	337	1.76107E+02
10119	554	1.76110E+02
10119	330	1.76168E+02
3503	338	1.76234E+02
7481	808	1.76323E+02
10205	330	1.76345E+02
3503	337	1.76674E+02
10184	647	1.76835E+02
3609	286	1.76850E+02
8201	724	1.76882E+02
7481	281	1.76894E+02
10184	605	1.76920E+02
10119	808	1.77147E+02
8201	682	1.77175E+02
3609	336	1.77344E+02
3503	286	1.77398E+02
8111	809	1.77464E+02
10184	732	1.77561E+02
7481	554	1.77758E+02
7481	462	1.77790E+02
10098	605	1.77820E+02
10098	647	1.77869E+02
3503	336	1.77919E+02
8111	234	1.78071E+02
7481	330	1.78199E+02
10184	689	1.78205E+02
10205	598	1.78469E+02
8201	766	1.78498E+02
10098	732	1.78717E+02
10184	468	1.78946E+02
8201	234	1.79115E+02
10205	723	1.79292E+02
10119	598	1.79366E+02
10098	689	1.79381E+02
3609	335	1.79433E+02
10098	468	1.79498E+02
8111	281	1.79585E+02
10205	765	1.79646E+02
10184	560	1.79685E+02
10119	370	1.79778E+02
10205	370	1.79799E+02
3503	335	1.80015E+02
3609	285	1.80037E+02
8201	640	1.80039E+02
8111	682	1.80079E+02
10184	731	1.80372E+02
10205	681	1.80439E+02
10098	560	1.80443E+02
8111	724	1.80473E+02
8201	281	1.80482E+02
10205	421	1.80557E+02
3503	285	1.80585E+02
3609	378	1.80653E+02
3609	377	1.80721E+02
10119	421	1.80733E+02
10119	723	1.80980E+02
10205	807	1.81009E+02
8111	330	1.81209E+02
3503	378	1.81228E+02
3503	377	1.81315E+02
3609	379	1.81437E+02
8201	808	1.81589E+02
10119	765	1.81591E+02
3609	376	1.81686E+02
10098	731	1.81715E+02
10184	646	1.81760E+02
8201	462	1.81815E+02
8201	330	1.81868E+02
10119	681	1.81877E+02
8201	554	1.81938E+02
3503	379	1.81992E+02
7481	598	1.82043E+02
3503	376	1.82297E+02
8111	640	1.82307E+02
10184	427	1.82343E+02
8111	462	1.82358E+02
10184	688	1.82380E+02
3609	334	1.82421E+02
7481	370	1.82609E+02
10098	427	1.82705E+02
10184	336	1.82773E+02
10098	336	1.82781E+02
8111	766	1.82844E+02
10098	646	1.82920E+02
10184	604	1.82942E+02
10184	773	1.82993E+02
3503	334	1.83008E+02
8111	554	1.83010E+02
10184	376	1.83018E+02
3609	380	1.83033E+02
10098	376	1.83190E+02
10119	807	1.83226E+02
3503	380	1.83567E+02
10119	233	1.83594E+02
3609	375	1.83599E+02
10098	688	1.83711E+02
10205	639	1.83785E+02
7481	421	1.83805E+02
7481	723	1.83806E+02
10098	604	1.83937E+02
10205	233	1.83994E+02
3609	284	1.84043E+02
10184	730	1.84048E+02
3503	375	1.84226E+02
7481	765	1.84384E+02
10098	773	1.84539E+02
3503	284	1.84592E+02
10119	639	1.84973E+02
7481	681	1.85330E+02
10098	730	1.85571E+02
3609	428	1.86065E+02
8111	370	1.86073E+02
10119	280	1.86176E+02
3609	333	1.86355E+02
10184	772	1.86355E+02
8201	370	1.86412E+02
8201	598	1.86438E+02
10205	280	1.86502E+02
3609	429	1.86509E+02
3609	374	1.86513E+02
3609	427	1.86573E+02
7481	807	1.86583E+02
3503	428	1.86686E+02
8111	808	1.86777E+02
3503	333	1.86948E+02
3503	429	1.87097E+02
3503	374	1.87155E+02
10184	467	1.87170E+02
3503	427	1.87226E+02
10184	559	1.87255E+02
10205	553	1.87383E+02
10184	687	1.87603E+02
8201	421	1.87742E+02
10098	467	1.87763E+02
8111	421	1.87809E+02
10184	645	1.87841E+02
10205	764	1.87842E+02
3609	430	1.87851E+02
7481	233	1.87873E+02
10205	461	1.88032E+02
10119	553	1.88035E+02
10098	559	1.88077E+02
3609	426	1.88092E+02
8111	598	1.88104E+02
10098	772	1.88106E+02
10119	329	1.88269E+02
3503	430	1.88405E+02
10205	806	1.88405E+02
10119	461	1.88431E+02
10205	329	1.88473E+02
10205	722	1.88513E+02
10184	729	1.88679E+02
3503	426	1.88773E+02
8201	723	1.88795E+02
3609	283	1.88910E+02
10184	814	1.89081E+02
10098	687	1.89082E+02
10098	645	1.89120E+02
3503	283	1.89459E+02
8201	765	1.89591E+02
7481	639	1.89653E+02
10119	764	1.89924E+02
3609	431	1.90041E+02
8201	681	1.90140E+02
10184	603	1.90244E+02
10205	597	1.90288E+02
10119	722	1.90308E+02
10098	729	1.90378E+02
8111	233	1.90425E+02
3609	373	1.90491E+02
3503	431	1.90559E+02
10184	771	1.90591E+02
3609	425	1.90685E+02
7481	280	1.90729E+02
10119	806	1.90787E+02
10205	680	1.90938E+02
10098	814	1.91105E+02
3503	373	1.91146E+02
10119	597	1.91216E+02
3609	332	1.91288E+02
10098	603	1.91328E+02
3503	425	1.91393E+02
8201	233	1.91500E+02
10184	426	1.91636E+02
3503	332	1.91886E+02
3609	468	1.92009E+02
10098	426	1.92018E+02
8201	807	1.92049E+02
10184	335	1.92252E+02
10098	335	1.92254E+02
3609	469	1.92356E+02
10119	680	1.92452E+02
8111	723	1.92524E+02
10098	771	1.92541E+02
10184	375	1.92614E+02
3609	467	1.92664E+02
3503	468	1.92687E+02
10119	369	1.92753E+02
10098	375	1.92790E+02
10205	369	1.92798E+02
3503	469	1.92987E+02
3609	432	1.93031E+02
10184	813	1.93069E+02
8111	681	1.93147E+02
7481	329	1.93168E+02
7481	553	1.93377E+02
3503	467	1.93388E+02
8111	280	1.93492E+02
3503	432	1.93511E+02
3609	470	1.93636E+02
7481	461	1.93675E+02
10205	420	1.93804E+02
10119	420	1.93964E+02
10184	686	1.93987E+02
8111	765	1.94106E+02
3503	470	1.94216E+02
8201	639	1.94318E+02
10184	728	1.94371E+02
3609	466	1.94398E+02
8201	280	1.94421E+02
3609	424	1.94424E+02
10119	232	1.94595E+02
3609	282	1.94684E+02
10098	286	1.94958E+02
10205	232	1.95024E+02
10184	286	1.95090E+02
3503	424	1.95156E+02
3503	466	1.95164E+02
10184	644	1.95203E+02
3503	282	1.95231E+02
10098	813	1.95312E+02
3609	372	1.95602E+02
10098	686	1.95608E+02
3609	471	1.95782E+02
10184	770	1.95798E+02
10205	638	1.95824E+02
10184	558	1.96218E+02
10098	728	1.96237E+02
8111	329	1.96263E+02
3503	372	1.96270E+02
3503	471	1.96309E+02
10098	644	1.96593E+02
8111	639	1.96651E+02
10184	466	1.96761E+02
7481	764	1.96931E+02
8201	329	1.96952E+02
10119	638	1.97056E+02
10098	558	1.97099E+02
3609	331	1.97285E+02
3609	465	1.97291E+02
7481	722	1.97304E+02
10098	466	1.97391E+02
8111	807	1.97430E+02
10205	805	1.97482E+02
8201	553	1.97708E+02
7481	597	1.97749E+02
8201	461	1.97842E+02
10205	763	1.97850E+02
3503	331	1.97886E+02
10098	770	1.97940E+02
10184	812	1.97947E+02
3503	465	1.98096E+02
3609	560	1.98262E+02
7481	806	1.98368E+02
8111	461	1.98381E+02
3609	559	1.98545E+02
10119	279	1.98630E+02
7481	369	1.98713E+02
3609	472	1.98729E+02
8111	553	1.98794E+02
3609	234	1.98896E+02
3609	561	1.98950E+02
10184	602	1.98955E+02
3503	560	1.98984E+02
10205	279	1.98987E+02
3503	472	1.99200E+02
3503	559	1.99329E+02
3609	423	1.99393E+02
3503	234	1.99407E+02
3503	561	1.99606E+02
10205	721	1.99665E+02
3609	558	1.99889E+02
7481	680	2.00001E+02
10119	805	2.00009E+02
10119	763	2.00047E+02
10098	602	2.00120E+02
3503	423	2.00147E+02
7481	420	2.00383E+02
10098	812	2.00404E+02
3609	562	2.00525E+02
3503	558	2.00733E+02
3503	562	2.01111E+02
7481	232	2.01189E+02
10205	552	2.01228E+02
10184	727	2.01242E+02
3609	281	2.01418E+02
3609	464	2.01431E+02
10119	721	2.01546E+02
10184	685	2.01665E+02
10119	328	2.01809E+02
10119	552	2.01883E+02
3609	371	2.01931E+02
3503	281	2.01964E+02
10205	328	2.02044E+02
10184	769	2.02087E+02
10205	460	2.02255E+02
10184	425	2.02260E+02
3503	464	2.02272E+02
8111	369	2.02277E+02
8201	597	2.02303E+02
8201	764	2.02329E+02
3609	557	2.02391E+02
3609	473	2.02412E+02
8201	722	2.02477E+02
3503	371	2.02609E+02
8201	369	2.02642E+02
10119	460	2.02643E+02
10098	425	2.02659E+02
10098	334	2.02814E+02
10184	334	2.02818E+02
3503	473	2.02827E+02
3609	563	2.02909E+02
10098	727	2.03268E+02
3503	557	2.03289E+02
10098	685	2.03417E+02
3503	563	2.03423E+02
10184	374	2.03432E+02
10205	679	2.03460E+02
10098	374	2.03612E+02
8111	232	2.03804E+02
10184	811	2.03820E+02
10184	643	2.03986E+02
8111	597	2.03997E+02
8201	806	2.04029E+02
10205	596	2.04115E+02
10098	769	2.04413E+02
3609	330	2.04421E+02
8201	420	2.04454E+02
8111	420	2.04501E+02
3609	604	2.04664E+02
8201	232	2.04911E+02
8201	680	2.04985E+02
3609	603	2.04995E+02
3503	330	2.05025E+02
10119	679	2.05031E+02
10119	596	2.05059E+02
10098	285	2.05247E+02
3609	605	2.05263E+02
10184	285	2.05391E+02
3503	604	2.05462E+02
10098	643	2.05479E+02
3609	422	2.05684E+02
7481	638	2.05730E+02
3609	233	2.05797E+02
7481	279	2.05827E+02
3503	603	2.05873E+02
7460	473	2.05887E+02
3503	605	2.05978E+02
3609	564	2.06029E+02
3609	556	2.06149E+02
3503	233	2.06305E+02
8111	722	2.06312E+02
3609	602	2.06358E+02
3503	422	2.06457E+02
3503	564	2.06469E+02
10098	811	2.06483E+02
10119	231	2.06632E+02
10184	557	2.06696E+02
3609	606	2.06700E+02
3609	463	2.06915E+02
8111	764	2.06979E+02
10205	231	2.07092E+02
3503	556	2.07097E+02
7460	432	2.07256E+02
3503	602	2.07311E+02
3503	606	2.07328E+02
10119	368	2.07367E+02
10205	368	2.07440E+02
10098	557	2.07628E+02
3503	463	2.07787E+02
10184	465	2.07824E+02
7460	565	2.08024E+02
8111	680	2.08064E+02
10205	804	2.08418E+02
10098	465	2.08483E+02
8111	279	2.08664E+02
10205	419	2.08831E+02
3609	601	2.08862E+02
3609	607	2.08891E+02
10119	419	2.08968E+02
3609	280	2.09179E+02
10184	601	2.09211E+02
3503	607	2.09429E+02
10184	726	2.09433E+02
3609	370	2.09570E+02
8111	806	2.09570E+02
10184	768	2.09587E+02
8201	279	2.09626E+02
7481	328	2.09638E+02
3503	280	2.09723E+02
3609	565	2.09817E+02
10205	762	2.09832E+02
3503	601	2.09884E+02
10205	637	2.09935E+02
3503	565	2.10181E+02
3503	370	2.10256E+02
10098	601	2.10448E+02
8201	638	2.10560E+02
10184	684	2.10786E+02
10184	810	2.10808E+02
7481	552	2.10948E+02
10119	804	2.11062E+02
3609	645	2.11163E+02
10119	637	2.11194E+02
3609	555	2.11268E+02
7481	763	2.11284E+02
3609	646	2.11359E+02
7481	460	2.11446E+02
10098	726	2.11608E+02
3609	608	2.11763E+02
7481	805	2.11837E+02
3609	644	2.11861E+02
3503	645	2.12085E+02
10098	768	2.12087E+02
10119	762	2.12120E+02
7460	472	2.12173E+02
3503	646	2.12183E+02
3503	608	2.12208E+02
3503	555	2.12261E+02
7460	609	2.12275E+02
3609	647	2.12353E+02
10119	278	2.12363E+02
3609	600	2.12619E+02
10098	684	2.12659E+02
7481	721	2.12721E+02
10205	278	2.12753E+02
3609	329	2.12781E+02
8111	328	2.12818E+02
3503	644	2.12877E+02
10205	720	2.12884E+02
8111	638	2.12930E+02
3503	647	2.13074E+02
8180	473	2.13160E+02
3503	329	2.13386E+02
3609	421	2.13396E+02
8201	328	2.13540E+02
3609	643	2.13562E+02
3609	232	2.13584E+02
10098	810	2.13667E+02
3503	600	2.13706E+02
8090	473	2.13744E+02
3609	462	2.13843E+02
7460	564	2.13924E+02
3609	648	2.14060E+02
3503	232	2.14088E+02
3503	421	2.14184E+02
10184	424	2.14308E+02
10184	642	2.14341E+02
7460	431	2.14438E+02
10098	333	2.14517E+02
10184	333	2.14528E+02
8180	432	2.14548E+02
3503	643	2.14668E+02
3503	648	2.14675E+02
10098	424	2.14719E+02
3503	462	2.14743E+02
8090	432	2.14794E+02
10119	720	2.14827E+02
7460	380	2.15030E+02
3609	609	2.15248E+02
8180	565	2.15388E+02
8201	552	2.15427E+02
7481	596	2.15462E+02
10184	373	2.15551E+02
3503	609	2.15599E+02
7481	231	2.15599E+02
10098	373	2.15731E+02
8201	460	2.15754E+02
10098	642	2.15926E+02
8111	460	2.16277E+02
8090	565	2.16376E+02
3609	642	2.16386E+02
3609	649	2.16404E+02
8111	552	2.16508E+02
7481	368	2.16514E+02
10098	284	2.16522E+02
7481	679	2.16677E+02
10184	284	2.16678E+02
10119	327	2.16858E+02
8201	763	2.16865E+02
3503	649	2.16910E+02
10205	551	2.17068E+02
10205	327	2.17126E+02
3503	642	2.17574E+02
3609	687	2.17596E+02
8201	805	2.17685E+02
10119	551	2.17714E+02
3609	599	2.17746E+02
3609	554	2.17855E+02
3609	688	2.17948E+02
3609	686	2.18013E+02
3609	279	2.18041E+02
8201	721	2.18070E+02
10205	678	2.18103E+02
7460	650	2.18159E+02
7460	608	2.18168E+02
8111	231	2.18278E+02
10205	459	2.18388E+02
10184	767	2.18444E+02
3503	279	2.18583E+02
3503	687	2.18588E+02
3609	369	2.18612E+02
10119	459	2.18757E+02
7481	419	2.18780E+02
10184	556	2.18811E+02
3503	688	2.18825E+02
3503	554	2.18888E+02
3503	599	2.18891E+02
3609	689	2.18983E+02
10184	809	2.19047E+02
10184	725	2.19100E+02
3503	686	2.19117E+02
3609	685	2.19301E+02
3503	369	2.19304E+02
3609	650	2.19315E+02
8201	231	2.19418E+02
7460	471	2.19496E+02
8180	472	2.19644E+02
10119	678	2.19706E+02
3503	650	2.19710E+02
3503	689	2.19740E+02
10119	230	2.19762E+02
10098	556	2.19787E+02
8180	609	2.19837E+02
10205	595	2.20009E+02
8201	596	2.20170E+02
8111	368	2.20171E+02
10205	230	2.20253E+02
8090	472	2.20316E+02
3609	641	2.20453E+02
10184	464	2.20469E+02
3503	685	2.20511E+02
8201	368	2.20569E+02
3609	690	2.20622E+02
7460	563	2.20823E+02
10119	595	2.20953E+02
10098	767	2.21107E+02
10184	600	2.21153E+02
10098	464	2.21153E+02
3503	690	2.21257E+02
8090	609	2.21330E+02
10205	803	2.21365E+02
10098	725	2.21411E+02
8180	564	2.21497E+02
10184	683	2.21510E+02
3609	684	2.21572E+02
8111	763	2.21612E+02
3503	641	2.21718E+02
8201	679	2.21829E+02
8111	596	2.21869E+02
8180	431	2.21917E+02
8111	721	2.21974E+02
10098	809	2.22091E+02
8090	431	2.22215E+02
7481	278	2.22267E+02
3609	461	2.22315E+02
3609	231	2.22320E+02
8090	380	2.22401E+02
3609	328	2.22449E+02
10098	600	2.22452E+02
8180	380	2.22465E+02
8090	564	2.22609E+02
3609	420	2.22622E+02
7460	430	2.22672E+02
3609	691	2.22796E+02
3503	231	2.22819E+02
3503	684	2.22883E+02
8201	419	2.22984E+02
8111	419	2.23003E+02
3503	328	2.23054E+02
3503	461	2.23238E+02
3503	691	2.23307E+02
8111	805	2.23348E+02
3503	420	2.23423E+02
10098	683	2.23492E+02
7460	379	2.23631E+02
10119	367	2.23662E+02
10205	367	2.23767E+02
7481	637	2.23860E+02
10205	761	2.23913E+02
3609	729	2.23993E+02
10119	803	2.24097E+02
3609	730	2.24244E+02
7460	649	2.24293E+02
3609	598	2.24360E+02
3609	728	2.24405E+02
8111	679	2.24947E+02
3609	683	2.24950E+02
7460	607	2.25032E+02
3609	731	2.25079E+02
3503	729	2.25097E+02
8111	278	2.25178E+02
3503	730	2.25219E+02
3503	598	2.25556E+02
3609	727	2.25570E+02
7460	691	2.25584E+02
3503	728	2.25634E+02
10205	418	2.25667E+02
10119	418	2.25775E+02
3609	640	2.25892E+02
3503	731	2.25921E+02
8180	608	2.25948E+02
3609	553	2.26018E+02
8180	650	2.26019E+02
10205	636	2.26166E+02
8201	278	2.26176E+02
10119	761	2.26264E+02
3503	683	2.26354E+02
10184	641	2.26425E+02
3609	732	2.26429E+02
3503	727	2.26920E+02
3503	553	2.27084E+02
3503	732	2.27135E+02
7481	804	2.27137E+02
8180	471	2.27167E+02
3503	640	2.27226E+02
10098	332	2.27427E+02
10119	636	2.27432E+02
10119	277	2.27434E+02
10184	332	2.27448E+02
7481	762	2.27577E+02
3609	726	2.27592E+02
8090	608	2.27601E+02
7481	327	2.27678E+02
10205	277	2.27858E+02
10184	423	2.27887E+02
7460	470	2.27921E+02
8090	471	2.27921E+02
3609	278	2.28077E+02
10098	641	2.28089E+02
8090	650	2.28152E+02
10205	719	2.28254E+02
10098	423	2.28305E+02
8180	563	2.28608E+02
3503	278	2.28616E+02
10184	808	2.28693E+02
7460	562	2.28796E+02
10184	766	2.28821E+02
10098	283	2.28833E+02
8201	637	2.28846E+02
10184	283	2.29003E+02
3503	726	2.29057E+02
10184	372	2.29062E+02
3609	368	2.29136E+02
10098	372	2.29238E+02
3609	682	2.29563E+02
3503	368	2.29833E+02
8090	563	2.29837E+02
7481	720	2.30165E+02
10119	719	2.30233E+02
3609	772	2.30337E+02
8180	430	2.30339E+02
3609	771	2.30353E+02
10184	724	2.30410E+02
7481	551	2.30513E+02
3609	725	2.30588E+02
8090	430	2.30685E+02
3609	773	2.30826E+02
8111	327	2.30940E+02
3609	770	2.30941E+02
3503	682	2.31053E+02
7481	459	2.31143E+02
7481	230	2.31158E+02
8090	379	2.31196E+02
8111	637	2.31225E+02
8180	379	2.31239E+02
7460	648	2.31386E+02
3503	772	2.31468E+02
3503	771	2.31622E+02
10098	766	2.31632E+02
8201	327	2.31700E+02
3503	773	2.31814E+02
10098	808	2.31908E+02
7460	429	2.32007E+02
3609	230	2.32061E+02
7460	690	2.32123E+02
3503	725	2.32161E+02
3609	769	2.32183E+02
3503	770	2.32347E+02
8180	649	2.32379E+02
3609	460	2.32417E+02
3503	230	2.32556E+02
3609	597	2.32573E+02
10184	555	2.32694E+02
3609	639	2.32828E+02
10098	724	2.32845E+02
7460	606	2.32944E+02
8180	607	2.33033E+02
8201	804	2.33163E+02
7460	378	2.33256E+02
8201	762	2.33331E+02
3503	460	2.33358E+02
3609	419	2.33436E+02
10119	326	2.33448E+02
3609	327	2.33497E+02
10098	555	2.33703E+02
3503	769	2.33720E+02
10205	326	2.33751E+02
3503	597	2.33812E+02
8180	691	2.33836E+02
8111	230	2.33904E+02
7460	338	2.33995E+02
10184	682	2.34006E+02
10119	229	2.34017E+02
3503	327	2.34102E+02
3609	768	2.34173E+02
3503	639	2.34222E+02
3503	419	2.34247E+02
10205	229	2.34540E+02
7460	732	2.34575E+02
3609	724	2.34681E+02
8090	649	2.34701E+02
10184	463	2.34818E+02
8090	607	2.34836E+02
10205	677	2.34899E+02
10205	550	2.34905E+02
10184	599	2.34922E+02
8201	230	2.35077E+02
8201	551	2.35136E+02
7481	595	2.35222E+02
7481	678	2.35429E+02
10098	463	2.35520E+02
10119	550	2.35529E+02
3609	681	2.35547E+02
8201	459	2.35590E+02
8201	720	2.35680E+02
8180	470	2.35794E+02
3503	768	2.35837E+02
3609	552	2.35845E+02
7481	367	2.36043E+02
8111	459	2.36082E+02
10098	682	2.36083E+02
8111	551	2.36193E+02
10098	599	2.36273E+02
3503	724	2.36354E+02
10205	802	2.36427E+02
10205	458	2.36427E+02
3609	814	2.36456E+02
10119	677	2.36513E+02
8090	470	2.36623E+02
8090	691	2.36765E+02
10119	458	2.36767E+02
8180	562	2.36795E+02
3609	813	2.36831E+02
3503	552	2.36938E+02
3609	767	2.37017E+02
3503	681	2.37113E+02
7460	469	2.37514E+02
3609	812	2.37706E+02
3503	814	2.37814E+02
7460	561	2.37924E+02
10205	594	2.37965E+02
8090	562	2.38134E+02
8111	762	2.38134E+02
3503	813	2.38334E+02
3503	767	2.38799E+02
10119	594	2.38893E+02
8111	804	2.38903E+02
7481	418	2.39013E+02
3609	811	2.39152E+02
10119	802	2.39215E+02
3609	277	2.39347E+02
3503	812	2.39352E+02
7460	647	2.39515E+02
8111	720	2.39614E+02
7460	689	2.39621E+02
8180	648	2.39700E+02
8111	367	2.39789E+02
8180	429	2.39863E+02
3503	277	2.39882E+02
10184	807	2.39912E+02
3609	723	2.40006E+02
8201	595	2.40078E+02
7481	277	2.40102E+02
10205	760	2.40157E+02
8201	367	2.40226E+02
8090	429	2.40252E+02
10184	640	2.40393E+02
8180	690	2.40607E+02
8201	678	2.40739E+02
3609	766	2.40830E+02
10184	765	2.40893E+02
3503	811	2.40936E+02
8090	378	2.41015E+02
8180	378	2.41039E+02
8180	606	2.41169E+02
3609	367	2.41193E+02
3609	810	2.41252E+02
8090	338	2.41347E+02
3609	638	2.41378E+02
10119	366	2.41624E+02
10098	331	2.41628E+02
7460	731	2.41636E+02
10184	331	2.41660E+02
8180	338	2.41713E+02
8111	595	2.41756E+02
10205	366	2.41766E+02
3503	723	2.41770E+02
3503	367	2.41891E+02
7460	605	2.41989E+02
10098	640	2.42124E+02
8090	648	2.42202E+02
10098	282	2.42234E+02
10184	282	2.42419E+02
3609	596	2.42478E+02
7460	428	2.42497E+02
10119	760	2.42539E+02
3503	766	2.42725E+02
3503	638	2.42823E+02
3609	229	2.42846E+02
3609	680	2.43033E+02
8111	277	2.43088E+02
8090	606	2.43114E+02
10184	422	2.43114E+02
3503	810	2.43169E+02
10098	807	2.43282E+02
8180	732	2.43311E+02
8111	418	2.43330E+02
3503	229	2.43337E+02
8201	418	2.43351E+02
10098	422	2.43535E+02
10184	723	2.43542E+02
8090	690	2.43750E+02
3503	596	2.43751E+02
10098	765	2.43835E+02
8111	678	2.43859E+02
10119	276	2.43861E+02
7460	377	2.43956E+02
7481	636	2.44065E+02
10184	371	2.44071E+02
3609	809	2.44102E+02
8201	277	2.44124E+02
3609	459	2.44204E+02
10098	371	2.44241E+02
10205	417	2.44286E+02
10205	276	2.44320E+02
10119	417	2.44358E+02
7481	803	2.44388E+02
10205	635	2.44500E+02
7460	337	2.44517E+02
3503	680	2.44665E+02
3503	459	2.45158E+02
7460	773	2.45191E+02
8180	469	2.45591E+02
3609	765	2.45740E+02
10119	635	2.45753E+02
10205	718	2.45789E+02
3609	418	2.45878E+02
7481	761	2.45902E+02
3609	326	2.45966E+02
10098	723	2.46082E+02
8180	561	2.46138E+02
3503	809	2.46145E+02
8090	469	2.46489E+02
3503	326	2.46569E+02
3503	418	2.46695E+02
3609	722	2.46699E+02
8090	732	2.47204E+02
7481	326	2.47309E+02
3609	551	2.47397E+02
8090	561	2.47578E+02
3503	765	2.47736E+02
10119	718	2.47776E+02
3609	808	2.47808E+02
7481	229	2.47897E+02
8180	647	2.48060E+02
7460	688	2.48158E+02
7460	560	2.48291E+02
8180	689	2.48338E+02
7460	468	2.48347E+02
10184	681	2.48443E+02
10184	554	2.48472E+02
3503	551	2.48510E+02
3503	722	2.48543E+02
7460	646	2.48769E+02
8201	636	2.49200E+02
10119	228	2.49398E+02
10098	554	2.49507E+02
7460	730	2.49662E+02
7481	719	2.49687E+02
10205	228	2.49954E+02
3503	808	2.49971E+02
8180	605	2.50439E+02
8180	428	2.50544E+02
8201	803	2.50577E+02
10098	681	2.50599E+02
8180	731	2.50606E+02
8111	326	2.50651E+02
10184	598	2.50661E+02
8111	229	2.50711E+02
8090	647	2.50733E+02
8090	428	2.50971E+02
10184	462	2.50994E+02
8201	326	2.51452E+02
10119	325	2.51550E+02
8111	636	2.51555E+02
3609	637	2.51632E+02
8090	689	2.51686E+02
10098	462	2.51706E+02
8201	761	2.51815E+02
3609	764	2.51880E+02
3609	276	2.51882E+02
10205	325	2.51891E+02
8090	377	2.51908E+02
8180	377	2.51916E+02
8201	229	2.51919E+02
8090	337	2.52031E+02
10098	598	2.52051E+02
7481	550	2.52056E+02
3609	679	2.52136E+02
7460	604	2.52264E+02
8180	337	2.52397E+02
3503	276	2.52413E+02
3609	807	2.52487E+02
8090	605	2.52516E+02
7481	458	2.52745E+02
7460	772	2.52857E+02
10184	806	2.52884E+02
3503	637	2.53116E+02
10205	801	2.53645E+02
10205	676	2.53814E+02
3503	679	2.53822E+02
3503	764	2.53967E+02
3609	595	2.54131E+02
7460	427	2.54206E+02
8180	773	2.54493E+02
10205	549	2.54672E+02
3609	228	2.54687E+02
8090	731	2.54732E+02
3503	807	2.54759E+02
3609	366	2.54786E+02
10184	764	2.54843E+02
3609	721	2.54893E+02
3503	228	2.55174E+02
10119	549	2.55262E+02
8201	719	2.55356E+02
10119	676	2.55413E+02
3503	595	2.55429E+02
3503	366	2.55483E+02
7460	376	2.55792E+02
10098	234	2.56002E+02
7460	336	2.56063E+02
7481	677	2.56262E+02
10184	234	2.56298E+02
10205	457	2.56302E+02
8111	803	2.56344E+02
10098	806	2.56388E+02
10184	639	2.56400E+02
10119	801	2.56452E+02
10119	457	2.56604E+02
8111	761	2.56626E+02
8180	468	2.56629E+02
8180	560	2.56721E+02
10098	281	2.56795E+02
3503	721	2.56803E+02
8201	550	2.56818E+02
10184	281	2.56995E+02
7481	594	2.57001E+02
8180	688	2.57112E+02
10098	330	2.57214E+02
10184	330	2.57260E+02
7481	366	2.57272E+02
8201	458	2.57329E+02
7460	814	2.57486E+02
8180	646	2.57547E+02
8090	468	2.57588E+02
3609	458	2.57687E+02
8111	458	2.57774E+02
7460	687	2.57825E+02
8111	550	2.57831E+02
10098	764	2.57896E+02
10205	593	2.57908E+02
10098	639	2.58183E+02
8090	560	2.58253E+02
3609	806	2.58264E+02
10205	759	2.58557E+02
3503	458	2.58648E+02
10184	722	2.58674E+02
7460	729	2.58738E+02
10119	593	2.58804E+02
8180	730	2.58868E+02
3655	234	2.59222E+02
7460	645	2.59250E+02
8111	719	2.59275E+02
7481	276	2.59345E+02
3609	763	2.59386E+02
8090	773	2.59527E+02
3655	233	2.59542E+02
3609	325	2.59851E+02
3609	417	2.59940E+02
7460	559	2.59994E+02
10184	421	2.60109E+02
8090	646	2.60379E+02
3503	325	2.60450E+02
7460	467	2.60501E+02
10098	421	2.60527E+02
3655	232	2.60568E+02
3503	806	2.60636E+02
8090	688	2.60652E+02
3609	550	2.60689E+02
10184	370	2.60693E+02
3503	417	2.60758E+02
10098	370	2.60853E+02
10119	759	2.60936E+02
8180	604	2.60940E+02
3549	234	2.60948E+02
7481	417	2.61037E+02
8111	366	2.61100E+02
10119	365	2.61175E+02
3549	233	2.61259E+02
10098	722	2.61300E+02
10205	365	2.61357E+02
7460	771	2.61499E+02
3503	763	2.61551E+02
8201	366	2.61583E+02
10119	275	2.61611E+02
8201	677	2.61718E+02
3503	550	2.61814E+02
3655	281	2.61973E+02
8201	594	2.61997E+02
10205	275	2.62108E+02
3549	232	2.62276E+02
3655	231	2.62356E+02
3655	280	2.62358E+02
8180	772	2.62393E+02
8111	276	2.62407E+02
3655	282	2.62415E+02
8180	427	2.62446E+02
8090	427	2.62904E+02
3609	678	2.62937E+02
8181	233	2.63054E+02
8090	604	2.63138E+02
8090	730	2.63216E+02
8181	234	2.63300E+02
8201	276	2.63482E+02
8181	232	2.63503E+02
8111	594	2.63628E+02
3655	279	2.63632E+02
3655	283	2.63633E+02
3609	636	2.63637E+02
7481	802	2.63653E+02
3549	281	2.63706E+02
8090	336	2.63739E+02
7460	603	2.63879E+02
8180	376	2.63932E+02
8090	376	2.63935E+02
3549	231	2.64054E+02
3549	280	2.64084E+02
8180	336	2.64108E+02
8091	233	2.64112E+02
3549	282	2.64154E+02
8091	234	2.64375E+02
8091	232	2.64544E+02
10205	416	2.64591E+02
10119	416	2.64621E+02
3503	678	2.64663E+02
3609	720	2.64693E+02
8181	231	2.64703E+02
8111	677	2.64802E+02
10205	634	2.64848E+02
3655	230	2.64961E+02
10184	680	2.64985E+02
3503	636	2.65149E+02
3655	330	2.65209E+02
3609	805	2.65270E+02
3549	279	2.65351E+02
3549	283	2.65378E+02
10205	717	2.65435E+02
8111	417	2.65436E+02
8201	417	2.65507E+02
3655	329	2.65570E+02
3655	284	2.65585E+02
3609	275	2.65668E+02
8091	231	2.65725E+02
8181	280	2.65790E+02
7481	228	2.65808E+02
7460	813	2.65813E+02
3655	331	2.65832E+02
3655	278	2.65863E+02
10119	227	2.65864E+02
10119	634	2.66067E+02
8181	281	2.66083E+02
3503	275	2.66195E+02
10184	553	2.66269E+02
7481	760	2.66284E+02
7481	635	2.66300E+02
8181	279	2.66377E+02
10205	227	2.66454E+02
3549	230	2.66649E+02
3503	720	2.66656E+02
8181	230	2.66709E+02
8091	280	2.66864E+02
3549	330	2.66953E+02
3655	328	2.66994E+02
8180	687	2.67017E+02
8091	281	2.67168E+02
8181	282	2.67192E+02
10098	680	2.67201E+02
7460	426	2.67209E+02
3549	329	2.67313E+02
10098	553	2.67318E+02
3549	284	2.67335E+02
3655	332	2.67372E+02
10119	717	2.67399E+02
8180	814	2.67430E+02
8091	279	2.67437E+02
3609	594	2.67539E+02
3609	227	2.67563E+02
3549	278	2.67573E+02
3549	331	2.67576E+02
8090	772	2.67671E+02
8091	230	2.67713E+02
3503	805	2.67728E+02
10184	805	2.67793E+02
8181	278	2.67909E+02
3503	227	2.68045E+02
8180	729	2.68183E+02
3655	285	2.68235E+02
8180	645	2.68262E+02
8091	282	2.68288E+02
3609	762	2.68381E+02
3655	229	2.68435E+02
7481	325	2.68489E+02
10184	597	2.68498E+02
8180	559	2.68642E+02
7460	335	2.68691E+02
8111	228	2.68691E+02
7460	686	2.68732E+02
3549	328	2.68734E+02
7460	375	2.68830E+02
3655	370	2.68852E+02
3503	594	2.68852E+02
8181	329	2.68862E+02
8091	278	2.68956E+02
7460	728	2.68964E+02
8180	467	2.68990E+02
8181	283	2.69069E+02
10184	461	2.69109E+02
3549	332	2.69116E+02
3655	277	2.69117E+02
8181	330	2.69314E+02
3655	369	2.69368E+02
8181	328	2.69465E+02
3655	371	2.69471E+02
3655	327	2.69556E+02
8181	229	2.69574E+02
3655	333	2.69773E+02
10098	461	2.69824E+02
3609	365	2.69865E+02
10098	597	2.69913E+02
8201	228	2.69935E+02
8091	329	2.69961E+02
3549	285	2.69988E+02
8201	802	2.69991E+02
8090	467	2.70002E+02
10098	233	2.70072E+02
3549	229	2.70113E+02
8091	283	2.70173E+02
8090	559	2.70256E+02
10184	233	2.70385E+02
7461	233	2.70387E+02
8091	330	2.70412E+02
8181	277	2.70457E+02
8091	229	2.70558E+02
3503	365	2.70560E+02
8091	328	2.70562E+02
3503	762	2.70609E+02
3549	370	2.70613E+02
7461	232	2.70726E+02
8090	687	2.70738E+02
7461	234	2.70739E+02
8181	331	2.70744E+02
3549	277	2.70819E+02
10184	763	2.70850E+02
10119	324	2.71067E+02
7460	644	2.71078E+02
3655	368	2.71103E+02
3549	369	2.71136E+02
3655	372	2.71144E+02
8181	327	2.71203E+02
7460	770	2.71212E+02
3549	371	2.71224E+02
8090	645	2.71240E+02
7481	718	2.71269E+02
8180	771	2.71272E+02
3549	327	2.71292E+02
10098	805	2.71408E+02
10205	324	2.71449E+02
8091	277	2.71488E+02
3549	333	2.71514E+02
3655	286	2.71548E+02
8201	635	2.71574E+02
8181	284	2.71671E+02
7461	231	2.71812E+02
8091	331	2.71840E+02
8111	325	2.71910E+02
3609	142	2.72100E+02
8181	369	2.72256E+02
8091	327	2.72295E+02
8201	760	2.72341E+02
3503	142	2.72560E+02
10098	280	2.72597E+02
8181	370	2.72718E+02
8090	729	2.72741E+02
8201	325	2.72756E+02
8180	603	2.72782E+02
8091	284	2.72783E+02
10119	142	2.72798E+02
10184	280	2.72814E+02
3655	228	2.72816E+02
3609	457	2.72821E+02
7460	286	2.72822E+02
3549	368	2.72875E+02
3549	372	2.72887E+02
3655	421	2.72915E+02
10205	800	2.72984E+02
3655	334	2.72985E+02
8181	368	2.73017E+02
8181	332	2.73085E+02
7461	280	2.73112E+02
7460	558	2.73144E+02
3655	420	2.73286E+02
3549	286	2.73306E+02
3655	326	2.73324E+02
8181	228	2.73337E+02
8091	369	2.73392E+02
10205	142	2.73443E+02
3655	276	2.73452E+02
7461	281	2.73527E+02
7461	279	2.73572E+02
3609	804	2.73635E+02
7461	230	2.73702E+02
3655	422	2.73778E+02
8090	814	2.73782E+02
3503	457	2.73784E+02
3655	373	2.73797E+02
8091	370	2.73836E+02
8111	635	2.73872E+02
10098	763	2.73991E+02
7460	466	2.74071E+02
8181	276	2.74079E+02
3655	367	2.74129E+02
8181	326	2.74144E+02
8091	368	2.74167E+02
8091	332	2.74175E+02
10098	329	2.74290E+02
8091	228	2.74302E+02
8181	371	2.74317E+02
10184	329	2.74352E+02
3549	228	2.74482E+02
10184	638	2.74581E+02
3549	421	2.74699E+02
3549	334	2.74724E+02
10205	675	2.74740E+02
7461	282	2.74757E+02
8181	285	2.74962E+02
3655	419	2.74975E+02
7461	278	2.74975E+02
3549	326	2.75054E+02
8181	367	2.75076E+02
3609	324	2.75083E+02
3549	420	2.75087E+02
8090	603	2.75090E+02
8091	276	2.75093E+02
7460	812	2.75136E+02
3549	276	2.75145E+02
8091	326	2.75228E+02
8091	371	2.75412E+02
3609	677	2.75469E+02
7481	549	2.75483E+02
3549	373	2.75527E+02
3549	422	2.75541E+02
3609	416	2.75556E+02
8180	426	2.75644E+02
3609	549	2.75677E+02
3503	324	2.75678E+02
8111	802	2.75729E+02
10119	800	2.75773E+02
3655	423	2.75787E+02
3549	367	2.75903E+02
8181	420	2.75905E+02
10184	721	2.75970E+02
8180	813	2.75990E+02
8091	285	2.76082E+02
8090	426	2.76128E+02
7481	457	2.76157E+02
3503	804	2.76163E+02
3609	719	2.76167E+02
7461	329	2.76181E+02
10205	548	2.76229E+02
8091	367	2.76236E+02
8181	333	2.76280E+02
10119	675	2.76299E+02
3503	416	2.76373E+02
10098	638	2.76398E+02
8181	419	2.76445E+02
7461	229	2.76448E+02
8090	335	2.76531E+02
7461	328	2.76642E+02
8181	421	2.76703E+02
7461	283	2.76751E+02
10119	548	2.76771E+02
7461	330	2.76772E+02
8090	771	2.76783E+02
3549	419	2.76790E+02
10205	568	2.76798E+02
3503	549	2.76807E+02
8180	335	2.76903E+02
7460	602	2.76960E+02
3655	335	2.76968E+02
8181	372	2.76971E+02
8201	718	2.77076E+02
8091	420	2.77082E+02
8111	760	2.77109E+02
8180	375	2.77151E+02
8090	375	2.77163E+02
3503	677	2.77222E+02
3655	461	2.77274E+02
8091	333	2.77364E+02
3655	374	2.77365E+02
3609	635	2.77388E+02
7461	277	2.77390E+02
10119	568	2.77430E+02
3549	423	2.77526E+02
8091	419	2.77659E+02
3655	462	2.77726E+02
8091	421	2.77836E+02
10205	456	2.77867E+02
8181	227	2.78018E+02
8091	372	2.78039E+02
3655	418	2.78051E+02
3655	227	2.78118E+02
10119	456	2.78121E+02
8180	686	2.78163E+02
3655	460	2.78166E+02
3503	719	2.78167E+02
7461	327	2.78233E+02
8181	142	2.78307E+02
8181	325	2.78332E+02
3655	325	2.78335E+02
7461	331	2.78338E+02
8181	418	2.78399E+02
8181	366	2.78490E+02
3655	366	2.78495E+02
8180	728	2.78650E+02
10098	721	2.78660E+02
3655	142	2.78673E+02
3549	335	2.78702E+02
8181	422	2.78749E+02
8181	275	2.78808E+02
3655	424	2.78858E+02
3655	275	2.78897E+02
8181	286	2.78910E+02
3503	635	2.78915E+02
3609	761	2.78959E+02
8091	227	2.78962E+02
10184	420	2.78975E+02
10205	758	2.79030E+02
10184	369	2.79035E+02
3549	374	2.79081E+02
3549	461	2.79101E+02
7481	676	2.79109E+02
10098	369	2.79182E+02
8091	142	2.79217E+02
10098	420	2.79385E+02
8091	325	2.79407E+02
3655	463	2.79433E+02
7461	284	2.79467E+02
3549	462	2.79520E+02
7461	369	2.79549E+02
8091	418	2.79642E+02
8091	366	2.79654E+02
10205	592	2.79692E+02
8181	460	2.79770E+02
