GRAM	c2h2	chi_tot
9102	711	5.57814E+01
9102	628	5.57862E+01
9102	587	5.58038E+01
9102	752	5.58392E+01
9102	669	5.58414E+01
9102	794	5.58451E+01
9102	670	5.58519E+01
9102	543	5.58545E+01
9102	451	5.59269E+01
9102	753	5.59514E+01
9102	629	5.59867E+01
9102	710	5.60157E+01
9102	410	5.60688E+01
9102	586	5.60701E+01
9102	793	5.60736E+01
9102	542	5.60786E+01
9102	411	5.60866E+01
9102	588	5.61156E+01
9102	359	5.61417E+01
9102	452	5.61541E+01
9102	627	5.61711E+01
9102	544	5.61795E+01
9102	339	5.61966E+01
9102	450	5.61981E+01
9102	712	5.62124E+01
9102	360	5.62580E+01
9102	319	5.62867E+01
9102	318	5.63030E+01
9102	795	5.63095E+01
9102	135	5.63270E+01
9102	751	5.63480E+01
9102	269	5.63640E+01
9102	668	5.64024E+01
9102	134	5.64058E+01
9102	381	5.64135E+01
9190	670	5.64194E+01
9102	220	5.64227E+01
9190	711	5.64270E+01
9102	358	5.64278E+01
9102	268	5.64355E+01
9190	794	5.64486E+01
9190	753	5.64507E+01
9102	221	5.64578E+01
9102	136	5.64655E+01
9102	409	5.64768E+01
9190	629	5.64960E+01
9190	587	5.65392E+01
9190	628	5.65481E+01
9102	671	5.65530E+01
9190	752	5.65755E+01
9190	588	5.65962E+01
9190	543	5.66009E+01
9102	412	5.66074E+01
9190	712	5.66142E+01
9102	270	5.66299E+01
9102	219	5.66465E+01
9190	669	5.66571E+01
9102	317	5.66582E+01
9102	287	5.66665E+01
9102	320	5.66683E+01
9102	133	5.66707E+01
9190	544	5.66722E+01
9190	795	5.66889E+01
9190	452	5.67132E+01
9190	451	5.67338E+01
9102	541	5.67527E+01
9190	411	5.67799E+01
9102	709	5.67879E+01
9102	222	5.67905E+01
9102	267	5.67930E+01
9102	585	5.68063E+01
9102	754	5.68100E+01
9102	361	5.68423E+01
9102	137	5.68466E+01
9102	792	5.68627E+01
9190	671	5.68698E+01
9102	449	5.68769E+01
9102	630	5.68823E+01
9190	710	5.69039E+01
9190	793	5.69078E+01
9190	360	5.69376E+01
9102	453	5.69627E+01
9190	381	5.69647E+01
9190	410	5.69978E+01
9102	626	5.70245E+01
9190	339	5.70290E+01
9102	357	5.70430E+01
9190	359	5.70493E+01
9190	586	5.70510E+01
9190	412	5.70537E+01
9190	542	5.70682E+01
9190	754	5.70779E+01
9102	218	5.70828E+01
9190	319	5.70852E+01
9102	132	5.70870E+01
9102	589	5.71055E+01
9190	630	5.71349E+01
9102	545	5.71443E+01
9190	627	5.71776E+01
9102	408	5.72276E+01
9190	450	5.72409E+01
9190	320	5.72451E+01
9190	269	5.72500E+01
9190	453	5.72643E+01
9102	271	5.72740E+01
9190	361	5.72830E+01
9102	316	5.72867E+01
9190	318	5.73124E+01
9190	270	5.73134E+01
9190	751	5.73212E+01
9190	589	5.73253E+01
9190	221	5.73351E+01
9102	750	5.73444E+01
9190	136	5.73486E+01
9190	135	5.73575E+01
9190	545	5.73754E+01
9102	266	5.73797E+01
9102	667	5.74105E+01
9102	713	5.74253E+01
9102	223	5.74478E+01
9190	668	5.74595E+01
9190	220	5.74751E+01
9190	222	5.74845E+01
9102	138	5.74865E+01
9102	321	5.74947E+01
9190	268	5.75137E+01
9190	358	5.75505E+01
9190	134	5.75775E+01
9190	137	5.75778E+01
9102	796	5.75856E+01
9190	713	5.75872E+01
9102	131	5.76195E+01
9190	409	5.76282E+01
9102	217	5.76826E+01
9102	413	5.76963E+01
9190	271	5.77467E+01
9190	796	5.77537E+01
9102	540	5.77756E+01
9102	91	5.78056E+01
9190	321	5.78410E+01
9190	219	5.78642E+01
9190	317	5.78656E+01
9102	448	5.78716E+01
9190	287	5.78752E+01
9190	413	5.78871E+01
9102	584	5.79029E+01
9190	709	5.79131E+01
9102	356	5.79133E+01
9190	792	5.79283E+01
9102	362	5.79460E+01
9190	223	5.79525E+01
9102	708	5.79683E+01
9190	541	5.79721E+01
9190	133	5.79760E+01
9190	585	5.80205E+01
9102	672	5.80512E+01
9190	267	5.80513E+01
9190	138	5.80633E+01
9102	791	5.80757E+01
9190	672	5.81192E+01
9102	315	5.81228E+01
9102	265	5.81390E+01
9190	362	5.81397E+01
9190	449	5.81416E+01
9102	625	5.82297E+01
9102	130	5.82343E+01
9102	407	5.82396E+01
9190	626	5.82643E+01
9102	272	5.83228E+01
9102	90	5.83454E+01
9190	357	5.83666E+01
9102	139	5.83915E+01
9102	216	5.83995E+01
9102	454	5.84210E+01
9102	224	5.84433E+01
9190	218	5.84546E+01
9190	454	5.84585E+01
9102	235	5.85067E+01
9190	132	5.85175E+01
9102	755	5.85240E+01
9190	750	5.85494E+01
9190	631	5.85643E+01
9102	631	5.85688E+01
9190	755	5.85715E+01
9190	272	5.85789E+01
9190	408	5.85866E+01
9190	316	5.86779E+01
9102	749	5.86958E+01
9190	667	5.86985E+01
9102	666	5.87437E+01
9190	224	5.87551E+01
9190	546	5.87893E+01
9102	322	5.87964E+01
9190	266	5.88052E+01
9190	139	5.88132E+01
9190	590	5.88149E+01
9102	546	5.88244E+01
9190	566	5.88290E+01
9102	590	5.88585E+01
9102	566	5.88726E+01
9102	89	5.88900E+01
9102	129	5.89011E+01
9190	322	5.89062E+01
9102	355	5.89695E+01
9102	264	5.90181E+01
9102	539	5.90513E+01
9102	447	5.90957E+01
9102	314	5.91064E+01
9190	131	5.91659E+01
9102	215	5.91925E+01
9190	217	5.91966E+01
9190	540	5.92100E+01
9102	583	5.92560E+01
9190	708	5.93205E+01
9190	414	5.93305E+01
9190	584	5.93360E+01
9190	448	5.93428E+01
9190	791	5.93678E+01
9102	414	5.94014E+01
9190	356	5.94226E+01
9102	88	5.94286E+01
9102	707	5.94323E+01
9102	406	5.94376E+01
9190	714	5.94489E+01
9102	714	5.95181E+01
9190	363	5.95437E+01
9102	140	5.95575E+01
9190	91	5.95799E+01
9102	790	5.95804E+01
9102	128	5.95942E+01
9102	363	5.96028E+01
9102	624	5.96770E+01
9190	315	5.96833E+01
9190	625	5.96889E+01
9190	265	5.97179E+01
9190	797	5.97449E+01
9102	797	5.97694E+01
9102	225	5.97774E+01
9102	273	5.97863E+01
9190	407	5.97907E+01
9190	273	5.98221E+01
9190	140	5.98254E+01
9190	130	5.98873E+01
9190	225	5.98946E+01
9102	87	5.99531E+01
9102	263	5.99726E+01
9102	214	6.00284E+01
9190	216	6.00434E+01
9190	749	6.01231E+01
9102	354	6.01514E+01
9190	235	6.01569E+01
9190	90	6.01695E+01
9102	313	6.01870E+01
9190	666	6.02492E+01
9190	673	6.02585E+01
9102	748	6.02783E+01
9102	665	6.02892E+01
9102	127	6.02933E+01
9190	455	6.03487E+01
9102	673	6.04329E+01
9190	323	6.04561E+01
9102	86	6.04579E+01
9102	446	6.04718E+01
9102	538	6.04929E+01
9102	455	6.05791E+01
9102	323	6.05868E+01
9190	355	6.06493E+01
9190	129	6.06513E+01
9190	539	6.06845E+01
9190	264	6.07369E+01
9102	405	6.07569E+01
9190	447	6.07572E+01
9190	89	6.07607E+01
9102	582	6.07717E+01
9190	314	6.08217E+01
9190	632	6.08631E+01
9102	213	6.08814E+01
9190	583	6.08921E+01
9102	85	6.09390E+01
9190	215	6.09546E+01
9102	262	6.09679E+01
9102	141	6.09721E+01
9190	547	6.09728E+01
9102	126	6.09834E+01
9190	707	6.09985E+01
9190	756	6.10211E+01
9102	706	6.10672E+01
9190	567	6.10695E+01
9190	141	6.10894E+01
9190	790	6.10896E+01
9102	632	6.11209E+01
9190	591	6.11330E+01
9190	406	6.11651E+01
9102	756	6.11778E+01
9102	789	6.12568E+01
9102	623	6.12683E+01
9102	547	6.12755E+01
9102	312	6.13249E+01
9190	624	6.13399E+01
9190	88	6.13428E+01
9190	226	6.13614E+01
9102	567	6.13795E+01
9102	84	6.13943E+01
9102	353	6.14100E+01
9190	415	6.14150E+01
9190	128	6.14327E+01
9102	226	6.14387E+01
9102	591	6.14388E+01
9190	274	6.14718E+01
9190	364	6.15123E+01
9102	125	6.16547E+01
9102	274	6.16575E+01
9102	212	6.17334E+01
9102	415	6.17508E+01
9190	263	6.18183E+01
9102	83	6.18232E+01
9102	364	6.18274E+01
9190	214	6.18973E+01
9190	87	6.19082E+01
9190	748	6.19148E+01
9102	445	6.19339E+01
9102	664	6.19481E+01
9102	261	6.19794E+01
9102	747	6.19824E+01
9190	354	6.19870E+01
9190	665	6.19966E+01
9102	537	6.20252E+01
9190	313	6.20432E+01
9102	404	6.21434E+01
9190	127	6.22116E+01
9102	82	6.22274E+01
9190	715	6.22762E+01
9102	124	6.23020E+01
9190	446	6.23073E+01
9190	538	6.23082E+01
9102	581	6.23691E+01
9190	86	6.24513E+01
9190	324	6.24889E+01
9102	311	6.24905E+01
9102	715	6.25631E+01
9102	211	6.25724E+01
9190	142	6.25879E+01
9190	582	6.25938E+01
9102	81	6.26104E+01
9102	142	6.26166E+01
9190	405	6.26451E+01
9102	352	6.27065E+01
9190	798	6.27328E+01
9102	705	6.27762E+01
9190	706	6.28317E+01
9190	213	6.28470E+01
9102	324	6.28615E+01
9102	622	6.29203E+01
9102	123	6.29238E+01
9102	798	6.29263E+01
9190	262	6.29285E+01
9190	456	6.29669E+01
9190	85	6.29684E+01
9190	789	6.29697E+01
9190	126	6.29738E+01
9102	80	6.29764E+01
9102	260	6.29918E+01
9102	788	6.30020E+01
9190	623	6.31179E+01
9190	227	6.31360E+01
9190	312	6.33091E+01
9102	79	6.33300E+01
9190	674	6.33521E+01
9190	353	6.33873E+01
9102	210	6.33926E+01
9102	227	6.34056E+01
9102	444	6.34272E+01
9190	84	6.34576E+01
9102	456	6.34661E+01
9190	275	6.35088E+01
9102	122	6.35211E+01
9102	403	6.35533E+01
9102	536	6.35859E+01
9102	663	6.36377E+01
9102	310	6.36625E+01
9102	78	6.36748E+01
9190	125	6.37105E+01
9102	746	6.37167E+01
4654	589	6.37420E+01
4654	630	6.37473E+01
9102	674	6.37586E+01
4654	545	6.37664E+01
4654	453	6.37785E+01
9190	212	6.37863E+01
9190	747	6.38124E+01
4654	412	6.38184E+01
9190	664	6.38404E+01
4654	544	6.38442E+01
4654	671	6.38610E+01
4654	713	6.38641E+01
4654	672	6.38943E+01
4654	588	6.38971E+01
4654	381	6.38993E+01
4654	452	6.39010E+01
4654	361	6.39044E+01
9102	275	6.39154E+01
9190	83	6.39185E+01
9190	445	6.39274E+01
9190	548	6.39631E+01
9102	580	6.39813E+01
4654	137	6.39911E+01
9102	259	6.39957E+01
9190	537	6.40060E+01
4654	755	6.40097E+01
4654	320	6.40104E+01
9102	351	6.40106E+01
9102	77	6.40135E+01
4654	413	6.40362E+01
9190	261	6.40443E+01
9190	365	6.40454E+01
4654	631	6.40553E+01
4654	754	6.40658E+01
4654	360	6.40733E+01
4654	629	6.40802E+01
9190	633	6.40849E+01
4654	796	6.40896E+01
9102	121	6.40969E+01
4654	138	6.41121E+01
4654	136	6.41167E+01
4654	411	6.41169E+01
4654	321	6.41370E+01
4654	270	6.41372E+01
9190	568	6.41380E+01
9190	416	6.41521E+01
4654	271	6.41528E+01
4654	222	6.41530E+01
4654	712	6.41654E+01
9190	404	6.41776E+01
9102	209	6.41925E+01
4654	362	6.42199E+01
4654	714	6.42247E+01
4654	797	6.42287E+01
4654	590	6.42306E+01
4654	454	6.42373E+01
4654	223	6.42393E+01
4654	319	6.43019E+01
4654	566	6.43028E+01
4654	546	6.43126E+01
9190	592	6.43240E+01
9102	76	6.43479E+01
9190	82	6.43530E+01
9190	581	6.43600E+01
4654	221	6.43771E+01
4654	339	6.44000E+01
9190	124	6.44173E+01
4654	670	6.44432E+01
4654	543	6.44671E+01
4654	135	6.44672E+01
4654	269	6.44787E+01
9102	704	6.44804E+01
9190	757	6.44836E+01
4654	139	6.44906E+01
6155	715	6.45133E+01
6155	632	6.45314E+01
4654	451	6.45316E+01
9102	548	6.45317E+01
6155	591	6.45503E+01
4654	272	6.45597E+01
9102	621	6.45650E+01
6155	674	6.45694E+01
4654	795	6.45707E+01
9102	633	6.45886E+01
9190	311	6.45911E+01
6155	757	6.45928E+01
6155	567	6.45999E+01
4654	587	6.46102E+01
6155	798	6.46158E+01
9102	365	6.46172E+01
6155	547	6.46274E+01
4654	673	6.46277E+01
6155	673	6.46352E+01
4654	756	6.46388E+01
9102	120	6.46546E+01
4654	224	6.46568E+01
4654	359	6.46677E+01
9102	75	6.46787E+01
6155	756	6.46997E+01
9190	211	6.47045E+01
9102	568	6.47120E+01
4654	322	6.47203E+01
9190	705	6.47219E+01
4654	753	6.47272E+01
9102	787	6.47324E+01
6155	633	6.47450E+01
9102	416	6.47534E+01
6060	715	6.47543E+01
6155	455	6.47619E+01
6155	799	6.47638E+01
9190	81	6.47648E+01
6060	632	6.47731E+01
6060	591	6.47849E+01
6060	674	6.47886E+01
6060	757	6.48105E+01
9190	352	6.48123E+01
9102	757	6.48237E+01
9102	309	6.48252E+01
4654	414	6.48254E+01
6060	567	6.48332E+01
6060	547	6.48607E+01
4654	410	6.48611E+01
6155	716	6.48753E+01
4654	220	6.48779E+01
6060	798	6.48809E+01
9102	592	6.48876E+01
6060	673	6.48927E+01
9190	788	6.49025E+01
9102	443	6.49073E+01
6155	592	6.49179E+01
6155	590	6.49350E+01
9190	622	6.49390E+01
6155	566	6.49407E+01
9102	402	6.49512E+01
6155	714	6.49517E+01
6060	799	6.49541E+01
6060	633	6.49547E+01
4654	318	6.49574E+01
6155	415	6.49597E+01
4654	628	6.49607E+01
6155	546	6.49701E+01
9102	208	6.49739E+01
6155	456	6.49754E+01
6060	756	6.49757E+01
9102	258	6.49860E+01
6155	568	6.49874E+01
9190	325	6.49876E+01
6060	455	6.49962E+01
6155	548	6.49995E+01
9102	74	6.50066E+01
4654	134	6.50130E+01
4654	711	6.50369E+01
4654	798	6.50531E+01
4654	363	6.50613E+01
6060	716	6.50614E+01
6155	414	6.50677E+01
4654	632	6.50805E+01
6155	631	6.50860E+01
9190	123	6.50935E+01
9102	535	6.51244E+01
4654	140	6.51276E+01
6060	592	6.51283E+01
4654	268	6.51293E+01
9190	260	6.51515E+01
9190	80	6.51584E+01
6060	566	6.51873E+01
6060	590	6.51874E+01
9190	228	6.51912E+01
6060	415	6.51914E+01
9102	119	6.51979E+01
6060	456	6.52014E+01
6060	568	6.52022E+01
6155	454	6.52066E+01
6155	364	6.52134E+01
6060	546	6.52148E+01
6060	548	6.52168E+01
6155	797	6.52306E+01
6060	714	6.52352E+01
6155	363	6.52620E+01
9102	662	6.52920E+01
6155	758	6.52950E+01
9102	350	6.52982E+01
6060	414	6.53010E+01
4654	715	6.53194E+01
6155	675	6.53230E+01
9102	73	6.53320E+01
4654	455	6.53338E+01
6060	631	6.53515E+01
4654	273	6.53756E+01
9102	745	6.54087E+01
4654	225	6.54120E+01
4654	591	6.54314E+01
6060	758	6.54399E+01
6060	364	6.54457E+01
6060	454	6.54459E+01
6155	672	6.54626E+01
6155	416	6.54680E+01
6155	323	6.54719E+01
6060	363	6.54923E+01
6060	675	6.54935E+01
9102	514	6.55192E+01
9190	79	6.55386E+01
4654	669	6.55412E+01
4654	567	6.55416E+01
4654	542	6.55438E+01
4654	547	6.55438E+01
6060	797	6.55542E+01
9102	579	6.55549E+01
9190	444	6.55633E+01
6155	755	6.55678E+01
4654	450	6.55848E+01
4654	794	6.55858E+01
9190	210	6.55970E+01
9102	325	6.56016E+01
4654	219	6.56103E+01
4654	358	6.56167E+01
7552	670	6.56326E+01
9102	228	6.56497E+01
9102	72	6.56560E+01
6155	324	6.56619E+01
7552	629	6.56745E+01
7552	587	6.56798E+01
7552	711	6.56816E+01
7552	543	6.56941E+01
6060	416	6.56960E+01
9190	663	6.56970E+01
6155	800	6.57008E+01
6060	323	6.57016E+01
7552	753	6.57068E+01
6155	365	6.57141E+01
9190	536	6.57155E+01
4654	133	6.57189E+01
9190	403	6.57194E+01
9190	746	6.57227E+01
9102	513	6.57228E+01
9102	118	6.57305E+01
7552	628	6.57320E+01
9102	207	6.57403E+01
9190	122	6.57409E+01
7552	588	6.57417E+01
6060	672	6.57483E+01
6155	322	6.57566E+01
6155	413	6.57603E+01
7552	794	6.57628E+01
7552	411	6.57682E+01
7552	452	6.57696E+01
7552	451	6.57704E+01
6155	634	6.57759E+01
7552	544	6.57794E+01
4654	323	6.57817E+01
4654	586	6.57835E+01
6060	800	6.58002E+01
7552	712	6.58267E+01
4654	287	6.58370E+01
6155	362	6.58416E+01
6155	274	6.58625E+01
7552	360	6.58626E+01
9190	310	6.58691E+01
7552	136	6.58693E+01
6155	273	6.58788E+01
6155	457	6.58793E+01
7552	752	6.58807E+01
7552	669	6.58849E+01
6060	755	6.58878E+01
6060	324	6.58960E+01
4654	752	6.58965E+01
9190	276	6.59034E+01
7552	135	6.59054E+01
7552	339	6.59059E+01
9190	78	6.59094E+01
4654	317	6.59120E+01
7552	795	6.59180E+01
9102	512	6.59263E+01
7552	319	6.59282E+01
7552	381	6.59358E+01
6060	634	6.59454E+01
6060	365	6.59474E+01
7552	359	6.59549E+01
9102	257	6.59596E+01
7552	410	6.59659E+01
9102	308	6.59666E+01
6155	545	6.59701E+01
4654	409	6.59702E+01
9102	71	6.59803E+01
6060	322	6.59814E+01
6060	413	6.59934E+01
6155	589	6.60070E+01
7552	221	6.60077E+01
4654	757	6.60096E+01
7552	269	6.60107E+01
4654	141	6.60145E+01
4654	267	6.60323E+01
7552	671	6.60524E+01
7552	412	6.60664E+01
6060	362	6.60687E+01
7552	137	6.60693E+01
6155	717	6.60757E+01
6155	593	6.60797E+01
7552	270	6.60823E+01
6060	274	6.60930E+01
6060	457	6.60939E+01
6060	273	6.61033E+01
7552	320	6.61059E+01
9190	716	6.61139E+01
9102	703	6.61185E+01
6155	549	6.61225E+01
6155	713	6.61227E+01
9190	580	6.61238E+01
4654	674	6.61248E+01
9102	511	6.61313E+01
7552	318	6.61426E+01
7552	542	6.61463E+01
9102	620	6.61492E+01
7552	134	6.61511E+01
7552	220	6.61534E+01
7552	222	6.61542E+01
7552	710	6.61797E+01
7552	586	6.61819E+01
6060	717	6.61944E+01
6155	226	6.61968E+01
6155	225	6.62151E+01
6060	545	6.62219E+01
4654	415	6.62224E+01
7552	361	6.62327E+01
9190	351	6.62329E+01
9190	259	6.62423E+01
6155	275	6.62467E+01
7552	754	6.62550E+01
9102	117	6.62561E+01
6155	453	6.62566E+01
6060	593	6.62594E+01
7552	450	6.62596E+01
7552	268	6.62702E+01
6060	589	6.62714E+01
7552	793	6.62727E+01
9190	77	6.62736E+01
4654	627	6.62847E+01
7552	630	6.62972E+01
6155	272	6.62992E+01
6155	141	6.63018E+01
9102	70	6.63070E+01
9102	401	6.63083E+01
6060	549	6.63191E+01
9190	457	6.63250E+01
6155	325	6.63257E+01
6155	630	6.63351E+01
9102	442	6.63386E+01
9102	510	6.63397E+01
7552	453	6.63424E+01
6155	140	6.63480E+01
7552	627	6.63579E+01
9190	121	6.63632E+01
4654	710	6.63735E+01
9102	786	6.63845E+01
6060	226	6.64229E+01
6060	225	6.64353E+01
6060	713	6.64368E+01
7552	358	6.64412E+01
4654	364	6.64518E+01
9190	209	6.64633E+01
7552	589	6.64699E+01
6060	275	6.64829E+01
7552	545	6.64953E+01
9102	206	6.64956E+01
6060	453	6.64981E+01
4654	226	6.64991E+01
6155	321	6.64997E+01
6155	142	6.65030E+01
6155	227	6.65030E+01
6060	141	6.65134E+01
6060	272	6.65175E+01
4654	218	6.65233E+01
7552	138	6.65238E+01
9102	276	6.65286E+01
7552	271	6.65289E+01
4654	132	6.65476E+01
6155	796	6.65491E+01
9102	349	6.65495E+01
7552	219	6.65502E+01
9102	509	6.65538E+01
6060	140	6.65563E+01
6060	325	6.65637E+01
6155	224	6.65658E+01
7552	133	6.65736E+01
7552	409	6.65795E+01
9190	704	6.65890E+01
9102	716	6.66009E+01
9102	534	6.66010E+01
4654	274	6.66011E+01
4654	799	6.66012E+01
6155	417	6.66057E+01
6060	630	6.66166E+01
7552	223	6.66227E+01
9190	76	6.66331E+01
9102	69	6.66384E+01
7552	751	6.66501E+01
6155	139	6.66503E+01
7552	287	6.66641E+01
7552	317	6.66873E+01
7552	668	6.66887E+01
6060	142	6.67174E+01
6060	321	6.67191E+01
7552	321	6.67256E+01
7552	713	6.67331E+01
6060	227	6.67348E+01
9190	621	6.67351E+01
9190	799	6.67492E+01
6155	366	6.67659E+01
9102	508	6.67748E+01
9102	116	6.67792E+01
6060	224	6.67799E+01
9190	787	6.68027E+01
7552	267	6.68070E+01
6155	759	6.68220E+01
6060	417	6.68282E+01
4654	357	6.68439E+01
6060	139	6.68548E+01
7552	796	6.68578E+01
9102	661	6.68608E+01
4654	633	6.68781E+01
6060	759	6.68800E+01
9102	256	6.69138E+01
6155	361	6.69147E+01
6060	796	6.69152E+01
6155	676	6.69261E+01
7552	413	6.69286E+01
9190	120	6.69646E+01
6155	671	6.69682E+01
4654	449	6.69697E+01
9102	68	6.69765E+01
4654	541	6.69767E+01
6155	412	6.69859E+01
9190	75	6.69889E+01
6060	366	6.69990E+01
9102	507	6.70036E+01
9102	744	6.70046E+01
6155	276	6.70147E+01
4654	793	6.70338E+01
7552	541	6.70347E+01
6060	676	6.70376E+01
4654	668	6.70461E+01
9102	578	6.70491E+01
9102	307	6.70760E+01
9102	799	6.70840E+01
9102	457	6.70914E+01
4654	316	6.70963E+01
4654	456	6.71050E+01
6155	271	6.71102E+01
6155	228	6.71162E+01
6155	754	6.71191E+01
7552	362	6.71200E+01
4654	266	6.71268E+01
9190	309	6.71284E+01
9190	366	6.71284E+01
4654	142	6.71357E+01
7552	132	6.71371E+01
6060	361	6.71377E+01
7552	585	6.71382E+01
7552	449	6.71442E+01
7552	218	6.71496E+01
9190	443	6.71711E+01
7552	709	6.71928E+01
4654	716	6.71956E+01
6155	138	6.72088E+01
6060	412	6.72170E+01
9190	402	6.72359E+01
9102	506	6.72400E+01
7552	139	6.72407E+01
9102	205	6.72432E+01
6155	223	6.72446E+01
7552	357	6.72464E+01
7552	672	6.72525E+01
6060	276	6.72562E+01
6060	671	6.72726E+01
9102	115	6.73045E+01
9190	208	6.73064E+01
9190	258	6.73125E+01
4654	585	6.73136E+01
7552	792	6.73150E+01
6060	271	6.73222E+01
9102	67	6.73230E+01
4654	324	6.73246E+01
9190	74	6.73415E+01
6060	228	6.73533E+01
4654	408	6.73603E+01
7552	272	6.73801E+01
9190	535	6.73870E+01
4654	592	6.73918E+01
6060	138	6.74092E+01
6060	801	6.74121E+01
6155	801	6.74187E+01
7552	224	6.74295E+01
7552	626	6.74340E+01
9190	675	6.74349E+01
6155	326	6.74487E+01
6060	223	6.74527E+01
4654	131	6.74620E+01
4654	751	6.74658E+01
6060	754	6.74696E+01
9102	505	6.74833E+01
6155	458	6.74868E+01
7552	316	6.74947E+01
9190	229	6.74960E+01
9190	662	6.75001E+01
4654	548	6.75013E+01
4654	568	6.75186E+01
7552	408	6.75245E+01
9190	417	6.75367E+01
6155	544	6.75493E+01
9190	119	6.75493E+01
7552	454	6.75604E+01
7552	266	6.75627E+01
4654	217	6.75649E+01
9190	745	6.75723E+01
6155	381	6.75924E+01
9102	400	6.76017E+01
9190	350	6.76258E+01
9102	619	6.76335E+01
7552	755	6.76356E+01
9102	702	6.76464E+01
6155	635	6.76483E+01
6155	320	6.76661E+01
9102	66	6.76789E+01
6155	588	6.76803E+01
6060	458	6.76868E+01
6060	326	6.76900E+01
9190	73	6.76915E+01
9102	441	6.76934E+01
7552	631	6.76978E+01
4654	91	6.77171E+01
9102	504	6.77329E+01
9102	348	6.77476E+01
6060	635	6.77692E+01
9190	549	6.77754E+01
6060	544	6.78043E+01
7552	131	6.78058E+01
6060	381	6.78175E+01
7552	322	6.78212E+01
9190	579	6.78322E+01
9102	114	6.78363E+01
6155	452	6.78398E+01
9102	255	6.78455E+01
6060	320	6.78797E+01
7552	750	6.78816E+01
4654	227	6.79013E+01
7552	217	6.79013E+01
7552	91	6.79126E+01
9102	785	6.79139E+01
7552	667	6.79188E+01
7552	546	6.79198E+01
9190	326	6.79242E+01
9190	514	6.79259E+01
6155	712	6.79334E+01
4654	626	6.79445E+01
6060	588	6.79512E+01
7552	590	6.79516E+01
9102	366	6.79561E+01
7552	566	6.79632E+01
9102	204	6.79849E+01
9102	533	6.79858E+01
9102	503	6.79882E+01
6155	229	6.80118E+01
6155	550	6.80123E+01
6155	137	6.80135E+01
9190	72	6.80401E+01
9102	65	6.80457E+01
6155	594	6.80550E+01
9102	675	6.80594E+01
9102	183	6.80624E+01
4654	709	6.80639E+01
6060	452	6.80810E+01
9190	118	6.81215E+01
6155	718	6.81226E+01
9190	207	6.81307E+01
9102	229	6.81386E+01
6155	277	6.81407E+01
9190	513	6.81430E+01
9102	306	6.81434E+01
4654	758	6.81508E+01
6060	718	6.81618E+01
6155	629	6.81834E+01
6060	550	6.81836E+01
6060	594	6.81977E+01
6060	137	6.82096E+01
7552	140	6.82174E+01
4654	275	6.82214E+01
9102	182	6.82289E+01
6155	222	6.82337E+01
4654	416	6.82443E+01
9102	502	6.82491E+01
6060	229	6.82539E+01
9190	634	6.82563E+01
7552	540	6.82571E+01
6060	712	6.82670E+01
4654	356	6.82743E+01
6155	270	6.82808E+01
7552	356	6.82946E+01
9102	660	6.83092E+01
7552	448	6.83312E+01
4654	265	6.83540E+01
6155	367	6.83576E+01
9190	308	6.83579E+01
9190	257	6.83600E+01
9190	512	6.83607E+01
6155	418	6.83710E+01
9190	703	6.83718E+01
9102	113	6.83782E+01
6060	277	6.83873E+01
9190	71	6.83889E+01
9102	181	6.83944E+01
4654	365	6.83968E+01
9102	417	6.84022E+01
7552	414	6.84057E+01
9190	593	6.84083E+01
6155	360	6.84245E+01
4654	675	6.84247E+01
9102	64	6.84253E+01
4654	130	6.84277E+01
9102	577	6.84339E+01
6060	222	6.84357E+01
7552	584	6.84382E+01
4654	315	6.84431E+01
9190	620	6.84532E+01
9102	743	6.84681E+01
6060	629	6.84739E+01
7552	265	6.84789E+01
6155	795	6.84839E+01
6060	270	6.84864E+01
7552	315	6.84978E+01
7552	714	6.85006E+01
9102	501	6.85159E+01
4654	90	6.85343E+01
7552	130	6.85456E+01
9102	180	6.85583E+01
7552	363	6.85611E+01
7552	90	6.85681E+01
7552	225	6.85771E+01
9190	511	6.85804E+01
6060	418	6.85859E+01
6060	367	6.85894E+01
7552	708	6.85909E+01
4654	448	6.85965E+01
9102	549	6.86056E+01
9190	786	6.86059E+01
9190	277	6.86213E+01
6060	360	6.86426E+01
7552	273	6.86484E+01
4654	540	6.86693E+01
6155	411	6.86743E+01
7552	797	6.86802E+01
9190	117	6.86855E+01
4654	216	6.86873E+01
9190	401	6.86991E+01
9190	442	6.87160E+01
7552	407	6.87178E+01
9102	179	6.87197E+01
9102	203	6.87211E+01
9190	70	6.87401E+01
9102	254	6.87502E+01
7552	791	6.87534E+01
7552	216	6.87582E+01
5389	91	6.87734E+01
9102	326	6.87779E+01
9102	500	6.87894E+01
9190	510	6.88041E+01
4654	792	6.88062E+01
9102	399	6.88129E+01
9102	63	6.88199E+01
7552	625	6.88431E+01
4654	667	6.88473E+01
4654	235	6.88734E+01
6060	795	6.88776E+01
9102	178	6.88783E+01
9102	347	6.88784E+01
4654	800	6.88812E+01
7552	235	6.88960E+01
6060	411	6.89019E+01
9102	112	6.89321E+01
9190	206	6.89408E+01
4654	407	6.89504E+01
9102	440	6.89509E+01
9190	349	6.89719E+01
9190	758	6.89785E+01
9190	534	6.89812E+01
9102	618	6.89911E+01
9102	634	6.89954E+01
6155	327	6.90083E+01
9190	509	6.90339E+01
9102	177	6.90353E+01
9102	701	6.90355E+01
6155	136	6.90434E+01
6155	670	6.90475E+01
5389	90	6.90556E+01
9102	499	6.90701E+01
9190	69	6.90962E+01
4654	584	6.90985E+01
6060	760	6.91155E+01
6155	760	6.91576E+01
9102	305	6.91592E+01
6155	230	6.91625E+01
9102	176	6.91927E+01
9190	661	6.92000E+01
6155	319	6.92030E+01
7552	89	6.92164E+01
9102	593	6.92225E+01
9102	62	6.92318E+01
6060	136	6.92351E+01
9190	116	6.92460E+01
6155	753	6.92519E+01
6060	327	6.92522E+01
9102	532	6.92572E+01
9190	508	6.92715E+01
9102	784	6.92935E+01
9190	744	6.93072E+01
9102	40	6.93106E+01
7552	673	6.93216E+01
4654	750	6.93233E+01
7552	129	6.93262E+01
4654	89	6.93300E+01
4654	325	6.93370E+01
5389	132	6.93528E+01
9102	175	6.93531E+01
9102	498	6.93583E+01
5389	89	6.93616E+01
6060	670	6.93621E+01
5389	131	6.93750E+01
6155	677	6.93822E+01
9190	256	6.93829E+01
7552	323	6.94087E+01
6060	230	6.94092E+01
6060	319	6.94105E+01
4654	129	6.94144E+01
6060	677	6.94246E+01
9102	39	6.94277E+01
7552	749	6.94428E+01
7552	141	6.94429E+01
9190	578	6.94449E+01
9102	202	6.94499E+01
7552	666	6.94530E+01
9190	68	6.94594E+01
9102	277	6.94615E+01
7552	455	6.94762E+01
9102	758	6.94778E+01
4654	634	6.94799E+01
5389	133	6.94866E+01
9102	111	6.94981E+01
6155	221	6.95005E+01
7552	264	6.95028E+01
7552	355	6.95162E+01
9190	507	6.95172E+01
9102	174	6.95183E+01
5389	130	6.95203E+01
9190	307	6.95476E+01
6155	339	6.95484E+01
5389	217	6.95490E+01
9102	38	6.95492E+01
5389	218	6.95669E+01
4654	457	6.95685E+01
4654	228	6.95935E+01
6155	278	6.95970E+01
5389	266	6.96122E+01
6155	543	6.96132E+01
9102	659	6.96155E+01
6060	753	6.96203E+01
9102	253	6.96222E+01
7552	314	6.96361E+01
5389	316	6.96463E+01
9102	497	6.96538E+01
4654	264	6.96609E+01
9102	61	6.96621E+01
5389	357	6.96665E+01
5389	408	6.96718E+01
9102	37	6.96752E+01
7552	215	6.96791E+01
5389	88	6.96793E+01
5389	449	6.96796E+01
9102	173	6.96888E+01
9102	576	6.96901E+01
6060	221	6.96964E+01
5389	541	6.96999E+01
5389	216	6.96999E+01
5389	265	6.97072E+01
7552	539	6.97166E+01
5389	585	6.97323E+01
7552	447	6.97332E+01
9190	205	6.97406E+01
5389	356	6.97463E+01
5389	267	6.97470E+01
6060	802	6.97518E+01
5389	315	6.97549E+01
5389	129	6.97583E+01
6060	339	6.97586E+01
6155	269	6.97638E+01
9190	506	6.97712E+01
5389	235	6.97722E+01
9102	742	6.97786E+01
5389	409	6.97897E+01
6155	459	6.97959E+01
5389	219	6.97995E+01
9102	36	6.98048E+01
5389	317	6.98059E+01
9190	115	6.98081E+01
5389	134	6.98091E+01
5389	626	6.98108E+01
5389	448	6.98191E+01
5389	287	6.98221E+01
9190	67	6.98312E+01
4654	625	6.98347E+01
4654	355	6.98399E+01
5389	668	6.98414E+01
7552	88	6.98476E+01
6060	278	6.98483E+01
5389	540	6.98484E+01
4654	215	6.98501E+01
6155	587	6.98523E+01
5389	627	6.98532E+01
9102	172	6.98636E+01
6060	543	6.98678E+01
6155	451	6.98682E+01
4654	717	6.98736E+01
5389	407	6.98744E+01
6155	802	6.98779E+01
4654	314	6.98931E+01
5389	358	6.99018E+01
5389	450	6.99102E+01
5389	586	6.99105E+01
9102	398	6.99283E+01
9102	346	6.99302E+01
5389	709	6.99336E+01
7552	756	6.99351E+01
9102	35	6.99368E+01
5389	542	6.99475E+01
7552	632	6.99534E+01
5389	584	6.99539E+01
9102	496	6.99564E+01
6060	269	6.99630E+01
5389	667	6.99773E+01
7552	583	6.99773E+01
5389	215	6.99775E+01
6060	459	6.99782E+01
5389	264	6.99795E+01
5389	751	6.99958E+01
4654	708	6.99971E+01
5389	87	6.99992E+01
4330	453	7.00053E+01
4330	412	7.00075E+01
5389	710	7.00090E+01
9190	230	7.00199E+01
9190	702	7.00263E+01
4330	545	7.00279E+01
4330	589	7.00325E+01
9190	505	7.00325E+01
9102	171	7.00405E+01
9190	619	7.00547E+01
7552	226	7.00561E+01
4330	544	7.00590E+01
4330	630	7.00590E+01
5389	128	7.00616E+01
4330	381	7.00691E+01
9102	34	7.00700E+01
5389	314	7.00712E+01
5389	355	7.00733E+01
9102	110	7.00743E+01
4330	361	7.00830E+01
7552	406	7.00838E+01
9190	400	7.00868E+01
4330	452	7.00885E+01
4433	453	7.00899E+01
4433	412	7.00932E+01
4654	88	7.00948E+01
9102	439	7.00965E+01
6060	451	7.01066E+01
9102	60	7.01107E+01
7552	547	7.01115E+01
4433	545	7.01133E+01
9102	304	7.01146E+01
4433	589	7.01175E+01
7552	128	7.01223E+01
6060	587	7.01248E+01
4330	588	7.01340E+01
4654	593	7.01376E+01
5389	793	7.01386E+01
4433	630	7.01404E+01
4433	544	7.01409E+01
5389	625	7.01519E+01
4433	381	7.01568E+01
5389	669	7.01591E+01
5389	792	7.01600E+01
5389	268	7.01662E+01
9102	201	7.01673E+01
4330	320	7.01677E+01
4433	361	7.01686E+01
5389	750	7.01699E+01
9190	441	7.01710E+01
4433	452	7.01736E+01
4330	671	7.01845E+01
9102	33	7.02032E+01
7552	567	7.02052E+01
4654	549	7.02061E+01
9102	617	7.02067E+01
4654	276	7.02106E+01
4433	588	7.02118E+01
9190	66	7.02129E+01
9102	170	7.02176E+01
4330	360	7.02236E+01
5389	447	7.02471E+01
7552	707	7.02496E+01
7552	591	7.02538E+01
9190	348	7.02553E+01
4433	320	7.02567E+01
4433	671	7.02572E+01
4330	413	7.02608E+01
4330	137	7.02614E+01
5389	708	7.02654E+01
9102	495	7.02664E+01
4330	713	7.02673E+01
6155	135	7.02673E+01
9190	785	7.02678E+01
9102	700	7.02708E+01
6155	711	7.02713E+01
4330	411	7.02738E+01
5389	752	7.02766E+01
4330	270	7.02843E+01
4330	672	7.02917E+01
5389	220	7.02924E+01
5389	318	7.02967E+01
6155	359	7.02985E+01
9190	504	7.03003E+01
5389	539	7.03042E+01
5389	410	7.03053E+01
5389	86	7.03142E+01
4433	360	7.03147E+01
4330	222	7.03153E+01
4330	321	7.03201E+01
4330	271	7.03233E+01
5389	406	7.03246E+01
7552	274	7.03297E+01
4330	629	7.03323E+01
9102	32	7.03360E+01
4433	413	7.03439E+01
4330	136	7.03446E+01
5389	214	7.03459E+01
4433	713	7.03474E+01
5389	135	7.03513E+01
4433	137	7.03547E+01
4433	411	7.03632E+01
6155	636	7.03632E+01
9190	114	7.03765E+01
4433	270	7.03768E+01
9190	255	7.03783E+01
5389	628	7.03798E+01
5389	263	7.03822E+01
4654	447	7.03823E+01
4433	672	7.03844E+01
9102	169	7.03939E+01
4654	128	7.03976E+01
9102	531	7.04022E+01
4433	321	7.04024E+01
4433	629	7.04032E+01
5389	127	7.04076E+01
4433	222	7.04079E+01
4433	271	7.04083E+01
9190	458	7.04177E+01
4330	223	7.04270E+01
6060	636	7.04273E+01
4330	362	7.04291E+01
4330	138	7.04310E+01
4330	319	7.04350E+01
4330	631	7.04352E+01
4433	136	7.04441E+01
7552	87	7.04544E+01
9102	252	7.04545E+01
6060	135	7.04546E+01
7552	790	7.04566E+01
4330	754	7.04631E+01
5389	666	7.04632E+01
9102	31	7.04684E+01
9190	533	7.04689E+01
6155	368	7.04703E+01
7552	624	7.04751E+01
5389	583	7.04814E+01
4330	712	7.04909E+01
4330	755	7.04990E+01
4330	454	7.05078E+01
4433	362	7.05098E+01
6060	359	7.05111E+01
9102	783	7.05112E+01
4433	223	7.05122E+01
4330	221	7.05162E+01
4433	138	7.05180E+01
6155	628	7.05199E+01
5389	359	7.05226E+01
4433	754	7.05230E+01
7552	415	7.05288E+01
4330	339	7.05307E+01
4433	319	7.05309E+01
4654	539	7.05313E+01
9190	204	7.05323E+01
4433	631	7.05331E+01
5389	313	7.05423E+01
6155	231	7.05427E+01
4433	712	7.05491E+01
4330	796	7.05629E+01
5389	791	7.05685E+01
9102	168	7.05699E+01
7552	364	7.05737E+01
9190	503	7.05739E+01
9102	59	7.05762E+01
4330	590	7.05819E+01
9102	494	7.05847E+01
5389	587	7.05849E+01
5389	354	7.05865E+01
7552	263	7.05898E+01
4433	755	7.05914E+01
4433	454	7.05942E+01
5389	451	7.05950E+01
5389	711	7.05973E+01
9102	30	7.06010E+01
4330	269	7.06040E+01
9190	65	7.06059E+01
5389	794	7.06086E+01
6060	711	7.06145E+01
4433	221	7.06159E+01
5389	85	7.06192E+01
4330	546	7.06264E+01
4433	339	7.06269E+01
4433	796	7.06272E+01
4330	566	7.06287E+01
7552	214	7.06314E+01
4330	543	7.06406E+01
9102	109	7.06569E+01
4330	135	7.06585E+01
6155	551	7.06674E+01
4654	406	7.06683E+01
4433	590	7.06790E+01
5389	543	7.06818E+01
4330	451	7.06840E+01
9190	306	7.06881E+01
5389	749	7.06933E+01
6060	368	7.06998E+01
4330	670	7.07026E+01
4433	269	7.07038E+01
4330	714	7.07173E+01
4433	546	7.07186E+01
9190	183	7.07215E+01
4433	543	7.07222E+01
4433	566	7.07226E+01
9102	29	7.07347E+01
9190	367	7.07372E+01
6155	410	7.07413E+01
9102	167	7.07478E+01
6155	419	7.07512E+01
4330	272	7.07550E+01
9190	660	7.07624E+01
4433	670	7.07626E+01
4433	135	7.07641E+01
9102	658	7.07698E+01
4433	451	7.07714E+01
5389	213	7.07757E+01
5389	126	7.07781E+01
5389	624	7.07794E+01
4330	359	7.07920E+01
6060	231	7.07935E+01
4654	791	7.07942E+01
4330	587	7.08002E+01
9102	575	7.08075E+01
4330	797	7.08086E+01
6060	551	7.08088E+01
6060	628	7.08133E+01
4536	453	7.08214E+01
4654	87	7.08230E+01
4433	714	7.08287E+01
4433	272	7.08325E+01
4536	412	7.08363E+01
4654	666	7.08386E+01
4536	545	7.08409E+01
9102	230	7.08412E+01
6155	595	7.08437E+01
4536	589	7.08462E+01
7552	354	7.08510E+01
9190	502	7.08534E+01
7552	313	7.08591E+01
4330	139	7.08655E+01
9102	200	7.08671E+01
9102	28	7.08702E+01
4330	224	7.08719E+01
4536	630	7.08726E+01
4433	587	7.08749E+01
5389	262	7.08763E+01
4654	366	7.08868E+01
5389	446	7.08886E+01
4433	359	7.08892E+01
4536	544	7.08914E+01
9190	743	7.08917E+01
4654	417	7.08918E+01
9102	345	7.08940E+01
9190	182	7.08943E+01
7552	142	7.08992E+01
5389	707	7.09009E+01
4536	361	7.09090E+01
4536	381	7.09096E+01
5389	84	7.09107E+01
9102	493	7.09126E+01
7552	127	7.09141E+01
4433	797	7.09166E+01
5389	339	7.09207E+01
5389	269	7.09218E+01
6155	794	7.09262E+01
9102	741	7.09283E+01
4536	452	7.09293E+01
9102	166	7.09301E+01
4330	322	7.09311E+01
9190	577	7.09330E+01
9102	397	7.09384E+01
6060	595	7.09431E+01
6060	719	7.09440E+01
4433	139	7.09462E+01
4433	224	7.09497E+01
4330	795	7.09517E+01
9190	113	7.09548E+01
6060	419	7.09566E+01
5389	405	7.09573E+01
4536	588	7.09615E+01
6060	410	7.09642E+01
9190	717	7.09722E+01
6155	328	7.09799E+01
4433	795	7.09848E+01
5389	538	7.09857E+01
4330	410	7.09889E+01
4536	671	7.09934E+01
6155	719	7.09955E+01
4330	220	7.09957E+01
6155	220	7.09993E+01
9102	303	7.10013E+01
4654	263	7.10045E+01
4433	322	7.10068E+01
9102	27	7.10080E+01
4536	320	7.10091E+01
9190	64	7.10122E+01
4654	214	7.10218E+01
7552	86	7.10324E+01
5389	670	7.10336E+01
4654	583	7.10430E+01
6155	318	7.10435E+01
4330	753	7.10450E+01
9102	58	7.10553E+01
4654	759	7.10616E+01
4536	413	7.10621E+01
9190	181	7.10667E+01
4330	318	7.10682E+01
4536	713	7.10740E+01
4536	360	7.10801E+01
4433	410	7.10831E+01
4433	753	7.10832E+01
5389	221	7.10865E+01
4330	414	7.10889E+01
4433	220	7.11023E+01
4536	672	7.11062E+01
4330	673	7.11096E+01
4536	137	7.11145E+01
5389	753	7.11166E+01
9102	165	7.11188E+01
9102	438	7.11218E+01
5389	312	7.11243E+01
4536	321	7.11299E+01
4536	411	7.11313E+01
5389	136	7.11388E+01
4536	270	7.11389E+01
9190	501	7.11389E+01
4536	271	7.11467E+01
9102	26	7.11486E+01
4536	629	7.11545E+01
5389	125	7.11598E+01
4330	628	7.11610E+01
8930	670	7.11631E+01
4536	222	7.11686E+01
4433	414	7.11710E+01
4433	318	7.11710E+01
8930	629	7.11712E+01
4330	134	7.11727E+01
7552	665	7.11787E+01
5389	319	7.11788E+01
5389	83	7.11871E+01
6060	220	7.11894E+01
5389	665	7.12017E+01
7552	715	7.12037E+01
7552	748	7.12106E+01
8930	753	7.12153E+01
4536	136	7.12224E+01
4536	362	7.12246E+01
8930	588	7.12259E+01
6060	328	7.12260E+01
4433	628	7.12267E+01
5389	582	7.12283E+01
4433	673	7.12304E+01
4330	756	7.12337E+01
5389	353	7.12341E+01
4330	268	7.12344E+01
9190	180	7.12378E+01
9102	251	7.12396E+01
9102	108	7.12401E+01
5389	212	7.12443E+01
6060	318	7.12448E+01
4536	631	7.12486E+01
4536	223	7.12512E+01
9102	492	7.12516E+01
4536	754	7.12522E+01
4536	138	7.12590E+01
8930	711	7.12604E+01
5389	790	7.12615E+01
9190	327	7.12668E+01
8930	712	7.12713E+01
7552	446	7.12727E+01
9102	616	7.12746E+01
8930	544	7.12800E+01
4433	134	7.12841E+01
4536	712	7.12886E+01
9102	25	7.12923E+01
5389	411	7.12942E+01
4330	711	7.12953E+01
8930	587	7.12998E+01
4536	454	7.13019E+01
4330	363	7.13036E+01
4536	319	7.13076E+01
4536	755	7.13136E+01
9102	164	7.13148E+01
9190	203	7.13165E+01
8930	452	7.13229E+01
7552	538	7.13260E+01
8930	543	7.13284E+01
6060	794	7.13339E+01
4433	711	7.13402E+01
8930	794	7.13404E+01
4433	268	7.13414E+01
9190	254	7.13423E+01
9102	699	7.13486E+01
4536	796	7.13496E+01
4654	127	7.13589E+01
6155	279	7.13596E+01
4654	749	7.13609E+01
8930	628	7.13634E+01
8930	795	7.13692E+01
4433	756	7.13699E+01
4433	363	7.13802E+01
9190	399	7.13814E+01
4536	590	7.13884E+01
4536	221	7.13978E+01
4654	313	7.13978E+01
9190	179	7.14066E+01
4536	339	7.14080E+01
9102	530	7.14149E+01
8930	411	7.14156E+01
4536	546	7.14245E+01
4536	566	7.14291E+01
9190	500	7.14312E+01
5389	261	7.14324E+01
9190	63	7.14339E+01
9102	24	7.14400E+01
8930	671	7.14431E+01
9102	458	7.14475E+01
5389	82	7.14485E+01
8930	451	7.14510E+01
7552	798	7.14530E+01
9190	347	7.14621E+01
5389	748	7.14655E+01
4654	354	7.14830E+01
7552	324	7.14865E+01
4536	269	7.14887E+01
5389	629	7.14897E+01
5286	91	7.14916E+01
4536	543	7.14960E+01
6155	268	7.14994E+01
4654	86	7.15111E+01
9190	618	7.15137E+01
9190	440	7.15161E+01
4536	670	7.15166E+01
8930	752	7.15171E+01
9102	163	7.15182E+01
9190	701	7.15248E+01
8930	381	7.15281E+01
8930	360	7.15370E+01
4330	632	7.15378E+01
4654	676	7.15412E+01
9102	199	7.15418E+01
5389	124	7.15436E+01
9102	57	7.15436E+01
9190	112	7.15450E+01
4654	229	7.15457E+01
8930	669	7.15467E+01
4536	272	7.15469E+01
4536	714	7.15470E+01
9190	418	7.15514E+01
4536	451	7.15515E+01
7552	405	7.15577E+01
4536	135	7.15601E+01
9102	782	7.15660E+01
4330	140	7.15666E+01
9190	178	7.15728E+01
7552	85	7.15787E+01
6155	669	7.15824E+01
8930	412	7.15878E+01
7552	213	7.15901E+01
9102	23	7.15927E+01
5389	360	7.15955E+01
4330	273	7.15971E+01
9102	491	7.16020E+01
5389	623	7.16050E+01
6060	279	7.16152E+01
8930	754	7.16301E+01
9190	278	7.16306E+01
4536	797	7.16389E+01
9102	717	7.16389E+01
4433	140	7.16411E+01
4536	587	7.16468E+01
6155	134	7.16471E+01
8930	630	7.16501E+01
4330	455	7.16528E+01
4330	225	7.16570E+01
4433	632	7.16589E+01
7552	582	7.16616E+01
4536	224	7.16665E+01
4433	273	7.16673E+01
4536	139	7.16683E+01
5389	795	7.16691E+01
8930	339	7.16719E+01
5389	445	7.16783E+01
4536	359	7.16789E+01
4330	542	7.16811E+01
7552	126	7.16878E+01
6060	268	7.16925E+01
5389	81	7.16969E+01
8930	319	7.17000E+01
4330	450	7.17060E+01
7552	262	7.17061E+01
4330	219	7.17089E+01
4536	322	7.17090E+01
4536	795	7.17141E+01
5389	404	7.17171E+01
4330	358	7.17175E+01
4433	225	7.17273E+01
8930	410	7.17288E+01
9102	162	7.17293E+01
9190	499	7.17307E+01
5389	211	7.17351E+01
8930	359	7.17373E+01
9190	177	7.17375E+01
4433	455	7.17434E+01
5389	706	7.17449E+01
4330	669	7.17453E+01
9102	22	7.17515E+01
4330	798	7.17545E+01
8930	453	7.17580E+01
9190	784	7.17619E+01
9102	344	7.17635E+01
4433	542	7.17647E+01
9190	305	7.17702E+01
9102	657	7.17718E+01
8930	320	7.17763E+01
5389	311	7.17831E+01
5286	90	7.17832E+01
9190	800	7.17839E+01
9102	574	7.17842E+01
8930	361	7.17894E+01
4654	326	7.17950E+01
4433	450	7.17975E+01
4433	669	7.17991E+01
5389	712	7.18001E+01
8930	589	7.18085E+01
9102	302	7.18125E+01
5389	452	7.18151E+01
9102	107	7.18163E+01
9102	367	7.18182E+01
5389	537	7.18205E+01
4433	358	7.18211E+01
4433	219	7.18221E+01
4536	753	7.18247E+01
9190	532	7.18298E+01
6060	134	7.18301E+01
9102	396	7.18383E+01
7552	227	7.18465E+01
6155	752	7.18478E+01
5389	588	7.18486E+01
4330	591	7.18513E+01
4330	133	7.18515E+01
8930	545	7.18520E+01
8930	270	7.18550E+01
4654	624	7.18580E+01
4536	414	7.18641E+01
8930	269	7.18676E+01
4654	801	7.18715E+01
9190	62	7.18733E+01
4536	410	7.18756E+01
8930	710	7.18850E+01
4330	794	7.18875E+01
8930	136	7.18909E+01
6060	669	7.18998E+01
4433	794	7.19009E+01
9190	176	7.19027E+01
8930	542	7.19034E+01
4536	220	7.19045E+01
4330	715	7.19141E+01
4330	547	7.19163E+01
9102	21	7.19175E+01
8930	221	7.19177E+01
9102	740	7.19196E+01
4433	798	7.19197E+01
5389	123	7.19243E+01
8930	586	7.19273E+01
4330	287	7.19274E+01
4330	567	7.19291E+01
4330	586	7.19326E+01
5389	80	7.19350E+01
4536	673	7.19416E+01
9102	161	7.19484E+01
8930	135	7.19604E+01
9102	490	7.19630E+01
4433	591	7.19654E+01
4433	133	7.19685E+01
9102	250	7.19703E+01
4536	318	7.19710E+01
8930	793	7.19716E+01
5389	352	7.19738E+01
5389	544	7.19897E+01
8930	222	7.19975E+01
4536	628	7.19991E+01
4330	317	7.20024E+01
8930	318	7.20072E+01
4433	586	7.20077E+01
4433	547	7.20190E+01
4330	323	7.20216E+01
9102	437	7.20244E+01
5389	260	7.20292E+01
9102	56	7.20350E+01
4433	567	7.20355E+01
8930	713	7.20375E+01
9190	498	7.20377E+01
4433	287	7.20384E+01
9190	40	7.20477E+01
8930	450	7.20564E+01
6155	542	7.20566E+01
7552	706	7.20571E+01
5389	270	7.20582E+01
8930	137	7.20584E+01
4433	715	7.20667E+01
4654	707	7.20691E+01
4536	363	7.20694E+01
9190	175	7.20710E+01
4330	409	7.20720E+01
9102	20	7.20908E+01
9190	202	7.20912E+01
4536	756	7.20913E+01
4433	323	7.20913E+01
7552	84	7.20921E+01
4536	711	7.20965E+01
4536	134	7.20972E+01
5286	89	7.20974E+01
6060	761	7.21025E+01
5389	664	7.21055E+01
5286	132	7.21083E+01
4433	317	7.21121E+01
8930	627	7.21140E+01
5389	581	7.21187E+01
4330	267	7.21188E+01
7552	456	7.21218E+01
8930	220	7.21256E+01
7552	312	7.21280E+01
6155	232	7.21314E+01
5286	131	7.21339E+01
5389	789	7.21446E+01
4330	752	7.21463E+01
9190	111	7.21470E+01
4536	268	7.21481E+01
4654	85	7.21575E+01
5389	79	7.21661E+01
9190	39	7.21666E+01
9190	659	7.21667E+01
4433	409	7.21718E+01
4433	752	7.21722E+01
9102	160	7.21768E+01
4654	213	7.21792E+01
8930	796	7.21798E+01
9102	198	7.21832E+01
5389	137	7.21902E+01
9102	615	7.21974E+01
8930	268	7.22043E+01
8930	271	7.22106E+01
5389	222	7.22129E+01
6060	752	7.22232E+01
9102	800	7.22298E+01
7552	623	7.22323E+01
4433	267	7.22326E+01
5389	210	7.22371E+01
5286	133	7.22382E+01
8930	134	7.22394E+01
6155	450	7.22438E+01
9190	174	7.22444E+01
5389	381	7.22472E+01
7552	353	7.22503E+01
4654	446	7.22550E+01
6155	761	7.22566E+01
9190	253	7.22691E+01
9102	19	7.22711E+01
9102	698	7.22737E+01
9190	576	7.22782E+01
5286	130	7.22823E+01
4654	126	7.22856E+01
8930	321	7.22862E+01
9190	38	7.22907E+01
9102	529	7.22960E+01
5389	122	7.22995E+01
9190	742	7.23060E+01
7552	789	7.23064E+01
6060	542	7.23077E+01
5286	217	7.23116E+01
8930	413	7.23139E+01
8930	358	7.23219E+01
7552	674	7.23225E+01
5286	218	7.23264E+01
9190	61	7.23315E+01
9102	489	7.23328E+01
4536	140	7.23441E+01
9190	497	7.23521E+01
4654	262	7.23531E+01
9102	327	7.23570E+01
4536	273	7.23572E+01
4536	632	7.23609E+01
5286	266	7.23745E+01
9102	106	7.23767E+01
6060	232	7.23858E+01
5389	78	7.23926E+01
8930	223	7.23950E+01
5389	747	7.23964E+01
7552	275	7.24049E+01
9190	550	7.24057E+01
8930	751	7.24072E+01
5286	316	7.24094E+01
6155	586	7.24102E+01
9102	159	7.24158E+01
9190	37	7.24200E+01
4536	225	7.24218E+01
5286	88	7.24221E+01
9190	173	7.24232E+01
4536	455	7.24281E+01
5286	357	7.24292E+01
7552	125	7.24345E+01
5286	408	7.24380E+01
4330	627	7.24406E+01
5286	449	7.24449E+01
8930	409	7.24474E+01
4654	405	7.24528E+01
6155	358	7.24544E+01
9102	18	7.24572E+01
5286	216	7.24653E+01
9102	781	7.24655E+01
5286	541	7.24664E+01
8930	668	7.24724E+01
5286	265	7.24730E+01
6060	450	7.24776E+01
8930	138	7.24820E+01
4654	538	7.24827E+01
5389	310	7.24927E+01
8930	672	7.24968E+01
5286	585	7.25030E+01
5389	320	7.25032E+01
4433	627	7.25055E+01
5286	267	7.25055E+01
9190	676	7.25110E+01
5286	356	7.25146E+01
5286	315	7.25221E+01
9102	55	7.25224E+01
5286	129	7.25229E+01
4330	141	7.25265E+01
4330	415	7.25282E+01
9102	343	7.25360E+01
4654	277	7.25365E+01
7552	212	7.25380E+01
5286	235	7.25386E+01
9102	301	7.25437E+01
5286	409	7.25478E+01
8930	362	7.25495E+01
5389	622	7.25522E+01
9190	36	7.25534E+01
5286	219	7.25556E+01
5286	134	7.25565E+01
5389	403	7.25579E+01
5389	444	7.25608E+01
5389	671	7.25617E+01
4536	542	7.25622E+01
5286	317	7.25640E+01
9190	398	7.25696E+01
4536	669	7.25732E+01
7552	83	7.25732E+01
4330	710	7.25748E+01
8930	219	7.25798E+01
5286	287	7.25799E+01
9190	346	7.25813E+01
5286	626	7.25891E+01
5286	448	7.25931E+01
4433	141	7.25949E+01
4536	450	7.26015E+01
4330	218	7.26046E+01
9190	172	7.26064E+01
4433	415	7.26109E+01
5389	754	7.26115E+01
5286	668	7.26119E+01
5286	627	7.26133E+01
4433	710	7.26136E+01
5389	77	7.26160E+01
9102	573	7.26246E+01
5286	540	7.26256E+01
9102	395	7.26275E+01
9102	656	7.26284E+01
8930	287	7.26309E+01
6060	678	7.26340E+01
4536	358	7.26341E+01
8930	317	7.26362E+01
9102	249	7.26402E+01
