GRAM	c2h2	chi_tot
10544	552	2.60355E+01
10544	461	2.60755E+01
10544	596	2.60915E+01
10544	460	2.61236E+01
10544	421	2.61385E+01
10544	595	2.61386E+01
10544	636	2.61599E+01
10544	637	2.61706E+01
10544	420	2.62028E+01
10544	551	2.62238E+01
10544	678	2.62280E+01
10544	677	2.62385E+01
10544	553	2.62421E+01
10544	719	2.62685E+01
10544	370	2.62924E+01
10544	760	2.63246E+01
10544	371	2.63258E+01
10544	718	2.63705E+01
10544	422	2.63737E+01
10544	462	2.63746E+01
10544	801	2.64403E+01
10544	597	2.64653E+01
10544	802	2.64832E+01
10544	369	2.65114E+01
10544	331	2.65199E+01
10544	459	2.65346E+01
10544	761	2.65566E+01
10544	759	2.65782E+01
10544	419	2.65805E+01
10544	330	2.65907E+01
10544	372	2.66018E+01
10544	635	2.66153E+01
10544	638	2.66227E+01
10544	594	2.66269E+01
10544	720	2.66389E+01
10544	332	2.66402E+01
10544	679	2.66755E+01
10544	676	2.67353E+01
10544	554	2.68226E+01
10544	550	2.68231E+01
10544	283	2.68489E+01
10544	329	2.68597E+01
10544	282	2.68745E+01
10544	800	2.68951E+01
10544	423	2.68955E+01
10460	552	2.69344E+01
10544	333	2.69474E+01
10544	284	2.69577E+01
10544	717	2.69752E+01
10460	596	2.69760E+01
10544	803	2.69789E+01
10460	461	2.69823E+01
10544	368	2.69951E+01
10544	463	2.70029E+01
10460	460	2.70300E+01
10544	281	2.70395E+01
10460	595	2.70395E+01
10460	637	2.70396E+01
10460	421	2.70550E+01
10460	636	2.70563E+01
10460	678	2.70859E+01
10460	420	2.71129E+01
10544	373	2.71136E+01
10460	719	2.71242E+01
10460	551	2.71286E+01
10460	553	2.71308E+01
10460	677	2.71346E+01
10460	760	2.71896E+01
10544	285	2.71973E+01
10460	370	2.72112E+01
10544	762	2.72290E+01
10544	598	2.72325E+01
10460	371	2.72545E+01
10460	718	2.72742E+01
10460	462	2.72782E+01
10544	418	2.72846E+01
10460	422	2.72942E+01
10460	802	2.72960E+01
10544	458	2.73209E+01
10460	597	2.73279E+01
10460	801	2.73282E+01
10544	328	2.73381E+01
10544	758	2.73478E+01
10544	280	2.73511E+01
10460	761	2.73549E+01
10460	369	2.74185E+01
10376	552	2.74350E+01
10460	459	2.74374E+01
10460	720	2.74378E+01
10544	721	2.74387E+01
10544	334	2.74390E+01
10460	331	2.74508E+01
10460	638	2.74578E+01
10544	234	2.74620E+01
10376	596	2.74644E+01
10376	461	2.74814E+01
10460	419	2.74816E+01
10544	639	2.74823E+01
10460	679	2.74877E+01
10460	759	2.74998E+01
10460	330	2.75089E+01
10376	637	2.75179E+01
10460	635	2.75322E+01
10460	372	2.75385E+01
10460	594	2.75386E+01
10376	460	2.75404E+01
10544	680	2.75418E+01
10544	634	2.75502E+01
10376	595	2.75540E+01
10376	421	2.75592E+01
10376	678	2.75603E+01
10544	286	2.75650E+01
10544	593	2.75676E+01
10376	636	2.75700E+01
10460	332	2.75823E+01
10376	719	2.76038E+01
10376	553	2.76113E+01
10376	420	2.76225E+01
10376	551	2.76463E+01
10376	677	2.76533E+01
10460	676	2.76612E+01
10376	760	2.76861E+01
10544	424	2.76922E+01
10460	554	2.76969E+01
10460	803	2.77069E+01
10376	370	2.77200E+01
10460	550	2.77292E+01
10544	675	2.77330E+01
10376	802	2.77476E+01
10544	555	2.77527E+01
10544	367	2.77572E+01
10376	371	2.77616E+01
10460	329	2.77639E+01
10376	462	2.77639E+01
10544	233	2.77742E+01
10376	761	2.77838E+01
10460	283	2.77845E+01
10376	597	2.77864E+01
10376	422	2.77914E+01
10460	282	2.77985E+01
10376	718	2.78064E+01
10460	423	2.78176E+01
10544	279	2.78198E+01
10544	549	2.78417E+01
10460	800	2.78464E+01
10376	801	2.78541E+01
10544	374	2.78554E+01
10376	720	2.78581E+01
10544	804	2.78709E+01
10544	799	2.78759E+01
10460	368	2.78886E+01
10376	638	2.78960E+01
10460	333	2.78993E+01
10460	463	2.79004E+01
10460	284	2.79036E+01
10376	679	2.79120E+01
10460	717	2.79172E+01
10376	369	2.79277E+01
10544	464	2.79424E+01
10460	281	2.79507E+01
10460	762	2.79521E+01
10376	459	2.79568E+01
10376	331	2.79608E+01
10376	419	2.79952E+01
10376	330	2.80174E+01
10544	327	2.80403E+01
10376	372	2.80431E+01
10376	759	2.80559E+01
10460	373	2.80566E+01
10460	598	2.80683E+01
10376	594	2.80749E+01
10376	635	2.80759E+01
10376	803	2.80765E+01
10376	332	2.80932E+01
10544	716	2.80972E+01
10544	335	2.81120E+01
10460	285	2.81520E+01
10376	554	2.81544E+01
10460	721	2.81732E+01
10460	418	2.81742E+01
10544	232	2.81943E+01
10460	458	2.82166E+01
10376	676	2.82178E+01
10460	328	2.82268E+01
10460	280	2.82482E+01
10376	550	2.82607E+01
10376	329	2.82701E+01
10460	639	2.82777E+01
10544	763	2.82871E+01
10376	283	2.82940E+01
10460	680	2.83017E+01
10376	282	2.83059E+01
10376	423	2.83063E+01
10376	762	2.83070E+01
10460	758	2.83146E+01
10544	417	2.83247E+01
10460	234	2.83586E+01
10544	599	2.83612E+01
10376	463	2.83705E+01
10376	368	2.83973E+01
10460	334	2.83993E+01
10376	333	2.84103E+01
10376	284	2.84145E+01
10376	800	2.84376E+01
10376	281	2.84553E+01
10544	278	2.84598E+01
10460	634	2.84802E+01
10460	593	2.84840E+01
10544	457	2.84883E+01
10376	598	2.84933E+01
10376	717	2.84943E+01
10460	804	2.85065E+01
10460	286	2.85269E+01
10376	721	2.85285E+01
10376	373	2.85575E+01
10460	555	2.86088E+01
10460	424	2.86135E+01
10544	722	2.86161E+01
10460	367	2.86352E+01
10544	757	2.86455E+01
10460	233	2.86601E+01
10376	285	2.86636E+01
10376	680	2.86710E+01
10376	639	2.86715E+01
10460	675	2.86799E+01
10376	418	2.86900E+01
10460	279	2.87015E+01
10544	640	2.87096E+01
10376	328	2.87301E+01
10544	231	2.87360E+01
10376	458	2.87425E+01
10460	549	2.87446E+01
10376	280	2.87494E+01
10544	425	2.87529E+01
10544	681	2.87803E+01
10376	804	2.87884E+01
10460	374	2.88028E+01
10544	366	2.88096E+01
10544	375	2.88207E+01
10460	464	2.88307E+01
10376	234	2.88534E+01
10460	799	2.88776E+01
10376	334	2.89095E+01
10460	327	2.89121E+01
10376	758	2.89214E+01
10460	763	2.89281E+01
10544	592	2.89597E+01
10544	336	2.89617E+01
10544	633	2.89638E+01
10544	326	2.89819E+01
10544	556	2.90070E+01
10376	593	2.90377E+01
10376	286	2.90383E+01
10376	555	2.90407E+01
10376	634	2.90482E+01
10460	716	2.90668E+01
10460	232	2.90679E+01
10460	335	2.90790E+01
10376	424	2.90924E+01
10544	805	2.90973E+01
10376	367	2.91424E+01
10544	568	2.91432E+01
10376	233	2.91527E+01
10460	599	2.91656E+01
10544	465	2.91755E+01
10376	279	2.91988E+01
10460	417	2.92002E+01
10376	763	2.92038E+01
10544	674	2.92301E+01
10376	675	2.92674E+01
10544	548	2.92780E+01
10460	722	2.92801E+01
10376	464	2.92834E+01
10376	549	2.92865E+01
10544	277	2.92878E+01
10376	374	2.92991E+01
10460	278	2.93249E+01
10460	457	2.93733E+01
10544	798	2.93901E+01
10376	327	2.94117E+01
10544	230	2.94147E+01
10460	640	2.94602E+01
10460	681	2.94822E+01
10376	799	2.95235E+01
10376	599	2.95539E+01
10376	232	2.95576E+01
10376	722	2.95659E+01
10376	335	2.95877E+01
10460	231	2.95958E+01
10460	805	2.96348E+01
10460	757	2.96453E+01
10460	366	2.96703E+01
10544	764	2.96709E+01
10460	425	2.96712E+01
10376	716	2.96805E+01
10544	416	2.97040E+01
10376	417	2.97167E+01
10544	715	2.97318E+01
10460	375	2.97708E+01
10376	681	2.97924E+01
10376	640	2.98061E+01
10544	600	2.98170E+01
10376	278	2.98177E+01
10376	805	2.98248E+01
10460	326	2.98353E+01
10460	556	2.98413E+01
10460	592	2.98750E+01
10460	633	2.98993E+01
10376	457	2.99034E+01
10460	336	2.99339E+01
10544	337	2.99815E+01
10544	376	3.00015E+01
10544	456	3.00336E+01
10460	568	3.00444E+01
10460	465	3.00517E+01
10544	426	3.00663E+01
10376	231	3.00819E+01
10544	723	3.01151E+01
10460	277	3.01350E+01
10376	425	3.01386E+01
10544	365	3.01590E+01
10460	548	3.01730E+01
10376	366	3.01749E+01
10544	325	3.01758E+01
10460	674	3.01886E+01
10460	764	3.02247E+01
10376	556	3.02451E+01
10544	229	3.02465E+01
10460	230	3.02593E+01
10376	375	3.02613E+01
10544	641	3.02618E+01
10376	757	3.02928E+01
10544	276	3.03206E+01
10376	326	3.03305E+01
10544	682	3.03407E+01
10376	764	3.04175E+01
10460	798	3.04280E+01
10376	336	3.04400E+01
10376	592	3.04413E+01
10544	756	3.04621E+01
10376	465	3.04850E+01
10376	633	3.04857E+01
10544	557	3.05597E+01
10460	416	3.05630E+01
10460	600	3.05861E+01
10544	806	3.05960E+01
10376	568	3.05984E+01
10376	277	3.06228E+01
10544	466	3.06847E+01
10460	723	3.07038E+01
10460	715	3.07182E+01
10376	548	3.07218E+01
10376	230	3.07412E+01
10544	591	3.07883E+01
10376	674	3.07996E+01
10544	632	3.08392E+01
10460	456	3.09047E+01
10376	723	3.09167E+01
10376	600	3.09349E+01
10460	376	3.09522E+01
10460	337	3.09570E+01
10460	641	3.09633E+01
10544	567	3.09734E+01
10460	426	3.09792E+01
10460	682	3.09800E+01
10460	365	3.10006E+01
10460	325	3.10095E+01
10460	806	3.10316E+01
10460	229	3.10745E+01
10376	416	3.10785E+01
10376	798	3.11170E+01
10544	547	3.11178E+01
10376	806	3.11271E+01
10460	276	3.11488E+01
10544	338	3.11632E+01
10544	673	3.12061E+01
10376	682	3.12280E+01
10544	228	3.12456E+01
10376	641	3.12582E+01
10544	765	3.13211E+01
10376	715	3.13595E+01
10460	557	3.13687E+01
10544	377	3.13874E+01
10544	415	3.14171E+01
10544	797	3.14212E+01
10376	426	3.14339E+01
10376	376	3.14358E+01
10376	456	3.14365E+01
10376	337	3.14594E+01
10460	756	3.14820E+01
10376	325	3.14997E+01
10376	365	3.15015E+01
10460	466	3.15459E+01
10376	229	3.15517E+01
10544	601	3.15655E+01
10544	275	3.15712E+01
10544	427	3.16198E+01
10544	324	3.16288E+01
10376	276	3.16310E+01
10460	591	3.16964E+01
10376	557	3.17423E+01
10460	632	3.17728E+01
10460	765	3.17841E+01
10544	364	3.18041E+01
10544	714	3.18540E+01
10460	567	3.18638E+01
10544	724	3.18805E+01
10376	765	3.18917E+01
10544	455	3.19425E+01
10376	466	3.19580E+01
10460	547	3.20003E+01
10460	228	3.20560E+01
10544	642	3.20959E+01
10460	338	3.21399E+01
10376	756	3.21597E+01
10460	673	3.21672E+01
10544	683	3.21730E+01
10460	415	3.22573E+01
10376	591	3.22707E+01
10460	601	3.22955E+01
10544	807	3.23107E+01
10460	377	3.23369E+01
10376	632	3.23716E+01
10460	275	3.23792E+01
10544	558	3.23848E+01
10460	724	3.23903E+01
10376	567	3.24225E+01
10544	227	3.24225E+01
10460	324	3.24415E+01
10544	467	3.24516E+01
10460	797	3.24806E+01
10460	427	3.25249E+01
10376	724	3.25278E+01
10376	228	3.25279E+01
10376	547	3.25525E+01
4713	678	3.25728E+01
10376	601	3.26025E+01
4713	636	3.26086E+01
4713	720	3.26147E+01
4713	595	3.26227E+01
4713	719	3.26241E+01
10460	364	3.26250E+01
4713	761	3.26276E+01
10376	338	3.26375E+01
10376	807	3.26413E+01
10460	807	3.26419E+01
4713	637	3.26429E+01
4713	762	3.26659E+01
4713	803	3.26734E+01
4713	551	3.26944E+01
4713	677	3.26980E+01
4713	804	3.27029E+01
10460	642	3.27445E+01
10460	683	3.27461E+01
4713	596	3.27483E+01
10544	755	3.27654E+01
10376	415	3.27702E+01
4713	679	3.27755E+01
10376	673	3.27942E+01
10460	455	3.27964E+01
10376	377	3.28124E+01
4713	552	3.28272E+01
4713	459	3.28301E+01
4713	594	3.28398E+01
10460	714	3.28460E+01
10376	275	3.28553E+01
4713	460	3.28752E+01
4713	760	3.28829E+01
4713	550	3.28931E+01
4713	721	3.29024E+01
4713	802	3.29029E+01
4713	635	3.29224E+01
10376	324	3.29260E+01
10376	683	3.29294E+01
4713	805	3.29564E+01
4713	718	3.29582E+01
4713	763	3.29649E+01
10376	427	3.29654E+01
10544	378	3.29674E+01
10376	642	3.29859E+01
4713	419	3.29864E+01
4713	638	3.30053E+01
10544	590	3.30230E+01
10544	274	3.30454E+01
4713	458	3.30989E+01
10376	364	3.31213E+01
4713	418	3.31251E+01
4713	420	3.31270E+01
10544	142	3.31419E+01
10544	631	3.31427E+01
10460	558	3.31656E+01
4713	676	3.31712E+01
10544	766	3.31841E+01
10544	566	3.31891E+01
4713	597	3.31989E+01
10376	797	3.32008E+01
10460	227	3.32143E+01
4713	461	3.32213E+01
4713	368	3.32360E+01
4713	553	3.32763E+01
4713	680	3.32783E+01
10460	467	3.32951E+01
4713	369	3.33221E+01
10376	455	3.33274E+01
10544	546	3.33328E+01
10544	323	3.33382E+01
4713	367	3.33920E+01
4713	806	3.33980E+01
10544	428	3.33987E+01
4713	593	3.34106E+01
4713	801	3.34215E+01
4713	549	3.34331E+01
10544	414	3.34473E+01
4713	722	3.34534E+01
4713	759	3.34575E+01
4713	764	3.34881E+01
10376	714	3.35060E+01
10376	558	3.35068E+01
4713	421	3.35335E+01
10460	766	3.35538E+01
4713	417	3.35545E+01
4713	328	3.35617E+01
10544	602	3.35719E+01
10376	766	3.35745E+01
4713	634	3.35952E+01
10544	672	3.36222E+01
4713	717	3.36361E+01
4713	370	3.36367E+01
4713	329	3.36547E+01
4713	327	3.36631E+01
4713	639	3.36702E+01
10376	227	3.36804E+01
10376	467	3.36843E+01
4713	457	3.36897E+01
10544	363	3.37334E+01
10544	226	3.37820E+01
10460	755	3.37926E+01
4713	366	3.38037E+01
10460	274	3.38323E+01
4713	462	3.38529E+01
10544	725	3.38616E+01
10460	142	3.39094E+01
10460	378	3.39135E+01
10460	590	3.39183E+01
4713	330	3.39290E+01
10544	796	3.39294E+01
4713	598	3.39517E+01
4713	279	3.39557E+01
4713	326	3.39746E+01
4713	807	3.39931E+01
4713	675	3.40027E+01
4713	554	3.40229E+01
4713	280	3.40279E+01
4713	278	3.40299E+01
4713	681	3.40484E+01
10460	566	3.40640E+01
10460	631	3.40671E+01
10460	323	3.41290E+01
4713	371	3.41680E+01
10544	643	3.41702E+01
10544	454	3.41874E+01
4713	422	3.41924E+01
10544	808	3.41929E+01
4713	765	3.41985E+01
10460	546	3.41987E+01
10544	684	3.42305E+01
4713	723	3.42310E+01
4713	281	3.42339E+01
4713	800	3.42514E+01
10460	602	3.42597E+01
4713	277	3.42661E+01
10460	414	3.42666E+01
4713	416	3.42811E+01
10460	725	3.42898E+01
4713	568	3.42928E+01
10460	428	3.42938E+01
10376	274	3.43020E+01
4713	232	3.43158E+01
4713	548	3.43162E+01
10376	808	3.43212E+01
4713	592	3.43368E+01
10376	725	3.43504E+01
4713	231	3.43583E+01
10376	142	3.43619E+01
4713	758	3.43675E+01
4713	233	3.43695E+01
4713	331	3.43751E+01
10376	378	3.43796E+01
10544	141	3.43801E+01
10544	713	3.44182E+01
10460	808	3.44183E+01
10544	559	3.44554E+01
10544	468	3.44555E+01
4713	365	3.44807E+01
10376	755	3.44901E+01
10376	590	3.44960E+01
4713	234	3.45069E+01
4713	325	3.45111E+01
4713	230	3.45122E+01
10376	602	3.45227E+01
10460	363	3.45323E+01
10460	226	3.45543E+01
4713	282	3.45653E+01
10460	672	3.45769E+01
4713	456	3.46038E+01
10376	323	3.46072E+01
4713	640	3.46073E+01
10376	566	3.46237E+01
4713	633	3.46282E+01
4713	716	3.46656E+01
10376	631	3.46722E+01
4713	276	3.46814E+01
4713	808	3.47113E+01
10376	428	3.47186E+01
10544	379	3.47302E+01
10460	684	3.47346E+01
10544	273	3.47395E+01
10376	546	3.47510E+01
4713	463	3.47538E+01
10460	643	3.47629E+01
10376	414	3.47752E+01
4713	229	3.47940E+01
10376	684	3.48514E+01
4713	372	3.49079E+01
10376	643	3.49489E+01
4713	599	3.49809E+01
4713	332	3.49879E+01
10460	796	3.49958E+01
10376	226	3.50144E+01
4713	283	3.50164E+01
10460	454	3.50213E+01
10376	363	3.50229E+01
4713	555	3.50459E+01
4713	682	3.50506E+01
4713	766	3.50614E+01
4713	423	3.50919E+01
10460	141	3.51323E+01
4713	674	3.51913E+01
4713	724	3.51985E+01
10460	559	3.52050E+01
10376	672	3.52127E+01
10544	767	3.52135E+01
4713	228	3.52200E+01
10460	468	3.52789E+01
4713	324	3.52832E+01
10544	322	3.52903E+01
4713	275	3.52913E+01
4713	415	3.53045E+01
10544	225	3.53220E+01
10544	429	3.53862E+01
4713	799	3.54041E+01
10460	713	3.54055E+01
10376	767	3.54214E+01
4713	364	3.54266E+01
10460	767	3.54882E+01
10544	754	3.55028E+01
10460	273	3.55047E+01
10376	559	3.55119E+01
4713	567	3.55209E+01
4713	809	3.55261E+01
4713	547	3.55345E+01
10376	454	3.55491E+01
10376	141	3.55807E+01
4713	284	3.55836E+01
4713	591	3.56094E+01
4713	757	3.56168E+01
10544	589	3.56187E+01
10376	468	3.56434E+01
10460	379	3.56706E+01
10376	796	3.57350E+01
10544	140	3.57560E+01
4713	333	3.57648E+01
10544	413	3.57652E+01
4713	641	3.57848E+01
10544	603	3.58014E+01
4713	227	3.58037E+01
10544	630	3.58240E+01
4713	455	3.58332E+01
4713	373	3.58509E+01
10544	545	3.58813E+01
4713	464	3.59081E+01
10544	362	3.59240E+01
10376	273	3.59677E+01
4713	632	3.60099E+01
10544	726	3.60138E+01
4713	715	3.60419E+01
4713	767	3.60462E+01
10460	322	3.60584E+01
10460	225	3.60743E+01
10376	713	3.60752E+01
4713	142	3.60969E+01
4713	274	3.61060E+01
10376	379	3.61259E+01
10376	809	3.61279E+01
10544	809	3.62028E+01
4713	424	3.62220E+01
4713	683	3.62498E+01
4713	600	3.62594E+01
4713	285	3.62640E+01
10460	429	3.62690E+01
4713	323	3.62940E+01
4713	725	3.63216E+01
10460	809	3.63218E+01
4713	556	3.63242E+01
10376	726	3.63412E+01
10460	726	3.63586E+01
4713	810	3.64151E+01
10544	671	3.64223E+01
10460	603	3.64442E+01
10544	644	3.64448E+01
10544	685	3.64704E+01
10460	140	3.64921E+01
10460	589	3.64961E+01
10460	754	3.65252E+01
10376	225	3.65281E+01
10376	322	3.65297E+01
4713	226	3.65546E+01
10460	413	3.65619E+01
4713	414	3.66151E+01
4713	363	3.66362E+01
10544	272	3.66392E+01
10376	603	3.66615E+01
10544	380	3.66642E+01
10544	469	3.66725E+01
10376	429	3.66766E+01
10460	362	3.66998E+01
4713	334	3.67041E+01
4713	673	3.67224E+01
10460	545	3.67269E+01
10544	453	3.67278E+01
10460	630	3.67326E+01
10544	560	3.67417E+01
4713	141	3.68055E+01
10544	795	3.68539E+01
4713	798	3.68779E+01
10460	685	3.69032E+01
10376	140	3.69359E+01
10376	685	3.69522E+01
10460	644	3.69790E+01
4713	374	3.69923E+01
10544	224	3.70334E+01
4713	286	3.70552E+01
10376	413	3.70649E+01
4713	546	3.70688E+01
4713	566	3.70689E+01
10376	589	3.70728E+01
10376	644	3.71080E+01
4713	768	3.71261E+01
4713	273	3.71284E+01
4713	642	3.71705E+01
10376	362	3.71839E+01
4713	756	3.71953E+01
4713	590	3.72075E+01
10376	754	3.72322E+01
10544	139	3.72641E+01
10376	545	3.72760E+01
4713	465	3.73005E+01
10376	630	3.73385E+01
4713	811	3.73585E+01
4713	454	3.73592E+01
10544	712	3.73615E+01
10460	671	3.73624E+01
10544	768	3.73701E+01
10460	272	3.73823E+01
10376	768	3.73943E+01
10460	560	3.74574E+01
10544	321	3.74604E+01
10460	469	3.74731E+01
4713	225	3.74764E+01
4713	322	3.75371E+01
10460	453	3.75392E+01
10460	768	3.75490E+01
10544	430	3.75634E+01
4713	726	3.75693E+01
4713	425	3.75730E+01
10460	380	3.75963E+01
4713	684	3.76126E+01
4713	140	3.76433E+01
6147	677	3.77079E+01
4713	631	3.77165E+01
10376	560	3.77284E+01
6147	636	3.77302E+01
4713	714	3.77459E+01
6147	718	3.77511E+01
4713	601	3.77600E+01
10460	224	3.77654E+01
6147	760	3.77655E+01
6147	595	3.77675E+01
6147	594	3.77687E+01
6147	635	3.77766E+01
6052	677	3.77800E+01
6052	636	3.77971E+01
6147	551	3.77999E+01
4713	335	3.78031E+01
10376	469	3.78114E+01
6147	719	3.78120E+01
6052	595	3.78339E+01
6052	718	3.78345E+01
4713	557	3.78363E+01
6147	550	3.78377E+01
10376	272	3.78382E+01
6052	760	3.78386E+01
6147	802	3.78401E+01
6052	594	3.78485E+01
6052	635	3.78604E+01
6147	459	3.78660E+01
6052	551	3.78691E+01
6052	719	3.78695E+01
6147	676	3.78704E+01
6147	801	3.78706E+01
6052	802	3.79033E+01
10460	795	3.79135E+01
6052	550	3.79165E+01
6147	759	3.79204E+01
6147	678	3.79388E+01
6052	459	3.79390E+01
6052	676	3.79626E+01
6052	801	3.79670E+01
6147	761	3.79832E+01
10460	139	3.79835E+01
6052	678	3.79881E+01
10376	671	3.79999E+01
6052	759	3.80217E+01
6052	761	3.80249E+01
6147	458	3.80277E+01
10376	810	3.80295E+01
6147	419	3.80306E+01
6147	460	3.80383E+01
10376	380	3.80393E+01
10376	453	3.80617E+01
6147	637	3.80702E+01
6147	717	3.80867E+01
4713	362	3.80947E+01
6147	418	3.80956E+01
6052	419	3.81026E+01
6052	460	3.81040E+01
6052	458	3.81070E+01
6052	637	3.81179E+01
6147	552	3.81195E+01
6147	596	3.81410E+01
6147	803	3.81496E+01
6147	593	3.81572E+01
6052	418	3.81716E+01
6052	803	3.81765E+01
6052	552	3.81776E+01
6052	596	3.81923E+01
4713	413	3.81926E+01
6052	717	3.81927E+01
10460	321	3.82053E+01
10376	224	3.82127E+01
10544	604	3.82183E+01
6147	634	3.82234E+01
6147	549	3.82433E+01
6147	720	3.82445E+01
6147	368	3.82478E+01
6052	593	3.82485E+01
6147	420	3.82602E+01
6147	800	3.82730E+01
6052	720	3.82732E+01
4713	769	3.82778E+01
10544	727	3.82980E+01
10544	810	3.83074E+01
10460	810	3.83198E+01
6052	368	3.83210E+01
6052	634	3.83217E+01
4713	375	3.83263E+01
6052	420	3.83276E+01
10544	412	3.83296E+01
6052	549	3.83304E+01
10460	712	3.83342E+01
4713	812	3.83396E+01
10544	361	3.83411E+01
4713	272	3.83518E+01
6147	367	3.83627E+01
6147	369	3.83869E+01
6052	800	3.83989E+01
10376	139	3.84226E+01
10460	430	3.84314E+01
6052	367	3.84377E+01
6147	675	3.84404E+01
6052	369	3.84579E+01
10376	727	3.84623E+01
6147	417	3.84663E+01
6147	758	3.84714E+01
10544	588	3.85170E+01
6147	461	3.85314E+01
6147	457	3.85317E+01
6147	679	3.85384E+01
6147	762	3.85394E+01
6052	417	3.85456E+01
6052	762	3.85469E+01
6052	675	3.85498E+01
10460	727	3.85581E+01
6052	679	3.85624E+01
4713	224	3.85665E+01
4713	672	3.85680E+01
6147	328	3.85729E+01
6052	461	3.85890E+01
6052	758	3.85970E+01
10544	753	3.86039E+01
4713	139	3.86104E+01
6052	457	3.86162E+01
6052	328	3.86462E+01
6147	327	3.86504E+01
4713	797	3.86567E+01
10376	795	3.86603E+01
10376	321	3.86695E+01
6147	329	3.87006E+01
10544	544	3.87091E+01
10544	271	3.87195E+01
6052	327	3.87241E+01
4713	643	3.87336E+01
6147	366	3.87443E+01
6052	804	3.87468E+01
6147	804	3.87587E+01
6147	370	3.87672E+01
6147	421	3.87712E+01
6052	329	3.87733E+01
6147	638	3.87739E+01
6147	553	3.87803E+01
6052	638	3.88003E+01
10460	604	3.88136E+01
10544	629	3.88193E+01
10376	430	3.88204E+01
6052	366	3.88209E+01
6052	553	3.88260E+01
6147	716	3.88315E+01
6052	421	3.88334E+01
6052	370	3.88356E+01
10544	686	3.88534E+01
6147	597	3.88695E+01
10544	645	3.88811E+01
4713	545	3.88886E+01
10544	138	3.88921E+01
10544	223	3.88997E+01
6052	597	3.89040E+01
4713	727	3.89141E+01
4713	466	3.89161E+01
6147	592	3.89359E+01
6147	326	3.89474E+01
6052	716	3.89566E+01
6147	568	3.89689E+01
10376	604	3.89836E+01
4713	321	3.89962E+01
10376	712	3.90056E+01
6147	279	3.90082E+01
6052	721	3.90117E+01
6147	721	3.90140E+01
6147	548	3.90192E+01
6052	326	3.90214E+01
6147	330	3.90216E+01
6052	592	3.90366E+01
4713	336	3.90564E+01
6147	278	3.90588E+01
6052	568	3.90646E+01
6147	799	3.90671E+01
6147	633	3.90732E+01
10544	470	3.90752E+01
4713	755	3.90789E+01
6052	279	3.90815E+01
10460	361	3.90932E+01
6052	330	3.90933E+01
4713	589	3.90980E+01
10460	412	3.91023E+01
4713	685	3.91082E+01
6052	548	3.91131E+01
6147	280	3.91164E+01
6052	278	3.91317E+01
4713	426	3.91351E+01
6147	416	3.91490E+01
4713	453	3.91523E+01
6052	633	3.91834E+01
6052	280	3.91899E+01
10376	686	3.91938E+01
10544	561	3.92111E+01
10460	686	3.92133E+01
6052	799	3.92180E+01
6052	416	3.92309E+01
6147	277	3.92822E+01
6147	462	3.93298E+01
4713	813	3.93436E+01
6052	277	3.93546E+01
10460	645	3.93548E+01
6052	763	3.93640E+01
10460	588	3.93720E+01
6147	281	3.93732E+01
6147	371	3.93780E+01
6052	462	3.93783E+01
6147	456	3.93793E+01
6147	763	3.93927E+01
6147	365	3.94020E+01
6147	674	3.94192E+01
10376	645	3.94256E+01
6147	757	3.94278E+01
10460	271	3.94405E+01
6052	371	3.94435E+01
6052	281	3.94469E+01
4713	602	3.94556E+01
10376	769	3.94609E+01
6052	456	3.94679E+01
6052	680	3.94707E+01
6147	680	3.94740E+01
6147	325	3.94780E+01
6052	365	3.94795E+01
4713	770	3.94807E+01
10544	381	3.94892E+01
10544	452	3.95121E+01
6147	331	3.95281E+01
10460	544	3.95313E+01
10544	670	3.95359E+01
6052	674	3.95424E+01
6147	422	3.95509E+01
6052	325	3.95520E+01
4713	558	3.95610E+01
10376	361	3.95700E+01
6052	805	3.95702E+01
6052	757	3.95736E+01
6147	231	3.95747E+01
10460	138	3.95947E+01
10376	412	3.95983E+01
6052	331	3.95988E+01
6147	232	3.95999E+01
6052	422	3.96074E+01
10460	753	3.96104E+01
10460	223	3.96113E+01
10544	769	3.96207E+01
6147	805	3.96226E+01
6052	231	3.96469E+01
6052	232	3.96728E+01
6147	230	3.96800E+01
6147	276	3.96938E+01
4713	138	3.97007E+01
10460	769	3.97033E+01
10460	629	3.97062E+01
4713	630	3.97115E+01
6147	233	3.97439E+01
4713	713	3.97448E+01
6052	230	3.97514E+01
4713	271	3.97600E+01
6147	554	3.97623E+01
6052	276	3.97655E+01
6147	282	3.97727E+01
4713	361	3.97768E+01
6052	554	3.97945E+01
6147	639	3.98117E+01
10544	320	3.98139E+01
4713	223	3.98152E+01
6052	639	3.98152E+01
6052	233	3.98174E+01
4713	376	3.98448E+01
6052	282	3.98465E+01
10460	470	3.98505E+01
10376	271	3.98892E+01
10460	561	3.98906E+01
10544	431	3.99100E+01
6147	598	3.99282E+01
6147	229	3.99293E+01
10376	588	3.99437E+01
6052	598	3.99444E+01
6147	715	3.99836E+01
6147	234	3.99981E+01
10376	811	3.99993E+01
6052	229	3.99999E+01
4713	412	4.00060E+01
10376	138	4.00287E+01
6052	722	4.00448E+01
10376	223	4.00520E+01
6052	234	4.00721E+01
10376	544	4.00743E+01
6147	722	4.00800E+01
6147	591	4.00961E+01
6147	567	4.01069E+01
10544	794	4.01166E+01
6052	715	4.01239E+01
10376	561	4.01241E+01
6147	415	4.01427E+01
6147	547	4.01574E+01
10376	470	4.01610E+01
6052	591	4.02041E+01
6052	567	4.02084E+01
6147	372	4.02126E+01
6147	332	4.02171E+01
6052	415	4.02265E+01
10460	381	4.02404E+01
6147	324	4.02517E+01
6052	547	4.02564E+01
6147	798	4.02573E+01
6052	372	4.02748E+01
6052	332	4.02866E+01
10460	452	4.02990E+01
6147	275	4.03076E+01
10376	629	4.03078E+01
6147	283	4.03126E+01
6147	632	4.03156E+01
10376	753	4.03174E+01
6052	324	4.03255E+01
4713	728	4.03314E+01
6147	228	4.03360E+01
6147	364	4.03384E+01
4713	814	4.03574E+01
6052	275	4.03786E+01
10460	811	4.03854E+01
6052	283	4.03863E+01
6052	228	4.04057E+01
6052	364	4.04166E+01
6147	463	4.04172E+01
6052	798	4.04283E+01
6052	764	4.04318E+01
6052	632	4.04349E+01
4713	644	4.04438E+01
10460	670	4.04542E+01
6052	463	4.04558E+01
4713	337	4.04561E+01
10544	811	4.04795E+01
6147	764	4.04982E+01
10460	320	4.05356E+01
6147	455	4.05621E+01
6147	423	4.05883E+01
6052	806	4.06029E+01
10544	711	4.06069E+01
10544	137	4.06214E+01
6052	423	4.06384E+01
4713	320	4.06455E+01
6052	455	4.06538E+01
6052	681	4.06752E+01
10544	728	4.06801E+01
10376	728	4.06804E+01
4713	671	4.06877E+01
6147	806	4.06966E+01
6147	681	4.07074E+01
4713	686	4.07080E+01
4713	796	4.07109E+01
4713	381	4.07120E+01
4713	771	4.07171E+01
10376	381	4.07230E+01
4713	467	4.07392E+01
10460	431	4.07605E+01
6147	756	4.07830E+01
10544	605	4.07860E+01
6147	673	4.07931E+01
10376	452	4.08144E+01
10460	728	4.08548E+01
10544	222	4.08965E+01
4713	427	4.08967E+01
4713	137	4.09014E+01
6147	227	4.09115E+01
6052	673	4.09269E+01
10544	360	4.09397E+01
6052	756	4.09444E+01
10544	270	4.09467E+01
4713	544	4.09527E+01
6052	227	4.09802E+01
10376	320	4.09922E+01
6147	284	4.09931E+01
6147	555	4.10438E+01
6052	555	4.10615E+01
6052	284	4.10666E+01
10376	670	4.10872E+01
6147	333	4.10886E+01
10544	411	4.10888E+01
6052	640	4.11293E+01
10376	431	4.11293E+01
6147	274	4.11328E+01
6147	640	4.11501E+01
6052	333	4.11567E+01
10460	794	4.11572E+01
4713	452	4.11725E+01
6052	274	4.12029E+01
4713	222	4.12054E+01
4713	754	4.12300E+01
4713	588	4.12373E+01
6147	373	4.12672E+01
6147	323	4.12708E+01
6052	599	4.12858E+01
6147	599	4.12891E+01
10460	137	4.13072E+01
4713	603	4.13187E+01
6052	373	4.13258E+01
4713	270	4.13277E+01
6052	723	4.13296E+01
10460	605	4.13318E+01
6052	323	4.13442E+01
10544	687	4.13442E+01
6147	723	4.13991E+01
6147	414	4.14373E+01
10544	646	4.14424E+01
10376	605	4.14533E+01
4713	559	4.14760E+01
6052	414	4.15223E+01
6147	714	4.15249E+01
4713	377	4.15376E+01
10376	687	4.15413E+01
6147	363	4.15478E+01
10460	711	4.15566E+01
6147	142	4.15769E+01
10460	222	4.15881E+01
6147	566	4.15936E+01
10376	770	4.15940E+01
6147	590	4.16163E+01
6052	363	4.16262E+01
10460	687	4.16299E+01
10544	471	4.16346E+01
6147	546	4.16381E+01
6052	142	4.16434E+01
10460	270	4.16457E+01
4713	360	4.16472E+01
10544	587	4.16490E+01
6147	226	4.16630E+01
10460	360	4.16677E+01
6052	714	4.16764E+01
6052	566	4.16991E+01
6052	765	4.17070E+01
6052	590	4.17294E+01
6052	226	4.17307E+01
10376	137	4.17361E+01
6052	546	4.17406E+01
10544	543	4.17525E+01
6147	464	4.17779E+01
4713	729	4.17994E+01
6052	807	4.18045E+01
6052	464	4.18060E+01
6147	765	4.18120E+01
6147	285	4.18158E+01
10544	562	4.18297E+01
6147	797	4.18305E+01
10460	411	4.18368E+01
10460	646	4.18540E+01
10376	646	4.18657E+01
6147	424	4.18742E+01
6052	285	4.18890E+01
10376	794	4.19010E+01
6052	424	4.19175E+01
10460	770	4.19238E+01
6147	631	4.19258E+01
10544	770	4.19375E+01
6147	807	4.19402E+01
4713	629	4.19478E+01
4713	772	4.19716E+01
10544	752	4.19850E+01
4713	338	4.19923E+01
4713	712	4.19944E+01
4713	411	4.20149E+01
10376	812	4.20156E+01
6052	797	4.20166E+01
10376	222	4.20222E+01
6052	631	4.20516E+01
10544	628	4.20539E+01
6147	454	4.20607E+01
10376	270	4.20873E+01
6052	682	4.21362E+01
10376	360	4.21366E+01
6147	334	4.21441E+01
6052	454	4.21543E+01
6147	273	4.21708E+01
4713	136	4.21942E+01
6147	682	4.21985E+01
6052	334	4.22106E+01
6147	141	4.22196E+01
10376	711	4.22222E+01
6052	273	4.22400E+01
4713	645	4.22719E+01
6052	141	4.22852E+01
10544	319	4.23080E+01
10376	411	4.23247E+01
10460	471	4.23822E+01
4713	687	4.23855E+01
10544	432	4.24042E+01
10544	136	4.24277E+01
4713	319	4.24512E+01
10460	562	4.24706E+01
10460	587	4.24781E+01
10544	451	4.24803E+01
10460	812	4.24968E+01
6147	755	4.25132E+01
6147	322	4.25281E+01
6147	672	4.25332E+01
6147	374	4.25392E+01
10460	543	4.25487E+01
6147	225	4.25924E+01
6052	374	4.25938E+01
6052	322	4.26008E+01
6147	556	4.26031E+01
6052	556	4.26052E+01
6052	225	4.26590E+01
10376	471	4.26635E+01
10376	562	4.26654E+01
6052	672	4.26743E+01
6052	755	4.26856E+01
10544	812	4.26971E+01
6052	641	4.27076E+01
4713	221	4.27129E+01
10544	339	4.27261E+01
4713	468	4.27516E+01
6147	641	4.27540E+01
6147	286	4.27836E+01
6052	724	4.28245E+01
4713	428	4.28442E+01
4713	339	4.28527E+01
6052	286	4.28564E+01
10544	669	4.28826E+01
6052	600	4.28997E+01
10460	628	4.29143E+01
6147	600	4.29236E+01
6147	724	4.29290E+01
10460	752	4.29659E+01
10376	729	4.29668E+01
10544	221	4.29926E+01
4713	795	4.29985E+01
10460	319	4.30067E+01
6147	140	4.30093E+01
6147	413	4.30116E+01
6147	362	4.30144E+01
4713	269	4.30230E+01
4713	670	4.30307E+01
10376	587	4.30413E+01
6052	140	4.30740E+01
10376	543	4.30832E+01
6052	362	4.30926E+01
6052	413	4.30970E+01
10460	136	4.30971E+01
10544	729	4.31310E+01
6052	808	4.31408E+01
6052	766	4.31503E+01
4713	543	4.32114E+01
10460	729	4.32198E+01
4713	773	4.32305E+01
10460	432	4.32346E+01
10460	451	4.32413E+01
10544	269	4.32806E+01
6147	766	4.32944E+01
4713	730	4.32987E+01
6147	808	4.33187E+01
4713	604	4.33209E+01
4713	451	4.33720E+01
6147	335	4.33845E+01
4713	378	4.33928E+01
6147	465	4.33975E+01
6147	425	4.34009E+01
6147	272	4.34140E+01
6052	465	4.34143E+01
6147	713	4.34214E+01
10460	339	4.34290E+01
6147	545	4.34293E+01
6052	425	4.34369E+01
6052	335	4.34491E+01
10376	319	4.34557E+01
6147	589	4.34619E+01
10544	606	4.34693E+01
6052	272	4.34821E+01
10376	628	4.35070E+01
10376	136	4.35208E+01
6052	545	4.35338E+01
4713	560	4.35567E+01
4713	135	4.35570E+01
4713	587	4.35726E+01
6052	589	4.35781E+01
6052	713	4.35803E+01
10376	432	4.35814E+01
4713	753	4.36003E+01
10544	793	4.36269E+01
4713	359	4.36633E+01
10460	221	4.36646E+01
10376	752	4.36646E+01
10544	359	4.36672E+01
6147	224	4.36954E+01
10376	451	4.37479E+01
6147	796	4.37567E+01
6052	224	4.37608E+01
10376	771	4.37709E+01
10460	669	4.37732E+01
6052	683	4.38152E+01
6147	453	4.38441E+01
6147	630	4.38657E+01
10376	339	4.38841E+01
6147	683	4.39085E+01
10544	688	4.39115E+01
6052	453	4.39385E+01
6147	139	4.39430E+01
6052	796	4.39527E+01
10460	269	4.39582E+01
10460	606	4.39637E+01
10376	688	4.39643E+01
10544	410	4.39853E+01
6052	630	4.39954E+01
6147	321	4.40062E+01
6052	139	4.40066E+01
6147	375	4.40255E+01
10376	606	4.40358E+01
10376	813	4.40606E+01
10544	710	4.40678E+01
6052	375	4.40758E+01
6052	321	4.40781E+01
10376	221	4.40923E+01
10544	647	4.40952E+01
4713	688	4.41171E+01
10460	688	4.41222E+01
4713	410	4.41720E+01
10460	771	4.41875E+01
4713	646	4.41896E+01
10544	135	4.42839E+01
10544	771	4.42977E+01
4713	220	4.43073E+01
10544	472	4.43229E+01
4713	628	4.43699E+01
10460	359	4.43711E+01
4713	318	4.43732E+01
10376	269	4.43926E+01
10376	647	4.43953E+01
10376	669	4.43961E+01
6052	557	4.44046E+01
6147	557	4.44188E+01
4713	711	4.44405E+01
10460	647	4.44433E+01
6052	725	4.44917E+01
6052	642	4.45161E+01
10544	563	4.45647E+01
6147	754	4.45788E+01
6052	809	4.45839E+01
6147	642	4.45889E+01
6147	671	4.45967E+01
6147	725	4.46319E+01
10460	813	4.46362E+01
10460	793	4.46378E+01
10460	410	4.47080E+01
6147	361	4.47119E+01
6052	767	4.47284E+01
6052	671	4.47419E+01
6052	754	4.47578E+01
6052	601	4.47579E+01
6052	361	4.47894E+01
6147	601	4.48033E+01
6147	809	4.48038E+01
6147	336	4.48092E+01
4713	268	4.48096E+01
4713	731	4.48130E+01
10376	359	4.48317E+01
6147	412	4.48332E+01
6147	271	4.48449E+01
6052	336	4.48717E+01
10544	318	4.48944E+01
6147	767	4.49116E+01
6052	271	4.49119E+01
6052	412	4.49184E+01
4713	469	4.49322E+01
10460	135	4.49373E+01
10544	586	4.49398E+01
10544	542	4.49417E+01
10544	813	4.49427E+01
6147	223	4.49609E+01
4713	429	4.49615E+01
4713	134	4.49665E+01
10460	710	4.49874E+01
6147	138	4.50114E+01
6052	223	4.50250E+01
10460	472	4.50402E+01
6052	138	4.50740E+01
10544	220	4.51511E+01
6147	426	4.51603E+01
10460	563	4.51649E+01
10376	410	4.51871E+01
6052	426	4.51884E+01
6147	466	4.52622E+01
6052	466	4.52670E+01
10376	472	4.52907E+01
10376	730	4.52975E+01
10376	563	4.53198E+01
10376	135	4.53560E+01
10376	793	4.53694E+01
4713	379	4.53981E+01
4713	605	4.54331E+01
10544	627	4.54474E+01
4713	794	4.54677E+01
6147	544	4.54877E+01
4713	669	4.55389E+01
10544	751	4.55530E+01
10544	450	4.55676E+01
10460	318	4.55706E+01
6147	588	4.55865E+01
6052	544	4.55929E+01
6147	381	4.56041E+01
4713	542	4.56089E+01
6147	712	4.56252E+01
10544	730	4.56264E+01
10460	730	4.56288E+01
10376	710	4.56408E+01
6052	684	4.56762E+01
10544	268	4.56781E+01
6147	320	4.56784E+01
6052	381	4.56849E+01
4713	450	4.56977E+01
6052	588	4.57039E+01
10460	542	4.57102E+01
6147	376	4.57213E+01
10460	586	4.57400E+01
6052	320	4.57492E+01
4714	814	4.57500E+01
6052	376	4.57670E+01
4713	561	4.57755E+01
4713	358	4.57784E+01
6052	712	4.57878E+01
6147	684	4.58012E+01
10460	220	4.58041E+01
4714	773	4.58660E+01
6147	452	4.58707E+01
4713	689	4.58816E+01
4713	219	4.59549E+01
6052	452	4.59650E+01
10376	772	4.59731E+01
6147	795	4.59906E+01
4714	772	4.60011E+01
10376	318	4.60119E+01
4713	586	4.60457E+01
6147	629	4.60847E+01
4714	813	4.61084E+01
6052	810	4.61110E+01
10376	814	4.61195E+01
4713	752	4.61329E+01
10544	134	4.61626E+01
4713	647	4.61707E+01
6052	795	4.61915E+01
6147	137	4.61994E+01
6052	629	4.62159E+01
10376	220	4.62256E+01
4714	771	4.62292E+01
10376	542	4.62342E+01
10544	607	4.62368E+01
4713	287	4.62506E+01
6052	137	4.62610E+01
10460	627	4.62774E+01
10376	586	4.62919E+01
4714	338	4.62971E+01
6052	726	4.62983E+01
10460	450	4.63020E+01
4713	732	4.63278E+01
10460	268	4.63351E+01
4713	317	4.63682E+01
6147	222	4.63704E+01
6147	810	4.63725E+01
10544	668	4.63762E+01
4714	730	4.63908E+01
4714	731	4.63973E+01
4713	133	4.63994E+01
6052	768	4.64132E+01
6147	337	4.64156E+01
4713	409	4.64269E+01
4714	378	4.64270E+01
6052	222	4.64334E+01
10376	689	4.64368E+01
6147	270	4.64374E+01
6052	558	4.64388E+01
10544	358	4.64685E+01
6147	558	4.64701E+01
6147	726	4.64744E+01
6052	337	4.64759E+01
10460	772	4.64762E+01
4714	377	4.64765E+01
4714	729	4.64913E+01
4714	732	4.64937E+01
10460	751	4.65003E+01
6052	270	4.65032E+01
6052	643	4.65222E+01
10544	689	4.65291E+01
4714	337	4.65586E+01
4714	812	4.65643E+01
4714	770	4.65674E+01
4714	379	4.65954E+01
6147	360	4.66039E+01
4714	428	4.66121E+01
6147	643	4.66222E+01
6147	768	4.66357E+01
4713	267	4.66496E+01
10460	689	4.66641E+01
10460	607	4.66781E+01
6052	360	4.66804E+01
4714	427	4.66818E+01
10544	772	4.66829E+01
10376	607	4.66999E+01
4714	728	4.67193E+01
4714	376	4.67533E+01
10376	268	4.67626E+01
4714	687	4.67652E+01
4714	688	4.67725E+01
4714	429	4.67876E+01
10460	814	4.67890E+01
4714	468	4.67933E+01
10376	450	4.67985E+01
10460	134	4.68006E+01
10544	648	4.68108E+01
6052	602	4.68330E+01
4714	467	4.68472E+01
10376	627	4.68576E+01
6147	411	4.68601E+01
6147	602	4.69006E+01
4714	689	4.69084E+01
4714	686	4.69119E+01
4713	627	4.69170E+01
6147	753	4.69267E+01
6147	670	4.69286E+01
4714	559	4.69310E+01
4714	645	4.69435E+01
6052	411	4.69445E+01
10544	409	4.69594E+01
4714	380	4.69721E+01
4714	560	4.69811E+01
10376	648	4.69862E+01
4714	469	4.69932E+01
4714	646	4.70052E+01
4714	603	4.70091E+01
4714	426	4.70119E+01
4714	336	4.70119E+01
4714	604	4.70183E+01
4713	710	4.70223E+01
4714	769	4.70352E+01
4714	644	4.70743E+01
6052	670	4.70750E+01
10460	648	4.70942E+01
4714	727	4.70987E+01
6052	753	4.71082E+01
10544	473	4.71149E+01
4714	811	4.71343E+01
4714	558	4.71424E+01
6147	427	4.71436E+01
10460	358	4.71487E+01
4714	690	4.71513E+01
6052	427	4.71634E+01
4714	466	4.71769E+01
10376	751	4.71836E+01
4714	430	4.71917E+01
10544	814	4.72014E+01
10376	134	4.72145E+01
4714	647	4.72292E+01
4713	430	4.72301E+01
10460	668	4.72343E+01
4714	605	4.72372E+01
4714	685	4.72413E+01
4714	602	4.72420E+01
4713	470	4.72564E+01
4714	561	4.72638E+01
4714	375	4.72671E+01
10544	792	4.72857E+01
10544	219	4.73323E+01
6052	467	4.73503E+01
6147	467	4.73581E+01
10544	564	4.73880E+01
4714	470	4.74229E+01
4714	643	4.74306E+01
10544	287	4.74814E+01
4714	691	4.74829E+01
6147	136	4.74865E+01
6147	319	4.75098E+01
10544	317	4.75227E+01
4713	380	4.75409E+01
6052	136	4.75471E+01
6052	319	4.75794E+01
4714	648	4.75882E+01
10376	358	4.76009E+01
4714	425	4.76165E+01
6147	377	4.76204E+01
4713	218	4.76215E+01
4713	606	4.76266E+01
4714	606	4.76344E+01
4714	557	4.76424E+01
10544	709	4.76522E+01
10376	731	4.76528E+01
4714	768	4.76557E+01
10460	409	4.76569E+01
4714	726	4.76571E+01
4713	690	4.76610E+01
6052	377	4.76612E+01
4714	335	4.76623E+01
6052	685	4.76873E+01
6052	811	4.77038E+01
4714	601	4.77489E+01
4714	562	4.77492E+01
6147	543	4.77610E+01
4714	684	4.77857E+01
10460	473	4.77994E+01
4714	465	4.78021E+01
4714	431	4.78067E+01
4713	132	4.78340E+01
4714	810	4.78381E+01
10376	668	4.78427E+01
6147	685	4.78443E+01
6052	543	4.78655E+01
6147	339	4.78740E+01
6147	221	4.78986E+01
6147	587	4.79342E+01
10460	564	4.79454E+01
4713	357	4.79457E+01
6052	339	4.79464E+01
6052	221	4.79604E+01
10460	219	4.79675E+01
6147	811	4.80066E+01
10376	473	4.80176E+01
4714	374	4.80266E+01
1132	716	4.80306E+01
1132	675	4.80356E+01
10544	133	4.80377E+01
1132	633	4.80450E+01
4714	642	4.80467E+01
6052	587	4.80511E+01
4714	471	4.80569E+01
1132	758	4.80582E+01
4714	649	4.80590E+01
4713	793	4.80591E+01
10376	564	4.80591E+01
10460	731	4.80623E+01
6147	711	4.80769E+01
1132	674	4.80875E+01
4713	541	4.80878E+01
6147	451	4.80904E+01
4713	449	4.80953E+01
10544	267	4.80960E+01
1132	592	4.80973E+01
4713	562	4.81037E+01
1132	717	4.81190E+01
10376	409	4.81266E+01
10460	287	4.81294E+01
1132	800	4.81337E+01
10544	731	4.81465E+01
4713	668	4.81492E+01
1132	634	4.81513E+01
6147	269	4.81585E+01
1132	568	4.81636E+01
10460	317	4.81772E+01
4714	607	4.81808E+01
6052	769	4.81819E+01
6052	451	4.81837E+01
10376	773	4.81857E+01
4713	648	4.81919E+01
1132	548	4.81964E+01
6147	338	4.82006E+01
1132	757	4.82035E+01
10544	541	4.82058E+01
1132	799	4.82155E+01
6052	727	4.82162E+01
6052	269	4.82231E+01
1132	591	4.82329E+01
1132	759	4.82358E+01
6052	711	4.82399E+01
6052	338	4.82583E+01
10460	792	4.82584E+01
1132	567	4.82633E+01
1132	715	4.82804E+01
1132	632	4.82857E+01
1132	547	4.82914E+01
1132	593	4.83047E+01
10544	585	4.83126E+01
1132	456	4.83242E+01
1132	676	4.83292E+01
1022	716	4.83430E+01
1022	675	4.83480E+01
1132	801	4.83514E+01
1022	633	4.83576E+01
1022	758	4.83701E+01
10376	219	4.83831E+01
4713	316	4.83936E+01
1022	674	4.83997E+01
4714	563	4.84080E+01
1022	592	4.84105E+01
4714	725	4.84259E+01
6147	727	4.84282E+01
1022	717	4.84303E+01
1132	549	4.84331E+01
6147	769	4.84433E+01
1022	800	4.84448E+01
1132	455	4.84546E+01
4714	767	4.84557E+01
4714	556	4.84564E+01
1022	634	4.84647E+01
6147	794	4.84738E+01
1022	568	4.84774E+01
1132	673	4.84824E+01
4713	266	4.85061E+01
1132	457	4.85070E+01
4714	424	4.85086E+01
1022	548	4.85103E+01
4714	334	4.85144E+01
1022	757	4.85168E+01
1132	415	4.85213E+01
6147	628	4.85231E+01
1022	799	4.85292E+01
4714	286	4.85294E+01
10460	709	4.85363E+01
1132	718	4.85393E+01
1022	591	4.85441E+01
1022	759	4.85452E+01
912	675	4.85509E+01
10376	287	4.85571E+01
912	716	4.85611E+01
4714	600	4.85614E+01
1132	416	4.85618E+01
912	633	4.85679E+01
1022	567	4.85746E+01
4714	683	4.85801E+01
912	758	4.85857E+01
1022	715	4.85929E+01
4713	585	4.85966E+01
1022	632	4.85968E+01
1022	547	4.86027E+01
1132	635	4.86042E+01
1132	798	4.86062E+01
10376	317	4.86110E+01
4714	432	4.86139E+01
912	592	4.86148E+01
1022	593	4.86195E+01
912	674	4.86210E+01
4714	650	4.86221E+01
912	717	4.86248E+01
1022	456	4.86381E+01
1022	676	4.86411E+01
6147	359	4.86463E+01
6052	628	4.86535E+01
912	634	4.86587E+01
1022	801	4.86587E+01
912	800	4.86602E+01
10460	133	4.86612E+01
1132	756	4.86736E+01
6052	794	4.86752E+01
912	568	4.86799E+01
6052	559	4.86868E+01
1132	566	4.86909E+01
6052	644	4.86954E+01
4714	809	4.86983E+01
1132	590	4.87025E+01
10544	449	4.87093E+01
1132	546	4.87104E+01
912	548	4.87126E+01
6052	359	4.87216E+01
1132	760	4.87218E+01
4713	408	4.87300E+01
912	759	4.87322E+01
10460	267	4.87334E+01
6147	559	4.87358E+01
1132	364	4.87361E+01
4714	464	4.87415E+01
1022	549	4.87492E+01
912	757	4.87567E+01
912	591	4.87596E+01
4713	751	4.87649E+01
1022	455	4.87653E+01
1132	414	4.87690E+01
912	799	4.87732E+01
10460	773	4.87748E+01
912	567	4.87864E+01
1022	673	4.87936E+01
1132	365	4.88074E+01
912	593	4.88104E+01
912	547	4.88134E+01
912	632	4.88204E+01
912	676	4.88223E+01
6147	644	4.88230E+01
1022	457	4.88238E+01
912	715	4.88307E+01
1022	415	4.88338E+01
912	456	4.88408E+01
912	801	4.88411E+01
1132	802	4.88476E+01
1022	718	4.88486E+01
6147	135	4.88487E+01
4714	608	4.88515E+01
1132	594	4.88535E+01
1132	631	4.88615E+01
1132	714	4.88620E+01
4714	472	4.88704E+01
1022	416	4.88778E+01
1132	454	4.88906E+01
1132	417	4.88907E+01
6052	135	4.89084E+01
10544	626	4.89176E+01
1022	635	4.89177E+01
1022	798	4.89214E+01
1132	363	4.89264E+01
10376	690	4.89374E+01
912	549	4.89413E+01
10460	541	4.89455E+01
4714	641	4.89580E+01
1132	677	4.89592E+01
10376	792	4.89702E+01
912	455	4.89737E+01
1022	756	4.89872E+01
1132	550	4.89993E+01
1022	566	4.89994E+01
1132	458	4.90012E+01
1022	590	4.90112E+01
1132	324	4.90113E+01
912	718	4.90158E+01
1022	546	4.90187E+01
912	457	4.90195E+01
1022	760	4.90277E+01
912	673	4.90299E+01
912	415	4.90377E+01
4714	373	4.90400E+01
6147	410	4.90434E+01
1022	364	4.90491E+01
1132	323	4.90574E+01
10544	608	4.90628E+01
10376	133	4.90704E+01
912	416	4.90776E+01
1022	414	4.90779E+01
10544	773	4.90784E+01
10460	585	4.90821E+01
912	635	4.90929E+01
6052	603	4.90978E+01
1022	365	4.91240E+01
6052	410	4.91265E+01
1132	366	4.91364E+01
1022	802	4.91501E+01
10376	267	4.91543E+01
1022	594	4.91692E+01
1022	631	4.91705E+01
10376	709	4.91723E+01
1022	714	4.91738E+01
10544	690	4.91757E+01
912	760	4.91824E+01
6147	603	4.91883E+01
912	798	4.91893E+01
1132	325	4.91942E+01
1022	454	4.91979E+01
1132	672	4.92052E+01
1022	417	4.92099E+01
10544	750	4.92110E+01
4714	564	4.92136E+01
912	566	4.92186E+01
10460	690	4.92342E+01
912	590	4.92355E+01
1022	363	4.92356E+01
912	546	4.92362E+01
912	756	4.92471E+01
4713	131	4.92501E+01
912	364	4.92516E+01
1022	677	4.92697E+01
1132	719	4.92738E+01
4713	217	4.92762E+01
912	414	4.92850E+01
10544	357	4.92904E+01
1132	413	4.92958E+01
912	802	4.92960E+01
1132	274	4.93000E+01
1132	797	4.93026E+01
1022	550	4.93172E+01
1022	458	4.93205E+01
912	365	4.93242E+01
1022	324	4.93261E+01
1132	322	4.93357E+01
6147	428	4.93405E+01
912	594	4.93447E+01
6052	812	4.93482E+01
6052	428	4.93516E+01
1022	323	4.93683E+01
1132	362	4.93735E+01
1132	275	4.93797E+01
1132	636	4.93930E+01
912	631	4.94047E+01
912	417	4.94049E+01
912	454	4.94109E+01
10460	449	4.94168E+01
1132	273	4.94191E+01
10376	608	4.94201E+01
912	677	4.94261E+01
912	714	4.94273E+01
1132	545	4.94349E+01
912	363	4.94398E+01
4713	691	4.94398E+01
4714	724	4.94404E+01
10460	608	4.94495E+01
1022	366	4.94566E+01
10376	541	4.94573E+01
1132	755	4.94575E+01
6147	318	4.94593E+01
6147	669	4.94652E+01
4714	766	4.94665E+01
4714	285	4.94727E+01
1132	589	4.94854E+01
1132	761	4.94915E+01
6147	752	4.94931E+01
912	550	4.94976E+01
10544	218	4.94983E+01
1132	418	4.95007E+01
912	458	4.95082E+01
1022	325	4.95127E+01
6147	220	4.95144E+01
1022	672	4.95146E+01
4713	626	4.95268E+01
912	324	4.95274E+01
6052	318	4.95276E+01
10544	649	4.95660E+01
1132	226	4.95697E+01
912	323	4.95704E+01
4714	333	4.95724E+01
6052	220	4.95750E+01
1022	719	4.95801E+01
1132	803	4.95927E+01
1132	326	4.95953E+01
1022	413	4.96009E+01
4714	555	4.96091E+01
6052	669	4.96103E+01
1022	274	4.96127E+01
1132	453	4.96145E+01
10376	649	4.96149E+01
