GRAM	c2h2	chi_tot
2713	574	2.10410E+03
2713	533	2.10426E+03
2713	575	2.10432E+03
2607	574	2.10435E+03
2713	492	2.10445E+03
2607	533	2.10452E+03
2713	534	2.10453E+03
2501	574	2.10455E+03
2607	575	2.10457E+03
2713	576	2.10460E+03
2713	451	2.10466E+03
2501	533	2.10471E+03
2607	492	2.10471E+03
2713	493	2.10476E+03
2501	575	2.10477E+03
2607	534	2.10478E+03
2607	576	2.10485E+03
2713	535	2.10486E+03
2713	410	2.10488E+03
2501	492	2.10490E+03
2607	451	2.10491E+03
2713	577	2.10495E+03
2501	534	2.10498E+03
2607	493	2.10502E+03
2713	452	2.10502E+03
2501	576	2.10504E+03
2713	369	2.10510E+03
2501	451	2.10511E+03
2607	535	2.10511E+03
2607	410	2.10513E+03
2713	494	2.10515E+03
2607	577	2.10520E+03
2501	493	2.10521E+03
2607	452	2.10528E+03
2713	536	2.10528E+03
2713	411	2.10529E+03
2501	535	2.10530E+03
2713	0	2.10531E+03
2501	410	2.10533E+03
2713	328	2.10533E+03
2607	369	2.10536E+03
2501	577	2.10539E+03
2713	578	2.10539E+03
2607	494	2.10541E+03
2713	41	2.10546E+03
2501	452	2.10547E+03
2713	453	2.10547E+03
2713	287	2.10552E+03
2607	536	2.10553E+03
2607	411	2.10555E+03
2501	369	2.10556E+03
2607	0	2.10557E+03
2713	370	2.10557E+03
2607	328	2.10558E+03
2501	494	2.10560E+03
2713	82	2.10561E+03
2607	578	2.10564E+03
2713	495	2.10564E+03
2713	246	2.10568E+03
2713	1	2.10570E+03
2501	536	2.10571E+03
2607	41	2.10572E+03
2607	453	2.10573E+03
2713	123	2.10573E+03
2501	411	2.10574E+03
2501	0	2.10577E+03
2713	205	2.10577E+03
2501	328	2.10578E+03
2607	287	2.10578E+03
2713	164	2.10579E+03
2713	537	2.10579E+03
2713	412	2.10581E+03
2501	578	2.10582E+03
2607	370	2.10583E+03
2713	329	2.10584E+03
2607	82	2.10587E+03
2607	495	2.10589E+03
2713	42	2.10591E+03
2501	453	2.10592E+03
2501	41	2.10592E+03
2713	579	2.10593E+03
2607	246	2.10594E+03
2607	1	2.10596E+03
2501	287	2.10598E+03
2607	123	2.10599E+03
2501	370	2.10602E+03
2607	205	2.10603E+03
2713	454	2.10604E+03
2607	537	2.10604E+03
2607	164	2.10605E+03
2607	412	2.10606E+03
2501	82	2.10607E+03
2501	495	2.10608E+03
2713	288	2.10608E+03
2607	329	2.10610E+03
2713	83	2.10611E+03
2713	2	2.10613E+03
2501	246	2.10614E+03
2501	1	2.10616E+03
2713	371	2.10616E+03
2607	42	2.10617E+03
2607	579	2.10618E+03
2501	123	2.10619E+03
2501	537	2.10622E+03
2501	205	2.10623E+03
2713	496	2.10624E+03
2501	164	2.10625E+03
2501	412	2.10626E+03
2713	247	2.10627E+03
2713	124	2.10628E+03
2607	454	2.10629E+03
2501	329	2.10630E+03
2607	288	2.10634E+03
2501	579	2.10635E+03
2501	42	2.10637E+03
2607	83	2.10637E+03
2713	206	2.10637E+03
2713	165	2.10637E+03
2607	2	2.10639E+03
2607	371	2.10641E+03
2713	43	2.10642E+03
2713	538	2.10643E+03
2713	413	2.10645E+03
2501	454	2.10647E+03
2713	330	2.10648E+03
2607	496	2.10649E+03
2607	247	2.10652E+03
2607	124	2.10653E+03
2501	288	2.10654E+03
2501	83	2.10657E+03
2501	2	2.10660E+03
2501	371	2.10660E+03
2713	580	2.10660E+03
2713	3	2.10661E+03
2607	206	2.10663E+03
2607	165	2.10663E+03
2501	496	2.10667E+03
2607	43	2.10667E+03
2607	538	2.10668E+03
2713	84	2.10669E+03
2607	413	2.10670E+03
2501	247	2.10672E+03
2713	455	2.10673E+03
2501	124	2.10674E+03
2607	330	2.10674E+03
2713	289	2.10677E+03
2501	206	2.10683E+03
2501	165	2.10683E+03
2501	538	2.10685E+03
2607	580	2.10685E+03
2607	3	2.10687E+03
2713	372	2.10687E+03
2501	43	2.10688E+03
2501	413	2.10689E+03
2713	125	2.10692E+03
2501	330	2.10693E+03
2607	84	2.10694E+03
2607	455	2.10698E+03
2713	248	2.10698E+03
2713	44	2.10698E+03
2713	497	2.10699E+03
2501	580	2.10701E+03
2607	289	2.10703E+03
2501	3	2.10707E+03
2713	166	2.10707E+03
2713	207	2.10709E+03
2713	4	2.10712E+03
2607	372	2.10712E+03
2501	84	2.10715E+03
2501	455	2.10716E+03
2607	125	2.10718E+03
2501	289	2.10722E+03
2713	539	2.10722E+03
2607	497	2.10724E+03
2607	248	2.10724E+03
2713	414	2.10724E+03
2607	44	2.10724E+03
2713	331	2.10727E+03
2501	372	2.10731E+03
2607	166	2.10732E+03
2713	85	2.10734E+03
2607	207	2.10734E+03
2501	125	2.10738E+03
2607	4	2.10738E+03
2501	497	2.10741E+03
2713	581	2.10743E+03
2501	248	2.10744E+03
2501	44	2.10745E+03
2607	539	2.10747E+03
2607	414	2.10749E+03
2501	166	2.10752E+03
2607	331	2.10752E+03
2501	207	2.10755E+03
2501	4	2.10758E+03
2713	456	2.10759E+03
2607	85	2.10760E+03
2713	290	2.10761E+03
2713	45	2.10761E+03
2501	539	2.10764E+03
2713	5	2.10766E+03
2713	126	2.10767E+03
2607	581	2.10767E+03
2501	414	2.10768E+03
2501	331	2.10771E+03
2713	373	2.10775E+03
2501	85	2.10781E+03
2501	581	2.10783E+03
2607	456	2.10784E+03
2713	249	2.10785E+03
2607	290	2.10786E+03
2607	45	2.10787E+03
2713	167	2.10788E+03
2713	498	2.10791E+03
2607	5	2.10792E+03
2607	126	2.10792E+03
2713	208	2.10795E+03
2607	373	2.10800E+03
2501	456	2.10801E+03
2501	290	2.10806E+03
2501	45	2.10808E+03
2713	86	2.10809E+03
2607	249	2.10810E+03
2501	5	2.10813E+03
2501	126	2.10813E+03
2607	167	2.10814E+03
2607	498	2.10815E+03
2501	373	2.10819E+03
2713	540	2.10820E+03
2607	208	2.10820E+03
2713	415	2.10821E+03
2713	332	2.10823E+03
2713	6	2.10823E+03
2501	249	2.10830E+03
2713	46	2.10830E+03
2501	498	2.10832E+03
2501	167	2.10834E+03
2607	86	2.10835E+03
2501	208	2.10840E+03
2607	540	2.10844E+03
2713	582	2.10846E+03
2607	415	2.10846E+03
2607	332	2.10848E+03
2607	6	2.10849E+03
2713	127	2.10853E+03
2501	86	2.10855E+03
2607	46	2.10856E+03
2501	540	2.10860E+03
2713	291	2.10862E+03
2501	415	2.10864E+03
2713	457	2.10864E+03
2501	332	2.10867E+03
2607	582	2.10869E+03
2501	6	2.10870E+03
2501	46	2.10876E+03
2607	127	2.10878E+03
2713	7	2.10882E+03
2713	374	2.10882E+03
2501	582	2.10884E+03
2713	168	2.10884E+03
2607	291	2.10888E+03
2607	457	2.10889E+03
2713	250	2.10889E+03
2713	87	2.10891E+03
2713	209	2.10897E+03
2501	127	2.10899E+03
2713	47	2.10903E+03
2713	499	2.10904E+03
2501	457	2.10905E+03
2501	291	2.10907E+03
2607	374	2.10907E+03
2607	7	2.10908E+03
2607	168	2.10910E+03
2607	250	2.10914E+03
2607	87	2.10917E+03
2607	209	2.10922E+03
2501	374	2.10926E+03
2607	499	2.10928E+03
2501	7	2.10929E+03
2607	47	2.10929E+03
2501	168	2.10930E+03
2501	250	2.10934E+03
2501	87	2.10938E+03
2713	333	2.10939E+03
2713	416	2.10939E+03
2713	541	2.10939E+03
2501	209	2.10942E+03
2713	8	2.10943E+03
2501	499	2.10944E+03
2501	47	2.10949E+03
2713	128	2.10950E+03
2607	541	2.10963E+03
2607	333	2.10964E+03
2607	416	2.10964E+03
2607	8	2.10969E+03
2713	583	2.10971E+03
2607	128	2.10976E+03
2501	541	2.10978E+03
2501	416	2.10981E+03
2713	48	2.10981E+03
2501	333	2.10982E+03
2713	88	2.10982E+03
2713	292	2.10984E+03
2501	8	2.10989E+03
2713	458	2.10992E+03
2607	583	2.10994E+03
2713	169	2.10995E+03
2501	128	2.10996E+03
2713	9	2.11004E+03
2607	48	2.11007E+03
2501	583	2.11008E+03
2607	88	2.11008E+03
2607	292	2.11009E+03
2713	251	2.11012E+03
2713	375	2.11013E+03
2713	210	2.11017E+03
2607	458	2.11017E+03
2607	169	2.11021E+03
2501	48	2.11027E+03
2501	292	2.11028E+03
2501	88	2.11028E+03
2607	9	2.11030E+03
2501	458	2.11033E+03
2607	251	2.11037E+03
2607	375	2.11038E+03
2501	169	2.11041E+03
2713	500	2.11041E+03
2607	210	2.11042E+03
2501	9	2.11051E+03
2501	375	2.11055E+03
2501	251	2.11057E+03
2713	129	2.11060E+03
2501	210	2.11062E+03
2713	49	2.11062E+03
2607	500	2.11065E+03
2713	10	2.11067E+03
2713	334	2.11079E+03
2501	500	2.11080E+03
2713	89	2.11081E+03
2713	417	2.11083E+03
2713	542	2.11085E+03
2607	129	2.11086E+03
2607	49	2.11088E+03
2607	10	2.11092E+03
2607	334	2.11104E+03
2501	129	2.11106E+03
2607	89	2.11106E+03
2607	417	2.11107E+03
2501	49	2.11108E+03
2607	542	2.11108E+03
2501	10	2.11113E+03
2501	334	2.11122E+03
2501	542	2.11122E+03
2713	170	2.11122E+03
2501	417	2.11124E+03
2713	584	2.11124E+03
2501	89	2.11127E+03
2713	11	2.11129E+03
2713	293	2.11129E+03
2713	50	2.11146E+03
2607	584	2.11146E+03
2607	170	2.11148E+03
2713	459	2.11148E+03
2607	293	2.11155E+03
2607	11	2.11155E+03
2713	211	2.11156E+03
2501	584	2.11158E+03
2713	252	2.11158E+03
2501	170	2.11168E+03
2713	376	2.11170E+03
2607	50	2.11172E+03
2607	459	2.11172E+03
2501	293	2.11173E+03
2501	11	2.11175E+03
2607	211	2.11182E+03
2713	130	2.11182E+03
2607	252	2.11183E+03
2713	90	2.11186E+03
2501	459	2.11187E+03
2713	12	2.11191E+03
2501	50	2.11192E+03
2607	376	2.11194E+03
2501	211	2.11201E+03
2501	252	2.11202E+03
2607	130	2.11208E+03
2713	501	2.11208E+03
2501	376	2.11211E+03
2607	90	2.11212E+03
2607	12	2.11217E+03
2501	130	2.11228E+03
2607	501	2.11231E+03
2501	90	2.11232E+03
2713	51	2.11232E+03
2501	12	2.11237E+03
2501	501	2.11245E+03
2713	335	2.11246E+03
2713	13	2.11253E+03
2713	418	2.11256E+03
2607	51	2.11258E+03
2713	543	2.11262E+03
2713	171	2.11267E+03
2607	335	2.11270E+03
2501	51	2.11278E+03
2607	13	2.11279E+03
2607	418	2.11280E+03
2607	543	2.11284E+03
2501	335	2.11288E+03
2607	171	2.11292E+03
2501	418	2.11296E+03
2501	543	2.11296E+03
2501	13	2.11299E+03
2713	91	2.11299E+03
2713	294	2.11302E+03
2713	585	2.11309E+03
2501	171	2.11312E+03
2713	14	2.11314E+03
2713	131	2.11317E+03
2713	212	2.11317E+03
2713	52	2.11319E+03
2607	91	2.11325E+03
2607	294	2.11327E+03
2713	253	2.11328E+03
2607	585	2.11331E+03
2713	460	2.11336E+03
2501	585	2.11340E+03
2607	14	2.11340E+03
2607	131	2.11343E+03
2607	212	2.11343E+03
2501	294	2.11345E+03
2501	91	2.11345E+03
2607	52	2.11345E+03
2607	253	2.11353E+03
2713	377	2.11357E+03
2607	460	2.11360E+03
2501	14	2.11361E+03
2501	212	2.11362E+03
2501	131	2.11363E+03
2501	52	2.11366E+03
2501	253	2.11372E+03
2501	460	2.11373E+03
2713	15	2.11375E+03
2607	377	2.11382E+03
2501	377	2.11398E+03
2607	15	2.11401E+03
2713	53	2.11409E+03
2713	502	2.11409E+03
2713	92	2.11418E+03
2501	15	2.11422E+03
2713	172	2.11429E+03
2607	502	2.11432E+03
2607	53	2.11435E+03
2713	16	2.11437E+03
2501	502	2.11444E+03
2713	336	2.11444E+03
2607	92	2.11444E+03
2501	53	2.11455E+03
2607	172	2.11455E+03
2607	16	2.11463E+03
2713	419	2.11463E+03
2501	92	2.11464E+03
2713	132	2.11464E+03
2607	336	2.11468E+03
2713	544	2.11474E+03
2501	172	2.11475E+03
2501	16	2.11483E+03
2501	336	2.11485E+03
2607	419	2.11487E+03
2607	132	2.11490E+03
2607	544	2.11496E+03
2713	17	2.11498E+03
2713	54	2.11500E+03
2501	419	2.11501E+03
2713	213	2.11502E+03
2713	295	2.11504E+03
2501	544	2.11506E+03
2501	132	2.11510E+03
2607	17	2.11524E+03
2607	54	2.11526E+03
2713	254	2.11526E+03
2607	213	2.11528E+03
2607	295	2.11528E+03
2713	586	2.11531E+03
2501	17	2.11544E+03
2713	93	2.11544E+03
2501	54	2.11546E+03
2501	295	2.11546E+03
2501	213	2.11547E+03
2607	254	2.11551E+03
2607	586	2.11552E+03
2501	586	2.11558E+03
2713	18	2.11559E+03
2713	461	2.11561E+03
2501	254	2.11570E+03
2607	93	2.11570E+03
2713	378	2.11580E+03
2607	461	2.11584E+03
2607	18	2.11585E+03
2501	93	2.11591E+03
2713	55	2.11593E+03
2501	461	2.11596E+03
2607	378	2.11604E+03
2501	18	2.11605E+03
2713	173	2.11612E+03
2501	378	2.11619E+03
2607	55	2.11619E+03
2713	19	2.11620E+03
2713	133	2.11626E+03
2607	173	2.11637E+03
2501	55	2.11639E+03
2607	19	2.11646E+03
2713	503	2.11649E+03
2607	133	2.11651E+03
2501	173	2.11657E+03
2501	19	2.11666E+03
2501	133	2.11671E+03
2607	503	2.11671E+03
2713	337	2.11677E+03
2713	94	2.11678E+03
2501	503	2.11681E+03
2713	20	2.11681E+03
2713	56	2.11688E+03
2607	337	2.11701E+03
2607	94	2.11704E+03
2607	20	2.11707E+03
2713	420	2.11709E+03
2713	214	2.11712E+03
2607	56	2.11714E+03
2501	337	2.11717E+03
2501	94	2.11724E+03
2501	20	2.11728E+03
2713	545	2.11728E+03
2607	420	2.11732E+03
2501	56	2.11735E+03
2607	214	2.11738E+03
2713	296	2.11739E+03
2713	21	2.11744E+03
2501	420	2.11745E+03
2607	545	2.11749E+03
2713	255	2.11754E+03
2501	545	2.11756E+03
2501	214	2.11756E+03
2607	296	2.11764E+03
2607	21	2.11770E+03
2607	255	2.11779E+03
2501	296	2.11781E+03
2713	57	2.11787E+03
2501	21	2.11790E+03
2713	587	2.11795E+03
2501	255	2.11797E+03
2713	134	2.11801E+03
2713	22	2.11807E+03
2607	57	2.11813E+03
2607	587	2.11815E+03
2713	174	2.11815E+03
2501	587	2.11818E+03
2713	95	2.11820E+03
2713	462	2.11827E+03
2607	134	2.11827E+03
2607	22	2.11833E+03
2501	57	2.11834E+03
2607	174	2.11841E+03
2713	379	2.11842E+03
2607	95	2.11846E+03
2501	134	2.11847E+03
2607	462	2.11849E+03
2501	22	2.11853E+03
2501	462	2.11860E+03
2501	174	2.11860E+03
2501	95	2.11866E+03
2607	379	2.11866E+03
2713	23	2.11872E+03
2501	379	2.11880E+03
2713	58	2.11891E+03
2607	23	2.11898E+03
2607	58	2.11917E+03
2501	23	2.11919E+03
2713	504	2.11934E+03
2501	58	2.11937E+03
2713	24	2.11939E+03
2713	338	2.11949E+03
2713	215	2.11950E+03
2607	504	2.11955E+03
2501	504	2.11962E+03
2607	24	2.11966E+03
2713	96	2.11971E+03
2607	338	2.11973E+03
2607	215	2.11976E+03
2501	24	2.11986E+03
2501	338	2.11988E+03
2713	135	2.11993E+03
2501	215	2.11994E+03
2607	96	2.11997E+03
2713	421	2.11998E+03
2713	59	2.12000E+03
2713	25	2.12009E+03
2713	297	2.12011E+03
2713	256	2.12016E+03
2501	96	2.12017E+03
2607	135	2.12019E+03
2607	421	2.12021E+03
2607	59	2.12026E+03
2713	546	2.12027E+03
2501	421	2.12032E+03
2607	25	2.12035E+03
2607	297	2.12036E+03
2501	135	2.12039E+03
2607	256	2.12040E+03
2713	175	2.12041E+03
2501	59	2.12046E+03
2607	546	2.12047E+03
2501	546	2.12051E+03
2501	297	2.12052E+03
2501	25	2.12055E+03
2501	256	2.12058E+03
2607	175	2.12067E+03
2713	26	2.12081E+03
2501	175	2.12086E+03
2713	588	2.12107E+03
2607	26	2.12107E+03
2713	60	2.12116E+03
2501	588	2.12125E+03
2607	588	2.12125E+03
2501	26	2.12127E+03
2713	97	2.12134E+03
2713	463	2.12141E+03
2607	60	2.12142E+03
2713	380	2.12149E+03
2713	27	2.12156E+03
2607	97	2.12160E+03
2607	463	2.12162E+03
2501	60	2.12163E+03
2501	463	2.12170E+03
2607	380	2.12172E+03
2501	97	2.12180E+03
2607	27	2.12182E+03
2501	380	2.12185E+03
2501	27	2.12202E+03
2713	136	2.12203E+03
2713	216	2.12219E+03
2607	136	2.12228E+03
2713	28	2.12233E+03
2713	61	2.12241E+03
2607	216	2.12244E+03
2501	136	2.12248E+03
2607	28	2.12260E+03
2501	216	2.12262E+03
2713	339	2.12264E+03
2607	61	2.12267E+03
2713	505	2.12268E+03
2501	28	2.12280E+03
2607	339	2.12287E+03
2501	61	2.12288E+03
2607	505	2.12288E+03
2713	176	2.12292E+03
2501	505	2.12293E+03
2501	339	2.12301E+03
2713	98	2.12311E+03
2713	257	2.12313E+03
2713	29	2.12315E+03
2607	176	2.12318E+03
2713	298	2.12324E+03
2713	422	2.12336E+03
2501	176	2.12337E+03
2607	98	2.12337E+03
2607	257	2.12338E+03
2607	29	2.12341E+03
2607	298	2.12349E+03
2501	257	2.12355E+03
2501	98	2.12357E+03
2607	422	2.12358E+03
2501	29	2.12361E+03
2501	298	2.12364E+03
2501	422	2.12367E+03
2713	62	2.12377E+03
2713	547	2.12379E+03
2501	547	2.12398E+03
2607	547	2.12398E+03
2713	30	2.12401E+03
2607	62	2.12403E+03
2501	62	2.12423E+03
2607	30	2.12427E+03
2713	137	2.12433E+03
2501	30	2.12448E+03
2607	137	2.12459E+03
2713	589	2.12471E+03
2501	137	2.12478E+03
2501	589	2.12483E+03
2607	589	2.12488E+03
2713	31	2.12493E+03
2713	99	2.12504E+03
2713	381	2.12504E+03
2713	464	2.12506E+03
2607	31	2.12519E+03
2713	217	2.12521E+03
2713	63	2.12525E+03
2607	464	2.12527E+03
2607	381	2.12527E+03
2607	99	2.12530E+03
2501	464	2.12533E+03
2501	381	2.12538E+03
2501	31	2.12539E+03
2607	217	2.12546E+03
2501	99	2.12550E+03
2607	63	2.12551E+03
2501	217	2.12564E+03
2501	63	2.12571E+03
2713	177	2.12572E+03
2713	32	2.12591E+03
2607	177	2.12597E+03
2501	177	2.12616E+03
2607	32	2.12618E+03
2713	340	2.12627E+03
2501	32	2.12638E+03
2607	340	2.12650E+03
2713	258	2.12651E+03
2713	506	2.12657E+03
2501	340	2.12663E+03
2607	258	2.12676E+03
2607	506	2.12676E+03
2501	506	2.12678E+03
2713	299	2.12682E+03
2713	138	2.12687E+03
2713	64	2.12688E+03
2501	258	2.12692E+03
2713	33	2.12698E+03
2607	299	2.12706E+03
2607	138	2.12713E+03
2607	64	2.12714E+03
2713	100	2.12717E+03
2501	299	2.12721E+03
2607	33	2.12724E+03
2713	423	2.12728E+03
2501	138	2.12732E+03
2501	64	2.12734E+03
2607	100	2.12743E+03
2501	33	2.12745E+03
2607	423	2.12749E+03
2501	423	2.12756E+03
2501	100	2.12763E+03
2713	548	2.12787E+03
2501	548	2.12800E+03
2607	548	2.12804E+03
2713	34	2.12815E+03
2607	34	2.12841E+03
2713	218	2.12860E+03
2501	34	2.12861E+03
2713	65	2.12868E+03
2713	178	2.12883E+03
2607	218	2.12885E+03
2713	590	2.12893E+03
2607	65	2.12895E+03
2501	590	2.12898E+03
2501	218	2.12902E+03
2607	590	2.12908E+03
2607	178	2.12908E+03
2713	382	2.12914E+03
2501	65	2.12915E+03
2501	178	2.12927E+03
2713	465	2.12930E+03
2607	382	2.12936E+03
2713	35	2.12943E+03
2501	382	2.12945E+03
2607	465	2.12949E+03
2501	465	2.12952E+03
2713	101	2.12954E+03
2713	139	2.12968E+03
2607	35	2.12969E+03
2607	101	2.12980E+03
2501	35	2.12989E+03
2607	139	2.12994E+03
2501	101	2.13000E+03
2501	139	2.13014E+03
2713	259	2.13034E+03
2713	341	2.13043E+03
2607	259	2.13058E+03
2607	341	2.13065E+03
2713	66	2.13069E+03
2501	259	2.13073E+03
2501	341	2.13076E+03
2713	36	2.13083E+03
2713	300	2.13090E+03
2607	66	2.13095E+03
2713	507	2.13107E+03
2607	36	2.13109E+03
2607	300	2.13113E+03
2501	66	2.13116E+03
2501	507	2.13121E+03
2607	507	2.13124E+03
2501	300	2.13127E+03
2501	36	2.13129E+03
2713	424	2.13178E+03
2607	424	2.13198E+03
2501	424	2.13203E+03
2713	102	2.13218E+03
2713	179	2.13230E+03
2713	37	2.13237E+03
2713	219	2.13240E+03
2607	102	2.13244E+03
2607	179	2.13256E+03
2713	549	2.13256E+03
2501	549	2.13262E+03
2501	102	2.13264E+03
2607	37	2.13264E+03
2607	219	2.13265E+03
2607	549	2.13271E+03
2501	179	2.13274E+03
2501	219	2.13282E+03
2713	140	2.13282E+03
2501	37	2.13284E+03
2713	67	2.13293E+03
2607	140	2.13308E+03
2607	67	2.13319E+03
2501	140	2.13327E+03
2501	67	2.13339E+03
2501	591	2.13373E+03
2713	591	2.13376E+03
2713	383	2.13382E+03
2607	591	2.13389E+03
2607	383	2.13403E+03
2713	38	2.13407E+03
2501	383	2.13410E+03
2713	466	2.13415E+03
2501	466	2.13432E+03
2607	38	2.13433E+03
2607	466	2.13433E+03
2501	38	2.13453E+03
2713	260	2.13465E+03
2607	260	2.13489E+03
2501	260	2.13503E+03
2713	103	2.13513E+03
2713	342	2.13515E+03
2607	342	2.13537E+03
2607	103	2.13539E+03
2713	68	2.13541E+03
2501	342	2.13547E+03
2713	301	2.13551E+03
2501	103	2.13559E+03
2607	68	2.13567E+03
2607	301	2.13574E+03
2501	301	2.13586E+03
2501	68	2.13588E+03
2713	39	2.13593E+03
2713	180	2.13618E+03
2607	39	2.13619E+03
2713	508	2.13620E+03
2501	508	2.13628E+03
2713	141	2.13633E+03
2607	508	2.13636E+03
2501	39	2.13640E+03
2607	180	2.13643E+03
2607	141	2.13658E+03
2501	180	2.13661E+03
2713	220	2.13666E+03
2501	141	2.13678E+03
2607	220	2.13691E+03
2713	425	2.13692E+03
2501	220	2.13707E+03
2607	425	2.13711E+03
2501	425	2.13713E+03
2501	550	2.13789E+03
2713	550	2.13790E+03
2713	40	2.13797E+03
2607	550	2.13803E+03
2713	69	2.13817E+03
2607	40	2.13823E+03
2713	104	2.13841E+03
2501	40	2.13843E+03
2607	69	2.13843E+03
2501	69	2.13863E+03
2607	104	2.13867E+03
2501	104	2.13887E+03
2501	592	2.13910E+03
2713	384	2.13913E+03
2713	592	2.13923E+03
2607	592	2.13933E+03
2607	384	2.13933E+03
2501	384	2.13937E+03
2713	261	2.13949E+03
2713	467	2.13966E+03
2607	261	2.13972E+03
2501	467	2.13978E+03
2607	467	2.13983E+03
2501	261	2.13986E+03
2713	142	2.14023E+03
2607	142	2.14049E+03
2713	343	2.14050E+03
2713	181	2.14051E+03
2501	142	2.14068E+03
2713	302	2.14071E+03
2607	343	2.14071E+03
2607	181	2.14076E+03
2501	343	2.14078E+03
2607	302	2.14093E+03
2501	181	2.14094E+03
2501	302	2.14104E+03
2713	70	2.14121E+03
2713	221	2.14143E+03
2607	70	2.14147E+03
2501	70	2.14168E+03
2607	221	2.14168E+03
2501	221	2.14183E+03
2713	509	2.14201E+03
2501	509	2.14202E+03
2713	105	2.14206E+03
2607	509	2.14215E+03
2607	105	2.14232E+03
2501	105	2.14252E+03
2713	426	2.14273E+03
2501	426	2.14289E+03
2607	426	2.14291E+03
2501	551	2.14380E+03
2713	551	2.14391E+03
2607	551	2.14402E+03
2713	71	2.14455E+03
2713	143	2.14458E+03
2607	71	2.14482E+03
2607	143	2.14484E+03
2713	262	2.14490E+03
2501	71	2.14502E+03
2501	143	2.14503E+03
2501	593	2.14511E+03
2713	385	2.14511E+03
2607	262	2.14513E+03
2501	262	2.14526E+03
2607	385	2.14530E+03
2501	385	2.14531E+03
2713	182	2.14532E+03
2713	593	2.14535E+03
2607	593	2.14542E+03
2607	182	2.14558E+03
2501	182	2.14575E+03
2713	468	2.14587E+03
2501	468	2.14592E+03
2607	468	2.14602E+03
2713	106	2.14610E+03
2607	106	2.14636E+03
2713	344	2.14649E+03
2713	303	2.14652E+03
2501	106	2.14656E+03
2607	344	2.14669E+03
2501	344	2.14674E+03
2713	222	2.14674E+03
2607	303	2.14674E+03
2501	303	2.14683E+03
2607	222	2.14698E+03
2501	222	2.14713E+03
2713	72	2.14820E+03
2501	510	2.14844E+03
2607	72	2.14847E+03
2713	510	2.14850E+03
2607	510	2.14862E+03
2501	72	2.14867E+03
2713	427	2.14923E+03
2501	427	2.14934E+03
2713	144	2.14939E+03
2607	427	2.14940E+03
2607	144	2.14965E+03
2501	144	2.14984E+03
2501	552	2.15039E+03
2713	107	2.15055E+03
2713	552	2.15059E+03
2713	183	2.15066E+03
2607	552	2.15067E+03
2607	107	2.15081E+03
2607	183	2.15091E+03
2713	263	2.15092E+03
2501	107	2.15101E+03
2501	183	2.15108E+03
2607	263	2.15115E+03
2501	263	2.15126E+03
2501	594	2.15175E+03
2713	386	2.15178E+03
2501	386	2.15194E+03
2607	386	2.15196E+03
2713	594	2.15211E+03
2607	594	2.15215E+03
2713	73	2.15216E+03
2607	73	2.15243E+03
2713	223	2.15262E+03
2501	73	2.15263E+03
2501	469	2.15276E+03
2713	469	2.15278E+03
2607	223	2.15286E+03
2607	469	2.15291E+03
2713	304	2.15298E+03
2501	223	2.15300E+03
2713	345	2.15316E+03
2607	304	2.15320E+03
2501	304	2.15327E+03
2607	345	2.15336E+03
2501	345	2.15338E+03
2713	145	2.15468E+03
2607	145	2.15493E+03
2501	145	2.15512E+03
2713	108	2.15541E+03
2501	511	2.15553E+03
2607	108	2.15567E+03
2713	511	2.15569E+03
2607	511	2.15579E+03
2501	108	2.15586E+03
2713	74	2.15643E+03
2713	428	2.15644E+03
2501	428	2.15649E+03
2713	184	2.15653E+03
2607	428	2.15659E+03
2607	74	2.15670E+03
2607	184	2.15678E+03
2501	74	2.15690E+03
2501	184	2.15695E+03
2713	264	2.15756E+03
2501	553	2.15762E+03
2607	264	2.15779E+03
2501	264	2.15789E+03
2713	553	2.15794E+03
2607	553	2.15799E+03
2501	595	2.15899E+03
2713	224	2.15908E+03
2713	387	2.15915E+03
2501	387	2.15926E+03
2607	224	2.15932E+03
2607	387	2.15932E+03
2501	224	2.15945E+03
2713	595	2.15949E+03
2607	595	2.15949E+03
2713	305	2.16011E+03
2501	470	2.16029E+03
2607	305	2.16032E+03
2501	305	2.16037E+03
2713	470	2.16039E+03
2713	146	2.16043E+03
2607	470	2.16050E+03
2713	346	2.16051E+03
2713	109	2.16066E+03
2607	146	2.16069E+03
2501	346	2.16070E+03
2607	346	2.16070E+03
2501	146	2.16087E+03
2607	109	2.16092E+03
2713	75	2.16100E+03
2501	109	2.16111E+03
2607	75	2.16126E+03
2501	75	2.16146E+03
2713	185	2.16294E+03
2607	185	2.16319E+03
2501	512	2.16329E+03
2501	185	2.16335E+03
2713	512	2.16355E+03
2607	512	2.16362E+03
2501	429	2.16433E+03
2713	429	2.16436E+03
2607	429	2.16449E+03
2713	265	2.16483E+03
2607	265	2.16505E+03
2501	265	2.16514E+03
2501	554	2.16547E+03
2713	76	2.16584E+03
2713	554	2.16591E+03
2607	554	2.16593E+03
2607	76	2.16610E+03
2713	225	2.16613E+03
2713	110	2.16627E+03
2501	76	2.16630E+03
2607	225	2.16637E+03
2501	225	2.16649E+03
2607	110	2.16654E+03
2713	147	2.16665E+03
2501	110	2.16673E+03
2501	596	2.16679E+03
2607	147	2.16690E+03
2501	147	2.16708E+03
2713	388	2.16722E+03
2501	388	2.16727E+03
2607	388	2.16737E+03
2607	596	2.16740E+03
2713	596	2.16743E+03
2713	306	2.16789E+03
2607	306	2.16809E+03
2501	306	2.16812E+03
2501	471	2.16849E+03
2713	347	2.16855E+03
2713	471	2.16867E+03
2501	347	2.16869E+03
2607	347	2.16873E+03
2607	471	2.16876E+03
2713	186	2.16987E+03
2607	186	2.17011E+03
2501	186	2.17026E+03
2713	77	2.17092E+03
2607	77	2.17119E+03
2501	77	2.17139E+03
2501	513	2.17168E+03
2713	513	2.17205E+03
2607	513	2.17209E+03
2713	111	2.17222E+03
2607	111	2.17249E+03
2501	111	2.17268E+03
2713	266	2.17272E+03
2501	430	2.17284E+03
2607	266	2.17293E+03
2713	430	2.17294E+03
2501	266	2.17300E+03
2607	430	2.17306E+03
2713	148	2.17330E+03
2607	148	2.17355E+03
2501	148	2.17373E+03
2713	226	2.17375E+03
2501	555	2.17388E+03
2607	226	2.17398E+03
2501	226	2.17409E+03
2607	555	2.17444E+03
2713	555	2.17446E+03
2501	597	2.17509E+03
2607	597	2.17581E+03
2713	597	2.17589E+03
2501	389	2.17595E+03
2713	389	2.17595E+03
2607	389	2.17609E+03
2713	78	2.17621E+03
2713	307	2.17631E+03
2607	78	2.17648E+03
2501	307	2.17650E+03
2607	307	2.17650E+03
2501	78	2.17668E+03
2713	348	2.17724E+03
2713	187	2.17728E+03
2501	472	2.17731E+03
2501	348	2.17733E+03
2607	348	2.17740E+03
2607	187	2.17752E+03
2713	472	2.17760E+03
2607	472	2.17766E+03
2501	187	2.17767E+03
2713	112	2.17846E+03
2607	112	2.17873E+03
2501	112	2.17892E+03
2713	149	2.18034E+03
2607	149	2.18059E+03
2501	514	2.18063E+03
2501	149	2.18077E+03
2713	514	2.18113E+03
2607	514	2.18113E+03
2713	267	2.18119E+03
2607	267	2.18140E+03
2501	267	2.18145E+03
2713	79	2.18167E+03
2713	227	2.18189E+03
2607	79	2.18193E+03
2501	431	2.18198E+03
2607	227	2.18212E+03
2501	79	2.18213E+03
2713	431	2.18216E+03
2501	227	2.18222E+03
2607	431	2.18225E+03
2501	556	2.18280E+03
2607	556	2.18346E+03
2713	556	2.18352E+03
2501	598	2.18381E+03
2607	598	2.18466E+03
2713	598	2.18478E+03
2713	113	2.18495E+03
2713	188	2.18514E+03
2607	113	2.18521E+03
2501	390	2.18523E+03
2713	390	2.18531E+03
2713	308	2.18532E+03
2607	188	2.18538E+03
2501	113	2.18540E+03
2607	390	2.18543E+03
2501	308	2.18548E+03
2607	308	2.18551E+03
2501	188	2.18552E+03
2713	349	2.18653E+03
2501	349	2.18658E+03
2607	349	2.18669E+03
2501	473	2.18670E+03
867	574	2.18684E+03
867	533	2.18706E+03
2713	473	2.18709E+03
867	575	2.18711E+03
2607	473	2.18713E+03
757	574	2.18714E+03
647	574	2.18716E+03
2713	80	2.18725E+03
867	492	2.18730E+03
757	533	2.18736E+03
647	533	2.18738E+03
867	534	2.18739E+03
757	575	2.18742E+03
647	575	2.18743E+03
867	576	2.18746E+03
2607	80	2.18752E+03
867	451	2.18757E+03
757	492	2.18761E+03
647	492	2.18762E+03
757	534	2.18769E+03
867	493	2.18770E+03
647	534	2.18771E+03
2713	150	2.18771E+03
2501	80	2.18772E+03
757	576	2.18777E+03
647	576	2.18777E+03
867	535	2.18781E+03
867	410	2.18787E+03
757	451	2.18788E+03
647	451	2.18790E+03
867	577	2.18790E+03
2607	150	2.18797E+03
757	493	2.18800E+03
647	493	2.18801E+03
867	452	2.18804E+03
757	535	2.18811E+03
647	535	2.18812E+03
2501	150	2.18814E+03
867	369	2.18817E+03
757	410	2.18817E+03
647	410	2.18819E+03
867	494	2.18819E+03
757	577	2.18820E+03
647	577	2.18820E+03
867	536	2.18833E+03
757	452	2.18834E+03
647	452	2.18835E+03
867	411	2.18840E+03
867	578	2.18844E+03
867	328	2.18846E+03
757	369	2.18847E+03
647	369	2.18849E+03
757	494	2.18849E+03
647	494	2.18850E+03
867	0	2.18855E+03
867	453	2.18861E+03
757	536	2.18863E+03
647	536	2.18863E+03
757	411	2.18870E+03
647	411	2.18872E+03
867	41	2.18872E+03
867	287	2.18873E+03
647	578	2.18873E+03
757	578	2.18874E+03
867	370	2.18877E+03
757	328	2.18877E+03
647	328	2.18879E+03
867	495	2.18880E+03
757	0	2.18886E+03
647	0	2.18889E+03
867	82	2.18890E+03
757	453	2.18891E+03
647	453	2.18892E+03
867	246	2.18894E+03
867	537	2.18897E+03
757	41	2.18903E+03
757	287	2.18904E+03
867	123	2.18904E+03
867	412	2.18906E+03
647	287	2.18906E+03
647	41	2.18906E+03
867	1	2.18907E+03
757	370	2.18907E+03
867	205	2.18908E+03
647	370	2.18909E+03
757	495	2.18910E+03
647	495	2.18911E+03
867	164	2.18911E+03
867	579	2.18911E+03
867	329	2.18913E+03
757	82	2.18921E+03
647	82	2.18924E+03
757	246	2.18925E+03
647	537	2.18926E+03
757	537	2.18927E+03
647	246	2.18927E+03
867	42	2.18931E+03
867	454	2.18932E+03
757	123	2.18935E+03
757	412	2.18936E+03
647	412	2.18937E+03
757	1	2.18938E+03
647	123	2.18938E+03
757	205	2.18939E+03
647	579	2.18939E+03
647	1	2.18941E+03
757	579	2.18941E+03
647	205	2.18941E+03
757	164	2.18942E+03
757	329	2.18943E+03
647	164	2.18945E+03
867	288	2.18945E+03
647	329	2.18945E+03
867	371	2.18951E+03
867	83	2.18955E+03
867	496	2.18956E+03
757	454	2.18962E+03
757	42	2.18962E+03
647	454	2.18963E+03
867	2	2.18964E+03
647	42	2.18965E+03
867	247	2.18970E+03
867	124	2.18976E+03
757	288	2.18976E+03
867	538	2.18977E+03
647	288	2.18978E+03
757	371	2.18982E+03
647	371	2.18983E+03
867	206	2.18985E+03
647	496	2.18985E+03
757	496	2.18986E+03
757	83	2.18987E+03
867	165	2.18987E+03
867	413	2.18987E+03
647	83	2.18989E+03
867	580	2.18994E+03
867	330	2.18995E+03
757	2	2.18995E+03
867	43	2.18998E+03
647	2	2.18998E+03
757	247	2.19001E+03
647	247	2.19003E+03
647	538	2.19005E+03
757	538	2.19006E+03
757	124	2.19007E+03
2501	515	2.19009E+03
647	124	2.19010E+03
757	206	2.19016E+03
757	413	2.19017E+03
647	413	2.19018E+03
757	165	2.19018E+03
647	206	2.19018E+03
2713	268	2.19019E+03
867	455	2.19020E+03
647	165	2.19020E+03
647	580	2.19021E+03
757	580	2.19024E+03
757	330	2.19025E+03
647	330	2.19027E+03
867	3	2.19027E+03
757	43	2.19029E+03
867	84	2.19031E+03
647	43	2.19032E+03
867	289	2.19033E+03
2607	268	2.19039E+03
867	372	2.19042E+03
2501	268	2.19042E+03
867	497	2.19049E+03
647	455	2.19049E+03
757	455	2.19050E+03
2713	228	2.19052E+03
757	3	2.19058E+03
867	125	2.19059E+03
647	3	2.19061E+03
757	84	2.19062E+03
867	248	2.19062E+03
757	289	2.19064E+03
647	84	2.19065E+03
647	289	2.19066E+03
2607	515	2.19068E+03
2713	515	2.19071E+03
867	44	2.19073E+03
757	372	2.19073E+03
647	372	2.19073E+03
2607	228	2.19074E+03
867	539	2.19075E+03
867	166	2.19077E+03
867	207	2.19078E+03
647	497	2.19078E+03
757	497	2.19079E+03
2501	228	2.19083E+03
867	414	2.19087E+03
757	125	2.19091E+03
757	248	2.19093E+03
647	125	2.19093E+03
867	4	2.19095E+03
867	331	2.19095E+03
647	248	2.19095E+03
867	581	2.19097E+03
647	539	2.19102E+03
757	44	2.19104E+03
757	539	2.19104E+03
647	44	2.19107E+03
757	166	2.19108E+03
757	207	2.19109E+03
647	166	2.19110E+03
647	207	2.19111E+03
647	414	2.19117E+03
757	414	2.19117E+03
867	85	2.19117E+03
647	581	2.19122E+03
757	331	2.19125E+03
757	581	2.19126E+03
757	4	2.19126E+03
647	331	2.19127E+03
867	456	2.19128E+03
647	4	2.19129E+03
867	290	2.19140E+03
757	85	2.19148E+03
647	85	2.19151E+03
867	373	2.19154E+03
867	45	2.19155E+03
647	456	2.19156E+03
867	126	2.19157E+03
757	456	2.19157E+03
2713	114	2.19163E+03
867	498	2.19164E+03
867	5	2.19166E+03
2501	432	2.19168E+03
757	290	2.19171E+03
647	290	2.19172E+03
867	249	2.19173E+03
867	167	2.19182E+03
757	373	2.19184E+03
647	373	2.19184E+03
757	45	2.19186E+03
757	126	2.19188E+03
867	208	2.19188E+03
647	45	2.19189E+03
2607	114	2.19189E+03
647	126	2.19190E+03
647	498	2.19191E+03
757	498	2.19193E+03
2713	432	2.19195E+03
867	540	2.19196E+03
757	5	2.19198E+03
647	5	2.19201E+03
2607	432	2.19202E+03
757	249	2.19204E+03
647	249	2.19206E+03
2501	114	2.19208E+03
867	415	2.19209E+03
757	167	2.19213E+03
2501	557	2.19213E+03
867	86	2.19214E+03
647	167	2.19216E+03
867	332	2.19217E+03
757	208	2.19219E+03
647	540	2.19221E+03
647	208	2.19221E+03
867	582	2.19223E+03
757	540	2.19225E+03
647	415	2.19238E+03
757	415	2.19239E+03
867	6	2.19242E+03
867	46	2.19244E+03
757	86	2.19245E+03
647	582	2.19245E+03
757	332	2.19247E+03
647	86	2.19248E+03
647	332	2.19248E+03
757	582	2.19251E+03
867	457	2.19259E+03
867	127	2.19268E+03
867	291	2.19270E+03
757	6	2.19273E+03
757	46	2.19275E+03
647	6	2.19276E+03
647	46	2.19278E+03
2501	599	2.19285E+03
647	457	2.19287E+03
757	457	2.19289E+03
867	374	2.19290E+03
2607	557	2.19291E+03
2713	81	2.19293E+03
757	127	2.19299E+03
757	291	2.19300E+03
2713	557	2.19300E+03
647	291	2.19301E+03
647	127	2.19301E+03
867	499	2.19304E+03
867	168	2.19306E+03
867	250	2.19306E+03
867	209	2.19319E+03
647	374	2.19319E+03
757	374	2.19320E+03
867	7	2.19320E+03
2607	81	2.19320E+03
867	87	2.19321E+03
647	499	2.19330E+03
757	499	2.19333E+03
757	250	2.19337E+03
757	168	2.19337E+03
647	250	2.19338E+03
2713	189	2.19338E+03
647	168	2.19339E+03
867	47	2.19340E+03
2501	81	2.19340E+03
867	541	2.19343E+03
757	209	2.19350E+03
757	7	2.19351E+03
757	87	2.19352E+03
647	209	2.19352E+03
647	7	2.19354E+03
647	87	2.19355E+03
867	416	2.19358E+03
2607	189	2.19362E+03
867	333	2.19364E+03
647	541	2.19366E+03
757	47	2.19371E+03
757	541	2.19371E+03
647	47	2.19374E+03
867	583	2.19376E+03
2501	189	2.19376E+03
2607	599	2.19383E+03
647	416	2.19385E+03
757	416	2.19387E+03
867	128	2.19393E+03
757	333	2.19394E+03
647	333	2.19394E+03
647	583	2.19396E+03
867	8	2.19400E+03
2713	599	2.19400E+03
757	583	2.19403E+03
867	458	2.19420E+03
867	292	2.19424E+03
757	128	2.19424E+03
647	128	2.19427E+03
757	8	2.19431E+03
647	8	2.19434E+03
867	88	2.19438E+03
867	48	2.19441E+03
647	458	2.19445E+03
867	169	2.19448E+03
757	458	2.19448E+03
867	375	2.19454E+03
757	292	2.19455E+03
647	292	2.19455E+03
867	251	2.19463E+03
757	88	2.19469E+03
647	88	2.19472E+03
867	210	2.19472E+03
757	48	2.19472E+03
867	500	2.19475E+03
647	48	2.19475E+03
757	169	2.19479E+03
867	9	2.19481E+03
647	169	2.19481E+03
647	375	2.19482E+03
757	375	2.19483E+03
2713	309	2.19488E+03
757	251	2.19493E+03
647	251	2.19495E+03
647	500	2.19498E+03
2501	309	2.19500E+03
757	210	2.19503E+03
757	500	2.19503E+03
647	210	2.19505E+03
2607	309	2.19505E+03
2501	391	2.19508E+03
757	9	2.19512E+03
647	9	2.19515E+03
867	542	2.19522E+03
2713	391	2.19522E+03
2607	391	2.19532E+03
867	129	2.19534E+03
867	417	2.19537E+03
2713	151	2.19537E+03
867	334	2.19540E+03
647	542	2.19542E+03
867	49	2.19546E+03
757	542	2.19550E+03
867	584	2.19562E+03
2607	151	2.19562E+03
867	10	2.19563E+03
647	417	2.19563E+03
867	89	2.19565E+03
757	129	2.19565E+03
757	417	2.19566E+03
647	129	2.19568E+03
647	334	2.19569E+03
757	334	2.19570E+03
757	49	2.19577E+03
647	584	2.19578E+03
2501	151	2.19579E+03
647	49	2.19580E+03
757	584	2.19588E+03
757	10	2.19594E+03
757	89	2.19596E+03
647	10	2.19597E+03
647	89	2.19599E+03
867	293	2.19608E+03
867	170	2.19610E+03
867	459	2.19613E+03
647	459	2.19637E+03
2501	350	2.19637E+03
757	293	2.19638E+03
647	293	2.19638E+03
2713	350	2.19638E+03
757	170	2.19641E+03
757	459	2.19641E+03
647	170	2.19643E+03
867	11	2.19646E+03
867	252	2.19647E+03
867	211	2.19649E+03
867	376	2.19650E+03
2607	350	2.19652E+03
867	50	2.19655E+03
2501	474	2.19659E+03
757	11	2.19677E+03
647	376	2.19677E+03
757	252	2.19678E+03
647	252	2.19679E+03
757	376	2.19679E+03
647	11	2.19680E+03
757	211	2.19680E+03
867	501	2.19680E+03
647	211	2.19681E+03
757	50	2.19686E+03
647	50	2.19689E+03
867	130	2.19690E+03
867	90	2.19700E+03
647	501	2.19701E+03
757	501	2.19708E+03
2713	474	2.19709E+03
2607	474	2.19710E+03
757	130	2.19721E+03
647	130	2.19723E+03
867	12	2.19728E+03
757	90	2.19732E+03
647	90	2.19734E+03
867	543	2.19738E+03
867	335	2.19749E+03
867	418	2.19752E+03
647	543	2.19755E+03
757	12	2.19760E+03
647	12	2.19763E+03
757	543	2.19764E+03
867	51	2.19767E+03
647	418	2.19776E+03
647	335	2.19778E+03
757	335	2.19779E+03
757	418	2.19780E+03
867	585	2.19785E+03
867	171	2.19793E+03
647	585	2.19797E+03
757	51	2.19798E+03
647	51	2.19801E+03
757	585	2.19810E+03
867	13	2.19811E+03
757	171	2.19824E+03
867	294	2.19824E+03
647	171	2.19826E+03
757	13	2.19842E+03
867	460	2.19844E+03
867	91	2.19845E+03
647	13	2.19845E+03
2713	115	2.19847E+03
867	212	2.19852E+03
647	294	2.19853E+03
757	294	2.19854E+03
867	131	2.19861E+03
867	253	2.19862E+03
647	460	2.19866E+03
757	460	2.19872E+03
2607	115	2.19873E+03
757	91	2.19876E+03
647	91	2.19879E+03
867	52	2.19881E+03
757	212	2.19883E+03
867	377	2.19883E+03
647	212	2.19884E+03
757	253	2.19892E+03
647	253	2.19892E+03
757	131	2.19892E+03
2501	115	2.19892E+03
867	14	2.19894E+03
647	131	2.19895E+03
647	377	2.19909E+03
757	52	2.19912E+03
757	377	2.19912E+03
647	52	2.19915E+03
757	14	2.19925E+03
867	502	2.19926E+03
647	14	2.19928E+03
647	502	2.19943E+03
757	502	2.19952E+03
2713	229	2.19956E+03
2713	269	2.19967E+03
867	15	2.19976E+03
2607	229	2.19978E+03
2501	229	2.19985E+03
2607	269	2.19986E+03
2501	269	2.19987E+03
867	544	2.19995E+03
2501	516	2.19995E+03
867	336	2.19996E+03
867	53	2.19997E+03
867	92	2.19997E+03
867	172	2.19998E+03
867	419	2.20007E+03
757	15	2.20007E+03
647	544	2.20008E+03
647	15	2.20010E+03
757	544	2.20020E+03
647	336	2.20023E+03
757	336	2.20025E+03
757	53	2.20028E+03
757	92	2.20029E+03
757	172	2.20029E+03
647	419	2.20030E+03
647	172	2.20031E+03
647	53	2.20031E+03
647	92	2.20031E+03
757	419	2.20035E+03
867	132	2.20048E+03
867	586	2.20051E+03
867	16	2.20059E+03
647	586	2.20059E+03
2607	516	2.20064E+03
2713	516	2.20071E+03
757	586	2.20075E+03
867	295	2.20076E+03
757	132	2.20080E+03
647	132	2.20082E+03
867	213	2.20084E+03
757	16	2.20090E+03
647	16	2.20093E+03
647	295	2.20104E+03
757	295	2.20105E+03
867	254	2.20109E+03
757	213	2.20115E+03
647	213	2.20116E+03
867	54	2.20116E+03
867	461	2.20119E+03
647	461	2.20138E+03
647	254	2.20139E+03
757	254	2.20139E+03
867	17	2.20141E+03
757	461	2.20146E+03
757	54	2.20147E+03
647	54	2.20150E+03
867	378	2.20158E+03
867	93	2.20159E+03
757	17	2.20172E+03
647	17	2.20175E+03
2501	558	2.20178E+03
647	378	2.20182E+03
2501	433	2.20186E+03
757	378	2.20187E+03
757	93	2.20190E+03
647	93	2.20192E+03
2713	190	2.20195E+03
2501	600	2.20212E+03
867	503	2.20217E+03
2607	190	2.20219E+03
867	18	2.20223E+03
2713	433	2.20223E+03
867	173	2.20227E+03
2607	433	2.20227E+03
647	503	2.20231E+03
2501	190	2.20232E+03
867	55	2.20237E+03
757	503	2.20243E+03
867	133	2.20252E+03
757	18	2.20255E+03
647	18	2.20257E+03
757	173	2.20258E+03
647	173	2.20260E+03
2607	558	2.20268E+03
757	55	2.20269E+03
647	55	2.20271E+03
2713	558	2.20282E+03
757	133	2.20283E+03
867	337	2.20284E+03
647	133	2.20285E+03
867	545	2.20300E+03
867	19	2.20305E+03
647	545	2.20308E+03
867	420	2.20308E+03
647	337	2.20309E+03
757	337	2.20313E+03
2713	152	2.20323E+03
757	545	2.20324E+03
2607	600	2.20324E+03
647	420	2.20328E+03
867	94	2.20329E+03
757	420	2.20336E+03
757	19	2.20337E+03
647	19	2.20340E+03
867	214	2.20346E+03
2713	600	2.20346E+03
2607	152	2.20349E+03
757	94	2.20360E+03
867	56	2.20362E+03
647	94	2.20363E+03
867	587	2.20365E+03
2501	152	2.20365E+03
867	296	2.20367E+03
647	587	2.20368E+03
757	214	2.20377E+03
647	214	2.20377E+03
757	587	2.20388E+03
867	20	2.20388E+03
867	255	2.20392E+03
757	56	2.20393E+03
647	296	2.20395E+03
647	56	2.20396E+03
757	296	2.20397E+03
757	20	2.20419E+03
647	255	2.20422E+03
757	255	2.20422E+03
647	20	2.20422E+03
867	462	2.20443E+03
647	462	2.20458E+03
757	462	2.20469E+03
867	21	2.20471E+03
867	134	2.20473E+03
867	379	2.20480E+03
867	174	2.20481E+03
867	57	2.20491E+03
2713	310	2.20491E+03
2501	310	2.20498E+03
647	379	2.20502E+03
757	21	2.20503E+03
757	134	2.20504E+03
647	21	2.20505E+03
647	134	2.20506E+03
2607	310	2.20507E+03
757	379	2.20508E+03
867	95	2.20509E+03
757	174	2.20512E+03
647	174	2.20513E+03
757	57	2.20523E+03
647	57	2.20525E+03
757	95	2.20540E+03
2501	392	2.20540E+03
2713	116	2.20542E+03
647	95	2.20543E+03
867	22	2.20556E+03
867	504	2.20560E+03
2713	392	2.20562E+03
2607	116	2.20568E+03
647	504	2.20569E+03
2607	392	2.20570E+03
757	504	2.20584E+03
757	22	2.20587E+03
2501	116	2.20587E+03
647	22	2.20590E+03
867	338	2.20617E+03
867	58	2.20626E+03
867	215	2.20641E+03
647	338	2.20641E+03
867	23	2.20642E+03
757	338	2.20646E+03
867	546	2.20657E+03
757	58	2.20657E+03
867	421	2.20660E+03
647	58	2.20660E+03
647	546	2.20660E+03
2501	351	2.20664E+03
2713	351	2.20671E+03
757	215	2.20672E+03
647	215	2.20672E+03
757	23	2.20673E+03
647	23	2.20676E+03
647	421	2.20677E+03
757	546	2.20680E+03
2607	351	2.20683E+03
757	421	2.20686E+03
2501	475	2.20688E+03
867	96	2.20701E+03
867	297	2.20702E+03
867	135	2.20713E+03
867	256	2.20714E+03
647	297	2.20728E+03
647	588	2.20729E+03
867	24	2.20730E+03
757	297	2.20731E+03
757	96	2.20732E+03
867	588	2.20734E+03
647	96	2.20735E+03
647	256	2.20743E+03
757	135	2.20744E+03
757	256	2.20744E+03
647	135	2.20746E+03
2607	475	2.20748E+03
2713	475	2.20750E+03
757	588	2.20754E+03
867	175	2.20762E+03
757	24	2.20762E+03
647	24	2.20765E+03
867	59	2.20768E+03
757	175	2.20792E+03
647	175	2.20794E+03
757	59	2.20799E+03
647	59	2.20802E+03
867	463	2.20820E+03
867	25	2.20821E+03
647	463	2.20832E+03
757	463	2.20845E+03
757	25	2.20853E+03
867	380	2.20853E+03
647	25	2.20855E+03
647	380	2.20872E+03
757	380	2.20880E+03
2713	230	2.20895E+03
867	97	2.20907E+03
867	26	2.20915E+03
2607	230	2.20916E+03
867	60	2.20917E+03
2501	230	2.20922E+03
757	97	2.20938E+03
647	97	2.20941E+03
757	26	2.20946E+03
757	60	2.20949E+03
647	26	2.20949E+03
647	60	2.20951E+03
2713	270	2.20954E+03
867	505	2.20959E+03
647	505	2.20963E+03
867	216	2.20972E+03
2501	270	2.20972E+03
2607	270	2.20973E+03
867	136	2.20974E+03
757	505	2.20982E+03
867	339	2.21001E+03
647	216	2.21002E+03
757	216	2.21002E+03
757	136	2.21005E+03
647	136	2.21007E+03
867	27	2.21011E+03
2501	517	2.21013E+03
647	339	2.21023E+03
757	339	2.21029E+03
757	27	2.21043E+03
647	27	2.21045E+03
867	422	2.21067E+03
647	547	2.21069E+03
867	176	2.21072E+03
867	547	2.21073E+03
867	61	2.21077E+03
2713	191	2.21078E+03
867	257	2.21079E+03
647	422	2.21081E+03
867	298	2.21084E+03
757	422	2.21093E+03
757	547	2.21093E+03
2607	517	2.21093E+03
757	176	2.21102E+03
2607	191	2.21102E+03
647	176	2.21103E+03
2713	517	2.21103E+03
647	257	2.21107E+03
757	257	2.21109E+03
647	298	2.21109E+03
757	61	2.21109E+03
647	61	2.21111E+03
867	28	2.21111E+03
757	298	2.21112E+03
2501	191	2.21114E+03
2713	153	2.21125E+03
867	98	2.21129E+03
757	28	2.21143E+03
647	28	2.21146E+03
647	589	2.21148E+03
2607	153	2.21151E+03
2501	601	2.21152E+03
867	589	2.21160E+03
757	98	2.21160E+03
647	98	2.21163E+03
2501	559	2.21165E+03
2501	153	2.21167E+03
757	589	2.21178E+03
867	29	2.21216E+03
2713	117	2.21244E+03
2501	434	2.21245E+03
757	29	2.21247E+03
867	62	2.21249E+03
647	29	2.21250E+03
867	464	2.21257E+03
867	137	2.21259E+03
647	464	2.21264E+03
2607	559	2.21267E+03
2607	117	2.21271E+03
2607	601	2.21278E+03
757	62	2.21281E+03
757	464	2.21281E+03
867	381	2.21281E+03
647	62	2.21283E+03
2713	559	2.21285E+03
2501	117	2.21289E+03
757	137	2.21290E+03
647	137	2.21292E+03
2713	434	2.21292E+03
2607	434	2.21293E+03
647	381	2.21298E+03
2713	601	2.21305E+03
757	381	2.21308E+03
867	30	2.21326E+03
867	217	2.21341E+03
757	30	2.21357E+03
647	30	2.21360E+03
647	217	2.21370E+03
757	217	2.21371E+03
867	99	2.21371E+03
757	99	2.21402E+03
647	99	2.21405E+03
867	177	2.21415E+03
647	506	2.21418E+03
867	506	2.21419E+03
867	63	2.21436E+03
867	340	2.21440E+03
757	506	2.21441E+03
867	31	2.21442E+03
757	177	2.21445E+03
