GRAM	c2h2	chi_tot
2607	0	1.11415E+03
2713	0	1.11415E+03
2607	1	1.11416E+03
2713	1	1.11417E+03
2607	2	1.11419E+03
2713	2	1.11420E+03
2607	41	1.11423E+03
2607	3	1.11423E+03
2713	41	1.11423E+03
2713	3	1.11424E+03
2607	574	1.11426E+03
2607	42	1.11427E+03
2713	574	1.11427E+03
2713	42	1.11427E+03
2607	4	1.11428E+03
2607	533	1.11429E+03
2713	4	1.11429E+03
2607	575	1.11429E+03
2713	533	1.11429E+03
2713	575	1.11429E+03
2501	0	1.11430E+03
2607	492	1.11431E+03
2607	82	1.11431E+03
2501	1	1.11432E+03
2713	82	1.11432E+03
2607	43	1.11432E+03
2713	492	1.11432E+03
2607	534	1.11432E+03
2713	43	1.11432E+03
2607	576	1.11432E+03
2713	534	1.11432E+03
2713	576	1.11433E+03
2607	451	1.11434E+03
2501	2	1.11435E+03
2713	451	1.11435E+03
2607	5	1.11435E+03
2607	493	1.11435E+03
2713	5	1.11436E+03
2713	493	1.11436E+03
2607	535	1.11436E+03
2713	535	1.11437E+03
2607	577	1.11437E+03
2607	83	1.11437E+03
2713	83	1.11437E+03
2713	577	1.11437E+03
2607	410	1.11437E+03
2713	410	1.11438E+03
2607	123	1.11438E+03
2501	41	1.11439E+03
2501	3	1.11439E+03
2607	44	1.11439E+03
2713	123	1.11439E+03
2713	44	1.11439E+03
2607	452	1.11439E+03
2713	452	1.11440E+03
2607	369	1.11441E+03
2607	494	1.11441E+03
2713	369	1.11441E+03
2713	494	1.11441E+03
2501	574	1.11442E+03
2501	42	1.11442E+03
2607	536	1.11442E+03
2713	536	1.11442E+03
2607	578	1.11442E+03
2713	578	1.11443E+03
2607	411	1.11443E+03
2607	164	1.11443E+03
2501	4	1.11444E+03
2501	533	1.11444E+03
2607	328	1.11444E+03
2607	6	1.11444E+03
2713	411	1.11444E+03
2713	6	1.11444E+03
2713	164	1.11444E+03
2713	328	1.11444E+03
2607	84	1.11444E+03
2501	575	1.11445E+03
2713	84	1.11445E+03
2607	453	1.11445E+03
2607	124	1.11446E+03
2607	287	1.11446E+03
2713	124	1.11446E+03
2713	453	1.11446E+03
2713	287	1.11446E+03
2607	205	1.11446E+03
2501	492	1.11447E+03
2501	82	1.11447E+03
2501	43	1.11447E+03
2713	205	1.11447E+03
2607	246	1.11447E+03
2713	246	1.11447E+03
2607	495	1.11447E+03
2607	45	1.11447E+03
2607	370	1.11447E+03
2501	534	1.11448E+03
2501	576	1.11448E+03
2713	45	1.11448E+03
2713	370	1.11448E+03
2713	495	1.11448E+03
2607	537	1.11449E+03
2713	537	1.11449E+03
2501	451	1.11450E+03
2607	579	1.11450E+03
2713	579	1.11450E+03
2501	493	1.11451E+03
2501	5	1.11451E+03
2607	412	1.11451E+03
2607	329	1.11451E+03
2713	412	1.11451E+03
2501	535	1.11452E+03
2501	577	1.11452E+03
2713	329	1.11452E+03
2607	165	1.11452E+03
2713	165	1.11452E+03
2501	83	1.11453E+03
2501	410	1.11453E+03
2607	7	1.11453E+03
2501	123	1.11454E+03
2501	44	1.11454E+03
2713	7	1.11454E+03
2607	454	1.11454E+03
2607	85	1.11454E+03
2607	288	1.11454E+03
2713	454	1.11454E+03
2501	452	1.11455E+03
2713	85	1.11455E+03
2713	288	1.11455E+03
2607	125	1.11455E+03
2607	206	1.11455E+03
2501	494	1.11456E+03
2501	369	1.11456E+03
2713	125	1.11456E+03
2713	206	1.11456E+03
2607	247	1.11456E+03
2607	496	1.11456E+03
2607	371	1.11456E+03
2713	247	1.11456E+03
2501	536	1.11457E+03
2713	371	1.11457E+03
2713	496	1.11457E+03
2501	578	1.11458E+03
2607	538	1.11458E+03
2607	46	1.11458E+03
2501	411	1.11459E+03
2501	328	1.11459E+03
2501	164	1.11459E+03
2501	6	1.11459E+03
2713	538	1.11459E+03
2713	46	1.11459E+03
2607	580	1.11459E+03
2501	84	1.11460E+03
2713	580	1.11460E+03
2501	453	1.11461E+03
2501	124	1.11461E+03
2501	287	1.11461E+03
2607	413	1.11461E+03
2713	413	1.11461E+03
2607	330	1.11461E+03
2501	205	1.11462E+03
2713	330	1.11462E+03
2501	246	1.11463E+03
2501	495	1.11463E+03
2501	370	1.11463E+03
2501	45	1.11463E+03
2607	166	1.11463E+03
2713	166	1.11463E+03
2501	537	1.11464E+03
2607	455	1.11464E+03
2501	579	1.11465E+03
2607	8	1.11465E+03
2713	455	1.11465E+03
2713	8	1.11465E+03
2607	289	1.11465E+03
2501	412	1.11466E+03
2713	289	1.11466E+03
2501	329	1.11467E+03
2607	86	1.11467E+03
2607	207	1.11467E+03
2713	86	1.11467E+03
2713	207	1.11467E+03
2607	248	1.11467E+03
2501	165	1.11468E+03
2607	497	1.11468E+03
2607	126	1.11468E+03
2607	372	1.11468E+03
2713	248	1.11468E+03
2713	126	1.11468E+03
2713	497	1.11468E+03
2713	372	1.11468E+03
2501	7	1.11469E+03
2501	454	1.11469E+03
2501	288	1.11470E+03
2501	85	1.11470E+03
2607	539	1.11470E+03
2501	206	1.11471E+03
2501	125	1.11471E+03
2501	247	1.11471E+03
2713	539	1.11471E+03
2501	496	1.11472E+03
2501	371	1.11472E+03
2607	581	1.11472E+03
2607	47	1.11472E+03
2713	47	1.11472E+03
2501	538	1.11473E+03
2713	581	1.11473E+03
2501	46	1.11474E+03
2607	414	1.11474E+03
2713	414	1.11474E+03
2607	331	1.11474E+03
2501	580	1.11475E+03
2713	331	1.11475E+03
2501	413	1.11476E+03
2501	330	1.11477E+03
2607	167	1.11477E+03
2607	9	1.11478E+03
2713	167	1.11478E+03
2713	9	1.11478E+03
2501	166	1.11479E+03
2607	456	1.11479E+03
2713	456	1.11479E+03
2501	455	1.11480E+03
2501	8	1.11480E+03
2607	290	1.11480E+03
2713	290	1.11480E+03
2501	289	1.11481E+03
2607	208	1.11482E+03
2501	86	1.11483E+03
2501	207	1.11483E+03
2501	497	1.11483E+03
2501	248	1.11483E+03
2501	372	1.11483E+03
2501	126	1.11483E+03
2713	208	1.11483E+03
2607	498	1.11483E+03
2607	87	1.11483E+03
2607	249	1.11483E+03
2607	373	1.11483E+03
2713	87	1.11483E+03
2713	249	1.11483E+03
2713	498	1.11483E+03
2713	373	1.11483E+03
2607	127	1.11484E+03
2713	127	1.11484E+03
2501	539	1.11485E+03
2607	540	1.11486E+03
2501	581	1.11487E+03
2713	540	1.11487E+03
2501	47	1.11488E+03
2607	48	1.11488E+03
2607	582	1.11488E+03
2501	414	1.11489E+03
2713	48	1.11489E+03
2713	582	1.11489E+03
2501	331	1.11490E+03
2607	415	1.11490E+03
2713	415	1.11491E+03
2607	332	1.11492E+03
2607	10	1.11492E+03
2713	10	1.11492E+03
2713	332	1.11492E+03
2501	167	1.11493E+03
2501	9	1.11493E+03
2501	456	1.11494E+03
2501	290	1.11495E+03
2607	168	1.11496E+03
2713	168	1.11496E+03
2607	457	1.11497E+03
2713	457	1.11497E+03
2501	208	1.11498E+03
2501	498	1.11498E+03
2501	373	1.11498E+03
2501	249	1.11498E+03
2501	87	1.11498E+03
2501	127	1.11499E+03
2607	291	1.11499E+03
2713	291	1.11499E+03
2501	540	1.11501E+03
2607	209	1.11502E+03
2607	88	1.11502E+03
2607	499	1.11502E+03
2713	209	1.11502E+03
2501	582	1.11503E+03
2607	374	1.11503E+03
2713	88	1.11503E+03
2607	250	1.11503E+03
2713	374	1.11503E+03
2713	499	1.11503E+03
2713	250	1.11503E+03
2501	48	1.11504E+03
2607	128	1.11504E+03
2713	128	1.11504E+03
2501	415	1.11506E+03
2501	332	1.11507E+03
2501	10	1.11507E+03
2607	541	1.11507E+03
2607	11	1.11507E+03
2713	11	1.11507E+03
2607	49	1.11507E+03
2713	541	1.11507E+03
2713	49	1.11507E+03
2607	583	1.11510E+03
2501	168	1.11511E+03
2713	583	1.11511E+03
2501	457	1.11512E+03
2607	416	1.11512E+03
2713	416	1.11513E+03
2501	291	1.11514E+03
2607	333	1.11514E+03
2713	333	1.11514E+03
2501	499	1.11517E+03
2501	209	1.11518E+03
2501	374	1.11518E+03
2501	88	1.11518E+03
2501	250	1.11518E+03
2501	128	1.11520E+03
2607	169	1.11520E+03
2713	169	1.11520E+03
2607	458	1.11521E+03
2501	541	1.11522E+03
2501	11	1.11522E+03
2713	458	1.11522E+03
2501	49	1.11523E+03
2607	292	1.11523E+03
2607	12	1.11523E+03
2713	12	1.11523E+03
2713	292	1.11524E+03
2501	583	1.11525E+03
2607	89	1.11526E+03
2713	89	1.11526E+03
2501	416	1.11528E+03
2607	210	1.11528E+03
2713	210	1.11528E+03
2607	500	1.11528E+03
2607	375	1.11528E+03
2607	251	1.11528E+03
2501	333	1.11529E+03
2713	375	1.11529E+03
2713	251	1.11529E+03
2713	500	1.11529E+03
2607	50	1.11529E+03
2713	50	1.11529E+03
2607	129	1.11529E+03
2713	129	1.11530E+03
2607	542	1.11534E+03
2501	169	1.11535E+03
2713	542	1.11535E+03
2501	458	1.11536E+03
2607	584	1.11538E+03
2501	292	1.11539E+03
2501	12	1.11539E+03
2713	584	1.11539E+03
2607	13	1.11541E+03
2713	13	1.11541E+03
2607	417	1.11541E+03
2501	89	1.11542E+03
2713	417	1.11542E+03
2501	500	1.11543E+03
2501	210	1.11543E+03
2501	375	1.11543E+03
2607	334	1.11543E+03
2501	251	1.11544E+03
2713	334	1.11544E+03
2501	50	1.11545E+03
2501	129	1.11545E+03
2501	542	1.11549E+03
2607	170	1.11549E+03
2713	170	1.11550E+03
2501	584	1.11553E+03
2607	459	1.11553E+03
2713	459	1.11553E+03
2607	51	1.11553E+03
2713	51	1.11554E+03
2607	90	1.11554E+03
2713	90	1.11554E+03
2607	293	1.11555E+03
2501	417	1.11556E+03
2713	293	1.11556E+03
2501	13	1.11557E+03
2501	334	1.11558E+03
2607	14	1.11560E+03
2713	14	1.11560E+03
2607	130	1.11560E+03
2607	211	1.11560E+03
2713	130	1.11560E+03
2713	211	1.11561E+03
2607	252	1.11562E+03
2607	376	1.11562E+03
2713	252	1.11562E+03
2607	501	1.11562E+03
2713	376	1.11562E+03
2713	501	1.11563E+03
2501	170	1.11565E+03
2501	459	1.11567E+03
2501	51	1.11569E+03
2501	90	1.11569E+03
2501	293	1.11570E+03
2607	543	1.11570E+03
2713	543	1.11571E+03
2501	14	1.11575E+03
2501	130	1.11576E+03
2501	211	1.11576E+03
2607	585	1.11576E+03
2501	501	1.11577E+03
2501	376	1.11577E+03
2501	252	1.11577E+03
2713	585	1.11577E+03
2607	418	1.11579E+03
2713	418	1.11579E+03
2607	15	1.11580E+03
2713	15	1.11580E+03
2607	52	1.11581E+03
2713	52	1.11581E+03
2607	335	1.11581E+03
2713	335	1.11582E+03
2501	543	1.11584E+03
2607	91	1.11586E+03
2713	91	1.11586E+03
2607	171	1.11586E+03
2713	171	1.11587E+03
2501	585	1.11589E+03
2501	418	1.11594E+03
2607	460	1.11594E+03
2713	460	1.11594E+03
2501	15	1.11595E+03
2501	335	1.11596E+03
2501	52	1.11596E+03
2607	294	1.11596E+03
2713	294	1.11597E+03
2607	131	1.11597E+03
2713	131	1.11597E+03
2713	16	1.11601E+03
2607	16	1.11601E+03
2607	212	1.11601E+03
2713	212	1.11601E+03
2501	91	1.11602E+03
2501	171	1.11602E+03
2607	253	1.11604E+03
2713	253	1.11604E+03
2607	377	1.11606E+03
2713	377	1.11606E+03
2607	502	1.11606E+03
2713	502	1.11607E+03
2501	460	1.11608E+03
2501	294	1.11611E+03
2607	53	1.11611E+03
2713	53	1.11611E+03
2501	131	1.11613E+03
2501	16	1.11616E+03
2501	212	1.11617E+03
2607	544	1.11617E+03
2713	544	1.11618E+03
2501	253	1.11619E+03
2501	377	1.11620E+03
2501	502	1.11620E+03
2607	92	1.11623E+03
2713	92	1.11623E+03
2713	17	1.11623E+03
2607	17	1.11623E+03
2607	586	1.11624E+03
2713	586	1.11625E+03
2501	53	1.11626E+03
2607	419	1.11628E+03
2713	419	1.11628E+03
2501	544	1.11630E+03
2607	336	1.11630E+03
2713	336	1.11630E+03
2607	172	1.11631E+03
2713	172	1.11632E+03
2501	586	1.11637E+03
2501	92	1.11638E+03
2501	17	1.11639E+03
2607	132	1.11641E+03
2713	132	1.11641E+03
2501	419	1.11642E+03
2713	54	1.11643E+03
2607	54	1.11643E+03
2501	336	1.11645E+03
2501	172	1.11647E+03
2713	18	1.11647E+03
2607	18	1.11647E+03
2607	461	1.11647E+03
2713	461	1.11648E+03
2607	295	1.11649E+03
2713	295	1.11649E+03
2607	213	1.11652E+03
2713	213	1.11652E+03
2501	132	1.11656E+03
2607	254	1.11657E+03
2713	254	1.11657E+03
2501	54	1.11659E+03
2501	461	1.11661E+03
2501	18	1.11662E+03
2607	378	1.11662E+03
2713	378	1.11662E+03
2501	295	1.11664E+03
2607	503	1.11664E+03
2607	93	1.11664E+03
2713	93	1.11664E+03
2713	503	1.11665E+03
2501	213	1.11667E+03
2501	254	1.11672E+03
2713	19	1.11672E+03
2607	19	1.11672E+03
2501	378	1.11676E+03
2501	503	1.11677E+03
2607	545	1.11677E+03
2713	55	1.11678E+03
2607	55	1.11678E+03
2713	545	1.11678E+03
2501	93	1.11680E+03
2607	173	1.11686E+03
2713	173	1.11686E+03
2607	587	1.11687E+03
2501	19	1.11688E+03
2713	587	1.11689E+03
2501	545	1.11690E+03
2607	420	1.11691E+03
2607	133	1.11691E+03
2713	133	1.11691E+03
2713	420	1.11692E+03
2607	337	1.11692E+03
2713	337	1.11693E+03
2501	55	1.11694E+03
2713	20	1.11699E+03
2607	20	1.11699E+03
2501	587	1.11700E+03
2501	173	1.11701E+03
2501	420	1.11705E+03
2501	133	1.11707E+03
2501	337	1.11707E+03
2713	94	1.11711E+03
2607	94	1.11711E+03
2607	214	1.11714E+03
2501	20	1.11715E+03
2713	214	1.11715E+03
2607	296	1.11715E+03
2713	296	1.11715E+03
2713	56	1.11716E+03
2607	56	1.11716E+03
2607	462	1.11716E+03
2713	462	1.11717E+03
2607	255	1.11724E+03
2713	255	1.11724E+03
2501	94	1.11726E+03
2713	21	1.11728E+03
2607	21	1.11728E+03
2501	296	1.11730E+03
2501	214	1.11730E+03
2501	462	1.11730E+03
2501	56	1.11732E+03
2607	379	1.11734E+03
2713	379	1.11734E+03
2607	504	1.11738E+03
2501	255	1.11739E+03
2713	504	1.11739E+03
2501	21	1.11743E+03
2501	379	1.11748E+03
2713	134	1.11750E+03
2607	134	1.11750E+03
2607	174	1.11750E+03
2713	174	1.11750E+03
2501	504	1.11751E+03
2607	546	1.11756E+03
2713	57	1.11757E+03
2607	57	1.11757E+03
2713	546	1.11757E+03
2713	22	1.11758E+03
2607	22	1.11758E+03
2713	95	1.11762E+03
2607	95	1.11762E+03
2501	134	1.11765E+03
2501	174	1.11766E+03
2501	546	1.11767E+03
2607	588	1.11769E+03
2713	588	1.11770E+03
2607	338	1.11771E+03
2501	57	1.11772E+03
2607	421	1.11772E+03
2713	338	1.11772E+03
2713	421	1.11772E+03
2501	22	1.11774E+03
2501	95	1.11778E+03
2501	588	1.11779E+03
2501	421	1.11785E+03
2501	338	1.11786E+03
2713	23	1.11790E+03
2607	23	1.11790E+03
2607	215	1.11790E+03
2713	215	1.11790E+03
2607	297	1.11797E+03
2713	297	1.11798E+03
2713	58	1.11800E+03
2607	58	1.11800E+03
2501	215	1.11805E+03
2501	23	1.11805E+03
2607	463	1.11805E+03
2607	256	1.11805E+03
2713	256	1.11806E+03
2713	463	1.11806E+03
2501	297	1.11812E+03
2501	58	1.11816E+03
2501	463	1.11817E+03
2713	135	1.11817E+03
2607	135	1.11817E+03
2713	96	1.11819E+03
2607	96	1.11819E+03
2501	256	1.11820E+03
2713	24	1.11823E+03
2607	24	1.11823E+03
2607	380	1.11825E+03
2713	380	1.11826E+03
2713	175	1.11827E+03
2607	175	1.11827E+03
2501	135	1.11832E+03
2607	505	1.11833E+03
2501	96	1.11834E+03
2713	505	1.11834E+03
2501	24	1.11838E+03
2501	380	1.11838E+03
2501	175	1.11842E+03
2501	505	1.11844E+03
2713	59	1.11846E+03
2607	59	1.11846E+03
2607	547	1.11855E+03
2713	547	1.11857E+03
2713	25	1.11857E+03
2607	25	1.11857E+03
2501	59	1.11862E+03
2501	547	1.11866E+03
2607	339	1.11870E+03
2713	339	1.11871E+03
2607	589	1.11872E+03
2501	25	1.11873E+03
2607	422	1.11874E+03
2713	589	1.11874E+03
2713	422	1.11875E+03
2501	589	1.11881E+03
2607	216	1.11881E+03
2713	216	1.11881E+03
2713	97	1.11881E+03
2607	97	1.11882E+03
2501	339	1.11884E+03
2501	422	1.11886E+03
2713	26	1.11893E+03
2607	26	1.11893E+03
2713	136	1.11893E+03
2607	136	1.11894E+03
2501	216	1.11896E+03
2713	60	1.11896E+03
2607	60	1.11896E+03
2501	97	1.11897E+03
2607	298	1.11900E+03
2713	298	1.11900E+03
2607	257	1.11905E+03
2713	257	1.11906E+03
2501	26	1.11908E+03
2501	136	1.11909E+03
2501	60	1.11911E+03
2501	298	1.11914E+03
2713	176	1.11916E+03
2607	176	1.11916E+03
2607	464	1.11916E+03
2713	464	1.11918E+03
2501	257	1.11920E+03
2501	464	1.11928E+03
2713	27	1.11930E+03
2607	27	1.11930E+03
2501	176	1.11931E+03
2607	381	1.11939E+03
2713	381	1.11940E+03
2501	27	1.11946E+03
2713	61	1.11948E+03
2607	61	1.11949E+03
2713	98	1.11951E+03
2607	98	1.11951E+03
2501	381	1.11952E+03
2607	506	1.11952E+03
2713	506	1.11954E+03
2501	506	1.11963E+03
2501	61	1.11964E+03
2501	98	1.11966E+03
2713	28	1.11968E+03
2607	28	1.11969E+03
2713	137	1.11981E+03
2607	548	1.11981E+03
2607	137	1.11981E+03
2713	548	1.11983E+03
2501	28	1.11984E+03
2501	548	1.11990E+03
2713	217	1.11990E+03
2607	217	1.11990E+03
2607	340	1.11993E+03
2713	340	1.11993E+03
2501	137	1.11996E+03
2607	590	1.12001E+03
2607	423	1.12002E+03
2713	423	1.12003E+03
2713	590	1.12004E+03
2501	217	1.12005E+03
2713	62	1.12005E+03
2501	340	1.12006E+03
2607	62	1.12006E+03
2501	590	1.12008E+03
2713	29	1.12008E+03
2607	29	1.12008E+03
2501	423	1.12013E+03
2501	62	1.12021E+03
2713	177	1.12021E+03
2607	177	1.12021E+03
2501	29	1.12024E+03
2607	299	1.12025E+03
2713	299	1.12026E+03
2607	258	1.12027E+03
2713	258	1.12027E+03
2713	99	1.12028E+03
2607	99	1.12028E+03
2501	177	1.12036E+03
2501	299	1.12039E+03
2501	258	1.12041E+03
2501	99	1.12043E+03
2713	30	1.12049E+03
2607	30	1.12050E+03
2607	465	1.12056E+03
2713	465	1.12058E+03
2501	30	1.12065E+03
2501	465	1.12067E+03
2713	63	1.12067E+03
2607	63	1.12067E+03
2607	382	1.12081E+03
2713	138	1.12081E+03
2607	138	1.12081E+03
2713	382	1.12082E+03
2501	63	1.12083E+03
2713	31	1.12092E+03
2501	382	1.12093E+03
2607	31	1.12093E+03
2501	138	1.12096E+03
2607	507	1.12102E+03
2713	507	1.12104E+03
2501	31	1.12108E+03
2501	507	1.12110E+03
2713	100	1.12114E+03
2607	100	1.12115E+03
2713	218	1.12120E+03
2607	218	1.12120E+03
2501	100	1.12130E+03
2501	218	1.12134E+03
2713	64	1.12134E+03
2607	64	1.12135E+03
2607	549	1.12137E+03
2713	32	1.12137E+03
2607	32	1.12137E+03
2713	549	1.12140E+03
2501	549	1.12144E+03
2607	341	1.12144E+03
2713	178	1.12144E+03
2607	178	1.12144E+03
2713	341	1.12144E+03
2501	64	1.12150E+03
2501	32	1.12153E+03
2501	341	1.12156E+03
2501	178	1.12159E+03
2607	424	1.12160E+03
2607	591	1.12161E+03
2713	424	1.12162E+03
2713	591	1.12165E+03
2501	591	1.12166E+03
2501	424	1.12171E+03
2607	259	1.12173E+03
2713	259	1.12173E+03
2607	300	1.12178E+03
2713	300	1.12179E+03
2713	33	1.12184E+03
2607	33	1.12184E+03
2501	259	1.12187E+03
2501	300	1.12191E+03
2713	139	1.12196E+03
2607	139	1.12197E+03
2501	33	1.12200E+03
2713	65	1.12208E+03
2607	65	1.12209E+03
2501	139	1.12212E+03
2713	101	1.12213E+03
2607	101	1.12213E+03
2501	65	1.12224E+03
2501	101	1.12229E+03
2607	466	1.12229E+03
2713	466	1.12231E+03
2713	34	1.12233E+03
2607	34	1.12234E+03
2501	466	1.12238E+03
2501	34	1.12249E+03
2607	383	1.12255E+03
2713	383	1.12256E+03
2501	383	1.12266E+03
2713	219	1.12274E+03
2607	219	1.12274E+03
2607	508	1.12285E+03
2713	35	1.12286E+03
2607	35	1.12287E+03
2501	219	1.12288E+03
2713	179	1.12288E+03
2713	508	1.12288E+03
2607	179	1.12288E+03
2501	508	1.12292E+03
2713	66	1.12292E+03
2607	66	1.12292E+03
2501	35	1.12302E+03
2501	179	1.12303E+03
2501	66	1.12308E+03
2713	102	1.12325E+03
2607	102	1.12326E+03
2607	342	1.12327E+03
2713	342	1.12328E+03
2607	550	1.12328E+03
2713	140	1.12330E+03
2607	140	1.12331E+03
2713	550	1.12332E+03
2501	550	1.12333E+03
2501	342	1.12339E+03
2501	102	1.12341E+03
2713	36	1.12344E+03
2607	36	1.12345E+03
2501	140	1.12346E+03
2607	260	1.12348E+03
2713	260	1.12348E+03
2607	425	1.12355E+03
2713	425	1.12356E+03
2607	592	1.12357E+03
2501	592	1.12359E+03
2501	36	1.12360E+03
2501	260	1.12361E+03
2713	592	1.12361E+03
2607	301	1.12363E+03
2713	301	1.12363E+03
2501	425	1.12364E+03
2501	301	1.12375E+03
2713	67	1.12386E+03
2607	67	1.12387E+03
2501	67	1.12402E+03
2713	37	1.12408E+03
2607	37	1.12409E+03
2501	37	1.12424E+03
2607	467	1.12440E+03
2713	467	1.12443E+03
2501	467	1.12447E+03
2713	103	1.12455E+03
2607	103	1.12456E+03
2713	220	1.12457E+03
2607	220	1.12457E+03
2713	180	1.12457E+03
2607	180	1.12458E+03
2607	384	1.12466E+03
2713	384	1.12468E+03
2501	220	1.12471E+03
2501	103	1.12471E+03
2501	180	1.12472E+03
2501	384	1.12476E+03
2713	38	1.12479E+03
2607	38	1.12480E+03
2713	141	1.12486E+03
2607	141	1.12487E+03
2713	68	1.12494E+03
2501	38	1.12495E+03
2607	68	1.12495E+03
2501	141	1.12502E+03
2607	509	1.12509E+03
2501	68	1.12511E+03
2713	509	1.12512E+03
2501	509	1.12513E+03
2607	343	1.12549E+03
2713	343	1.12550E+03
2607	261	1.12558E+03
2713	261	1.12558E+03
2501	343	1.12560E+03
2607	551	1.12560E+03
2713	39	1.12560E+03
2501	551	1.12561E+03
2607	39	1.12561E+03
2713	551	1.12564E+03
2501	261	1.12570E+03
2501	39	1.12576E+03
2607	302	1.12585E+03
2713	302	1.12586E+03
2501	593	1.12589E+03
2607	426	1.12590E+03
2607	593	1.12591E+03
2713	426	1.12592E+03
2501	302	1.12597E+03
2713	593	1.12597E+03
2501	426	1.12598E+03
2713	104	1.12607E+03
2607	104	1.12607E+03
2713	69	1.12619E+03
2607	69	1.12620E+03
2501	104	1.12623E+03
2501	69	1.12636E+03
2713	40	1.12651E+03
2607	40	1.12652E+03
2713	181	1.12657E+03
2607	181	1.12657E+03
2501	40	1.12667E+03
2713	142	1.12669E+03
2607	142	1.12670E+03
2501	181	1.12671E+03
2713	221	1.12673E+03
2607	221	1.12674E+03
2501	142	1.12685E+03
2501	221	1.12687E+03
2607	468	1.12695E+03
2713	468	1.12698E+03
2501	468	1.12699E+03
2607	385	1.12721E+03
2713	385	1.12723E+03
2501	385	1.12729E+03
2713	70	1.12764E+03
2607	70	1.12765E+03
2607	510	1.12777E+03
2501	510	1.12778E+03
2501	70	1.12781E+03
2713	510	1.12781E+03
2713	105	1.12783E+03
2607	105	1.12784E+03
2501	105	1.12799E+03
2607	262	1.12807E+03
2713	262	1.12807E+03
2607	344	1.12815E+03
2713	344	1.12816E+03
2501	262	1.12819E+03
2501	344	1.12824E+03
2501	552	1.12833E+03
2607	552	1.12835E+03
2713	552	1.12841E+03
2607	303	1.12850E+03
2713	303	1.12851E+03
2501	303	1.12861E+03
2501	594	1.12862E+03
2607	594	1.12868E+03
2607	427	1.12872E+03
2713	427	1.12875E+03
2713	594	1.12875E+03
2501	427	1.12878E+03
2713	143	1.12884E+03
2607	143	1.12885E+03
2713	182	1.12892E+03
2607	182	1.12892E+03
2501	143	1.12899E+03
2501	182	1.12906E+03
2713	222	1.12929E+03
2607	222	1.12930E+03
2713	71	1.12932E+03
2607	71	1.12934E+03
2501	222	1.12943E+03
2501	71	1.12949E+03
2713	106	1.12989E+03
2607	106	1.12990E+03
2607	469	1.12997E+03
2501	469	1.12999E+03
2713	469	1.13001E+03
2501	106	1.13005E+03
2607	386	1.13025E+03
2713	386	1.13027E+03
2501	386	1.13031E+03
2501	511	1.13091E+03
2607	511	1.13093E+03
2713	511	1.13098E+03
2607	263	1.13101E+03
2713	263	1.13101E+03
2501	263	1.13113E+03
2713	72	1.13127E+03
2607	72	1.13128E+03
2607	345	1.13130E+03
2713	345	1.13132E+03
2713	144	1.13135E+03
2607	144	1.13137E+03
2501	345	1.13138E+03
2501	72	1.13144E+03
2501	553	1.13150E+03
2501	144	1.13151E+03
2607	553	1.13157E+03
2607	304	1.13163E+03
2713	553	1.13164E+03
2713	304	1.13164E+03
2713	183	1.13167E+03
2607	183	1.13168E+03
2501	304	1.13173E+03
2501	595	1.13177E+03
2501	183	1.13182E+03
2607	595	1.13189E+03
2713	595	1.13198E+03
2607	428	1.13206E+03
2501	428	1.13209E+03
2713	428	1.13210E+03
2713	107	1.13230E+03
2713	223	1.13230E+03
2607	223	1.13231E+03
2607	107	1.13231E+03
2501	223	1.13243E+03
2501	107	1.13246E+03
2501	470	1.13351E+03
2713	73	1.13351E+03
2607	470	1.13353E+03
2607	73	1.13353E+03
2713	470	1.13358E+03
2501	73	1.13368E+03
2607	387	1.13382E+03
2713	387	1.13385E+03
2501	387	1.13387E+03
2713	145	1.13429E+03
2607	145	1.13430E+03
2501	145	1.13444E+03
2607	264	1.13446E+03
2713	264	1.13447E+03
2501	512	1.13454E+03
2501	264	1.13457E+03
2607	512	1.13460E+03
2713	512	1.13467E+03
2713	184	1.13490E+03
2607	184	1.13490E+03
2607	346	1.13500E+03
2713	346	1.13502E+03
2501	184	1.13503E+03
2501	346	1.13506E+03
2713	108	1.13509E+03
2607	108	1.13510E+03
2501	554	1.13515E+03
2501	108	1.13525E+03
2607	554	1.13527E+03
2607	305	1.13531E+03
2713	305	1.13532E+03
2501	596	1.13535E+03
2713	554	1.13536E+03
2501	305	1.13539E+03
2607	596	1.13553E+03
2713	596	1.13564E+03
2713	224	1.13582E+03
2607	224	1.13582E+03
2501	224	1.13594E+03
2501	429	1.13595E+03
2607	429	1.13595E+03
2713	429	1.13600E+03
2713	74	1.13607E+03
2607	74	1.13609E+03
2501	74	1.13624E+03
2501	471	1.13757E+03
2607	471	1.13762E+03
2713	146	1.13768E+03
2713	471	1.13768E+03
2607	146	1.13769E+03
2501	146	1.13783E+03
2607	388	1.13797E+03
2501	388	1.13799E+03
2713	388	1.13800E+03
2713	109	1.13829E+03
2607	109	1.13831E+03
2501	109	1.13845E+03
2607	265	1.13847E+03
2713	265	1.13848E+03
2501	265	1.13856E+03
2713	185	1.13862E+03
2607	185	1.13863E+03
2501	513	1.13868E+03
2501	185	1.13876E+03
2607	513	1.13879E+03
2713	513	1.13887E+03
2713	75	1.13897E+03
2607	75	1.13899E+03
2501	75	1.13914E+03
2501	555	1.13927E+03
2607	347	1.13928E+03
2713	347	1.13931E+03
2501	347	1.13932E+03
2501	597	1.13934E+03
2607	555	1.13944E+03
2713	555	1.13955E+03
2607	306	1.13955E+03
2713	306	1.13957E+03
2607	597	1.13959E+03
2501	306	1.13962E+03
2713	597	1.13972E+03
2713	225	1.13988E+03
2607	225	1.13988E+03
2501	225	1.13999E+03
2501	430	1.14038E+03
2607	430	1.14042E+03
2713	430	1.14047E+03
2713	147	1.14157E+03
2607	147	1.14158E+03
2501	147	1.14172E+03
2713	110	1.14193E+03
2607	110	1.14195E+03
2501	110	1.14209E+03
2501	472	1.14217E+03
2713	76	1.14222E+03
2607	76	1.14224E+03
2607	472	1.14227E+03
2713	472	1.14234E+03
2501	76	1.14239E+03
2501	389	1.14270E+03
2607	389	1.14271E+03
2713	389	1.14275E+03
2713	186	1.14289E+03
2607	186	1.14290E+03
2501	186	1.14303E+03
2607	266	1.14307E+03
2713	266	1.14307E+03
2501	266	1.14315E+03
2501	514	1.14331E+03
2607	514	1.14348E+03
2713	514	1.14358E+03
2501	598	1.14369E+03
2501	556	1.14381E+03
2607	598	1.14401E+03
2607	556	1.14406E+03
2607	348	1.14417E+03
2713	598	1.14418E+03
2501	348	1.14419E+03
2713	556	1.14419E+03
2713	348	1.14420E+03
2607	307	1.14441E+03
2713	307	1.14443E+03
2501	307	1.14446E+03
2713	226	1.14452E+03
2607	226	1.14452E+03
2501	226	1.14462E+03
2501	431	1.14538E+03
2607	431	1.14546E+03
2713	431	1.14552E+03
2713	77	1.14581E+03
2607	77	1.14583E+03
2713	148	1.14596E+03
2501	77	1.14598E+03
2607	148	1.14598E+03
2713	111	1.14601E+03
2607	111	1.14603E+03
2501	148	1.14611E+03
2501	111	1.14617E+03
2501	473	1.14729E+03
2607	473	1.14744E+03
2713	473	1.14753E+03
2713	187	1.14772E+03
2607	187	1.14773E+03
2501	187	1.14785E+03
2501	390	1.14800E+03
2607	390	1.14805E+03
2713	390	1.14810E+03
2607	267	1.14827E+03
2713	267	1.14828E+03
2501	599	1.14834E+03
2501	267	1.14834E+03
2501	515	1.14841E+03
2607	515	1.14864E+03
2501	557	1.14874E+03
2607	599	1.14874E+03
2713	515	1.14876E+03
2713	599	1.14893E+03
2607	557	1.14906E+03
2713	557	1.14921E+03
2501	349	1.14965E+03
2607	349	1.14966E+03
2713	349	1.14970E+03
2713	78	1.14974E+03
2713	227	1.14975E+03
2607	227	1.14975E+03
2607	78	1.14976E+03
2501	227	1.14984E+03
2607	308	1.14988E+03
2713	308	1.14990E+03
2501	308	1.14991E+03
2501	78	1.14991E+03
2713	112	1.15052E+03
2607	112	1.15054E+03
2501	112	1.15068E+03
2713	149	1.15086E+03
2607	149	1.15088E+03
2501	432	1.15092E+03
2501	149	1.15101E+03
2607	432	1.15104E+03
2713	432	1.15112E+03
2501	474	1.15289E+03
2713	188	1.15310E+03
2607	474	1.15310E+03
2607	188	1.15311E+03
2501	600	1.15319E+03
2713	474	1.15321E+03
2501	188	1.15322E+03
2607	600	1.15369E+03
2501	391	1.15387E+03
2501	516	1.15390E+03
2713	600	1.15392E+03
2607	391	1.15395E+03
2501	558	1.15397E+03
2713	79	1.15398E+03
2607	79	1.15401E+03
2713	391	1.15401E+03
2607	268	1.15408E+03
2713	268	1.15409E+03
2501	268	1.15413E+03
2501	79	1.15415E+03
2607	516	1.15419E+03
2713	516	1.15434E+03
2607	558	1.15437E+03
2713	558	1.15455E+03
2713	113	1.15544E+03
2607	113	1.15546E+03
2713	228	1.15555E+03
2607	228	1.15555E+03
2501	113	1.15560E+03
2501	228	1.15563E+03
2501	350	1.15570E+03
2607	350	1.15574E+03
2713	350	1.15579E+03
2607	309	1.15594E+03
2501	309	1.15595E+03
2713	309	1.15597E+03
2713	150	1.15625E+03
2607	150	1.15627E+03
2501	150	1.15640E+03
2501	433	1.15697E+03
2607	433	1.15714E+03
2713	433	1.15723E+03
2501	601	1.15817E+03
2713	80	1.15851E+03
2607	80	1.15854E+03
2501	80	1.15869E+03
2607	601	1.15877E+03
2501	475	1.15891E+03
2713	189	1.15900E+03
2607	189	1.15901E+03
2713	601	1.15903E+03
2501	189	1.15911E+03
2607	475	1.15917E+03
2713	475	1.15930E+03
2501	559	1.15943E+03
2501	517	1.15971E+03
2607	559	1.15991E+03
2607	517	1.16008E+03
2713	559	1.16012E+03
2713	517	1.16025E+03
2501	392	1.16026E+03
2607	392	1.16038E+03
2607	269	1.16045E+03
2713	392	1.16046E+03
2713	269	1.16046E+03
2501	269	1.16049E+03
2713	114	1.16074E+03
2607	114	1.16076E+03
2501	114	1.16090E+03
2607	229	1.16190E+03
2713	229	1.16190E+03
2501	229	1.16197E+03
2713	151	1.16209E+03
2607	151	1.16211E+03
2501	151	1.16223E+03
2501	351	1.16229E+03
2607	351	1.16237E+03
2713	351	1.16242E+03
2501	310	1.16255E+03
2607	310	1.16257E+03
2713	310	1.16260E+03
2501	602	1.16318E+03
2713	81	1.16330E+03
2607	81	1.16333E+03
2501	434	1.16345E+03
2501	81	1.16348E+03
2607	434	1.16367E+03
2713	434	1.16378E+03
2607	602	1.16387E+03
2713	602	1.16417E+03
2501	560	1.16500E+03
2501	476	1.16526E+03
2713	190	1.16538E+03
2607	190	1.16539E+03
2501	190	1.16549E+03
2607	560	1.16557E+03
2607	476	1.16559E+03
2501	518	1.16574E+03
2713	476	1.16574E+03
2713	560	1.16582E+03
2607	518	1.16619E+03
2713	115	1.16637E+03
2713	518	1.16639E+03
2607	115	1.16640E+03
2501	115	1.16654E+03
2501	393	1.16710E+03
2607	393	1.16727E+03
2607	270	1.16735E+03
2501	270	1.16736E+03
2713	393	1.16736E+03
2713	270	1.16737E+03
2501	603	1.16811E+03
2713	152	1.16832E+03
2607	152	1.16834E+03
2501	152	1.16846E+03
2607	230	1.16874E+03
2713	230	1.16874E+03
2501	230	1.16880E+03
2607	603	1.16891E+03
2713	603	1.16924E+03
2501	352	1.16936E+03
2607	352	1.16947E+03
2713	352	1.16953E+03
2501	311	1.16965E+03
2607	311	1.16969E+03
2713	311	1.16973E+03
2501	435	1.17028E+03
2607	435	1.17056E+03
2501	561	1.17059E+03
2713	435	1.17069E+03
2607	561	1.17126E+03
2713	561	1.17154E+03
2501	477	1.17185E+03
2501	519	1.17190E+03
2713	191	1.17219E+03
2607	191	1.17220E+03
2607	477	1.17225E+03
2501	191	1.17229E+03
2713	116	1.17230E+03
2607	116	1.17233E+03
2713	477	1.17243E+03
2607	519	1.17244E+03
2501	116	1.17246E+03
2713	519	1.17266E+03
2501	604	1.17288E+03
2607	604	1.17378E+03
2713	604	1.17415E+03
2501	394	1.17432E+03
2607	394	1.17453E+03
2713	394	1.17464E+03
2501	271	1.17470E+03
2607	271	1.17470E+03
2713	271	1.17472E+03
2713	153	1.17490E+03
2607	153	1.17492E+03
2501	153	1.17503E+03
2607	231	1.17601E+03
2713	231	1.17601E+03
2501	231	1.17605E+03
2501	562	1.17611E+03
2501	353	1.17682E+03
2607	562	1.17687E+03
2607	353	1.17697E+03
2713	353	1.17704E+03
2501	312	1.17717E+03
2713	562	1.17718E+03
2607	312	1.17724E+03
2713	312	1.17729E+03
2501	436	1.17737E+03
2501	605	1.17741E+03
2607	436	1.17771E+03
2713	436	1.17786E+03
2501	520	1.17809E+03
2607	605	1.17842E+03
2713	117	1.17846E+03
2607	117	1.17849E+03
2501	478	1.17857E+03
2501	117	1.17863E+03
2607	520	1.17871E+03
2713	605	1.17884E+03
2713	520	1.17896E+03
2607	478	1.17905E+03
2713	478	1.17925E+03
2713	192	1.17935E+03
2607	192	1.17937E+03
2501	192	1.17945E+03
2501	563	1.18145E+03
2501	606	1.18167E+03
2713	154	1.18175E+03
2607	154	1.18177E+03
2501	395	1.18181E+03
2501	154	1.18188E+03
2607	395	1.18207E+03
2713	395	1.18219E+03
2607	563	1.18231E+03
2501	272	1.18241E+03
2607	272	1.18243E+03
2713	272	1.18246E+03
2713	563	1.18266E+03
2607	606	1.18278E+03
2713	606	1.18324E+03
2607	232	1.18363E+03
2713	232	1.18363E+03
2501	232	1.18366E+03
2501	521	1.18419E+03
2501	354	1.18458E+03
2501	437	1.18461E+03
2607	354	1.18477E+03
2713	118	1.18482E+03
2607	118	1.18485E+03
2713	354	1.18486E+03
2607	521	1.18490E+03
2501	118	1.18498E+03
2607	437	1.18501E+03
2501	313	1.18502E+03
2607	313	1.18512E+03
2713	437	1.18518E+03
2713	313	1.18518E+03
2713	521	1.18519E+03
2501	479	1.18533E+03
2501	607	1.18562E+03
2607	479	1.18588E+03
2713	479	1.18611E+03
2501	564	1.18655E+03
2713	193	1.18680E+03
2607	193	1.18681E+03
2607	607	1.18684E+03
2501	193	1.18689E+03
2713	607	1.18734E+03
2607	564	1.18751E+03
2713	564	1.18790E+03
2713	155	1.18881E+03
2607	155	1.18884E+03
2501	155	1.18895E+03
2501	608	1.18928E+03
2501	396	1.18948E+03
2607	396	1.18980E+03
2713	396	1.18993E+03
2501	522	1.19013E+03
2501	273	1.19041E+03
2607	273	1.19046E+03
2713	273	1.19049E+03
2607	608	1.19061E+03
2607	522	1.19092E+03
2713	608	1.19115E+03
2713	522	1.19124E+03
2713	119	1.19133E+03
2501	565	1.19136E+03
2607	119	1.19137E+03
867	574	1.19142E+03
2501	119	1.19150E+03
2607	233	1.19152E+03
2713	233	1.19153E+03
2501	233	1.19154E+03
867	533	1.19156E+03
867	575	1.19160E+03
647	574	1.19165E+03
757	574	1.19171E+03
867	492	1.19173E+03
867	534	1.19178E+03
647	533	1.19179E+03
647	575	1.19183E+03
867	576	1.19183E+03
757	533	1.19185E+03
757	575	1.19189E+03
2501	438	1.19190E+03
867	451	1.19191E+03
647	492	1.19196E+03
867	493	1.19199E+03
647	534	1.19201E+03
757	492	1.19202E+03
2501	480	1.19202E+03
647	576	1.19205E+03
867	535	1.19206E+03
757	534	1.19207E+03
867	410	1.19211E+03
757	576	1.19212E+03
867	577	1.19212E+03
647	451	1.19214E+03
757	451	1.19220E+03
647	493	1.19222E+03
867	452	1.19222E+03
757	493	1.19228E+03
647	535	1.19228E+03
867	369	1.19232E+03
867	494	1.19232E+03
647	577	1.19234E+03
647	410	1.19234E+03
757	535	1.19235E+03
2607	438	1.19236E+03
757	410	1.19240E+03
757	577	1.19240E+03
867	536	1.19241E+03
867	0	1.19241E+03
2607	565	1.19242E+03
647	452	1.19245E+03
867	411	1.19247E+03
867	578	1.19248E+03
757	452	1.19251E+03
867	328	1.19252E+03
647	494	1.19254E+03
647	369	1.19255E+03
2501	355	1.19256E+03
2713	438	1.19256E+03
867	41	1.19260E+03
757	494	1.19261E+03
757	369	1.19261E+03
867	453	1.19261E+03
647	536	1.19262E+03
647	0	1.19265E+03
2607	480	1.19265E+03
757	536	1.19269E+03
647	578	1.19269E+03
647	411	1.19270E+03
757	0	1.19270E+03
2501	609	1.19270E+03
867	287	1.19271E+03
867	370	1.19273E+03
867	495	1.19273E+03
867	1	1.19275E+03
647	328	1.19275E+03
757	411	1.19276E+03
867	82	1.19276E+03
757	578	1.19276E+03
2607	355	1.19279E+03
757	328	1.19281E+03
647	453	1.19283E+03
647	41	1.19284E+03
867	537	1.19284E+03
2713	565	1.19284E+03
867	246	1.19286E+03
757	41	1.19289E+03
867	123	1.19289E+03
757	453	1.19289E+03
2713	355	1.19289E+03
2713	480	1.19290E+03
867	412	1.19292E+03
867	579	1.19293E+03
647	287	1.19294E+03
867	205	1.19294E+03
647	495	1.19295E+03
647	370	1.19295E+03
867	164	1.19296E+03
867	329	1.19298E+03
647	1	1.19299E+03
757	287	1.19300E+03
867	42	1.19300E+03
647	82	1.19300E+03
757	370	1.19301E+03
757	495	1.19302E+03
757	1	1.19305E+03
647	537	1.19305E+03
757	82	1.19305E+03
867	454	1.19309E+03
647	246	1.19309E+03
757	537	1.19312E+03
647	123	1.19313E+03
2501	314	1.19313E+03
647	579	1.19314E+03
647	412	1.19314E+03
757	246	1.19315E+03
867	2	1.19315E+03
647	205	1.19318E+03
757	123	1.19318E+03
647	164	1.19320E+03
757	412	1.19320E+03
867	288	1.19321E+03
647	329	1.19321E+03
757	579	1.19321E+03
867	83	1.19322E+03
867	371	1.19323E+03
757	205	1.19324E+03
647	42	1.19324E+03
867	496	1.19324E+03
757	164	1.19325E+03
2607	314	1.19326E+03
757	329	1.19327E+03
757	42	1.19329E+03
647	454	1.19331E+03
2713	314	1.19332E+03
757	454	1.19337E+03
867	538	1.19338E+03
867	247	1.19338E+03
647	2	1.19339E+03
867	124	1.19339E+03
647	288	1.19344E+03
757	2	1.19344E+03
647	496	1.19346E+03
647	83	1.19346E+03
647	371	1.19346E+03
867	43	1.19347E+03
867	413	1.19347E+03
867	206	1.19348E+03
867	165	1.19349E+03
867	580	1.19349E+03
757	288	1.19350E+03
757	83	1.19351E+03
757	371	1.19352E+03
757	496	1.19353E+03
867	330	1.19355E+03
647	538	1.19358E+03
867	3	1.19359E+03
647	247	1.19362E+03
647	124	1.19363E+03
757	538	1.19366E+03
757	247	1.19367E+03
757	124	1.19369E+03
647	580	1.19369E+03
867	455	1.19369E+03
647	413	1.19369E+03
647	43	1.19371E+03
647	206	1.19372E+03
647	165	1.19373E+03
867	84	1.19376E+03
757	413	1.19376E+03
757	43	1.19376E+03
757	580	1.19377E+03
647	330	1.19377E+03
757	206	1.19378E+03
757	165	1.19378E+03
867	289	1.19382E+03
647	3	1.19383E+03
757	330	1.19383E+03
867	372	1.19387E+03
757	3	1.19388E+03
867	497	1.19388E+03
647	455	1.19390E+03
757	455	1.19397E+03
867	125	1.19399E+03
647	84	1.19400E+03
867	44	1.19400E+03
867	248	1.19403E+03
757	84	1.19405E+03
867	539	1.19405E+03
647	289	1.19405E+03
867	4	1.19408E+03
647	497	1.19409E+03
647	372	1.19409E+03
757	289	1.19411E+03
867	166	1.19413E+03
2607	609	1.19414E+03
867	207	1.19415E+03
757	372	1.19415E+03
757	497	1.19416E+03
867	414	1.19416E+03
867	581	1.19419E+03
647	125	1.19423E+03
647	44	1.19424E+03
647	539	1.19424E+03
867	331	1.19425E+03
647	248	1.19427E+03
757	125	1.19429E+03
757	44	1.19429E+03
647	4	1.19432E+03
757	248	1.19432E+03
757	539	1.19433E+03
647	166	1.19437E+03
757	4	1.19437E+03
647	581	1.19438E+03
647	414	1.19438E+03
647	207	1.19438E+03
867	85	1.19438E+03
757	166	1.19442E+03
867	456	1.19443E+03
757	207	1.19444E+03
757	414	1.19445E+03
757	581	1.19447E+03
647	331	1.19447E+03
2713	194	1.19447E+03
2607	194	1.19448E+03
757	331	1.19453E+03
2501	194	1.19454E+03
867	290	1.19458E+03
867	45	1.19461E+03
867	5	1.19461E+03
647	85	1.19462E+03
647	456	1.19464E+03
867	373	1.19465E+03
867	498	1.19467E+03
757	85	1.19467E+03
867	126	1.19470E+03
757	456	1.19471E+03
2713	609	1.19473E+03
647	290	1.19481E+03
867	249	1.19483E+03
647	45	1.19485E+03
647	5	1.19485E+03
647	373	1.19486E+03
647	498	1.19487E+03
757	290	1.19487E+03
867	540	1.19488E+03
757	45	1.19490E+03
757	5	1.19491E+03
867	167	1.19491E+03
757	373	1.19493E+03
647	126	1.19494E+03
867	208	1.19495E+03
757	498	1.19495E+03
757	126	1.19500E+03
867	415	1.19502E+03
647	249	1.19506E+03
867	582	1.19506E+03
647	540	1.19507E+03
867	86	1.19510E+03
867	332	1.19511E+03
757	249	1.19512E+03
647	167	1.19514E+03
757	540	1.19516E+03
647	208	1.19518E+03
867	6	1.19518E+03
757	167	1.19520E+03
647	415	1.19523E+03
647	582	1.19523E+03
757	208	1.19524E+03
867	46	1.19528E+03
757	415	1.19530E+03
757	582	1.19533E+03
647	332	1.19533E+03
647	86	1.19534E+03
867	457	1.19535E+03
757	86	1.19540E+03
757	332	1.19540E+03
647	6	1.19543E+03
757	6	1.19548E+03
867	291	1.19551E+03
647	46	1.19552E+03
867	127	1.19554E+03
647	457	1.19555E+03
757	46	1.19557E+03
867	374	1.19561E+03
757	457	1.19563E+03
867	499	1.19565E+03
647	291	1.19573E+03
647	127	1.19578E+03
867	7	1.19579E+03
867	250	1.19580E+03
757	291	1.19580E+03
647	374	1.19582E+03
867	168	1.19582E+03
2501	523	1.19582E+03
757	127	1.19583E+03
647	499	1.19584E+03
2501	566	1.19586E+03
757	374	1.19589E+03
867	209	1.19591E+03
867	541	1.19591E+03
867	87	1.19592E+03
757	499	1.19593E+03
2501	610	1.19596E+03
867	47	1.19602E+03
647	250	1.19602E+03
647	7	1.19603E+03
2713	156	1.19604E+03
647	168	1.19606E+03
867	416	1.19607E+03
2607	156	1.19607E+03
647	541	1.19608E+03
757	7	1.19608E+03
757	250	1.19608E+03
757	168	1.19612E+03
867	583	1.19613E+03
647	209	1.19614E+03
647	87	1.19616E+03
867	333	1.19617E+03
2501	156	1.19617E+03
757	541	1.19618E+03
757	209	1.19620E+03
757	87	1.19622E+03
647	47	1.19626E+03
647	416	1.19627E+03
647	583	1.19628E+03
757	47	1.19631E+03
757	416	1.19635E+03
647	333	1.19639E+03
757	583	1.19640E+03
867	8	1.19642E+03
757	333	1.19646E+03
867	458	1.19649E+03
867	128	1.19650E+03
867	292	1.19664E+03
647	8	1.19666E+03
647	458	1.19668E+03
2607	523	1.19670E+03
757	8	1.19672E+03
647	128	1.19674E+03
757	458	1.19677E+03
867	375	1.19679E+03
757	128	1.19679E+03
867	48	1.19682E+03
867	88	1.19684E+03
867	500	1.19686E+03
647	292	1.19686E+03
867	169	1.19691E+03
757	292	1.19693E+03
867	251	1.19696E+03
647	375	1.19700E+03
2607	566	1.19701E+03
647	500	1.19703E+03
2713	523	1.19705E+03
647	48	1.19706E+03
867	210	1.19707E+03
757	375	1.19707E+03
867	9	1.19708E+03
647	88	1.19708E+03
757	48	1.19711E+03
757	500	1.19713E+03
757	88	1.19714E+03
647	169	1.19714E+03
867	542	1.19718E+03
647	251	1.19719E+03
757	169	1.19720E+03
2501	397	1.19722E+03
757	251	1.19725E+03
647	210	1.19730E+03
647	9	1.19732E+03
647	542	1.19733E+03
757	210	1.19736E+03
867	417	1.19737E+03
757	9	1.19737E+03
757	542	1.19745E+03
867	584	1.19745E+03
867	334	1.19746E+03
2713	566	1.19748E+03
2607	610	1.19751E+03
647	417	1.19756E+03
647	584	1.19758E+03
2607	397	1.19760E+03
867	129	1.19761E+03
757	417	1.19764E+03
867	49	1.19767E+03
647	334	1.19767E+03
757	584	1.19771E+03
757	334	1.19775E+03
867	10	1.19775E+03
2713	397	1.19775E+03
647	129	1.19785E+03
867	89	1.19786E+03
867	459	1.19789E+03
757	129	1.19790E+03
647	49	1.19791E+03
757	49	1.19796E+03
2713	120	1.19796E+03
647	10	1.19799E+03
2607	120	1.19800E+03
867	293	1.19801E+03
757	10	1.19804E+03
647	459	1.19806E+03
647	89	1.19810E+03
2501	120	1.19812E+03
2713	610	1.19814E+03
757	89	1.19815E+03
757	459	1.19816E+03
867	170	1.19817E+03
647	293	1.19823E+03
867	376	1.19823E+03
757	293	1.19830E+03
867	501	1.19834E+03
867	252	1.19836E+03
647	170	1.19841E+03
647	376	1.19843E+03
867	11	1.19843E+03
867	211	1.19843E+03
757	170	1.19846E+03
647	501	1.19850E+03
757	376	1.19851E+03
2501	481	1.19855E+03
867	50	1.19857E+03
647	252	1.19859E+03
757	501	1.19861E+03
2501	274	1.19863E+03
757	252	1.19865E+03
647	211	1.19866E+03
647	11	1.19867E+03
2607	274	1.19870E+03
757	211	1.19872E+03
757	11	1.19872E+03
2713	274	1.19873E+03
867	543	1.19874E+03
647	50	1.19881E+03
867	130	1.19886E+03
757	50	1.19886E+03
647	543	1.19887E+03
867	418	1.19895E+03
867	90	1.19898E+03
757	543	1.19900E+03
867	335	1.19903E+03
867	585	1.19907E+03
647	130	1.19910E+03
647	418	1.19912E+03
867	12	1.19912E+03
2501	439	1.19914E+03
757	130	1.19915E+03
2501	611	1.19916E+03
647	585	1.19917E+03
647	90	1.19922E+03
757	418	1.19922E+03
647	335	1.19923E+03
2607	481	1.19926E+03
757	90	1.19927E+03
757	335	1.19931E+03
757	585	1.19932E+03
647	12	1.19936E+03
757	12	1.19942E+03
867	51	1.19952E+03
2713	481	1.19954E+03
867	460	1.19959E+03
2501	234	1.19962E+03
2607	234	1.19962E+03
867	171	1.19963E+03
2713	234	1.19963E+03
867	294	1.19966E+03
2607	439	1.19968E+03
647	460	1.19974E+03
647	51	1.19976E+03
757	51	1.19981E+03
867	13	1.19982E+03
757	460	1.19985E+03
647	171	1.19987E+03
647	294	1.19987E+03
2713	439	1.19989E+03
757	171	1.19992E+03
757	294	1.19995E+03
867	377	1.19998E+03
867	253	1.20003E+03
867	212	1.20004E+03
2501	567	1.20006E+03
647	13	1.20007E+03
757	13	1.20012E+03
867	502	1.20015E+03
647	377	1.20017E+03
867	91	1.20019E+03
647	253	1.20025E+03
757	377	1.20026E+03
647	212	1.20026E+03
867	131	1.20027E+03
647	502	1.20028E+03
757	253	1.20032E+03
757	212	1.20032E+03
757	502	1.20041E+03
647	91	1.20043E+03
757	91	1.20048E+03
867	52	1.20050E+03
647	131	1.20050E+03
867	14	1.20053E+03
757	131	1.20056E+03
867	544	1.20064E+03
2501	356	1.20065E+03
647	544	1.20074E+03
647	52	1.20074E+03
647	14	1.20077E+03
757	52	1.20080E+03
2607	611	1.20082E+03
757	14	1.20083E+03
867	419	1.20086E+03
757	544	1.20089E+03
867	336	1.20091E+03
2607	356	1.20092E+03
647	419	1.20102E+03
867	586	1.20103E+03
2713	356	1.20103E+03
647	586	1.20110E+03
647	336	1.20111E+03
757	419	1.20113E+03
757	336	1.20119E+03
2501	524	1.20122E+03
867	15	1.20125E+03
757	586	1.20127E+03
867	172	1.20131E+03
2607	567	1.20132E+03
2501	315	1.20139E+03
867	92	1.20149E+03
647	15	1.20149E+03
2713	611	1.20150E+03
867	53	1.20153E+03
647	172	1.20154E+03
757	15	1.20155E+03
2607	315	1.20156E+03
757	172	1.20160E+03
867	295	1.20163E+03
2713	315	1.20163E+03
867	461	1.20165E+03
647	92	1.20173E+03
647	53	1.20177E+03
647	461	1.20179E+03
757	92	1.20179E+03
757	53	1.20182E+03
2713	567	1.20182E+03
647	295	1.20183E+03
867	132	1.20183E+03
867	213	1.20190E+03
757	295	1.20191E+03
757	461	1.20191E+03
867	16	1.20198E+03
867	254	1.20199E+03
647	132	1.20207E+03
867	378	1.20209E+03
757	132	1.20212E+03
647	213	1.20212E+03
757	213	1.20219E+03
2607	524	1.20219E+03
647	254	1.20220E+03
647	16	1.20222E+03
647	378	1.20226E+03
757	16	1.20227E+03
757	254	1.20228E+03
2713	195	1.20229E+03
2607	195	1.20230E+03
867	503	1.20234E+03
757	378	1.20236E+03
2501	195	1.20236E+03
2501	612	1.20242E+03
647	503	1.20245E+03
2713	524	1.20258E+03
867	54	1.20259E+03
757	503	1.20259E+03
867	17	1.20272E+03
647	54	1.20283E+03
757	54	1.20289E+03
867	93	1.20289E+03
867	545	1.20293E+03
647	17	1.20296E+03
