GRAM	c2h2	chi_tot
1307	26	1.00845E+03
1307	25	1.00845E+03
1307	27	1.00846E+03
1307	24	1.00847E+03
1307	28	1.00848E+03
1307	23	1.00849E+03
1307	29	1.00851E+03
1307	22	1.00853E+03
1307	30	1.00856E+03
1307	21	1.00858E+03
1307	20	1.00863E+03
1307	31	1.00864E+03
1307	19	1.00870E+03
1307	32	1.00873E+03
1307	18	1.00877E+03
1307	17	1.00885E+03
1307	33	1.00886E+03
1307	586	1.00893E+03
1307	16	1.00894E+03
1307	587	1.00895E+03
1307	585	1.00897E+03
1307	544	1.00900E+03
1307	34	1.00902E+03
1307	545	1.00902E+03
1307	15	1.00902E+03
1307	543	1.00903E+03
1307	588	1.00904E+03
1307	584	1.00904E+03
1307	502	1.00906E+03
1307	503	1.00908E+03
1307	501	1.00909E+03
1307	542	1.00909E+03
1307	14	1.00910E+03
1307	546	1.00911E+03
1307	460	1.00912E+03
1307	583	1.00912E+03
1307	461	1.00914E+03
1307	500	1.00914E+03
1307	459	1.00914E+03
1307	541	1.00916E+03
1307	13	1.00917E+03
1307	418	1.00917E+03
1307	504	1.00917E+03
1307	419	1.00919E+03
1307	458	1.00919E+03
1307	417	1.00919E+03
1307	582	1.00920E+03
1307	499	1.00921E+03
1307	35	1.00921E+03
1307	376	1.00922E+03
1307	462	1.00923E+03
1307	589	1.00923E+03
1307	12	1.00923E+03
1307	377	1.00923E+03
1307	416	1.00924E+03
1307	540	1.00924E+03
1307	375	1.00925E+03
1307	457	1.00925E+03
1307	420	1.00927E+03
1307	334	1.00927E+03
1307	335	1.00927E+03
1307	11	1.00928E+03
1307	498	1.00928E+03
1307	581	1.00929E+03
1307	374	1.00929E+03
1307	333	1.00929E+03
1307	378	1.00930E+03
1307	415	1.00930E+03
1307	547	1.00930E+03
1307	293	1.00931E+03
1307	292	1.00931E+03
1307	10	1.00932E+03
1307	539	1.00932E+03
1307	456	1.00932E+03
1307	336	1.00932E+03
1307	332	1.00934E+03
1307	291	1.00934E+03
1307	251	1.00934E+03
1307	294	1.00934E+03
1307	373	1.00934E+03
1307	9	1.00935E+03
1307	250	1.00935E+03
1307	497	1.00936E+03
1307	252	1.00936E+03
1307	414	1.00936E+03
1307	505	1.00936E+03
1307	59	1.00936E+03
1307	58	1.00937E+03
1307	580	1.00937E+03
1307	8	1.00937E+03
1307	210	1.00937E+03
1307	209	1.00937E+03
1307	290	1.00938E+03
1307	57	1.00938E+03
1307	7	1.00938E+03
1307	249	1.00938E+03
1307	60	1.00939E+03
1307	331	1.00939E+03
1307	455	1.00939E+03
1307	168	1.00939E+03
1307	208	1.00939E+03
1307	538	1.00939E+03
1307	6	1.00940E+03
1307	169	1.00940E+03
1307	211	1.00940E+03
1307	372	1.00940E+03
1307	463	1.00941E+03
1307	167	1.00941E+03
1307	5	1.00941E+03
1307	56	1.00941E+03
1307	253	1.00941E+03
1307	127	1.00941E+03
1307	128	1.00942E+03
1307	4	1.00942E+03
1307	126	1.00942E+03
1307	496	1.00942E+03
1307	413	1.00942E+03
1307	248	1.00942E+03
1307	295	1.00943E+03
1307	207	1.00943E+03
1307	170	1.00943E+03
1307	289	1.00943E+03
1307	86	1.00943E+03
1307	421	1.00943E+03
1307	166	1.00943E+03
1307	55	1.00943E+03
1307	87	1.00943E+03
1307	579	1.00944E+03
1307	337	1.00944E+03
1307	3	1.00944E+03
1307	61	1.00944E+03
1307	85	1.00944E+03
1307	46	1.00944E+03
1307	379	1.00944E+03
1307	330	1.00944E+03
1307	129	1.00944E+03
1307	45	1.00944E+03
1307	125	1.00944E+03
1307	47	1.00944E+03
1307	88	1.00945E+03
1307	454	1.00945E+03
1307	48	1.00945E+03
1307	44	1.00945E+03
1307	54	1.00946E+03
1307	371	1.00946E+03
1307	84	1.00946E+03
1307	2	1.00946E+03
1307	537	1.00946E+03
1307	36	1.00946E+03
1307	49	1.00946E+03
1307	212	1.00946E+03
1307	206	1.00947E+03
1307	165	1.00947E+03
1307	247	1.00947E+03
1307	43	1.00947E+03
1307	53	1.00947E+03
1307	50	1.00947E+03
1307	124	1.00947E+03
1307	89	1.00947E+03
1307	288	1.00948E+03
1307	51	1.00948E+03
1307	52	1.00948E+03
1307	412	1.00948E+03
1307	495	1.00948E+03
1307	83	1.00948E+03
1307	1	1.00948E+03
1307	130	1.00949E+03
1307	171	1.00949E+03
1307	329	1.00949E+03
1307	42	1.00949E+03
1307	578	1.00950E+03
1307	164	1.00950E+03
1307	205	1.00951E+03
1307	453	1.00951E+03
1307	123	1.00951E+03
1307	370	1.00951E+03
1307	246	1.00951E+03
1307	90	1.00951E+03
1307	0	1.00951E+03
1307	82	1.00951E+03
1307	536	1.00952E+03
1307	254	1.00952E+03
1307	41	1.00952E+03
1307	287	1.00952E+03
1307	411	1.00953E+03
1307	62	1.00953E+03
1307	494	1.00954E+03
1307	328	1.00954E+03
1307	577	1.00955E+03
1307	590	1.00955E+03
1307	452	1.00956E+03
1307	369	1.00956E+03
1307	91	1.00956E+03
1307	131	1.00956E+03
1307	535	1.00956E+03
1307	410	1.00958E+03
1307	493	1.00958E+03
1307	213	1.00958E+03
1307	296	1.00958E+03
1307	576	1.00959E+03
1307	172	1.00959E+03
1307	451	1.00960E+03
1307	534	1.00960E+03
1307	492	1.00962E+03
1307	92	1.00962E+03
1307	575	1.00963E+03
1307	548	1.00963E+03
1307	533	1.00964E+03
1307	338	1.00964E+03
1307	574	1.00966E+03
1307	132	1.00966E+03
1307	63	1.00968E+03
1307	380	1.00968E+03
1307	93	1.00968E+03
1307	506	1.00969E+03
1307	255	1.00970E+03
1307	422	1.00971E+03
1307	464	1.00971E+03
1307	173	1.00974E+03
1307	214	1.00976E+03
1307	94	1.00976E+03
1307	37	1.00977E+03
1307	133	1.00979E+03
1307	297	1.00983E+03
1307	95	1.00984E+03
1307	64	1.00989E+03
1307	174	1.00994E+03
1307	96	1.00995E+03
1307	134	1.00995E+03
1307	339	1.00995E+03
1307	256	1.00996E+03
1307	215	1.01001E+03
1307	591	1.01004E+03
1307	381	1.01006E+03
1307	97	1.01008E+03
1307	549	1.01013E+03
1307	423	1.01013E+03
1307	135	1.01015E+03
1307	38	1.01016E+03
1307	465	1.01018E+03
1307	507	1.01018E+03
1307	65	1.01018E+03
1307	298	1.01019E+03
1307	175	1.01021E+03
1307	98	1.01024E+03
1307	257	1.01034E+03
1307	216	1.01035E+03
1307	136	1.01041E+03
1307	340	1.01041E+03
1307	99	1.01047E+03
1307	176	1.01055E+03
1307	66	1.01056E+03
1307	382	1.01060E+03
1307	39	1.01064E+03
1307	299	1.01070E+03
1307	137	1.01072E+03
1307	592	1.01074E+03
1307	424	1.01074E+03
1307	100	1.01076E+03
1307	217	1.01080E+03
1307	550	1.01084E+03
1307	466	1.01084E+03
1307	258	1.01085E+03
1307	508	1.01087E+03
1307	177	1.01099E+03
1307	341	1.01104E+03
1307	67	1.01106E+03
1307	138	1.01112E+03
1307	101	1.01116E+03
1307	40	1.01122E+03
1307	383	1.01134E+03
1307	300	1.01138E+03
1307	218	1.01139E+03
1307	259	1.01152E+03
1307	178	1.01154E+03
1307	425	1.01158E+03
1307	139	1.01162E+03
1307	593	1.01166E+03
1307	102	1.01168E+03
1307	68	1.01171E+03
1307	467	1.01174E+03
1307	551	1.01178E+03
1307	509	1.01181E+03
1307	342	1.01188E+03
1307	219	1.01214E+03
1307	179	1.01224E+03
1307	140	1.01226E+03
1307	301	1.01227E+03
1307	384	1.01233E+03
1307	103	1.01237E+03
1307	260	1.01238E+03
1307	69	1.01251E+03
1307	426	1.01268E+03
1307	594	1.01285E+03
1307	468	1.01291E+03
1307	343	1.01298E+03
1307	552	1.01300E+03
1307	510	1.01302E+03
1307	141	1.01307E+03
1307	220	1.01309E+03
1307	180	1.01312E+03
1307	104	1.01324E+03
1307	302	1.01341E+03
1307	261	1.01348E+03
1307	70	1.01350E+03
1307	385	1.01360E+03
1307	427	1.01408E+03
1307	142	1.01410E+03
1307	181	1.01422E+03
1307	221	1.01427E+03
1307	595	1.01430E+03
1307	105	1.01433E+03
1307	344	1.01438E+03
1307	469	1.01440E+03
1307	553	1.01452E+03
1307	511	1.01455E+03
1307	71	1.01469E+03
1307	303	1.01485E+03
1307	262	1.01485E+03
1307	386	1.01520E+03
1307	143	1.01538E+03
1307	182	1.01558E+03
1307	106	1.01568E+03
1307	222	1.01574E+03
1307	428	1.01583E+03
1307	596	1.01604E+03
1307	345	1.01610E+03
1307	72	1.01612E+03
1307	470	1.01623E+03
1307	554	1.01634E+03
1307	512	1.01641E+03
1307	263	1.01654E+03
1307	304	1.01662E+03
1307	144	1.01696E+03
1307	387	1.01715E+03
1307	183	1.01724E+03
1307	107	1.01732E+03
1307	223	1.01753E+03
1307	73	1.01779E+03
1307	429	1.01794E+03
1307	597	1.01805E+03
1307	346	1.01820E+03
1307	471	1.01842E+03
1307	555	1.01847E+03
1307	264	1.01859E+03
1307	513	1.01860E+03
1307	305	1.01876E+03
1307	145	1.01886E+03
1307	184	1.01926E+03
1307	108	1.01926E+03
1307	388	1.01950E+03
1307	224	1.01968E+03
1307	74	1.01971E+03
1307	598	1.02031E+03
1307	430	1.02043E+03
1307	347	1.02070E+03
1307	556	1.02090E+03
1307	472	1.02098E+03
1307	265	1.02102E+03
1307	146	1.02111E+03
1307	514	1.02113E+03
1307	306	1.02130E+03
1307	109	1.02152E+03
1307	185	1.02164E+03
1307	75	1.02188E+03
1307	225	1.02222E+03
1307	389	1.02224E+03
1307	599	1.02280E+03
1307	431	1.02331E+03
1307	557	1.02360E+03
1307	348	1.02361E+03
1307	147	1.02372E+03
1307	266	1.02387E+03
1307	473	1.02388E+03
1307	515	1.02397E+03
1307	110	1.02410E+03
1307	307	1.02425E+03
1307	76	1.02428E+03
1307	186	1.02442E+03
1307	226	1.02517E+03
1307	390	1.02538E+03
1307	600	1.02546E+03
1307	558	1.02652E+03
1307	432	1.02655E+03
1307	148	1.02670E+03
1307	77	1.02690E+03
1307	349	1.02693E+03
1307	111	1.02697E+03
1307	516	1.02709E+03
1307	474	1.02712E+03
1307	267	1.02714E+03
1307	187	1.02759E+03
1307	308	1.02763E+03
1307	601	1.02827E+03
1307	227	1.02853E+03
1307	391	1.02891E+03
1307	559	1.02964E+03
1307	78	1.02970E+03
1307	149	1.03001E+03
1307	112	1.03010E+03
1307	433	1.03014E+03
1307	517	1.03045E+03
1307	350	1.03064E+03
1307	475	1.03064E+03
1307	268	1.03081E+03
1307	188	1.03113E+03
1307	602	1.03118E+03
1307	309	1.03140E+03
1307	228	1.03228E+03
1307	79	1.03266E+03
1307	392	1.03278E+03
1307	560	1.03290E+03
1307	113	1.03348E+03
1307	150	1.03363E+03
1307	518	1.03401E+03
1307	434	1.03402E+03
1307	603	1.03415E+03
1307	476	1.03441E+03
1307	351	1.03471E+03
1307	269	1.03487E+03
1307	189	1.03502E+03
1307	310	1.03555E+03
1307	80	1.03573E+03
1307	561	1.03626E+03
1307	229	1.03639E+03
1307	393	1.03696E+03
1307	114	1.03704E+03
1307	604	1.03717E+03
1307	151	1.03752E+03
1307	519	1.03771E+03
1307	435	1.03816E+03
1307	477	1.03838E+03
1307	81	1.03889E+03
1307	352	1.03909E+03
1307	190	1.03921E+03
1307	270	1.03926E+03
1307	562	1.03970E+03
1307	311	1.04001E+03
1307	605	1.04024E+03
1307	115	1.04076E+03
1307	230	1.04081E+03
1307	394	1.04139E+03
1307	520	1.04152E+03
1307	152	1.04163E+03
1307	436	1.04249E+03
1307	478	1.04249E+03
1307	563	1.04319E+03
1307	606	1.04336E+03
1307	191	1.04364E+03
1307	353	1.04373E+03
1307	271	1.04394E+03
1307	116	1.04460E+03
1307	312	1.04475E+03
1307	521	1.04540E+03
1307	231	1.04549E+03
1307	153	1.04591E+03
1307	395	1.04602E+03
1307	607	1.04656E+03
1307	479	1.04671E+03
1307	564	1.04673E+03
1307	437	1.04696E+03
1307	192	1.04828E+03
1307	117	1.04853E+03
1307	354	1.04858E+03
1307	272	1.04885E+03
1307	522	1.04934E+03
1307	313	1.04970E+03
1307	608	1.04988E+03
1307	154	1.05032E+03
1307	565	1.05034E+03
1307	232	1.05038E+03
1307	396	1.05079E+03
1307	480	1.05100E+03
1307	438	1.05154E+03
1307	118	1.05252E+03
1307	193	1.05307E+03
1307	523	1.05334E+03
1307	609	1.05337E+03
1307	355	1.05357E+03
1307	273	1.05394E+03
1307	566	1.05404E+03
1307	314	1.05481E+03
1307	155	1.05481E+03
1307	481	1.05536E+03
1307	233	1.05542E+03
1307	397	1.05567E+03
1307	439	1.05620E+03
1307	119	1.05657E+03
1307	610	1.05706E+03
1307	524	1.05742E+03
1307	567	1.05788E+03
1307	194	1.05796E+03
1307	356	1.05867E+03
1307	274	1.05916E+03
1307	156	1.05938E+03
1307	482	1.05979E+03
1307	315	1.06003E+03
1307	234	1.06058E+03
1307	398	1.06063E+03
1307	120	1.06067E+03
1307	440	1.06093E+03
1307	611	1.06101E+03
1307	525	1.06161E+03
1307	568	1.06191E+03
1307	195	1.06294E+03
1307	357	1.06385E+03
1307	157	1.06402E+03
1307	483	1.06431E+03
1307	275	1.06446E+03
1307	121	1.06482E+03
1307	612	1.06526E+03
1307	316	1.06533E+03
1307	399	1.06566E+03
1307	441	1.06574E+03
1307	235	1.06582E+03
1307	526	1.06596E+03
1307	569	1.06616E+03
1307	196	1.06799E+03
1307	158	1.06872E+03
3031	574	1.06894E+03
1307	484	1.06895E+03
3031	533	1.06902E+03
1307	122	1.06903E+03
3031	575	1.06904E+03
1307	358	1.06909E+03
3031	492	1.06910E+03
2925	574	1.06912E+03
3031	534	1.06913E+03
3031	576	1.06916E+03
3031	451	1.06919E+03
2925	533	1.06919E+03
2925	575	1.06922E+03
3031	493	1.06924E+03
2819	574	1.06926E+03
2925	492	1.06927E+03
3031	535	1.06928E+03
3031	410	1.06929E+03
2925	534	1.06931E+03
3031	577	1.06932E+03
2819	533	1.06933E+03
2925	576	1.06934E+03
3031	452	1.06935E+03
2819	575	1.06936E+03
2925	451	1.06936E+03
3031	369	1.06939E+03
3031	494	1.06941E+03
2925	493	1.06941E+03
2819	492	1.06941E+03
2819	534	1.06945E+03
2925	535	1.06945E+03
2925	410	1.06946E+03
3031	536	1.06947E+03
3031	411	1.06948E+03
2819	576	1.06948E+03
3031	328	1.06949E+03
2925	577	1.06949E+03
2819	451	1.06951E+03
3031	578	1.06952E+03
2925	452	1.06953E+03
2819	493	1.06955E+03
3031	453	1.06956E+03
2925	369	1.06957E+03
2925	494	1.06959E+03
3031	0	1.06959E+03
3031	287	1.06959E+03
2819	535	1.06959E+03
2819	410	1.06960E+03
3031	370	1.06960E+03
3031	495	1.06963E+03
2819	577	1.06963E+03
2925	536	1.06964E+03
2925	411	1.06965E+03
3031	41	1.06966E+03
2819	452	1.06967E+03
3031	246	1.06967E+03
2925	328	1.06967E+03
2925	578	1.06969E+03
3031	82	1.06970E+03
3031	537	1.06970E+03
2819	369	1.06971E+03
3031	412	1.06971E+03
3031	205	1.06972E+03
2819	494	1.06972E+03
3031	123	1.06973E+03
2925	453	1.06973E+03
3031	329	1.06973E+03
3031	164	1.06974E+03
2925	0	1.06976E+03
2925	287	1.06976E+03
3031	579	1.06976E+03
2819	536	1.06978E+03
2925	370	1.06978E+03
2819	411	1.06979E+03
3031	1	1.06980E+03
2925	495	1.06980E+03
2819	328	1.06981E+03
3031	454	1.06981E+03
2819	578	1.06983E+03
2925	41	1.06983E+03
1307	276	1.06984E+03
2925	246	1.06984E+03
1307	613	1.06985E+03
3031	288	1.06985E+03
2819	453	1.06987E+03
3031	371	1.06987E+03
2925	82	1.06987E+03
2925	537	1.06987E+03
2925	412	1.06989E+03
3031	42	1.06989E+03
2925	205	1.06990E+03
2925	123	1.06991E+03
3031	496	1.06991E+03
2819	287	1.06991E+03
2925	329	1.06991E+03
2819	0	1.06991E+03
2925	164	1.06992E+03
2819	370	1.06992E+03
2925	579	1.06994E+03
2819	495	1.06994E+03
3031	247	1.06995E+03
3031	83	1.06995E+03
2925	1	1.06997E+03
2819	41	1.06998E+03
2819	246	1.06999E+03
2925	454	1.06999E+03
3031	538	1.07000E+03
3031	124	1.07000E+03
3031	206	1.07001E+03
3031	413	1.07001E+03
2819	537	1.07001E+03
2819	82	1.07002E+03
2819	412	1.07003E+03
3031	165	1.07003E+03
2925	288	1.07003E+03
3031	330	1.07003E+03
3031	2	1.07004E+03
2819	205	1.07004E+03
2925	371	1.07005E+03
2819	329	1.07005E+03
2819	123	1.07005E+03
2819	164	1.07006E+03
2925	42	1.07007E+03
2819	579	1.07007E+03
3031	580	1.07008E+03
2925	496	1.07008E+03
2819	1	1.07012E+03
2925	247	1.07012E+03
2819	454	1.07012E+03
2925	83	1.07013E+03
3031	455	1.07014E+03
3031	43	1.07017E+03
2925	538	1.07017E+03
2819	288	1.07017E+03
3031	289	1.07018E+03
2925	124	1.07018E+03
2925	413	1.07018E+03
2925	206	1.07018E+03
2819	371	1.07019E+03
2925	165	1.07020E+03
2925	330	1.07021E+03
3031	372	1.07021E+03
2819	42	1.07021E+03
2925	2	1.07021E+03
2819	496	1.07022E+03
2925	580	1.07025E+03
3031	497	1.07026E+03
3031	84	1.07026E+03
2819	247	1.07027E+03
2819	83	1.07028E+03
3031	248	1.07030E+03
2819	538	1.07030E+03
3031	3	1.07030E+03
2925	455	1.07031E+03
2819	413	1.07032E+03
2819	124	1.07033E+03
2819	206	1.07033E+03
3031	125	1.07034E+03
2925	43	1.07034E+03
2819	165	1.07035E+03
2819	330	1.07035E+03
2925	289	1.07036E+03
2819	2	1.07036E+03
3031	207	1.07036E+03
3031	539	1.07037E+03
3031	166	1.07038E+03
2819	580	1.07038E+03
3031	414	1.07038E+03
2925	372	1.07039E+03
3031	331	1.07041E+03
2925	497	1.07043E+03
2925	84	1.07044E+03
2819	455	1.07045E+03
3031	581	1.07047E+03
2925	248	1.07047E+03
3031	44	1.07048E+03
2925	3	1.07048E+03
2819	43	1.07049E+03
1307	527	1.07050E+03
2819	289	1.07050E+03
2925	125	1.07051E+03
2819	372	1.07053E+03
2925	539	1.07054E+03
2925	207	1.07054E+03
3031	456	1.07054E+03
2925	166	1.07055E+03
2925	414	1.07056E+03
2819	497	1.07056E+03
2819	84	1.07058E+03
2925	331	1.07059E+03
3031	290	1.07059E+03
3031	4	1.07060E+03
3031	85	1.07061E+03
2819	248	1.07061E+03
2819	3	1.07063E+03
1307	442	1.07064E+03
3031	373	1.07064E+03
2925	581	1.07064E+03
2925	44	1.07066E+03
2819	125	1.07066E+03
1307	570	1.07067E+03
2819	539	1.07067E+03
2819	207	1.07068E+03
1307	317	1.07069E+03
2819	414	1.07069E+03
3031	498	1.07069E+03
2819	166	1.07070E+03
2925	456	1.07072E+03
2819	331	1.07073E+03
3031	249	1.07073E+03
3031	126	1.07073E+03
2819	581	1.07076E+03
1307	400	1.07077E+03
2925	290	1.07077E+03
2925	4	1.07078E+03
2925	85	1.07079E+03
2819	44	1.07080E+03
3031	208	1.07080E+03
3031	167	1.07080E+03
2925	373	1.07081E+03
3031	45	1.07083E+03
3031	540	1.07083E+03
2819	456	1.07085E+03
3031	415	1.07085E+03
2925	498	1.07087E+03
3031	332	1.07088E+03
2925	249	1.07090E+03
2819	290	1.07091E+03
2925	126	1.07091E+03
3031	5	1.07091E+03
2819	4	1.07092E+03
2819	85	1.07094E+03
2819	373	1.07095E+03
3031	582	1.07096E+03
2925	208	1.07098E+03
2925	167	1.07098E+03
2819	498	1.07100E+03
2925	540	1.07101E+03
2925	45	1.07101E+03
3031	86	1.07102E+03
2925	415	1.07103E+03
2819	249	1.07105E+03
2819	126	1.07105E+03
3031	457	1.07105E+03
2925	332	1.07106E+03
2925	5	1.07109E+03
3031	291	1.07110E+03
1307	236	1.07112E+03
2819	208	1.07112E+03
2819	167	1.07112E+03
2819	540	1.07113E+03
2925	582	1.07113E+03
2819	45	1.07115E+03
2819	415	1.07116E+03
3031	374	1.07117E+03
2819	332	1.07120E+03
3031	127	1.07120E+03
2925	86	1.07120E+03
3031	46	1.07122E+03
2925	457	1.07123E+03
2819	5	1.07123E+03
3031	6	1.07124E+03
3031	499	1.07124E+03
2819	582	1.07125E+03
3031	250	1.07126E+03
2925	291	1.07128E+03
3031	168	1.07131E+03
3031	209	1.07134E+03
2925	374	1.07134E+03
2819	86	1.07134E+03
2819	457	1.07136E+03
2925	127	1.07138E+03
2925	46	1.07140E+03
2819	291	1.07141E+03
2925	499	1.07142E+03
2925	6	1.07142E+03
3031	541	1.07142E+03
2925	250	1.07144E+03
3031	416	1.07144E+03
3031	333	1.07147E+03
2819	374	1.07148E+03
3031	87	1.07148E+03
2925	168	1.07149E+03
2925	209	1.07151E+03
2819	127	1.07152E+03
2819	46	1.07154E+03
2819	499	1.07154E+03
2819	6	1.07156E+03
3031	7	1.07158E+03
2819	250	1.07158E+03
3031	583	1.07158E+03
2925	541	1.07159E+03
2925	416	1.07161E+03
3031	47	1.07163E+03
2819	168	1.07164E+03
2925	333	1.07164E+03
2819	209	1.07166E+03
2925	87	1.07166E+03
3031	458	1.07169E+03
2819	541	1.07171E+03
3031	292	1.07173E+03
3031	128	1.07174E+03
2819	416	1.07174E+03
2925	583	1.07175E+03
2925	7	1.07176E+03
2819	333	1.07178E+03
2819	87	1.07181E+03
2925	47	1.07181E+03
3031	375	1.07183E+03
2819	583	1.07186E+03
2925	458	1.07187E+03
2819	7	1.07190E+03
2925	292	1.07191E+03
3031	251	1.07191E+03
3031	8	1.07191E+03
2925	128	1.07192E+03
3031	169	1.07192E+03
3031	500	1.07193E+03
2819	47	1.07196E+03
3031	210	1.07198E+03
2819	458	1.07199E+03
3031	88	1.07200E+03
2925	375	1.07200E+03
2819	292	1.07204E+03
2819	128	1.07206E+03
3031	48	1.07207E+03
2925	251	1.07209E+03
2925	8	1.07209E+03
2925	169	1.07210E+03
2925	500	1.07210E+03
2819	375	1.07213E+03
3031	542	1.07215E+03
2925	210	1.07216E+03
3031	417	1.07217E+03
2925	88	1.07218E+03
3031	334	1.07220E+03
2819	500	1.07222E+03
2819	251	1.07223E+03
2819	8	1.07224E+03
2819	169	1.07224E+03
3031	9	1.07225E+03
2925	48	1.07225E+03
2819	210	1.07230E+03
2925	542	1.07232E+03
2819	88	1.07232E+03
2925	417	1.07234E+03
3031	584	1.07235E+03
3031	129	1.07236E+03
2925	334	1.07237E+03
2819	48	1.07240E+03
2925	9	1.07243E+03
2819	542	1.07243E+03
2819	417	1.07247E+03
3031	459	1.07249E+03
2819	334	1.07250E+03
3031	293	1.07250E+03
2925	584	1.07252E+03
3031	49	1.07253E+03
2925	129	1.07254E+03
3031	89	1.07256E+03
3031	10	1.07257E+03
2819	9	1.07257E+03
2819	584	1.07262E+03
3031	170	1.07264E+03
3031	376	1.07265E+03
2925	459	1.07266E+03
2925	293	1.07268E+03
2819	129	1.07268E+03
3031	252	1.07271E+03
2925	49	1.07271E+03
2925	89	1.07274E+03
2925	10	1.07275E+03
3031	211	1.07276E+03
2819	459	1.07278E+03
3031	501	1.07279E+03
2819	293	1.07282E+03
2925	170	1.07282E+03
2925	376	1.07282E+03
2819	49	1.07285E+03
3031	11	1.07288E+03
2925	252	1.07288E+03
2819	89	1.07289E+03
2819	10	1.07289E+03
2925	211	1.07294E+03
2819	376	1.07295E+03
2819	170	1.07296E+03
2925	501	1.07296E+03
3031	50	1.07300E+03
2819	252	1.07302E+03
2925	11	1.07306E+03
3031	543	1.07307E+03
3031	130	1.07307E+03
2819	501	1.07307E+03
2819	211	1.07308E+03
3031	418	1.07308E+03
3031	335	1.07309E+03
1307	197	1.07310E+03
3031	12	1.07317E+03
3031	90	1.07317E+03
2925	50	1.07318E+03
2819	11	1.07320E+03
2925	543	1.07323E+03
2925	130	1.07325E+03
2925	418	1.07325E+03
2925	335	1.07327E+03
3031	585	1.07331E+03
2819	50	1.07332E+03
2819	543	1.07334E+03
2925	12	1.07335E+03
2925	90	1.07335E+03
2819	418	1.07337E+03
2819	130	1.07339E+03
2819	335	1.07340E+03
3031	13	1.07345E+03
3031	294	1.07345E+03
3031	51	1.07347E+03
3031	171	1.07347E+03
2925	585	1.07348E+03
1307	159	1.07349E+03
3031	460	1.07349E+03
2819	12	1.07349E+03
2819	90	1.07350E+03
2819	585	1.07357E+03
2925	13	1.07363E+03
2925	294	1.07363E+03
2925	51	1.07365E+03
2925	171	1.07365E+03
2925	460	1.07366E+03
3031	377	1.07366E+03
3031	253	1.07367E+03
3031	212	1.07368E+03
3031	14	1.07371E+03
1307	485	1.07376E+03
2819	294	1.07376E+03
2819	460	1.07377E+03
2819	13	1.07377E+03
2819	171	1.07379E+03
2819	51	1.07379E+03
3031	91	1.07383E+03
2925	377	1.07384E+03
2925	253	1.07385E+03
3031	131	1.07386E+03
3031	502	1.07386E+03
2925	212	1.07386E+03
2925	14	1.07389E+03
3031	52	1.07394E+03
2819	377	1.07396E+03
3031	15	1.07396E+03
2819	253	1.07398E+03
2819	212	1.07400E+03
2925	91	1.07401E+03
2925	502	1.07403E+03
2819	14	1.07403E+03
2925	131	1.07404E+03
2925	52	1.07412E+03
2819	502	1.07413E+03
2925	15	1.07414E+03
2819	91	1.07415E+03
2819	131	1.07418E+03
3031	336	1.07419E+03
3031	544	1.07420E+03
3031	419	1.07421E+03
3031	16	1.07421E+03
2819	52	1.07427E+03
2819	15	1.07429E+03
2925	544	1.07437E+03
2925	336	1.07437E+03
2925	419	1.07438E+03
2925	16	1.07439E+03
1307	359	1.07440E+03
3031	53	1.07442E+03
3031	172	1.07444E+03
3031	17	1.07446E+03
2819	544	1.07446E+03
2819	419	1.07449E+03
2819	336	1.07449E+03
3031	586	1.07451E+03
3031	92	1.07452E+03
2819	16	1.07454E+03
2925	53	1.07460E+03
3031	295	1.07460E+03
2925	172	1.07462E+03
2925	17	1.07464E+03
2925	586	1.07467E+03
2925	92	1.07470E+03
3031	18	1.07470E+03
3031	461	1.07471E+03
3031	132	1.07474E+03
2819	53	1.07474E+03
2819	586	1.07475E+03
2819	172	1.07476E+03
3031	213	1.07477E+03
2925	295	1.07478E+03
2819	17	1.07478E+03
3031	254	1.07482E+03
1307	614	1.07484E+03
2819	92	1.07485E+03
2925	461	1.07488E+03
2925	18	1.07489E+03
3031	54	1.07489E+03
2819	295	1.07491E+03
3031	378	1.07491E+03
2925	132	1.07492E+03
2925	213	1.07495E+03
3031	19	1.07496E+03
2819	461	1.07499E+03
2925	254	1.07499E+03
2819	18	1.07503E+03
2819	132	1.07506E+03
2925	54	1.07507E+03
2925	378	1.07508E+03
2819	213	1.07509E+03
2819	254	1.07513E+03
2925	19	1.07514E+03
3031	503	1.07518E+03
2819	378	1.07520E+03
2819	54	1.07522E+03
3031	20	1.07523E+03
3031	93	1.07526E+03
1307	277	1.07527E+03
1307	528	1.07528E+03
2819	19	1.07529E+03
2925	503	1.07535E+03
3031	55	1.07537E+03
2925	20	1.07541E+03
2819	503	1.07544E+03
2925	93	1.07544E+03
1307	571	1.07550E+03
3031	21	1.07551E+03
3031	337	1.07553E+03
3031	173	1.07554E+03
2925	55	1.07555E+03
2819	20	1.07556E+03
2819	93	1.07558E+03
3031	420	1.07559E+03
3031	545	1.07560E+03
1307	443	1.07567E+03
2819	55	1.07569E+03
2925	21	1.07570E+03
2925	337	1.07570E+03
3031	133	1.07572E+03
2925	173	1.07572E+03
2925	420	1.07576E+03
2925	545	1.07577E+03
3031	22	1.07582E+03
2819	337	1.07583E+03
2819	21	1.07584E+03
2819	545	1.07584E+03
2819	173	1.07586E+03
3031	56	1.07586E+03
2819	420	1.07586E+03
2925	133	1.07590E+03
1307	401	1.07597E+03
3031	587	1.07598E+03
3031	296	1.07599E+03
2925	22	1.07600E+03
2819	133	1.07604E+03
3031	94	1.07604E+03
2925	56	1.07604E+03
3031	214	1.07604E+03
1307	318	1.07611E+03
2925	587	1.07614E+03
3031	23	1.07614E+03
2819	22	1.07614E+03
2925	296	1.07616E+03
3031	255	1.07618E+03
2819	56	1.07619E+03
2819	587	1.07620E+03
2925	94	1.07622E+03
3031	462	1.07622E+03
2925	214	1.07622E+03
2819	296	1.07629E+03
2925	23	1.07632E+03
2819	214	1.07636E+03
2925	255	1.07636E+03
2819	94	1.07636E+03
3031	57	1.07637E+03
2925	462	1.07639E+03
3031	379	1.07643E+03
2819	23	1.07646E+03
1307	237	1.07648E+03
3031	24	1.07648E+03
2819	462	1.07648E+03
2819	255	1.07649E+03
2925	57	1.07655E+03
2925	379	1.07660E+03
2925	24	1.07666E+03
2819	57	1.07670E+03
2819	379	1.07671E+03
3031	174	1.07679E+03
3031	134	1.07679E+03
3031	504	1.07680E+03
2819	24	1.07680E+03
3031	25	1.07684E+03
3031	95	1.07687E+03
3031	58	1.07691E+03
2925	504	1.07696E+03
2925	174	1.07697E+03
2925	134	1.07697E+03
2925	25	1.07702E+03
2819	504	1.07704E+03
2925	95	1.07705E+03
2925	58	1.07710E+03
2819	174	1.07711E+03
2819	134	1.07712E+03
3031	338	1.07714E+03
2819	25	1.07716E+03
2819	95	1.07720E+03
3031	26	1.07722E+03
2819	58	1.07724E+03
3031	421	1.07727E+03
2925	338	1.07732E+03
3031	546	1.07732E+03
2925	26	1.07740E+03
2819	338	1.07743E+03
2925	421	1.07744E+03
2925	546	1.07748E+03
3031	59	1.07750E+03
3031	215	1.07752E+03
2819	546	1.07754E+03
2819	421	1.07754E+03
2819	26	1.07754E+03
3031	27	1.07762E+03
3031	297	1.07764E+03
2925	59	1.07768E+03
2925	215	1.07770E+03
3031	96	1.07777E+03
3031	588	1.07777E+03
3031	256	1.07779E+03
2925	27	1.07781E+03
2925	297	1.07781E+03
2819	59	1.07783E+03
2819	215	1.07783E+03
2925	588	1.07793E+03
2819	297	1.07793E+03
2925	96	1.07795E+03
2819	27	1.07795E+03
2819	588	1.07796E+03
2925	256	1.07797E+03
3031	135	1.07799E+03
3031	463	1.07806E+03
3031	28	1.07806E+03
2819	96	1.07809E+03
2819	256	1.07810E+03
3031	60	1.07814E+03
2925	135	1.07817E+03
3031	175	1.07822E+03
2925	463	1.07822E+03
2925	28	1.07825E+03
3031	380	1.07826E+03
1307	198	1.07829E+03
2819	463	1.07830E+03
2819	135	1.07831E+03
2925	60	1.07833E+03
1307	160	1.07835E+03
2819	28	1.07839E+03
2925	175	1.07840E+03
2925	380	1.07843E+03
2819	60	1.07847E+03
2819	380	1.07853E+03
3031	29	1.07853E+03
2819	175	1.07854E+03
2925	29	1.07872E+03
3031	97	1.07874E+03
3031	505	1.07877E+03
1307	486	1.07878E+03
3031	61	1.07886E+03
2819	29	1.07886E+03
2925	97	1.07893E+03
2925	505	1.07893E+03
2819	505	1.07899E+03
3031	30	1.07904E+03
2925	61	1.07904E+03
2819	97	1.07907E+03
3031	339	1.07908E+03
2819	61	1.07919E+03
3031	216	1.07922E+03
2925	30	1.07923E+03
2925	339	1.07925E+03
3031	422	1.07931E+03
3031	136	1.07931E+03
2819	339	1.07936E+03
2819	30	1.07937E+03
3031	547	1.07940E+03
2925	216	1.07940E+03
2925	422	1.07948E+03
2925	136	1.07949E+03
2819	216	1.07954E+03
2925	547	1.07956E+03
2819	422	1.07956E+03
2819	547	1.07959E+03
3031	298	1.07960E+03
3031	31	1.07960E+03
2819	136	1.07963E+03
3031	62	1.07967E+03
3031	257	1.07968E+03
2925	298	1.07977E+03
2925	31	1.07978E+03
1307	360	1.07981E+03
3031	98	1.07982E+03
3031	176	1.07983E+03
2925	62	1.07985E+03
2925	257	1.07986E+03
2819	298	1.07989E+03
2819	31	1.07993E+03
3031	589	1.07995E+03
2819	257	1.07998E+03
2819	62	1.07999E+03
2925	98	1.08001E+03
2925	176	1.08002E+03
2925	589	1.08010E+03
2819	589	1.08011E+03
2819	176	1.08015E+03
2819	98	1.08015E+03
3031	32	1.08020E+03
3031	464	1.08027E+03
1307	529	1.08034E+03
2925	32	1.08039E+03
2925	464	1.08044E+03
3031	381	1.08046E+03
2819	464	1.08050E+03
2819	32	1.08053E+03
3031	63	1.08058E+03
2925	381	1.08063E+03
1307	572	1.08068E+03
2819	381	1.08072E+03
1307	278	1.08075E+03
2925	63	1.08077E+03
3031	137	1.08079E+03
3031	33	1.08087E+03
1307	444	1.08088E+03
2819	63	1.08091E+03
2925	137	1.08097E+03
3031	99	1.08104E+03
2925	33	1.08106E+03
2819	137	1.08111E+03
3031	506	1.08114E+03
3031	217	1.08119E+03
2819	33	1.08120E+03
2925	99	1.08122E+03
2925	506	1.08130E+03
1307	402	1.08131E+03
2819	506	1.08134E+03
2819	99	1.08136E+03
2925	217	1.08137E+03
3031	340	1.08138E+03
2819	217	1.08150E+03
2925	340	1.08155E+03
1307	319	1.08161E+03
3031	34	1.08162E+03
3031	64	1.08163E+03
2819	340	1.08165E+03
3031	177	1.08167E+03
3031	423	1.08175E+03
2925	34	1.08180E+03
2925	64	1.08181E+03
2925	177	1.08185E+03
3031	258	1.08188E+03
3031	299	1.08190E+03
1307	238	1.08191E+03
3031	548	1.08191E+03
2925	423	1.08191E+03
2819	34	1.08195E+03
2819	64	1.08195E+03
2819	423	1.08198E+03
2819	177	1.08199E+03
2925	548	1.08206E+03
2925	258	1.08206E+03
2819	548	1.08206E+03
2925	299	1.08208E+03
2819	258	1.08218E+03
2819	299	1.08218E+03
3031	100	1.08241E+03
3031	35	1.08245E+03
3031	138	1.08246E+03
3031	590	1.08256E+03
2925	100	1.08260E+03
2925	35	1.08264E+03
2925	138	1.08264E+03
2819	590	1.08267E+03
2925	590	1.08270E+03
2819	100	1.08274E+03
2819	138	1.08278E+03
2819	35	1.08278E+03
3031	65	1.08282E+03
3031	465	1.08293E+03
2925	65	1.08301E+03
3031	382	1.08307E+03
2925	465	1.08309E+03
2819	465	1.08313E+03
2819	65	1.08315E+03
2925	382	1.08324E+03
1307	161	1.08327E+03
2819	382	1.08332E+03
3031	36	1.08339E+03
3031	218	1.08346E+03
1307	199	1.08354E+03
2925	36	1.08358E+03
2925	218	1.08364E+03
2819	36	1.08372E+03
3031	178	1.08376E+03
2819	218	1.08376E+03
2925	178	1.08394E+03
3031	507	1.08398E+03
3031	101	1.08399E+03
1307	487	1.08404E+03
2819	178	1.08407E+03
3031	341	1.08409E+03
2925	507	1.08413E+03
2819	507	1.08414E+03
2925	101	1.08418E+03
3031	66	1.08420E+03
2925	341	1.08426E+03
2819	101	1.08432E+03
2819	341	1.08434E+03
3031	139	1.08435E+03
2925	66	1.08439E+03
3031	259	1.08444E+03
3031	37	1.08445E+03
2819	66	1.08453E+03
2925	139	1.08453E+03
3031	300	1.08460E+03
2925	259	1.08461E+03
2925	37	1.08464E+03
3031	424	1.08465E+03
2819	139	1.08467E+03
2819	259	1.08473E+03
2925	300	1.08478E+03
2819	37	1.08478E+03
2925	424	1.08481E+03
2819	424	1.08486E+03
2819	300	1.08488E+03
3031	549	1.08489E+03
2819	549	1.08501E+03
2925	549	1.08503E+03
1307	361	1.08534E+03
3031	591	1.08565E+03
3031	38	1.08566E+03
1307	530	1.08571E+03
2819	591	1.08571E+03
2925	591	1.08578E+03
3031	67	1.08579E+03
3031	102	1.08581E+03
2925	38	1.08585E+03
2925	67	1.08598E+03
2819	38	1.08599E+03
2925	102	1.08600E+03
3031	219	1.08606E+03
3031	466	1.08607E+03
2819	67	1.08613E+03
2819	102	1.08614E+03
3031	179	1.08615E+03
3031	383	1.08616E+03
2925	466	1.08623E+03
2925	219	1.08624E+03
2819	466	1.08624E+03
1307	573	1.08627E+03
1307	445	1.08631E+03
1307	279	1.08631E+03
2925	383	1.08632E+03
2925	179	1.08633E+03
2819	219	1.08636E+03
2819	383	1.08638E+03
2819	179	1.08646E+03
3031	140	1.08651E+03
2925	140	1.08670E+03
1307	403	1.08682E+03
2819	140	1.08684E+03
3031	39	1.08704E+03
1307	320	1.08721E+03
2925	39	1.08723E+03
3031	342	1.08726E+03
3031	508	1.08733E+03
2819	39	1.08737E+03
1307	239	1.08740E+03
3031	260	1.08740E+03
2925	342	1.08743E+03
2819	508	1.08745E+03
2925	508	1.08747E+03
2819	342	1.08751E+03
2925	260	1.08757E+03
3031	68	1.08763E+03
2819	260	1.08768E+03
3031	301	1.08775E+03
2925	68	1.08782E+03
3031	103	1.08791E+03
2925	301	1.08792E+03
2819	68	1.08796E+03
2819	301	1.08801E+03
3031	425	1.08806E+03
2925	103	1.08810E+03
2925	425	1.08822E+03
2819	103	1.08824E+03
2819	425	1.08825E+03
1307	162	1.08828E+03
3031	550	1.08840E+03
2819	550	1.08846E+03
2925	550	1.08853E+03
3031	40	1.08860E+03
2925	40	1.08879E+03
1307	200	1.08888E+03
3031	180	1.08888E+03
2819	40	1.08893E+03
3031	141	1.08900E+03
3031	220	1.08906E+03
2925	180	1.08907E+03
2925	141	1.08919E+03
2819	180	1.08919E+03
2925	220	1.08924E+03
3031	592	1.08927E+03
2819	592	1.08927E+03
2819	141	1.08932E+03
2819	220	1.08935E+03
2925	592	1.08938E+03
1307	488	1.08959E+03
3031	69	1.08975E+03
3031	384	1.08977E+03
3031	467	1.08977E+03
2819	467	1.08990E+03
2925	467	1.08991E+03
2925	384	1.08993E+03
2925	69	1.08994E+03
2819	384	1.08997E+03
2819	69	1.09008E+03
3031	104	1.09034E+03
2925	104	1.09053E+03
2819	104	1.09067E+03
3031	261	1.09081E+03
3031	343	1.09096E+03
2925	261	1.09099E+03
1307	362	1.09104E+03
2819	261	1.09109E+03
2925	343	1.09113E+03
2819	343	1.09119E+03
3031	509	1.09124E+03
2819	509	1.09132E+03
2925	509	1.09138E+03
3031	302	1.09139E+03
1307	531	1.09145E+03
2925	302	1.09156E+03
2819	302	1.09164E+03
3031	142	1.09187E+03
1307	280	1.09197E+03
1307	446	1.09198E+03
3031	181	1.09202E+03
3031	426	1.09204E+03
2925	142	1.09206E+03
3031	70	1.09217E+03
2819	142	1.09219E+03
2925	426	1.09219E+03
2819	426	1.09220E+03
2925	181	1.09220E+03
2819	181	1.09233E+03
2925	70	1.09236E+03
3031	551	1.09247E+03
2819	551	1.09248E+03
3031	221	1.09249E+03
2819	70	1.09250E+03
1307	404	1.09255E+03
2925	551	1.09259E+03
2925	221	1.09267E+03
2819	221	1.09278E+03
1307	321	1.09295E+03
1307	240	1.09298E+03
3031	105	1.09314E+03
2925	105	1.09333E+03
1307	163	1.09335E+03
2819	593	1.09338E+03
3031	593	1.09345E+03
2819	105	1.09347E+03
2925	593	1.09355E+03
3031	385	1.09395E+03
3031	468	1.09405E+03
2925	385	1.09411E+03
2819	385	1.09413E+03
2819	468	1.09414E+03
2925	468	1.09419E+03
1307	201	1.09430E+03
3031	262	1.09474E+03
3031	71	1.09492E+03
2925	262	1.09492E+03
2819	262	1.09501E+03
2925	71	1.09511E+03
3031	143	1.09516E+03
3031	344	1.09523E+03
2819	71	1.09525E+03
2925	143	1.09535E+03
2925	344	1.09539E+03
2819	344	1.09544E+03
1307	489	1.09546E+03
2819	143	1.09548E+03
3031	303	1.09559E+03
3031	182	1.09561E+03
2925	303	1.09576E+03
3031	510	1.09576E+03
2819	510	1.09578E+03
2925	182	1.09580E+03
2819	303	1.09582E+03
2925	510	1.09588E+03
2819	182	1.09592E+03
3031	106	1.09635E+03
3031	222	1.09643E+03
2925	106	1.09654E+03
2925	222	1.09661E+03
3031	427	1.09664E+03
2819	106	1.09668E+03
2819	222	1.09671E+03
2819	427	1.09675E+03
2925	427	1.09678E+03
1307	363	1.09694E+03
2819	552	1.09709E+03
3031	552	1.09715E+03
2925	552	1.09726E+03
1307	532	1.09760E+03
1307	281	1.09776E+03
1307	447	1.09794E+03
3031	72	1.09802E+03
2819	594	1.09806E+03
3031	594	1.09821E+03
2925	72	1.09821E+03
2925	594	1.09830E+03
2819	72	1.09835E+03
1307	405	1.09853E+03
1307	241	1.09865E+03
3031	386	1.09876E+03
1307	322	1.09887E+03
2819	386	1.09891E+03
2925	386	1.09891E+03
3031	144	1.09893E+03
3031	469	1.09897E+03
2819	469	1.09901E+03
2925	469	1.09910E+03
2925	144	1.09912E+03
3031	263	1.09923E+03
2819	144	1.09925E+03
2925	263	1.09940E+03
2819	263	1.09948E+03
3031	183	1.09972E+03
1307	202	1.09980E+03
2925	183	1.09991E+03
3031	107	1.09999E+03
2819	183	1.10002E+03
3031	345	1.10012E+03
2925	107	1.10019E+03
2925	345	1.10028E+03
2819	345	1.10030E+03
2819	107	1.10032E+03
3031	304	1.10038E+03
2925	304	1.10055E+03
2819	304	1.10060E+03
2819	511	1.10087E+03
3031	511	1.10091E+03
3031	223	1.10091E+03
2925	511	1.10102E+03
2925	223	1.10110E+03
2819	223	1.10119E+03
3031	73	1.10148E+03
2925	73	1.10167E+03
1307	490	1.10169E+03
2819	73	1.10181E+03
3031	428	1.10188E+03
2819	428	1.10195E+03
2925	428	1.10202E+03
2819	553	1.10230E+03
3031	553	1.10244E+03
2925	553	1.10253E+03
1307	364	1.10308E+03
3031	145	1.10320E+03
2819	595	1.10331E+03
2925	145	1.10340E+03
2819	145	1.10352E+03
3031	595	1.10356E+03
2925	595	1.10363E+03
1307	282	1.10371E+03
3031	108	1.10409E+03
1307	448	1.10421E+03
3031	387	1.10422E+03
2925	108	1.10429E+03
3031	264	1.10432E+03
2819	387	1.10433E+03
2925	387	1.10437E+03
3031	184	1.10438E+03
2819	108	1.10442E+03
1307	242	1.10444E+03
2925	264	1.10450E+03
2819	470	1.10452E+03
3031	470	1.10453E+03
2819	264	1.10457E+03
2925	184	1.10457E+03
2925	470	1.10465E+03
2819	184	1.10468E+03
1307	406	1.10478E+03
1307	323	1.10499E+03
3031	74	1.10530E+03
1307	203	1.10539E+03
2925	74	1.10549E+03
2819	74	1.10563E+03
3031	346	1.10566E+03
2819	346	1.10581E+03
3031	305	1.10582E+03
2925	346	1.10582E+03
2925	305	1.10598E+03
3031	224	1.10599E+03
2819	305	1.10602E+03
2925	224	1.10617E+03
2819	224	1.10626E+03
2819	512	1.10658E+03
3031	512	1.10669E+03
2925	512	1.10679E+03
3031	429	1.10779E+03
2819	429	1.10781E+03
2925	429	1.10792E+03
3031	146	1.10800E+03
2819	554	1.10811E+03
2925	146	1.10819E+03
2819	146	1.10832E+03
1307	491	1.10834E+03
3031	554	1.10834E+03
2925	554	1.10841E+03
3031	109	1.10865E+03
2925	109	1.10884E+03
2819	109	1.10898E+03
2819	596	1.10912E+03
3031	75	1.10946E+03
3031	596	1.10946E+03
1307	365	1.10948E+03
2925	596	1.10951E+03
3031	185	1.10962E+03
2925	75	1.10966E+03
2819	75	1.10980E+03
2925	185	1.10981E+03
1307	283	1.10984E+03
2819	185	1.10991E+03
3031	265	1.11005E+03
2925	265	1.11023E+03
2819	265	1.11028E+03
1307	243	1.11036E+03
3031	388	1.11036E+03
2819	388	1.11043E+03
2925	388	1.11050E+03
2819	471	1.11068E+03
3031	471	1.11075E+03
1307	449	1.11084E+03
2925	471	1.11086E+03
1307	204	1.11107E+03
1307	407	1.11134E+03
1307	324	1.11136E+03
3031	225	1.11169E+03
2925	225	1.11187E+03
3031	347	1.11187E+03
3031	306	1.11191E+03
2819	225	1.11195E+03
2819	347	1.11199E+03
2925	347	1.11202E+03
2925	306	1.11207E+03
2819	306	1.11209E+03
2819	513	1.11290E+03
3031	513	1.11309E+03
2925	513	1.11318E+03
3031	147	1.11332E+03
2925	147	1.11352E+03
3031	110	1.11364E+03
2819	147	1.11364E+03
2925	110	1.11383E+03
3031	76	1.11395E+03
2819	110	1.11397E+03
2925	76	1.11415E+03
2819	76	1.11428E+03
2819	430	1.11432E+03
3031	430	1.11435E+03
2925	430	1.11447E+03
2819	555	1.11448E+03
3031	555	1.11481E+03
2925	555	1.11486E+03
2819	597	1.11543E+03
3031	186	1.11544E+03
2925	186	1.11563E+03
2819	186	1.11573E+03
3031	597	1.11589E+03
2925	597	1.11592E+03
1307	366	1.11616E+03
1307	284	1.11619E+03
3031	266	1.11643E+03
1307	244	1.11645E+03
2925	266	1.11661E+03
2819	266	1.11664E+03
3031	389	1.11715E+03
2819	389	1.11718E+03
2925	389	1.11729E+03
2819	472	1.11745E+03
3031	472	1.11760E+03
2925	472	1.11770E+03
1307	450	1.11788E+03
1307	325	1.11798E+03
3031	226	1.11801E+03
2925	226	1.11819E+03
1307	408	1.11824E+03
2819	226	1.11826E+03
3031	307	1.11866E+03
3031	77	1.11871E+03
3031	348	1.11875E+03
2819	307	1.11881E+03
2925	307	1.11882E+03
2819	348	1.11883E+03
2925	348	1.11889E+03
2925	77	1.11891E+03
3031	111	1.11903E+03
2819	77	1.11905E+03
3031	148	1.11915E+03
2925	111	1.11923E+03
2925	148	1.11935E+03
2819	111	1.11936E+03
2819	148	1.11947E+03
2819	514	1.11980E+03
3031	514	1.12008E+03
2925	514	1.12015E+03
2819	556	1.12137E+03
2819	431	1.12146E+03
3031	431	1.12155E+03
2925	431	1.12166E+03
3031	556	1.12180E+03
3031	187	1.12182E+03
2925	556	1.12183E+03
2925	187	1.12201E+03
2819	187	1.12210E+03
2819	598	1.12218E+03
1307	245	1.12274E+03
2925	598	1.12277E+03
3031	598	1.12277E+03
1307	285	1.12279E+03
1307	367	1.12316E+03
3031	267	1.12345E+03
2925	267	1.12362E+03
2819	267	1.12364E+03
3031	78	1.12370E+03
2925	78	1.12390E+03
2819	78	1.12404E+03
2819	390	1.12456E+03
3031	390	1.12459E+03
2925	390	1.12471E+03
3031	112	1.12477E+03
2819	473	1.12480E+03
1307	326	1.12489E+03
3031	227	1.12492E+03
2925	112	1.12497E+03
3031	473	1.12503E+03
2819	112	1.12510E+03
2925	227	1.12511E+03
2925	473	1.12511E+03
2819	227	1.12516E+03
3031	149	1.12545E+03
1307	409	1.12553E+03
2925	149	1.12565E+03
2819	149	1.12576E+03
3031	308	1.12605E+03
2819	308	1.12617E+03
2925	308	1.12621E+03
3031	349	1.12626E+03
2819	349	1.12630E+03
2925	349	1.12640E+03
2819	515	1.12720E+03
3031	515	1.12758E+03
2925	515	1.12763E+03
2819	557	1.12869E+03
3031	188	1.12873E+03
3031	79	1.12887E+03
2925	188	1.12892E+03
2819	188	1.12901E+03
2925	79	1.12907E+03
2819	432	1.12917E+03
2819	79	1.12921E+03
3031	557	1.12924E+03
2925	557	1.12925E+03
2819	599	1.12929E+03
3031	432	1.12933E+03
2925	432	1.12943E+03
1307	286	1.12966E+03
2925	599	1.13000E+03
3031	599	1.13002E+03
1307	368	1.13052E+03
3031	113	1.13081E+03
2925	113	1.13102E+03
3031	268	1.13106E+03
2819	113	1.13115E+03
2925	268	1.13123E+03
2819	268	1.13123E+03
1307	327	1.13211E+03
3031	150	1.13216E+03
2925	150	1.13236E+03
3031	228	1.13240E+03
2819	150	1.13247E+03
2819	391	1.13252E+03
2925	228	1.13258E+03
3031	391	1.13260E+03
2819	228	1.13262E+03
2819	474	1.13266E+03
2925	391	1.13271E+03
3031	474	1.13297E+03
2925	474	1.13303E+03
3031	309	1.13403E+03
2819	309	1.13412E+03
3031	80	1.13417E+03
2925	309	1.13418E+03
3031	350	1.13435E+03
2819	350	1.13435E+03
2925	80	1.13437E+03
2925	350	1.13448E+03
2819	80	1.13451E+03
2819	516	1.13503E+03
3031	516	1.13552E+03
2925	516	1.13555E+03
3031	189	1.13611E+03
2925	189	1.13630E+03
2819	558	1.13636E+03
2819	189	1.13638E+03
2819	600	1.13668E+03
2925	558	1.13702E+03
3031	558	1.13703E+03
3031	114	1.13710E+03
2925	114	1.13731E+03
2819	433	1.13739E+03
2819	114	1.13743E+03
2925	600	1.13750E+03
3031	600	1.13756E+03
3031	433	1.13762E+03
2925	433	1.13770E+03
3031	269	1.13920E+03
3031	151	1.13923E+03
2819	269	1.13935E+03
2925	269	1.13937E+03
2925	151	1.13943E+03
2819	151	1.13954E+03
3031	81	1.13956E+03
2925	81	1.13977E+03
2819	81	1.13991E+03
3031	229	1.14036E+03
2925	229	1.14054E+03
2819	229	1.14058E+03
2819	475	1.14093E+03
2819	392	1.14097E+03
3031	392	1.14111E+03
2925	392	1.14121E+03
3031	475	1.14134E+03
2925	475	1.14138E+03
3031	310	1.14252E+03
2819	310	1.14257E+03
2925	310	1.14266E+03
2819	351	1.14290E+03
3031	351	1.14294E+03
2925	351	1.14307E+03
2819	517	1.14320E+03
3031	115	1.14358E+03
2925	115	1.14379E+03
3031	517	1.14380E+03
2925	517	1.14381E+03
3031	190	1.14389E+03
2819	115	1.14391E+03
2925	190	1.14409E+03
2819	190	1.14416E+03
2819	601	1.14424E+03
2819	559	1.14428E+03
2925	559	1.14505E+03
3031	559	1.14509E+03
2925	601	1.14518E+03
3031	601	1.14527E+03
2819	434	1.14601E+03
3031	434	1.14632E+03
2925	434	1.14639E+03
3031	152	1.14658E+03
2925	152	1.14678E+03
2819	152	1.14688E+03
3031	270	1.14780E+03
2819	270	1.14792E+03
2925	270	1.14796E+03
3031	230	1.14874E+03
2925	230	1.14892E+03
2819	230	1.14894E+03
2819	476	1.14953E+03
2819	393	1.14983E+03
3031	393	1.15003E+03
3031	476	1.15003E+03
2925	476	1.15006E+03
2925	393	1.15012E+03
3031	116	1.15020E+03
2925	116	1.15041E+03
2819	116	1.15054E+03
3031	311	1.15143E+03
2819	311	1.15145E+03
2925	311	1.15157E+03
2819	518	1.15161E+03
2819	352	1.15185E+03
2819	602	1.15189E+03
3031	352	1.15194E+03
3031	191	1.15200E+03
2925	352	1.15206E+03
2925	191	1.15220E+03
2819	191	1.15226E+03
2925	518	1.15232E+03
3031	518	1.15233E+03
2819	560	1.15237E+03
2925	602	1.15296E+03
3031	602	1.15308E+03
2925	560	1.15325E+03
3031	560	1.15332E+03
3031	153	1.15414E+03
2925	153	1.15435E+03
2819	153	1.15445E+03
2819	435	1.15494E+03
3031	435	1.15534E+03
2925	435	1.15539E+03
3031	271	1.15675E+03
2819	271	1.15685E+03
2925	271	1.15691E+03
3031	117	1.15693E+03
2925	117	1.15714E+03
2819	117	1.15727E+03
3031	231	1.15744E+03
2925	231	1.15762E+03
2819	231	1.15763E+03
2819	477	1.15835E+03
3031	477	1.15896E+03
2925	477	1.15897E+03
2819	394	1.15899E+03
3031	394	1.15926E+03
2925	394	1.15934E+03
2819	603	1.15956E+03
2819	519	1.16017E+03
3031	192	1.16036E+03
2819	561	1.16053E+03
2925	192	1.16055E+03
2819	192	1.16061E+03
2819	312	1.16065E+03
3031	312	1.16067E+03
2925	603	1.16076E+03
2925	312	1.16081E+03
3031	603	1.16092E+03
2925	519	1.16098E+03
3031	519	1.16102E+03
2819	353	1.16111E+03
3031	353	1.16126E+03
2925	353	1.16137E+03
2925	561	1.16153E+03
3031	561	1.16163E+03
3031	154	1.16187E+03
2925	154	1.16207E+03
2819	154	1.16217E+03
3031	118	1.16374E+03
2925	118	1.16396E+03
2819	118	1.16408E+03
2819	436	1.16409E+03
3031	436	1.16458E+03
2925	436	1.16461E+03
3031	272	1.16597E+03
2819	272	1.16605E+03
2925	272	1.16613E+03
3031	232	1.16638E+03
2819	232	1.16655E+03
2925	232	1.16656E+03
2819	604	1.16720E+03
2819	478	1.16731E+03
2925	478	1.16802E+03
3031	478	1.16803E+03
2819	395	1.16836E+03
2925	604	1.16853E+03
3031	395	1.16871E+03
2819	562	1.16871E+03
3031	604	1.16872E+03
2925	395	1.16878E+03
2819	520	1.16880E+03
3031	193	1.16888E+03
2925	193	1.16908E+03
2819	193	1.16912E+03
3031	155	1.16969E+03
2925	520	1.16971E+03
3031	520	1.16977E+03
2925	562	1.16982E+03
2925	155	1.16990E+03
3031	562	1.16995E+03
2819	155	1.16999E+03
2819	313	1.17008E+03
3031	313	1.17014E+03
