GRAM	c2h2	chi_tot
867	574	2.55190E+03
757	574	2.55208E+03
867	533	2.55211E+03
647	574	2.55213E+03
867	575	2.55216E+03
757	533	2.55229E+03
757	575	2.55234E+03
647	533	2.55235E+03
867	492	2.55236E+03
647	575	2.55238E+03
867	534	2.55242E+03
867	576	2.55248E+03
757	492	2.55254E+03
647	492	2.55259E+03
757	534	2.55260E+03
867	451	2.55264E+03
647	534	2.55265E+03
757	576	2.55265E+03
647	576	2.55270E+03
867	493	2.55273E+03
867	535	2.55281E+03
757	451	2.55282E+03
647	451	2.55287E+03
867	577	2.55287E+03
757	493	2.55291E+03
867	410	2.55295E+03
647	493	2.55295E+03
757	535	2.55298E+03
647	535	2.55303E+03
757	577	2.55305E+03
867	452	2.55307E+03
647	577	2.55309E+03
757	410	2.55313E+03
647	410	2.55318E+03
867	494	2.55319E+03
757	452	2.55325E+03
867	369	2.55328E+03
867	536	2.55329E+03
647	452	2.55330E+03
757	494	2.55337E+03
867	578	2.55337E+03
647	494	2.55341E+03
867	411	2.55346E+03
757	536	2.55346E+03
757	369	2.55346E+03
647	536	2.55350E+03
647	369	2.55351E+03
757	578	2.55354E+03
647	578	2.55358E+03
867	453	2.55362E+03
867	328	2.55363E+03
757	411	2.55364E+03
647	411	2.55369E+03
867	495	2.55376E+03
757	453	2.55380E+03
757	328	2.55382E+03
647	453	2.55384E+03
647	328	2.55387E+03
867	370	2.55388E+03
867	537	2.55389E+03
757	495	2.55394E+03
647	495	2.55398E+03
867	287	2.55399E+03
867	579	2.55399E+03
757	370	2.55406E+03
757	537	2.55406E+03
647	537	2.55409E+03
867	412	2.55410E+03
647	370	2.55411E+03
757	579	2.55416E+03
757	287	2.55417E+03
647	579	2.55419E+03
647	287	2.55422E+03
757	412	2.55428E+03
867	454	2.55430E+03
867	329	2.55431E+03
867	246	2.55432E+03
647	412	2.55432E+03
867	0	2.55445E+03
757	454	2.55448E+03
867	496	2.55448E+03
757	329	2.55449E+03
757	246	2.55450E+03
647	454	2.55452E+03
647	329	2.55454E+03
647	246	2.55456E+03
867	205	2.55460E+03
867	371	2.55461E+03
867	538	2.55463E+03
757	0	2.55464E+03
757	496	2.55465E+03
647	496	2.55469E+03
647	0	2.55470E+03
867	288	2.55474E+03
867	580	2.55476E+03
757	205	2.55478E+03
757	371	2.55479E+03
757	538	2.55480E+03
867	164	2.55481E+03
647	538	2.55483E+03
647	371	2.55484E+03
647	205	2.55484E+03
867	41	2.55487E+03
867	413	2.55489E+03
757	288	2.55492E+03
757	580	2.55493E+03
867	123	2.55493E+03
647	580	2.55495E+03
867	82	2.55497E+03
647	288	2.55498E+03
757	164	2.55499E+03
757	41	2.55505E+03
647	164	2.55505E+03
757	413	2.55507E+03
647	413	2.55511E+03
647	41	2.55511E+03
757	123	2.55512E+03
867	247	2.55514E+03
867	455	2.55514E+03
867	330	2.55515E+03
757	82	2.55515E+03
867	1	2.55517E+03
647	123	2.55518E+03
647	82	2.55521E+03
757	455	2.55532E+03
757	247	2.55532E+03
757	330	2.55533E+03
647	455	2.55535E+03
757	1	2.55536E+03
867	497	2.55537E+03
647	330	2.55537E+03
647	247	2.55538E+03
647	1	2.55542E+03
867	206	2.55547E+03
867	372	2.55553E+03
757	497	2.55554E+03
867	539	2.55556E+03
647	497	2.55556E+03
757	206	2.55565E+03
867	289	2.55567E+03
867	42	2.55569E+03
867	165	2.55570E+03
757	372	2.55570E+03
647	206	2.55571E+03
867	581	2.55572E+03
757	539	2.55573E+03
647	539	2.55575E+03
647	372	2.55575E+03
867	124	2.55582E+03
867	83	2.55583E+03
757	289	2.55585E+03
757	42	2.55587E+03
867	414	2.55587E+03
757	581	2.55588E+03
757	165	2.55589E+03
647	581	2.55589E+03
647	289	2.55590E+03
647	42	2.55593E+03
647	165	2.55594E+03
867	2	2.55600E+03
757	124	2.55601E+03
757	83	2.55602E+03
757	414	2.55605E+03
647	124	2.55607E+03
647	83	2.55608E+03
647	414	2.55608E+03
867	248	2.55614E+03
867	331	2.55618E+03
757	2	2.55619E+03
867	456	2.55619E+03
647	2	2.55625E+03
757	248	2.55632E+03
757	331	2.55636E+03
757	456	2.55636E+03
647	248	2.55638E+03
647	456	2.55639E+03
647	331	2.55640E+03
867	498	2.55647E+03
867	207	2.55652E+03
867	43	2.55663E+03
757	498	2.55663E+03
867	373	2.55665E+03
647	498	2.55665E+03
757	207	2.55670E+03
867	540	2.55671E+03
647	207	2.55676E+03
867	166	2.55677E+03
867	290	2.55681E+03
757	43	2.55682E+03
757	373	2.55683E+03
867	84	2.55683E+03
647	373	2.55686E+03
757	540	2.55687E+03
867	125	2.55687E+03
647	43	2.55688E+03
647	540	2.55688E+03
867	582	2.55691E+03
867	3	2.55693E+03
757	166	2.55695E+03
757	290	2.55698E+03
647	166	2.55701E+03
757	84	2.55702E+03
647	290	2.55703E+03
757	125	2.55705E+03
647	582	2.55706E+03
757	582	2.55706E+03
647	84	2.55708E+03
867	415	2.55709E+03
647	125	2.55711E+03
757	3	2.55712E+03
647	3	2.55718E+03
757	415	2.55726E+03
647	415	2.55729E+03
867	249	2.55736E+03
867	332	2.55744E+03
867	457	2.55748E+03
757	249	2.55754E+03
647	249	2.55759E+03
757	332	2.55762E+03
757	457	2.55764E+03
647	332	2.55766E+03
647	457	2.55766E+03
867	44	2.55770E+03
867	208	2.55778E+03
867	499	2.55782E+03
757	44	2.55788E+03
647	44	2.55794E+03
867	4	2.55796E+03
757	208	2.55796E+03
867	85	2.55798E+03
757	499	2.55798E+03
647	499	2.55799E+03
647	208	2.55802E+03
867	167	2.55803E+03
867	374	2.55803E+03
867	126	2.55809E+03
867	541	2.55812E+03
757	4	2.55815E+03
757	85	2.55817E+03
867	291	2.55819E+03
757	374	2.55820E+03
647	4	2.55821E+03
757	167	2.55821E+03
647	85	2.55823E+03
647	374	2.55824E+03
647	167	2.55827E+03
757	126	2.55827E+03
647	541	2.55827E+03
757	541	2.55828E+03
647	126	2.55833E+03
757	291	2.55836E+03
867	583	2.55837E+03
647	291	2.55841E+03
647	583	2.55849E+03
757	583	2.55851E+03
867	416	2.55857E+03
757	416	2.55874E+03
647	416	2.55876E+03
867	250	2.55883E+03
867	45	2.55888E+03
867	333	2.55898E+03
757	250	2.55900E+03
647	250	2.55905E+03
867	458	2.55906E+03
757	45	2.55907E+03
867	5	2.55908E+03
647	45	2.55913E+03
757	333	2.55915E+03
647	333	2.55919E+03
757	458	2.55922E+03
647	458	2.55923E+03
757	5	2.55927E+03
867	86	2.55927E+03
867	209	2.55928E+03
647	5	2.55933E+03
757	86	2.55946E+03
757	209	2.55946E+03
867	127	2.55948E+03
867	500	2.55949E+03
867	168	2.55950E+03
647	209	2.55952E+03
647	86	2.55952E+03
647	500	2.55964E+03
757	500	2.55964E+03
757	127	2.55967E+03
757	168	2.55969E+03
867	375	2.55971E+03
647	127	2.55972E+03
647	168	2.55974E+03
867	292	2.55985E+03
867	542	2.55985E+03
757	375	2.55988E+03
647	375	2.55991E+03
647	542	2.55998E+03
757	542	2.56000E+03
757	292	2.56003E+03
647	292	2.56007E+03
867	584	2.56016E+03
867	46	2.56017E+03
647	584	2.56026E+03
867	6	2.56028E+03
757	584	2.56029E+03
757	46	2.56035E+03
867	417	2.56039E+03
647	46	2.56041E+03
757	6	2.56046E+03
647	6	2.56052E+03
757	417	2.56055E+03
647	417	2.56056E+03
867	251	2.56058E+03
867	87	2.56070E+03
757	251	2.56075E+03
647	251	2.56080E+03
867	334	2.56084E+03
757	87	2.56089E+03
647	87	2.56095E+03
867	459	2.56099E+03
757	334	2.56101E+03
647	334	2.56104E+03
867	210	2.56105E+03
867	128	2.56106E+03
647	459	2.56115E+03
757	459	2.56115E+03
867	169	2.56121E+03
757	210	2.56123E+03
757	128	2.56124E+03
647	210	2.56128E+03
647	128	2.56130E+03
757	169	2.56139E+03
647	169	2.56144E+03
867	501	2.56152E+03
867	7	2.56153E+03
867	47	2.56154E+03
647	501	2.56165E+03
757	501	2.56167E+03
757	7	2.56171E+03
757	47	2.56173E+03
867	376	2.56175E+03
647	7	2.56177E+03
647	47	2.56179E+03
867	293	2.56185E+03
757	376	2.56192E+03
647	376	2.56194E+03
867	543	2.56197E+03
757	293	2.56203E+03
647	293	2.56206E+03
647	543	2.56207E+03
757	543	2.56211E+03
867	88	2.56225E+03
867	585	2.56234E+03
647	585	2.56240E+03
757	88	2.56243E+03
757	585	2.56246E+03
647	88	2.56249E+03
867	418	2.56259E+03
867	252	2.56265E+03
757	418	2.56275E+03
647	418	2.56275E+03
867	129	2.56282E+03
867	8	2.56282E+03
757	252	2.56282E+03
647	252	2.56287E+03
867	48	2.56298E+03
757	129	2.56300E+03
757	8	2.56301E+03
647	129	2.56306E+03
647	8	2.56307E+03
867	335	2.56308E+03
867	211	2.56310E+03
867	170	2.56315E+03
757	48	2.56317E+03
647	48	2.56323E+03
757	335	2.56324E+03
647	335	2.56327E+03
757	211	2.56328E+03
647	211	2.56333E+03
757	170	2.56333E+03
867	460	2.56333E+03
647	170	2.56339E+03
647	460	2.56347E+03
757	460	2.56348E+03
867	89	2.56390E+03
867	502	2.56399E+03
647	502	2.56409E+03
757	89	2.56409E+03
757	502	2.56413E+03
867	9	2.56413E+03
647	89	2.56415E+03
867	377	2.56421E+03
867	294	2.56423E+03
757	9	2.56432E+03
757	377	2.56437E+03
647	377	2.56438E+03
647	9	2.56438E+03
757	294	2.56440E+03
647	294	2.56443E+03
867	49	2.56447E+03
867	544	2.56453E+03
647	544	2.56460E+03
757	49	2.56465E+03
757	544	2.56466E+03
647	49	2.56471E+03
867	130	2.56475E+03
757	130	2.56493E+03
867	586	2.56498E+03
647	130	2.56499E+03
647	586	2.56500E+03
867	253	2.56508E+03
757	586	2.56509E+03
867	419	2.56524E+03
757	253	2.56526E+03
647	253	2.56529E+03
867	171	2.56535E+03
647	419	2.56538E+03
757	419	2.56539E+03
867	10	2.56545E+03
867	212	2.56548E+03
757	171	2.56553E+03
647	171	2.56558E+03
757	10	2.56564E+03
867	90	2.56565E+03
757	212	2.56566E+03
647	10	2.56570E+03
647	212	2.56570E+03
867	336	2.56574E+03
757	90	2.56584E+03
647	90	2.56589E+03
757	336	2.56591E+03
647	336	2.56592E+03
867	50	2.56598E+03
867	461	2.56616E+03
757	50	2.56616E+03
647	50	2.56622E+03
647	461	2.56627E+03
757	461	2.56630E+03
867	11	2.56675E+03
867	131	2.56685E+03
757	11	2.56694E+03
867	503	2.56695E+03
647	11	2.56700E+03
647	503	2.56702E+03
757	131	2.56704E+03
867	295	2.56704E+03
757	503	2.56708E+03
647	131	2.56709E+03
867	378	2.56715E+03
757	295	2.56721E+03
647	295	2.56723E+03
647	378	2.56730E+03
757	378	2.56730E+03
867	91	2.56747E+03
867	51	2.56749E+03
867	545	2.56762E+03
647	545	2.56764E+03
757	91	2.56766E+03
757	51	2.56768E+03
647	91	2.56772E+03
647	51	2.56773E+03
757	545	2.56774E+03
867	172	2.56781E+03
867	254	2.56791E+03
757	172	2.56799E+03
867	12	2.56803E+03
647	172	2.56804E+03
757	254	2.56808E+03
647	254	2.56812E+03
647	587	2.56812E+03
867	587	2.56815E+03
867	213	2.56820E+03
757	12	2.56822E+03
757	587	2.56825E+03
647	12	2.56828E+03
757	213	2.56837E+03
867	420	2.56841E+03
647	213	2.56841E+03
647	420	2.56853E+03
757	420	2.56856E+03
867	337	2.56890E+03
867	52	2.56899E+03
757	337	2.56906E+03
647	337	2.56907E+03
867	132	2.56913E+03
757	52	2.56918E+03
647	52	2.56924E+03
867	13	2.56927E+03
757	132	2.56931E+03
867	92	2.56936E+03
647	132	2.56937E+03
757	13	2.56946E+03
647	13	2.56952E+03
867	462	2.56954E+03
757	92	2.56955E+03
647	92	2.56961E+03
647	462	2.56961E+03
757	462	2.56967E+03
867	296	2.57032E+03
867	14	2.57047E+03
867	53	2.57048E+03
757	296	2.57049E+03
647	296	2.57050E+03
867	504	2.57050E+03
647	504	2.57053E+03
867	173	2.57055E+03
757	504	2.57062E+03
867	379	2.57063E+03
757	14	2.57066E+03
757	53	2.57066E+03
647	14	2.57072E+03
647	53	2.57072E+03
757	173	2.57073E+03
647	379	2.57076E+03
757	379	2.57078E+03
647	173	2.57078E+03
867	255	2.57118E+03
647	546	2.57128E+03
867	214	2.57128E+03
867	546	2.57131E+03
867	93	2.57132E+03
757	255	2.57135E+03
647	255	2.57138E+03
757	546	2.57141E+03
757	214	2.57146E+03
647	214	2.57150E+03
757	93	2.57151E+03
647	93	2.57157E+03
867	133	2.57159E+03
867	15	2.57163E+03
757	133	2.57177E+03
757	15	2.57182E+03
647	133	2.57183E+03
647	588	2.57185E+03
647	15	2.57188E+03
867	588	2.57194E+03
867	54	2.57194E+03
757	588	2.57202E+03
757	54	2.57213E+03
867	421	2.57218E+03
647	54	2.57219E+03
647	421	2.57227E+03
757	421	2.57232E+03
867	338	2.57261E+03
867	16	2.57275E+03
647	338	2.57276E+03
757	338	2.57277E+03
757	16	2.57294E+03
647	16	2.57300E+03
867	94	2.57336E+03
867	55	2.57339E+03
757	94	2.57354E+03
867	463	2.57355E+03
757	55	2.57358E+03
647	463	2.57359E+03
867	174	2.57359E+03
647	94	2.57360E+03
647	55	2.57364E+03
757	463	2.57367E+03
757	174	2.57377E+03
647	174	2.57382E+03
867	17	2.57383E+03
757	17	2.57402E+03
647	17	2.57408E+03
867	297	2.57414E+03
867	134	2.57425E+03
757	297	2.57430E+03
647	297	2.57431E+03
757	134	2.57443E+03
647	134	2.57448E+03
647	505	2.57469E+03
867	505	2.57471E+03
867	380	2.57472E+03
867	215	2.57478E+03
757	505	2.57481E+03
647	380	2.57483E+03
867	56	2.57484E+03
757	380	2.57486E+03
867	18	2.57488E+03
867	256	2.57494E+03
757	215	2.57496E+03
647	215	2.57499E+03
757	56	2.57502E+03
757	18	2.57506E+03
647	56	2.57508E+03
757	256	2.57511E+03
647	18	2.57512E+03
647	256	2.57513E+03
867	95	2.57548E+03
647	547	2.57558E+03
867	547	2.57567E+03
757	95	2.57567E+03
647	95	2.57573E+03
757	547	2.57575E+03
867	19	2.57589E+03
757	19	2.57608E+03
647	19	2.57614E+03
647	589	2.57624E+03
867	57	2.57629E+03
867	589	2.57641E+03
757	589	2.57646E+03
757	57	2.57648E+03
647	57	2.57654E+03
867	422	2.57661E+03
647	422	2.57667E+03
757	422	2.57674E+03
867	20	2.57689E+03
867	339	2.57694E+03
867	175	2.57698E+03
647	339	2.57707E+03
757	20	2.57708E+03
757	339	2.57709E+03
867	135	2.57714E+03
647	20	2.57714E+03
757	175	2.57716E+03
647	175	2.57720E+03
757	135	2.57732E+03
647	135	2.57737E+03
867	96	2.57774E+03
867	58	2.57779E+03
867	21	2.57787E+03
757	96	2.57792E+03
757	58	2.57798E+03
647	96	2.57798E+03
647	58	2.57804E+03
757	21	2.57806E+03
647	21	2.57812E+03
647	464	2.57826E+03
867	464	2.57826E+03
757	464	2.57837E+03
867	298	2.57855E+03
647	298	2.57870E+03
757	298	2.57870E+03
867	216	2.57874E+03
867	22	2.57883E+03
757	216	2.57892E+03
647	216	2.57895E+03
757	22	2.57902E+03
647	22	2.57908E+03
867	257	2.57924E+03
867	59	2.57935E+03
757	257	2.57940E+03
647	257	2.57942E+03
867	381	2.57950E+03
757	59	2.57954E+03
647	506	2.57958E+03
647	381	2.57958E+03
647	59	2.57960E+03
757	381	2.57964E+03
867	506	2.57965E+03
757	506	2.57974E+03
867	23	2.57979E+03
757	23	2.57997E+03
647	23	2.58003E+03
867	97	2.58016E+03
867	136	2.58030E+03
757	97	2.58034E+03
647	97	2.58040E+03
757	136	2.58049E+03
647	136	2.58054E+03
647	548	2.58063E+03
867	24	2.58073E+03
867	176	2.58076E+03
867	548	2.58078E+03
757	548	2.58084E+03
757	24	2.58092E+03
757	176	2.58094E+03
647	176	2.58098E+03
647	24	2.58098E+03
867	60	2.58101E+03
757	60	2.58120E+03
647	60	2.58126E+03
647	590	2.58139E+03
867	590	2.58163E+03
757	590	2.58166E+03
867	25	2.58168E+03
867	423	2.58179E+03
647	423	2.58180E+03
757	25	2.58186E+03
757	423	2.58190E+03
647	25	2.58192E+03
867	340	2.58195E+03
647	340	2.58206E+03
757	340	2.58209E+03
867	26	2.58263E+03
867	98	2.58281E+03
867	61	2.58281E+03
757	26	2.58282E+03
647	26	2.58288E+03
757	98	2.58299E+03
757	61	2.58300E+03
647	98	2.58305E+03
647	61	2.58306E+03
867	217	2.58322E+03
757	217	2.58339E+03
647	217	2.58342E+03
867	27	2.58362E+03
867	299	2.58362E+03
647	465	2.58371E+03
647	299	2.58376E+03
867	465	2.58376E+03
757	299	2.58377E+03
757	27	2.58381E+03
867	137	2.58381E+03
757	465	2.58385E+03
647	27	2.58387E+03
757	137	2.58399E+03
647	137	2.58404E+03
867	258	2.58415E+03
757	258	2.58431E+03
647	258	2.58432E+03
867	28	2.58465E+03
867	62	2.58478E+03
757	28	2.58483E+03
647	28	2.58489E+03
757	62	2.58497E+03
867	177	2.58499E+03
647	62	2.58503E+03
867	382	2.58505E+03
647	382	2.58509E+03
757	382	2.58517E+03
757	177	2.58517E+03
647	177	2.58521E+03
647	507	2.58527E+03
867	507	2.58541E+03
757	507	2.58547E+03
867	29	2.58573E+03
867	99	2.58575E+03
757	29	2.58591E+03
757	99	2.58593E+03
647	29	2.58597E+03
647	99	2.58599E+03
647	549	2.58648E+03
867	549	2.58672E+03
757	549	2.58675E+03
867	30	2.58687E+03
867	63	2.58698E+03
757	30	2.58706E+03
647	30	2.58712E+03
757	63	2.58716E+03
647	63	2.58722E+03
647	591	2.58733E+03
757	591	2.58768E+03
867	591	2.58768E+03
867	138	2.58773E+03
867	341	2.58773E+03
647	424	2.58775E+03
867	424	2.58778E+03
647	341	2.58781E+03
757	341	2.58786E+03
757	424	2.58788E+03
757	138	2.58791E+03
647	138	2.58796E+03
867	31	2.58809E+03
757	31	2.58828E+03
867	218	2.58830E+03
647	31	2.58834E+03
757	218	2.58847E+03
647	218	2.58849E+03
867	100	2.58906E+03
757	100	2.58925E+03
647	100	2.58931E+03
867	32	2.58940E+03
867	300	2.58943E+03
867	64	2.58943E+03
647	300	2.58955E+03
757	300	2.58958E+03
757	32	2.58959E+03
757	64	2.58962E+03
647	32	2.58965E+03
647	64	2.58968E+03
867	259	2.58974E+03
867	178	2.58977E+03
647	259	2.58990E+03
757	259	2.58990E+03
757	178	2.58994E+03
647	178	2.58998E+03
647	466	2.59000E+03
867	466	2.59012E+03
757	466	2.59019E+03
867	33	2.59083E+03
757	33	2.59102E+03
647	33	2.59108E+03
867	383	2.59143E+03
647	383	2.59144E+03
757	383	2.59154E+03
647	508	2.59183E+03
867	508	2.59204E+03
757	508	2.59208E+03
867	139	2.59215E+03
867	65	2.59222E+03
757	139	2.59234E+03
647	139	2.59238E+03
757	65	2.59241E+03
867	34	2.59241E+03
647	65	2.59247E+03
757	34	2.59260E+03
647	34	2.59266E+03
867	101	2.59284E+03
757	101	2.59303E+03
647	101	2.59308E+03
647	550	2.59321E+03
867	550	2.59354E+03
757	550	2.59354E+03
867	219	2.59405E+03
647	592	2.59414E+03
867	35	2.59418E+03
757	219	2.59422E+03
647	219	2.59423E+03
867	342	2.59435E+03
757	35	2.59437E+03
647	342	2.59439E+03
647	35	2.59443E+03
757	342	2.59447E+03
757	592	2.59456E+03
647	425	2.59459E+03
867	592	2.59460E+03
867	425	2.59467E+03
757	425	2.59475E+03
867	179	2.59516E+03
757	179	2.59534E+03
647	179	2.59537E+03
867	66	2.59540E+03
757	66	2.59559E+03
647	66	2.59565E+03
867	301	2.59607E+03
867	260	2.59611E+03
647	301	2.59616E+03
867	36	2.59619E+03
757	301	2.59621E+03
647	260	2.59625E+03
757	260	2.59626E+03
757	36	2.59638E+03
647	36	2.59644E+03
867	102	2.59717E+03
867	140	2.59719E+03
647	467	2.59722E+03
757	102	2.59735E+03
757	140	2.59737E+03
867	467	2.59740E+03
647	102	2.59741E+03
647	140	2.59741E+03
757	467	2.59745E+03
867	37	2.59848E+03
757	37	2.59867E+03
647	384	2.59869E+03
647	37	2.59873E+03
867	384	2.59873E+03
757	384	2.59883E+03
867	67	2.59907E+03
757	67	2.59926E+03
647	509	2.59931E+03
647	67	2.59932E+03
867	509	2.59961E+03
757	509	2.59962E+03
867	220	2.60057E+03
757	220	2.60074E+03
647	220	2.60074E+03
647	551	2.60085E+03
867	38	2.60111E+03
757	551	2.60125E+03
867	551	2.60128E+03
867	180	2.60129E+03
757	38	2.60130E+03
647	38	2.60136E+03
757	180	2.60146E+03
647	180	2.60149E+03
647	593	2.60183E+03
867	343	2.60188E+03
647	343	2.60189E+03
757	343	2.60199E+03
867	103	2.60213E+03
757	103	2.60232E+03
757	593	2.60234E+03
647	103	2.60237E+03
647	426	2.60238E+03
867	593	2.60242E+03
867	426	2.60252E+03
757	426	2.60258E+03
867	141	2.60293E+03
757	141	2.60312E+03
647	141	2.60316E+03
867	68	2.60330E+03
867	261	2.60333E+03
647	261	2.60345E+03
757	261	2.60348E+03
757	68	2.60349E+03
647	68	2.60355E+03
867	302	2.60360E+03
647	302	2.60366E+03
757	302	2.60373E+03
867	39	2.60413E+03
757	39	2.60432E+03
647	39	2.60438E+03
647	468	2.60540E+03
867	468	2.60566E+03
757	468	2.60569E+03
647	385	2.60692E+03
867	385	2.60701E+03
757	385	2.60709E+03
867	40	2.60759E+03
647	510	2.60775E+03
757	40	2.60778E+03
867	104	2.60783E+03
647	40	2.60784E+03
867	221	2.60795E+03
757	104	2.60802E+03
647	104	2.60807E+03
647	221	2.60811E+03
757	221	2.60812E+03
757	510	2.60813E+03
867	510	2.60815E+03
867	69	2.60817E+03
867	181	2.60824E+03
757	69	2.60836E+03
757	181	2.60841E+03
647	69	2.60842E+03
647	181	2.60843E+03
647	552	2.60942E+03
867	142	2.60949E+03
757	142	2.60968E+03
647	142	2.60972E+03
757	552	2.60991E+03
867	552	2.60998E+03
647	344	2.61037E+03
867	344	2.61039E+03
647	594	2.61042E+03
757	344	2.61050E+03
757	594	2.61103E+03
867	594	2.61115E+03
647	427	2.61116E+03
867	427	2.61137E+03
757	427	2.61141E+03
867	262	2.61148E+03
647	262	2.61158E+03
757	262	2.61162E+03
867	303	2.61209E+03
647	303	2.61213E+03
757	303	2.61222E+03
867	70	2.61375E+03
757	70	2.61394E+03
647	70	2.61399E+03
867	105	2.61433E+03
757	105	2.61452E+03
647	105	2.61457E+03
647	469	2.61458E+03
757	469	2.61492E+03
867	469	2.61492E+03
867	182	2.61610E+03
647	386	2.61616E+03
867	222	2.61627E+03
757	182	2.61628E+03
647	182	2.61629E+03
867	386	2.61630E+03
757	386	2.61637E+03
647	222	2.61642E+03
757	222	2.61643E+03
867	143	2.61695E+03
757	143	2.61713E+03
647	511	2.61716E+03
647	143	2.61717E+03
757	511	2.61762E+03
867	511	2.61767E+03
647	553	2.61893E+03
757	553	2.61951E+03
867	553	2.61962E+03
647	345	2.61986E+03
647	595	2.61987E+03
867	345	2.61993E+03
757	345	2.62002E+03
867	71	2.62008E+03
757	71	2.62027E+03
647	71	2.62033E+03
757	595	2.62059E+03
867	263	2.62061E+03
647	263	2.62069E+03
757	263	2.62075E+03
867	595	2.62077E+03
647	428	2.62096E+03
867	428	2.62124E+03
757	428	2.62126E+03
867	304	2.62160E+03
647	304	2.62161E+03
867	106	2.62170E+03
757	304	2.62171E+03
757	106	2.62188E+03
647	106	2.62193E+03
647	470	2.62474E+03
867	183	2.62495E+03
757	183	2.62512E+03
647	183	2.62513E+03
757	470	2.62516E+03
867	470	2.62519E+03
867	144	2.62536E+03
757	144	2.62554E+03
647	144	2.62558E+03
867	223	2.62558E+03
647	223	2.62571E+03
757	223	2.62574E+03
647	387	2.62642E+03
867	387	2.62663E+03
757	387	2.62667E+03
867	72	2.62720E+03
757	72	2.62739E+03
647	72	2.62745E+03
647	512	2.62752E+03
757	512	2.62806E+03
867	512	2.62815E+03
647	554	2.62931E+03
867	107	2.62997E+03
757	554	2.62999E+03
647	596	2.63013E+03
867	554	2.63015E+03
757	107	2.63016E+03
647	107	2.63021E+03
647	346	2.63037E+03
867	346	2.63050E+03
757	346	2.63057E+03
867	264	2.63076E+03
647	264	2.63081E+03
757	264	2.63089E+03
757	596	2.63097E+03
867	596	2.63120E+03
647	429	2.63176E+03
647	305	2.63210E+03
757	429	2.63212E+03
867	429	2.63213E+03
867	305	2.63214E+03
757	305	2.63224E+03
867	145	2.63474E+03
867	184	2.63479E+03
757	145	2.63492E+03
647	145	2.63495E+03
757	184	2.63495E+03
647	184	2.63496E+03
867	73	2.63512E+03
757	73	2.63531E+03
647	73	2.63537E+03
647	471	2.63586E+03
867	224	2.63590E+03
647	224	2.63601E+03
757	224	2.63605E+03
757	471	2.63635E+03
867	471	2.63642E+03
647	388	2.63769E+03
867	388	2.63796E+03
757	388	2.63799E+03
647	513	2.63876E+03
867	108	2.63916E+03
757	108	2.63935E+03
757	513	2.63939E+03
647	108	2.63940E+03
867	513	2.63953E+03
647	555	2.64049E+03
647	597	2.64109E+03
757	555	2.64128E+03
867	555	2.64149E+03
647	347	2.64189E+03
867	265	2.64192E+03
647	265	2.64195E+03
757	265	2.64204E+03
757	597	2.64206E+03
867	347	2.64207E+03
757	347	2.64212E+03
867	597	2.64235E+03
647	430	2.64351E+03
647	306	2.64360E+03
867	306	2.64367E+03
757	306	2.64376E+03
867	74	2.64382E+03
757	430	2.64393E+03
867	430	2.64397E+03
757	74	2.64401E+03
647	74	2.64407E+03
867	146	2.64504E+03
757	146	2.64522E+03
647	146	2.64525E+03
867	185	2.64560E+03
647	185	2.64576E+03
757	185	2.64576E+03
867	225	2.64720E+03
647	225	2.64730E+03
757	225	2.64735E+03
647	472	2.64785E+03
757	472	2.64843E+03
867	472	2.64853E+03
867	109	2.64921E+03
757	109	2.64940E+03
647	109	2.64945E+03
647	389	2.64989E+03
867	389	2.65025E+03
757	389	2.65025E+03
647	514	2.65078E+03
757	514	2.65152E+03
867	514	2.65170E+03
647	556	2.65235E+03
647	598	2.65263E+03
867	75	2.65325E+03
757	556	2.65327E+03
757	75	2.65344E+03
647	75	2.65349E+03
867	556	2.65353E+03
757	598	2.65374E+03
647	266	2.65402E+03
867	266	2.65403E+03
867	598	2.65410E+03
757	266	2.65414E+03
647	348	2.65434E+03
867	348	2.65458E+03
757	348	2.65462E+03
647	307	2.65603E+03
647	431	2.65611E+03
867	307	2.65615E+03
867	147	2.65620E+03
757	307	2.65622E+03
757	147	2.65638E+03
647	147	2.65640E+03
757	431	2.65661E+03
867	431	2.65667E+03
867	186	2.65730E+03
647	186	2.65744E+03
757	186	2.65746E+03
867	226	2.65940E+03
647	226	2.65948E+03
757	226	2.65954E+03
867	110	2.66004E+03
757	110	2.66023E+03
647	110	2.66028E+03
647	473	2.66061E+03
757	473	2.66126E+03
867	473	2.66141E+03
647	390	2.66294E+03
867	76	2.66332E+03
757	390	2.66335E+03
867	390	2.66338E+03
647	515	2.66346E+03
757	76	2.66352E+03
647	76	2.66357E+03
757	515	2.66430E+03
867	515	2.66453E+03
647	599	2.66462E+03
647	557	2.66477E+03
757	557	2.66580E+03
757	599	2.66587E+03
867	557	2.66613E+03
867	599	2.66630E+03
647	267	2.66695E+03
867	267	2.66699E+03
757	267	2.66709E+03
647	349	2.66762E+03
867	349	2.66792E+03
757	349	2.66794E+03
867	148	2.66809E+03
757	148	2.66827E+03
647	148	2.66829E+03
647	308	2.66929E+03
647	432	2.66945E+03
867	308	2.66945E+03
757	308	2.66951E+03
867	187	2.66975E+03
647	187	2.66989E+03
757	187	2.66991E+03
757	432	2.67002E+03
867	432	2.67012E+03
867	111	2.67151E+03
757	111	2.67170E+03
647	111	2.67174E+03
867	227	2.67237E+03
647	227	2.67242E+03
757	227	2.67250E+03
867	77	2.67394E+03
647	474	2.67398E+03
757	77	2.67413E+03
647	77	2.67418E+03
757	474	2.67473E+03
867	474	2.67491E+03
647	516	2.67665E+03
647	391	2.67669E+03
647	600	2.67689E+03
757	391	2.67717E+03
867	391	2.67722E+03
647	558	2.67758E+03
757	516	2.67759E+03
867	516	2.67787E+03
757	600	2.67830E+03
757	558	2.67874E+03
867	600	2.67879E+03
867	558	2.67913E+03
867	149	2.68056E+03
647	268	2.68058E+03
867	268	2.68066E+03
757	149	2.68073E+03
647	149	2.68075E+03
757	268	2.68075E+03
647	350	2.68159E+03
757	350	2.68196E+03
867	350	2.68196E+03
867	188	2.68281E+03
647	188	2.68293E+03
757	188	2.68296E+03
647	309	2.68323E+03
647	433	2.68338E+03
867	112	2.68344E+03
867	309	2.68345E+03
757	309	2.68350E+03
757	112	2.68363E+03
647	112	2.68367E+03
757	433	2.68402E+03
867	433	2.68416E+03
867	78	2.68496E+03
757	78	2.68515E+03
647	78	2.68521E+03
867	228	2.68596E+03
647	228	2.68599E+03
757	228	2.68609E+03
647	475	2.68782E+03
757	475	2.68866E+03
867	475	2.68889E+03
647	601	2.68931E+03
647	517	2.69018E+03
647	559	2.69063E+03
757	601	2.69087E+03
647	392	2.69101E+03
757	517	2.69124E+03
867	601	2.69143E+03
757	392	2.69155E+03
867	517	2.69158E+03
867	392	2.69163E+03
757	559	2.69193E+03
867	559	2.69237E+03
867	150	2.69342E+03
757	150	2.69360E+03
647	150	2.69361E+03
647	269	2.69477E+03
867	269	2.69488E+03
757	269	2.69496E+03
867	113	2.69567E+03
757	113	2.69586E+03
647	113	2.69590E+03
647	351	2.69610E+03
867	79	2.69624E+03
867	189	2.69629E+03
647	189	2.69640E+03
757	79	2.69643E+03
757	189	2.69644E+03
647	79	2.69649E+03
757	351	2.69652E+03
867	351	2.69654E+03
647	310	2.69771E+03
647	434	2.69773E+03
867	310	2.69798E+03
757	310	2.69801E+03
757	434	2.69846E+03
867	434	2.69863E+03
867	229	2.70000E+03
647	229	2.70000E+03
757	229	2.70011E+03
647	602	2.70174E+03
647	476	2.70196E+03
757	476	2.70291E+03
867	476	2.70318E+03
757	602	2.70345E+03
647	560	2.70377E+03
647	518	2.70391E+03
867	602	2.70409E+03
757	518	2.70509E+03
757	560	2.70521E+03
867	518	2.70548E+03
867	560	2.70571E+03
647	393	2.70572E+03
757	393	2.70632E+03
867	393	2.70644E+03
867	151	2.70653E+03
757	151	2.70670E+03
647	151	2.70670E+03
867	80	2.70763E+03
757	80	2.70783E+03
647	80	2.70788E+03
867	114	2.70803E+03
757	114	2.70822E+03
647	114	2.70825E+03
647	270	2.70934E+03
867	270	2.70949E+03
757	270	2.70956E+03
867	190	2.71003E+03
647	190	2.71013E+03
757	190	2.71018E+03
647	352	2.71099E+03
757	352	2.71146E+03
867	352	2.71150E+03
647	435	2.71236E+03
647	311	2.71256E+03
867	311	2.71289E+03
757	311	2.71290E+03
757	435	2.71317E+03
867	435	2.71338E+03
647	603	2.71407E+03
647	230	2.71430E+03
867	230	2.71432E+03
757	230	2.71443E+03
757	603	2.71593E+03
647	477	2.71626E+03
867	603	2.71664E+03
647	561	2.71688E+03
757	477	2.71730E+03
867	477	2.71762E+03
647	519	2.71768E+03
757	561	2.71845E+03
757	519	2.71898E+03
867	81	2.71900E+03
867	561	2.71902E+03
757	81	2.71919E+03
647	81	2.71924E+03
867	519	2.71942E+03
867	152	2.71969E+03
647	152	2.71987E+03
757	152	2.71987E+03
867	115	2.72036E+03
757	115	2.72055E+03
647	115	2.72058E+03
647	394	2.72067E+03
757	394	2.72134E+03
867	394	2.72148E+03
867	191	2.72389E+03
647	191	2.72398E+03
757	191	2.72404E+03
647	271	2.72414E+03
867	271	2.72433E+03
757	271	2.72439E+03
647	353	2.72609E+03
647	604	2.72620E+03
757	353	2.72662E+03
867	353	2.72669E+03
647	436	2.72710E+03
647	312	2.72763E+03
757	436	2.72799E+03
757	312	2.72801E+03
867	312	2.72801E+03
757	604	2.72822E+03
867	436	2.72824E+03
647	231	2.72873E+03
867	231	2.72878E+03
757	231	2.72888E+03
867	604	2.72900E+03
647	562	2.72984E+03
647	478	2.73056E+03
647	520	2.73138E+03
757	562	2.73155E+03
757	478	2.73171E+03
867	478	2.73208E+03
867	562	2.73218E+03
867	116	2.73253E+03
757	116	2.73272E+03
647	116	2.73276E+03
867	153	2.73279E+03
757	520	2.73280E+03
647	153	2.73296E+03
757	153	2.73296E+03
867	520	2.73330E+03
647	395	2.73572E+03
757	395	2.73645E+03
867	395	2.73663E+03
867	192	2.73773E+03
647	192	2.73780E+03
757	192	2.73788E+03
647	605	2.73810E+03
647	272	2.73904E+03
867	272	2.73927E+03
757	272	2.73931E+03
757	605	2.74027E+03
867	605	2.74112E+03
647	354	2.74128E+03
647	437	2.74182E+03
757	354	2.74185E+03
867	354	2.74195E+03
647	563	2.74259E+03
647	313	2.74277E+03
757	437	2.74280E+03
867	437	2.74308E+03
647	232	2.74318E+03
757	313	2.74319E+03
867	313	2.74321E+03
867	232	2.74325E+03
757	232	2.74335E+03
757	563	2.74443E+03
867	117	2.74447E+03
757	117	2.74466E+03
647	117	2.74469E+03
647	479	2.74476E+03
647	521	2.74491E+03
867	563	2.74513E+03
867	154	2.74571E+03
647	154	2.74587E+03
757	154	2.74588E+03
757	479	2.74601E+03
867	479	2.74643E+03
757	521	2.74645E+03
867	521	2.74700E+03
647	606	2.74974E+03
647	396	2.75072E+03
867	193	2.75146E+03
647	193	2.75152E+03
757	396	2.75153E+03
757	193	2.75160E+03
867	396	2.75173E+03
757	606	2.75206E+03
867	606	2.75299E+03
647	273	2.75392E+03
867	273	2.75418E+03
757	273	2.75422E+03
647	564	2.75508E+03
867	118	2.75612E+03
757	118	2.75631E+03
647	118	2.75634E+03
647	438	2.75641E+03
647	355	2.75642E+03
757	355	2.75705E+03
757	564	2.75706E+03
867	355	2.75717E+03
757	438	2.75748E+03
647	233	2.75755E+03
867	233	2.75764E+03
757	233	2.75773E+03
867	438	2.75781E+03
867	564	2.75782E+03
647	314	2.75788E+03
647	522	2.75820E+03
757	314	2.75834E+03
867	314	2.75838E+03
867	155	2.75838E+03
647	155	2.75853E+03
757	155	2.75855E+03
647	480	2.75877E+03
757	522	2.75986E+03
757	480	2.76012E+03
867	522	2.76047E+03
867	480	2.76058E+03
647	607	2.76115E+03
757	607	2.76362E+03
867	607	2.76462E+03
867	194	2.76502E+03
647	194	2.76507E+03
757	194	2.76516E+03
647	397	2.76560E+03
757	397	2.76647E+03
867	397	2.76671E+03
647	565	2.76732E+03
867	119	2.76747E+03
757	119	2.76766E+03
647	119	2.76768E+03
647	274	2.76869E+03
867	274	2.76900E+03
757	274	2.76902E+03
757	565	2.76943E+03
867	565	2.77026E+03
867	156	2.77079E+03
647	439	2.77081E+03
647	156	2.77094E+03
757	156	2.77096E+03
647	523	2.77124E+03
647	356	2.77144E+03
647	234	2.77178E+03
867	234	2.77190E+03
757	439	2.77196E+03
757	234	2.77199E+03
757	356	2.77212E+03
867	356	2.77226E+03
867	439	2.77233E+03
647	608	2.77237E+03
647	481	2.77255E+03
647	315	2.77287E+03
757	523	2.77302E+03
757	315	2.77337E+03
867	315	2.77342E+03
867	523	2.77368E+03
757	481	2.77400E+03
867	481	2.77450E+03
757	608	2.77498E+03
867	608	2.77605E+03
867	195	2.77839E+03
647	195	2.77842E+03
757	195	2.77852E+03
867	120	2.77853E+03
757	120	2.77872E+03
647	120	2.77874E+03
647	566	2.77933E+03
647	398	2.78028E+03
757	398	2.78123E+03
867	398	2.78149E+03
757	566	2.78157E+03
867	566	2.78246E+03
867	157	2.78296E+03
647	157	2.78310E+03
757	157	2.78313E+03
647	275	2.78333E+03
647	609	2.78344E+03
867	275	2.78367E+03
757	275	2.78368E+03
647	524	2.78403E+03
647	440	2.78498E+03
647	235	2.78587E+03
757	524	2.78592E+03
867	235	2.78601E+03
647	482	2.78607E+03
757	235	2.78609E+03
757	609	2.78620E+03
757	440	2.78622E+03
647	357	2.78627E+03
867	440	2.78662E+03
867	524	2.78664E+03
757	357	2.78701E+03
867	357	2.78718E+03
867	609	2.78734E+03
757	482	2.78762E+03
647	316	2.78770E+03
867	482	2.78817E+03
757	316	2.78824E+03
867	316	2.78831E+03
867	121	2.78935E+03
757	121	2.78954E+03
647	121	2.78956E+03
647	567	2.79115E+03
867	196	2.79158E+03
647	196	2.79159E+03
757	196	2.79170E+03
757	567	2.79353E+03
647	610	2.79445E+03
867	567	2.79448E+03
647	399	2.79475E+03
867	158	2.79495E+03
647	158	2.79508E+03
757	158	2.79511E+03
757	399	2.79576E+03
867	399	2.79605E+03
647	525	2.79659E+03
757	610	2.79736E+03
647	276	2.79781E+03
757	276	2.79819E+03
867	276	2.79820E+03
867	610	2.79857E+03
757	525	2.79860E+03
647	441	2.79891E+03
647	483	2.79934E+03
867	525	2.79937E+03
647	236	2.79981E+03
867	122	2.79997E+03
867	236	2.79998E+03
757	236	2.80004E+03
757	122	2.80016E+03
647	122	2.80019E+03
757	441	2.80023E+03
867	441	2.80067E+03
647	358	2.80091E+03
757	483	2.80100E+03
867	483	2.80160E+03
757	358	2.80170E+03
867	358	2.80189E+03
647	317	2.80236E+03
647	568	2.80284E+03
757	317	2.80294E+03
867	317	2.80303E+03
867	197	2.80463E+03
647	197	2.80464E+03
757	197	2.80476E+03
757	568	2.80535E+03
647	611	2.80547E+03
867	568	2.80637E+03
867	159	2.80682E+03
647	159	2.80695E+03
757	159	2.80698E+03
757	611	2.80853E+03
647	526	2.80899E+03
647	400	2.80899E+03
867	611	2.80982E+03
757	400	2.81007E+03
867	400	2.81040E+03
757	526	2.81111E+03
867	526	2.81193E+03
647	277	2.81215E+03
647	484	2.81242E+03
757	277	2.81256E+03
867	277	2.81258E+03
647	442	2.81262E+03
647	237	2.81363E+03
867	237	2.81383E+03
757	237	2.81389E+03
757	442	2.81402E+03
757	484	2.81417E+03
647	569	2.81449E+03
867	442	2.81450E+03
867	484	2.81481E+03
647	359	2.81535E+03
757	359	2.81620E+03
867	359	2.81641E+03
647	612	2.81659E+03
647	318	2.81685E+03
757	569	2.81713E+03
757	318	2.81747E+03
867	318	2.81758E+03
647	198	2.81760E+03
867	198	2.81761E+03
757	198	2.81773E+03
867	569	2.81821E+03
867	160	2.81864E+03
647	160	2.81877E+03
757	160	2.81881E+03
757	612	2.81980E+03
867	612	2.82117E+03
647	527	2.82126E+03
647	401	2.82304E+03
757	527	2.82350E+03
757	401	2.82418E+03
867	527	2.82438E+03
867	401	2.82454E+03
647	485	2.82533E+03
647	443	2.82613E+03
647	570	2.82616E+03
647	278	2.82638E+03
757	278	2.82681E+03
867	278	2.82684E+03
757	485	2.82718E+03
647	238	2.82738E+03
867	238	2.82760E+03
757	443	2.82762E+03
757	238	2.82766E+03
867	485	2.82787E+03
647	613	2.82791E+03
867	443	2.82814E+03
757	570	2.82894E+03
647	360	2.82963E+03
867	570	2.83008E+03
867	161	2.83046E+03
757	360	2.83052E+03
647	199	2.83054E+03
867	199	2.83056E+03
647	161	2.83058E+03
757	161	2.83063E+03
757	199	2.83068E+03
867	360	2.83076E+03
647	319	2.83120E+03
757	613	2.83129E+03
757	319	2.83185E+03
867	319	2.83198E+03
867	613	2.83273E+03
647	528	2.83350E+03
757	528	2.83586E+03
867	528	2.83679E+03
647	402	2.83691E+03
647	571	2.83795E+03
757	402	2.83813E+03
647	486	2.83814E+03
867	402	2.83852E+03
647	444	2.83950E+03
647	614	2.83956E+03
757	486	2.84009E+03
647	279	2.84050E+03
867	486	2.84083E+03
757	571	2.84086E+03
757	279	2.84097E+03
867	279	2.84101E+03
757	444	2.84107E+03
647	239	2.84108E+03
867	239	2.84133E+03
757	239	2.84137E+03
867	444	2.84163E+03
867	571	2.84208E+03
867	162	2.84231E+03
647	162	2.84242E+03
757	162	2.84247E+03
757	614	2.84310E+03
647	200	2.84348E+03
867	200	2.84352E+03
757	200	2.84363E+03
647	361	2.84375E+03
867	614	2.84464E+03
757	361	2.84470E+03
867	361	2.84496E+03
647	320	2.84542E+03
647	529	2.84578E+03
757	320	2.84612E+03
867	320	2.84626E+03
757	529	2.84825E+03
867	529	2.84925E+03
647	572	2.84996E+03
647	403	2.85066E+03
647	487	2.85091E+03
757	403	2.85194E+03
867	403	2.85236E+03
647	445	2.85277E+03
757	487	2.85296E+03
757	572	2.85302E+03
867	487	2.85375E+03
867	163	2.85420E+03
647	163	2.85431E+03
867	572	2.85431E+03
757	163	2.85436E+03
757	445	2.85443E+03
647	280	2.85455E+03
647	240	2.85475E+03
867	240	2.85501E+03
867	445	2.85502E+03
757	280	2.85505E+03
757	240	2.85505E+03
867	280	2.85509E+03
647	201	2.85644E+03
867	201	2.85649E+03
757	201	2.85660E+03
647	362	2.85776E+03
647	530	2.85818E+03
757	362	2.85876E+03
867	362	2.85905E+03
647	321	2.85955E+03
757	321	2.86029E+03
867	321	2.86045E+03
757	530	2.86077E+03
867	530	2.86183E+03
647	573	2.86232E+03
647	488	2.86373E+03
647	404	2.86431E+03
757	573	2.86552E+03
757	404	2.86566E+03
757	488	2.86588E+03
647	446	2.86601E+03
867	404	2.86612E+03
867	488	2.86672E+03
867	573	2.86689E+03
757	446	2.86775E+03
647	241	2.86838E+03
867	446	2.86839E+03
647	281	2.86854E+03
867	241	2.86867E+03
757	241	2.86870E+03
757	281	2.86906E+03
867	281	2.86912E+03
647	202	2.86943E+03
867	202	2.86950E+03
757	202	2.86960E+03
647	531	2.87081E+03
647	363	2.87169E+03
757	363	2.87274E+03
867	363	2.87306E+03
757	531	2.87353E+03
647	322	2.87360E+03
757	322	2.87438E+03
867	322	2.87456E+03
867	531	2.87465E+03
647	489	2.87667E+03
647	405	2.87792E+03
757	489	2.87892E+03
647	447	2.87928E+03
757	405	2.87934E+03
867	489	2.87982E+03
867	405	2.87983E+03
757	447	2.88110E+03
867	447	2.88178E+03
647	242	2.88199E+03
867	242	2.88231E+03
757	242	2.88233E+03
647	203	2.88244E+03
647	282	2.88247E+03
867	203	2.88252E+03
757	203	2.88263E+03
757	282	2.88302E+03
867	282	2.88310E+03
647	532	2.88380E+03
647	364	2.88556E+03
757	532	2.88665E+03
757	364	2.88667E+03
867	364	2.88701E+03
647	323	2.88760E+03
867	532	2.88785E+03
757	323	2.88842E+03
867	323	2.88861E+03
647	490	2.88984E+03
647	406	2.89154E+03
757	490	2.89220E+03
647	448	2.89266E+03
757	406	2.89303E+03
867	490	2.89315E+03
867	406	2.89355E+03
757	448	2.89457E+03
867	448	2.89530E+03
647	204	2.89550E+03
647	243	2.89559E+03
867	204	2.89559E+03
757	204	2.89569E+03
867	243	2.89594E+03
757	243	2.89595E+03
647	283	2.89638E+03
757	283	2.89696E+03
867	283	2.89704E+03
647	365	2.89942E+03
757	365	2.90059E+03
867	365	2.90096E+03
647	324	2.90157E+03
757	324	2.90243E+03
867	324	2.90265E+03
647	491	2.90337E+03
647	407	2.90526E+03
757	491	2.90585E+03
647	449	2.90626E+03
757	407	2.90682E+03
867	491	2.90685E+03
867	407	2.90738E+03
757	449	2.90827E+03
867	449	2.90904E+03
647	244	2.90921E+03
867	244	2.90959E+03
757	244	2.90960E+03
647	284	2.91028E+03
757	284	2.91089E+03
867	284	2.91099E+03
647	366	2.91334E+03
757	366	2.91457E+03
867	366	2.91496E+03
647	325	2.91556E+03
757	325	2.91647E+03
867	325	2.91670E+03
647	408	2.91916E+03
647	450	2.92020E+03
757	408	2.92079E+03
867	408	2.92139E+03
757	450	2.92230E+03
647	245	2.92290E+03
867	450	2.92312E+03
867	245	2.92330E+03
757	245	2.92330E+03
647	285	2.92423E+03
757	285	2.92487E+03
867	285	2.92499E+03
647	367	2.92740E+03
757	367	2.92868E+03
867	367	2.92910E+03
647	326	2.92964E+03
757	326	2.93059E+03
867	326	2.93085E+03
647	409	2.93336E+03
757	409	2.93507E+03
867	409	2.93571E+03
647	286	2.93829E+03
757	286	2.93896E+03
867	286	2.93909E+03
647	368	2.94170E+03
757	368	2.94304E+03
867	368	2.94349E+03
647	327	2.94389E+03
757	327	2.94488E+03
867	327	2.94516E+03
2607	574	3.04735E+03
2607	533	3.04750E+03
2607	575	3.04754E+03
2713	574	3.04763E+03
2607	492	3.04767E+03
2607	534	3.04772E+03
2501	574	3.04774E+03
2607	576	3.04777E+03
2713	533	3.04778E+03
2713	575	3.04781E+03
2607	451	3.04787E+03
2501	533	3.04789E+03
2501	575	3.04793E+03
2607	493	3.04794E+03
2713	492	3.04795E+03
2713	534	3.04800E+03
2607	535	3.04800E+03
2713	576	3.04805E+03
2607	577	3.04806E+03
2501	492	3.04807E+03
2607	410	3.04809E+03
2501	534	3.04812E+03
2713	451	3.04815E+03
2501	576	3.04816E+03
2607	452	3.04819E+03
2713	493	3.04822E+03
2501	451	3.04826E+03
2607	494	3.04828E+03
2713	535	3.04828E+03
2501	493	3.04833E+03
2607	369	3.04833E+03
2713	577	3.04834E+03
2607	536	3.04836E+03
2713	410	3.04837E+03
2501	535	3.04839E+03
2607	578	3.04843E+03
2501	577	3.04845E+03
2607	411	3.04846E+03
2713	452	3.04847E+03
2501	410	3.04848E+03
2713	494	3.04856E+03
2501	452	3.04858E+03
2607	328	3.04858E+03
2607	453	3.04858E+03
2713	369	3.04861E+03
2713	536	3.04864E+03
2501	494	3.04867E+03
2607	495	3.04869E+03
2713	578	3.04871E+03
2501	369	3.04872E+03
2501	536	3.04874E+03
2713	411	3.04874E+03
2607	370	3.04876E+03
2607	537	3.04879E+03
2501	578	3.04881E+03
2607	287	3.04883E+03
2501	411	3.04885E+03
2713	328	3.04885E+03
2713	453	3.04886E+03
2607	579	3.04888E+03
2607	412	3.04892E+03
2501	328	3.04897E+03
2501	453	3.04897E+03
2713	495	3.04898E+03
2713	370	3.04903E+03
2607	246	3.04906E+03
2607	329	3.04906E+03
2501	495	3.04908E+03
2607	454	3.04908E+03
2713	537	3.04908E+03
2713	287	3.04910E+03
2501	370	3.04915E+03
2607	0	3.04915E+03
2713	579	3.04917E+03
2501	537	3.04918E+03
2713	412	3.04920E+03
2501	287	3.04922E+03
2607	496	3.04922E+03
2501	579	3.04926E+03
2607	205	3.04926E+03
2607	371	3.04929E+03
2501	412	3.04931E+03
2713	246	3.04934E+03
2607	538	3.04934E+03
2713	329	3.04934E+03
2713	454	3.04936E+03
2607	288	3.04937E+03
2607	164	3.04941E+03
2713	0	3.04942E+03
2607	41	3.04945E+03
2607	580	3.04945E+03
2501	246	3.04946E+03
2501	329	3.04946E+03
2501	454	3.04946E+03
2607	123	3.04950E+03
2607	413	3.04950E+03
2713	496	3.04950E+03
2607	82	3.04952E+03
2713	205	3.04954E+03
2501	0	3.04955E+03
2713	371	3.04957E+03
2501	496	3.04960E+03
2713	538	3.04963E+03
2713	288	3.04965E+03
2607	247	3.04965E+03
2501	205	3.04966E+03
2607	1	3.04966E+03
2607	330	3.04967E+03
2501	371	3.04968E+03
2713	164	3.04968E+03
2607	455	3.04969E+03
2501	538	3.04972E+03
2713	41	3.04972E+03
2713	580	3.04974E+03
2501	288	3.04976E+03
2713	123	3.04977E+03
2713	413	3.04978E+03
2713	82	3.04980E+03
2501	164	3.04981E+03
2501	580	3.04983E+03
2501	41	3.04985E+03
2607	497	3.04987E+03
2607	206	3.04988E+03
2501	413	3.04989E+03
2501	123	3.04990E+03
2501	82	3.04992E+03
2713	247	3.04993E+03
2713	1	3.04994E+03
2713	330	3.04995E+03
2607	372	3.04995E+03
2713	455	3.04997E+03
2607	539	3.05002E+03
2607	289	3.05004E+03
2607	42	3.05004E+03
2501	247	3.05005E+03
2607	165	3.05005E+03
2501	330	3.05006E+03
2501	1	3.05006E+03
2501	455	3.05007E+03
2607	124	3.05014E+03
2607	83	3.05014E+03
2713	497	3.05015E+03
2607	581	3.05016E+03
2713	206	3.05016E+03
2607	414	3.05021E+03
2713	372	3.05023E+03
2501	497	3.05024E+03
2607	2	3.05026E+03
2501	206	3.05028E+03
2713	539	3.05031E+03
2713	42	3.05031E+03
2713	289	3.05032E+03
2713	165	3.05033E+03
2501	372	3.05034E+03
2607	248	3.05037E+03
