GRAM	c2h2	chi_tot
6462	375	3.90654E+01
6462	425	3.91044E+01
6559	375	3.91423E+01
6462	374	3.91634E+01
6559	425	3.91657E+01
6462	426	3.92158E+01
6559	374	3.92256E+01
6462	335	3.92330E+01
6559	426	3.93054E+01
6559	335	3.93079E+01
6462	334	3.93772E+01
6462	376	3.93917E+01
6462	465	3.93999E+01
6559	334	3.94465E+01
6559	465	3.94474E+01
6462	336	3.94482E+01
6559	376	3.94847E+01
6462	466	3.95013E+01
6462	424	3.95020E+01
6559	336	3.95296E+01
6559	424	3.95380E+01
6559	466	3.95934E+01
6462	286	3.96417E+01
6462	373	3.96981E+01
6559	286	3.97169E+01
6559	373	3.97472E+01
6462	427	3.98287E+01
6462	285	3.98636E+01
6462	464	3.98874E+01
6462	333	3.98949E+01
6559	464	3.98949E+01
6462	557	3.99184E+01
6559	285	3.99387E+01
6559	427	3.99493E+01
6559	333	3.99593E+01
6559	557	3.99845E+01
6462	337	4.00128E+01
6462	556	4.00826E+01
6559	556	4.00872E+01
6559	337	4.01014E+01
6462	377	4.01355E+01
6462	467	4.01836E+01
6559	377	4.02463E+01
6559	467	4.03249E+01
6462	558	4.04034E+01
6462	284	4.04072E+01
6462	423	4.04223E+01
6559	423	4.04355E+01
6559	284	4.04826E+01
6559	558	4.05376E+01
6462	372	4.06881E+01
6559	600	4.07121E+01
6462	600	4.07169E+01
6559	372	4.07256E+01
6462	601	4.07297E+01
6462	332	4.08040E+01
6559	601	4.08103E+01
6559	555	4.08590E+01
6559	332	4.08642E+01
6462	555	4.09090E+01
6462	338	4.09206E+01
6462	428	4.09401E+01
6559	463	4.09478E+01
6462	463	4.09757E+01
6559	338	4.10170E+01
6559	428	4.10946E+01
6462	283	4.12890E+01
6462	378	4.12960E+01
6559	599	4.13307E+01
6559	283	4.13650E+01
6462	599	4.14116E+01
6559	378	4.14260E+01
6462	602	4.14275E+01
6462	468	4.14401E+01
6462	559	4.15231E+01
6559	641	4.15782E+01
6559	602	4.16026E+01
6462	641	4.16101E+01
6462	642	4.16315E+01
6559	468	4.16351E+01
6559	642	4.17093E+01
6559	559	4.17323E+01
6559	422	4.18783E+01
6462	422	4.18848E+01
6462	331	4.21271E+01
6462	371	4.21579E+01
6559	331	4.21839E+01
6559	371	4.21854E+01
6559	640	4.21911E+01
6559	554	4.23141E+01
6462	640	4.23207E+01
6462	643	4.23501E+01
6462	554	4.24118E+01
6462	282	4.25276E+01
6559	643	4.25485E+01
6462	429	4.25512E+01
6462	683	4.25655E+01
6559	282	4.26046E+01
6559	682	4.26089E+01
6559	683	4.26096E+01
6559	462	4.26229E+01
6462	462	4.26814E+01
6559	598	4.26859E+01
6462	682	4.26968E+01
6559	429	4.27424E+01
6462	603	4.27830E+01
6462	598	4.28332E+01
6462	379	4.28769E+01
6559	379	4.30277E+01
6559	603	4.30610E+01
6462	684	4.31282E+01
6462	560	4.32599E+01
6462	469	4.32636E+01
6559	684	4.33173E+01
6559	681	4.33628E+01
6559	469	4.35170E+01
6559	560	4.35503E+01
6559	724	4.35554E+01
6462	681	4.35685E+01
6559	639	4.35772E+01
6462	724	4.35863E+01
6462	644	4.37246E+01
6462	639	4.37922E+01
6559	723	4.38229E+01
6462	725	4.38519E+01
6559	421	4.38915E+01
6462	330	4.38918E+01
6462	421	4.39148E+01
6559	330	4.39462E+01
6559	725	4.39868E+01
6462	723	4.40046E+01
6559	644	4.40539E+01
6462	370	4.41372E+01
6462	281	4.41440E+01
6559	370	4.41565E+01
6559	281	4.42224E+01
6462	685	4.43323E+01
6559	553	4.44685E+01
6462	553	4.46065E+01
6462	234	4.46346E+01
6559	765	4.46556E+01
6462	430	4.46648E+01
6462	766	4.46759E+01
6559	685	4.46780E+01
6559	766	4.47034E+01
6559	234	4.47272E+01
6462	726	4.47407E+01
6462	604	4.47627E+01
6559	597	4.47945E+01
6462	765	4.48098E+01
6559	722	4.48460E+01
6462	380	4.48850E+01
6559	430	4.48958E+01
6559	680	4.49108E+01
6559	461	4.49402E+01
6462	597	4.49981E+01
6462	461	4.50246E+01
6559	726	4.50542E+01
6559	380	4.50582E+01
6462	767	4.51488E+01
6559	604	4.51516E+01
6462	722	4.51622E+01
6462	680	4.52190E+01
6559	764	4.52970E+01
6559	767	4.53723E+01
6462	561	4.55910E+01
6462	764	4.56164E+01
6559	807	4.56309E+01
6462	470	4.56456E+01
6462	645	4.57075E+01
6559	638	4.57584E+01
6462	808	4.57612E+01
6462	807	4.57678E+01
6559	808	4.58324E+01
6559	470	4.59618E+01
6559	561	4.59689E+01
6559	806	4.60394E+01
6462	638	4.60457E+01
6462	686	4.61202E+01
6462	329	4.61293E+01
6462	768	4.61606E+01
6462	280	4.61614E+01
6559	645	4.61769E+01
6559	329	4.61821E+01
6462	727	4.61886E+01
6559	280	4.62417E+01
6462	809	4.62791E+01
6462	233	4.63651E+01
6462	806	4.63688E+01
6559	233	4.64611E+01
6559	420	4.65019E+01
6462	420	4.65390E+01
6559	809	4.65715E+01
6559	768	4.65921E+01
6559	686	4.66325E+01
6462	369	4.66575E+01
6559	369	4.66703E+01
6559	721	4.66716E+01
6559	763	4.66901E+01
6559	727	4.66917E+01
6462	721	4.71040E+01
6559	805	4.71288E+01
6462	763	4.71557E+01
6462	810	4.72528E+01
6559	679	4.72799E+01
6462	431	4.72834E+01
6462	605	4.73272E+01
6559	552	4.73354E+01
6462	552	4.75065E+01
6559	431	4.75570E+01
6462	805	4.76319E+01
6462	769	4.76432E+01
6559	596	4.76668E+01
6462	679	4.76744E+01
6559	810	4.77768E+01
6559	605	4.78344E+01
6462	596	4.79166E+01
6559	460	4.79188E+01
6462	460	4.80240E+01
6462	728	4.81300E+01
6462	646	4.82468E+01
6559	769	4.82924E+01
6462	687	4.84311E+01
6462	232	4.84377E+01
6462	562	4.84899E+01
6559	232	4.85374E+01
6462	471	4.85748E+01
6462	279	4.86044E+01
6462	811	4.86160E+01
6559	279	4.86870E+01
6559	637	4.87444E+01
6559	728	4.88319E+01
6559	646	4.88643E+01
6462	328	4.88701E+01
6559	762	4.88849E+01
6559	328	4.89224E+01
6559	471	4.89580E+01
6559	562	4.89610E+01
6559	804	4.89630E+01
6462	637	4.90904E+01
6559	687	4.91189E+01
6559	720	4.93297E+01
6559	811	4.93794E+01
6462	762	4.94756E+01
6462	770	4.95301E+01
6462	804	4.96183E+01
6559	419	4.97318E+01
6462	368	4.97459E+01
6559	368	4.97542E+01
6462	419	4.97794E+01
6462	720	4.98587E+01
6462	812	5.03069E+01
6559	770	5.04042E+01
6462	432	5.04056E+01
6462	606	5.04338E+01
6559	678	5.04795E+01
6462	729	5.04994E+01
6559	432	5.07246E+01
6462	231	5.08690E+01
6559	551	5.09198E+01
6462	678	5.09431E+01
6559	231	5.09724E+01
6559	606	5.10659E+01
6462	551	5.11162E+01
6462	688	5.12036E+01
6462	647	5.12881E+01
6559	595	5.13012E+01
6559	812	5.13151E+01
6559	729	5.14074E+01
6462	278	5.14963E+01
6559	459	5.15685E+01
6559	278	5.15816E+01
6462	595	5.15866E+01
6559	803	5.15904E+01
6462	459	5.16893E+01
6462	771	5.17581E+01
6559	761	5.19104E+01
6462	563	5.19268E+01
6462	472	5.20359E+01
6559	647	5.20610E+01
6559	688	5.20741E+01
6462	327	5.21379E+01
6559	327	5.21907E+01
6462	813	5.22710E+01
6462	803	5.23736E+01
6559	472	5.24904E+01
6559	563	5.24966E+01
6559	636	5.25273E+01
6462	761	5.26031E+01
6559	719	5.28271E+01
6559	771	5.28626E+01
6462	636	5.29181E+01
6462	730	5.32341E+01
6462	367	5.34178E+01
6559	367	5.34236E+01
6462	719	5.34320E+01
6559	813	5.35275E+01
6559	418	5.35907E+01
6462	418	5.36453E+01
6462	230	5.36736E+01
6559	230	5.37810E+01
6462	607	5.40386E+01
6462	772	5.42710E+01
6559	730	5.43535E+01
6462	689	5.43776E+01
6462	814	5.44626E+01
6559	677	5.44953E+01
6462	648	5.47776E+01
6559	607	5.48014E+01
6462	277	5.48539E+01
6559	277	5.49425E+01
6462	677	5.50105E+01
6559	802	5.50348E+01
6559	550	5.52099E+01
6462	550	5.54241E+01
6559	689	5.54364E+01
6559	772	5.56095E+01
6559	594	5.56772E+01
6559	648	5.57116E+01
6559	760	5.57679E+01
6462	564	5.58697E+01
6559	458	5.58829E+01
6462	802	5.59194E+01
6462	326	5.59424E+01
6559	814	5.59694E+01
6462	594	5.59876E+01
6559	326	5.59969E+01
6462	473	5.60090E+01
6462	458	5.60139E+01
6462	731	5.62761E+01
6462	760	5.65382E+01
6559	473	5.65386E+01
6559	564	5.65429E+01
6462	229	5.68616E+01
6559	229	5.69732E+01
6462	773	5.70211E+01
6559	635	5.70767E+01
6559	718	5.71423E+01
6462	635	5.74983E+01
6559	731	5.76108E+01
6462	366	5.76700E+01
6559	366	5.76754E+01
6462	718	5.78018E+01
10017	225	5.78273E+01
9931	225	5.78645E+01
10017	226	5.78929E+01
6462	690	5.78957E+01
9931	226	5.79323E+01
10017	273	5.79446E+01
9931	273	5.79828E+01
10017	140	5.80327E+01
10017	274	5.80580E+01
6559	417	5.80690E+01
9931	140	5.80690E+01
10017	224	5.80874E+01
6462	608	5.80970E+01
9931	274	5.80973E+01
10017	141	5.80975E+01
9931	224	5.81223E+01
6462	417	5.81270E+01
9931	141	5.81361E+01
10017	139	5.82181E+01
10017	272	5.82262E+01
9931	139	5.82521E+01
9931	272	5.82629E+01
10017	323	5.82714E+01
10017	227	5.82959E+01
9931	323	5.83103E+01
9931	227	5.83375E+01
10017	322	5.83578E+01
9931	322	5.83973E+01
10017	142	5.84183E+01
9931	142	5.84593E+01
10017	275	5.85861E+01
6559	773	5.85955E+01
9931	275	5.86262E+01
10017	138	5.86399E+01
10017	223	5.86494E+01
10017	324	5.86519E+01
6462	649	5.86623E+01
9931	138	5.86715E+01
6462	276	5.86819E+01
9931	223	5.86820E+01
10017	363	5.86858E+01
9931	324	5.86895E+01
9931	363	5.87265E+01
6559	276	5.87743E+01
10017	271	5.88671E+01
10017	321	5.88729E+01
10017	364	5.88938E+01
9931	271	5.89021E+01
9931	321	5.89122E+01
9931	364	5.89304E+01
10017	362	5.89781E+01
6559	608	5.89957E+01
9931	362	5.90214E+01
10017	228	5.90377E+01
9931	228	5.90813E+01
6559	690	5.91472E+01
10017	414	5.91984E+01
9931	414	5.92413E+01
10017	137	5.92761E+01
6559	676	5.92866E+01
6559	801	5.92890E+01
9931	137	5.93055E+01
10017	415	5.94213E+01
9931	415	5.94560E+01
10017	222	5.94781E+01
9931	222	5.95084E+01
10017	413	5.95154E+01
10017	325	5.95188E+01
10017	276	5.95322E+01
9931	325	5.95543E+01
9931	413	5.95640E+01
9931	276	5.95729E+01
6462	732	5.95750E+01
10017	365	5.96387E+01
9931	365	5.96696E+01
10017	361	5.97144E+01
9931	361	5.97590E+01
10017	320	5.97618E+01
6559	649	5.97624E+01
9931	320	5.98003E+01
10017	270	5.98169E+01
10017	455	5.98330E+01
10017	454	5.98355E+01
6462	676	5.98357E+01
9931	270	5.98500E+01
9931	455	5.98716E+01
9931	454	5.98855E+01
10017	136	6.00977E+01
10017	229	6.01103E+01
9931	136	6.01249E+01
9931	229	6.01558E+01
6559	549	6.01718E+01
10017	416	6.02313E+01
6462	801	6.02469E+01
9931	416	6.02555E+01
6462	325	6.02733E+01
6462	565	6.02838E+01
10017	412	6.03047E+01
6559	325	6.03305E+01
9931	412	6.03567E+01
10017	546	6.03767E+01
10017	453	6.03830E+01
6462	549	6.03958E+01
6559	759	6.04271E+01
9931	546	6.04277E+01
6462	228	6.04351E+01
9931	453	6.04408E+01
10017	456	6.04424E+01
10017	381	6.04648E+01
9931	456	6.04660E+01
9931	381	6.05134E+01
10017	221	6.05281E+01
6559	228	6.05510E+01
9931	221	6.05562E+01
10017	566	6.05584E+01
10017	547	6.05734E+01
9931	547	6.06067E+01
9931	566	6.06098E+01
6559	593	6.07510E+01
10017	545	6.07785E+01
10017	567	6.07931E+01
10017	360	6.08220E+01
9931	567	6.08249E+01
6559	457	6.08323E+01
9931	545	6.08421E+01
9931	360	6.08668E+01
10017	326	6.08731E+01
10017	277	6.08859E+01
9931	326	6.09058E+01
9931	277	6.09268E+01
10017	366	6.09363E+01
10017	319	6.09562E+01
9931	366	6.09602E+01
6462	457	6.09680E+01
9931	319	6.09934E+01
10017	590	6.09983E+01
10017	269	6.10151E+01
9931	269	6.10462E+01
9931	590	6.10520E+01
6559	565	6.10648E+01
10017	135	6.10699E+01
6462	593	6.10755E+01
9931	135	6.10951E+01
6559	732	6.11275E+01
6462	759	6.12498E+01
10017	591	6.12849E+01
9931	591	6.13144E+01
10017	589	6.13479E+01
10017	452	6.13908E+01
9931	589	6.14190E+01
10017	339	6.14382E+01
10017	548	6.14404E+01
9931	548	6.14506E+01
9931	452	6.14532E+01
9931	339	6.14786E+01
10017	411	6.14831E+01
10017	230	6.14990E+01
9931	411	6.15366E+01
9931	230	6.15463E+01
10017	631	6.16486E+01
10017	417	6.16537E+01
9931	417	6.16648E+01
10017	544	6.16892E+01
6462	691	6.17048E+01
9931	631	6.17086E+01
10017	457	6.17094E+01
10017	568	6.17131E+01
9931	457	6.17140E+01
9931	568	6.17194E+01
10017	220	6.17468E+01
9931	544	6.17609E+01
9931	220	6.17726E+01
10017	632	6.19270E+01
9931	632	6.19568E+01
10017	630	6.20279E+01
9931	630	6.21094E+01
10017	134	6.21547E+01
9931	134	6.21779E+01
10017	359	6.22181E+01
6559	717	6.22239E+01
10017	588	6.22357E+01
9931	359	6.22621E+01
9931	592	6.22862E+01
10017	592	6.22881E+01
9931	588	6.23181E+01
10017	672	6.23230E+01
6559	634	6.23366E+01
10017	318	6.23807E+01
9931	672	6.23937E+01
10017	268	6.23954E+01
9931	318	6.24161E+01
9931	268	6.24244E+01
6462	365	6.24760E+01
6559	365	6.24833E+01
10017	673	6.25086E+01
9931	673	6.25443E+01
6462	609	6.25639E+01
10017	278	6.26264E+01
9931	278	6.26672E+01
10017	327	6.26994E+01
9931	327	6.27285E+01
10017	451	6.27638E+01
6462	634	6.27750E+01
10017	367	6.27834E+01
10017	671	6.27986E+01
9931	367	6.27987E+01
9931	451	6.28282E+01
6462	650	6.28902E+01
9931	671	6.28940E+01
6462	717	6.29165E+01
9931	633	6.29448E+01
10017	633	6.29545E+01
10017	629	6.29562E+01
10017	410	6.29600E+01
6462	275	6.29672E+01
10017	543	6.30076E+01
9931	549	6.30093E+01
9931	410	6.30134E+01
10017	549	6.30276E+01
10017	713	6.30382E+01
9931	629	6.30516E+01
10017	714	6.30637E+01
6559	275	6.30638E+01
10017	219	6.30788E+01
9931	543	6.30834E+01
9931	219	6.31026E+01
9931	714	6.31120E+01
9931	713	6.31248E+01
6559	416	6.31319E+01
6559	691	6.31521E+01
10017	231	6.31853E+01
6462	416	6.31897E+01
9931	231	6.32344E+01
10017	133	6.33132E+01
9931	133	6.33346E+01
9931	674	6.34488E+01
10017	674	6.34596E+01
10017	587	6.35522E+01
6559	609	6.36029E+01
10017	755	6.36354E+01
9931	458	6.36388E+01
9931	587	6.36407E+01
10017	458	6.36569E+01
10017	712	6.36592E+01
9931	418	6.36886E+01
10017	418	6.36931E+01
9931	755	6.37029E+01
10017	287	6.37088E+01
9931	287	6.37389E+01
9931	712	6.37719E+01
10017	670	6.38159E+01
10017	754	6.38179E+01
10017	358	6.38181E+01
9931	715	6.38488E+01
10017	715	6.38526E+01
9931	358	6.38604E+01
10017	267	6.38928E+01
9931	267	6.39197E+01
9931	754	6.39251E+01
9931	670	6.39266E+01
10017	317	6.39592E+01
9931	317	6.39927E+01
9931	593	6.40256E+01
10017	593	6.40665E+01
6559	650	6.41603E+01
10017	756	6.41951E+01
9931	756	6.42072E+01
10017	796	6.42648E+01
6559	800	6.43117E+01
10017	628	6.43150E+01
9931	796	6.43574E+01
6462	227	6.43840E+01
10017	450	6.44041E+01
9931	628	6.44177E+01
9931	450	6.44681E+01
10017	218	6.44715E+01
9931	218	6.44933E+01
6559	227	6.45045E+01
10017	132	6.45082E+01
9931	132	6.45280E+01
10017	797	6.45500E+01
9931	797	6.45862E+01
10017	753	6.46142E+01
10017	542	6.46280E+01
10017	409	6.46454E+01
10017	795	6.46826E+01
9931	409	6.46973E+01
9931	542	6.47047E+01
10017	279	6.47277E+01
9931	634	6.47419E+01
9931	753	6.47472E+01
9931	279	6.47681E+01
6559	675	6.47849E+01
10017	711	6.47966E+01
10017	634	6.48009E+01
9931	795	6.48141E+01
9931	711	6.49248E+01
10017	328	6.49708E+01
9931	328	6.49957E+01
6462	324	6.50967E+01
10017	232	6.51490E+01
6559	324	6.51579E+01
10017	368	6.51605E+01
9931	368	6.51659E+01
10017	586	6.51843E+01
9931	675	6.51887E+01
9931	232	6.51996E+01
10017	669	6.52475E+01
10017	675	6.52583E+01
9931	586	6.52745E+01
9931	550	6.53103E+01
6462	800	6.53142E+01
6462	675	6.53506E+01
10017	550	6.53628E+01
9931	669	6.53657E+01
9931	716	6.54298E+01
10017	266	6.54482E+01
9931	266	6.54730E+01
10017	716	6.55003E+01
10017	357	6.55435E+01
9931	757	6.55457E+01
9931	357	6.55836E+01
10017	757	6.56062E+01
9931	798	6.56206E+01
10017	316	6.56225E+01
9931	316	6.56537E+01
10017	798	6.56600E+01
10017	794	6.56656E+01
10017	131	6.57063E+01
9931	131	6.57245E+01
6559	548	6.57444E+01
9931	794	6.58210E+01
6559	758	6.58248E+01
6559	568	6.58321E+01
10017	217	6.58792E+01
10017	752	6.58861E+01
9931	217	6.58993E+01
6462	548	6.59704E+01
10017	627	6.59840E+01
9931	752	6.60333E+01
6462	568	6.60877E+01
9931	627	6.60886E+01
10017	449	6.62183E+01
9931	459	6.62433E+01
9931	449	6.62803E+01
10017	459	6.62879E+01
9931	419	6.63144E+01
10017	710	6.63167E+01
10017	419	6.63368E+01
6559	456	6.63599E+01
10017	541	6.64487E+01
9931	710	6.64515E+01
6559	592	6.64519E+01
10017	408	6.64570E+01
6462	456	6.64948E+01
9931	408	6.65065E+01
10017	91	6.65232E+01
9931	541	6.65238E+01
9931	91	6.65398E+01
9931	594	6.65688E+01
10017	594	6.66562E+01
6462	758	6.66751E+01
6462	142	6.67788E+01
6462	592	6.67802E+01
10017	130	6.68798E+01
9931	130	6.68967E+01
6559	142	6.69111E+01
10017	668	6.69678E+01
10017	265	6.70124E+01
10017	585	6.70232E+01
9931	265	6.70352E+01
10017	793	6.70707E+01
9931	668	6.70873E+01
9931	585	6.71118E+01
10017	280	6.71634E+01
9931	280	6.72031E+01
9931	793	6.72375E+01
10017	216	6.72663E+01
9931	216	6.72847E+01
10017	315	6.73131E+01
10017	356	6.73279E+01
9931	315	6.73420E+01
10017	90	6.73463E+01
9931	90	6.73621E+01
9931	356	6.73654E+01
10017	233	6.73704E+01
9931	635	6.73943E+01
9931	233	6.74224E+01
10017	751	6.74960E+01
10017	635	6.75125E+01
9931	799	6.75553E+01
10017	235	6.75556E+01
9931	235	6.75754E+01
9931	751	6.76479E+01
10017	329	6.76554E+01
9931	329	6.76754E+01
6462	274	6.76755E+01
10017	799	6.76910E+01
6559	274	6.77769E+01
6462	364	6.77836E+01
6559	364	6.77948E+01
9931	758	6.78000E+01
9931	676	6.78211E+01
10017	626	6.78495E+01
9931	717	6.79239E+01
10017	758	6.79510E+01
9931	626	6.79519E+01
10017	676	6.79620E+01
6559	716	6.79906E+01
10017	129	6.80082E+01
9931	129	6.80238E+01
9931	369	6.80329E+01
10017	369	6.80386E+01
10017	717	6.80764E+01
10017	709	6.80907E+01
10017	448	6.81236E+01
10017	89	6.81250E+01
9931	89	6.81399E+01
9931	448	6.81823E+01
6559	633	6.82244E+01
9931	709	6.82254E+01
10017	407	6.83246E+01
9931	551	6.83613E+01
9931	407	6.83709E+01
10017	540	6.83781E+01
9931	540	6.84495E+01
10017	551	6.84533E+01
10017	264	6.85482E+01
9931	264	6.85691E+01
10017	215	6.86074E+01
9931	215	6.86242E+01
6462	633	6.86663E+01
6462	226	6.86838E+01
6462	716	6.86957E+01
6559	415	6.87174E+01
10017	792	6.87599E+01
6462	415	6.87715E+01
6559	226	6.88089E+01
10017	88	6.88551E+01
10017	667	6.88606E+01
9931	88	6.88693E+01
9931	792	6.89283E+01
10017	584	6.89715E+01
9931	667	6.89767E+01
10017	314	6.89883E+01
9931	314	6.90149E+01
9931	584	6.90559E+01
10017	128	6.90780E+01
9931	128	6.90925E+01
10017	355	6.91186E+01
9931	355	6.91533E+01
10017	750	6.93157E+01
9931	750	6.94650E+01
9931	460	6.95154E+01
9931	420	6.95185E+01
10017	87	6.95359E+01
9931	87	6.95494E+01
10017	420	6.95610E+01
10017	460	6.95901E+01
10017	625	6.98111E+01
10017	234	6.98318E+01
9931	234	6.98853E+01
10017	214	6.98866E+01
9931	214	6.99020E+01
9931	625	6.99082E+01
10017	281	6.99099E+01
9931	595	6.99305E+01
9931	281	6.99488E+01
10017	708	7.00032E+01
6559	799	7.00269E+01
10017	263	7.00308E+01
9931	263	7.00499E+01
10017	447	7.00509E+01
10017	595	7.00718E+01
10017	127	7.00825E+01
9931	127	7.00960E+01
9931	447	7.01053E+01
9931	708	7.01326E+01
10017	86	7.01688E+01
9931	86	7.01818E+01
10017	406	7.01913E+01
9931	406	7.02341E+01
10017	539	7.03385E+01
6462	323	7.03550E+01
9931	539	7.04050E+01
6559	323	7.04213E+01
9931	800	7.04532E+01
6462	141	7.05167E+01
10017	791	7.06085E+01
10017	313	7.06189E+01
9931	313	7.06432E+01
6559	141	7.06531E+01
10017	800	7.07062E+01
10017	330	7.07225E+01
9931	330	7.07371E+01
10017	85	7.07566E+01
9931	85	7.07690E+01
9931	791	7.07714E+01
10017	666	7.08255E+01
10017	354	7.08766E+01
6559	674	7.08946E+01
9931	354	7.09083E+01
9931	636	7.09247E+01
9931	666	7.09348E+01
10017	583	7.09470E+01
10017	126	7.10200E+01
9931	759	7.10208E+01
9931	583	7.10254E+01
9931	126	7.10326E+01
6462	799	7.10458E+01
10017	213	7.10959E+01
9931	213	7.11101E+01
10017	636	7.11120E+01
10017	749	7.12330E+01
10017	759	7.12804E+01
10017	84	7.13029E+01
9931	84	7.13149E+01
9931	370	7.13676E+01
9931	718	7.13713E+01
9931	749	7.13746E+01
9931	677	7.13772E+01
10017	370	7.13856E+01
10017	262	7.14464E+01
6462	674	7.14604E+01
9931	262	7.14638E+01
10017	677	7.16019E+01
10017	718	7.16211E+01
10017	624	7.17851E+01
10017	83	7.18120E+01
9931	83	7.18235E+01
6559	547	7.18389E+01
6559	757	7.18668E+01
9931	624	7.18749E+01
10017	125	7.18927E+01
9931	125	7.19045E+01
10017	446	7.19453E+01
10017	707	7.19563E+01
6559	567	7.19620E+01
9931	446	7.19950E+01
10017	405	7.20140E+01
9931	405	7.20529E+01
6462	547	7.20596E+01
9931	707	7.20769E+01
9931	552	7.21542E+01
10017	312	7.21871E+01
9931	312	7.22091E+01
6462	567	7.22122E+01
10017	212	7.22333E+01
9931	212	7.22463E+01
10017	538	7.22680E+01
10017	82	7.22886E+01
10017	552	7.22908E+01
9931	82	7.22996E+01
9931	538	7.23288E+01
6559	455	7.23799E+01
6462	455	7.25088E+01
10017	790	7.25107E+01
10017	353	7.25738E+01
9931	353	7.26026E+01
9931	790	7.26629E+01
6559	591	7.26830E+01
10017	124	7.27050E+01
9931	124	7.27160E+01
6462	757	7.27207E+01
10017	81	7.27379E+01
9931	81	7.27485E+01
6462	273	7.27506E+01
10017	665	7.27800E+01
10017	261	7.27901E+01
9931	261	7.28059E+01
6559	273	7.28572E+01
9931	665	7.28804E+01
10017	582	7.28839E+01
10017	282	7.29482E+01
9931	582	7.29553E+01
9931	282	7.29859E+01
6462	591	7.30054E+01
10017	748	7.31555E+01
10017	80	7.31651E+01
9931	80	7.31754E+01
9931	421	7.32729E+01
9931	748	7.32859E+01
6462	225	7.32938E+01
10017	211	7.33015E+01
9931	211	7.33135E+01
10017	421	7.33375E+01
6559	225	7.34237E+01
9931	461	7.34342E+01
10017	123	7.34632E+01
9931	123	7.34736E+01
6462	363	7.35151E+01
6559	363	7.35324E+01
10017	461	7.35422E+01
10017	79	7.35755E+01
9931	79	7.35854E+01
10017	311	7.36823E+01
9931	311	7.37022E+01
10017	623	7.37052E+01
10017	404	7.37609E+01
10017	445	7.37657E+01
9931	623	7.37866E+01
9931	404	7.37960E+01
9931	445	7.38105E+01
10017	706	7.38717E+01
10017	78	7.39736E+01
9931	706	7.39813E+01
9931	78	7.39832E+01
10017	260	7.40630E+01
9931	260	7.40773E+01
9931	596	7.41077E+01
10017	537	7.41196E+01
9934	333	7.41337E+01
10017	331	7.41476E+01
9931	331	7.41563E+01
9931	537	7.41741E+01
10017	122	7.41750E+01
9931	122	7.41847E+01
10017	352	7.41913E+01
10020	333	7.41981E+01
9931	352	7.42171E+01
9934	334	7.42431E+01
9934	285	7.42749E+01
9934	284	7.42994E+01
10017	210	7.43068E+01
10017	596	7.43101E+01
10020	334	7.43129E+01
9931	210	7.43178E+01
6559	715	7.43333E+01
9934	373	7.43371E+01
10020	285	7.43409E+01
9931	801	7.43411E+01
10017	77	7.43638E+01
10020	284	7.43642E+01
9931	77	7.43731E+01
10017	789	7.43819E+01
10020	373	7.44024E+01
9934	332	7.44261E+01
10020	332	7.44856E+01
6462	140	7.44969E+01
9931	789	7.45204E+01
9934	372	7.45625E+01
9934	286	7.45769E+01
9934	374	7.45909E+01
10020	372	7.46168E+01
6559	632	7.46321E+01
6559	140	7.46374E+01
10020	286	7.46445E+01
10017	664	7.46604E+01
9934	283	7.46637E+01
10020	374	7.46683E+01
10020	283	7.47275E+01
10017	801	7.47322E+01
10017	581	7.47326E+01
6559	414	7.47358E+01
9934	335	7.47406E+01
10017	76	7.47498E+01
9931	664	7.47507E+01
9931	76	7.47587E+01
6462	414	7.47829E+01
9931	581	7.47965E+01
10020	335	7.48164E+01
10017	121	7.48488E+01
9931	121	7.48580E+01
9934	423	7.48584E+01
9934	424	7.49015E+01
10020	423	7.49130E+01
10020	424	7.49762E+01
10017	747	7.50114E+01
6462	715	7.50314E+01
6462	632	7.50650E+01
10017	310	7.50991E+01
9931	310	7.51170E+01
9931	747	7.51288E+01
10017	75	7.51344E+01
9934	331	7.51390E+01
9931	371	7.51422E+01
9931	75	7.51431E+01
10017	371	7.51735E+01
10020	331	7.51941E+01
9931	760	7.52257E+01
10017	209	7.52574E+01
9931	209	7.52676E+01
10017	259	7.52690E+01
9931	259	7.52820E+01
9934	371	7.52866E+01
9934	375	7.53106E+01
10020	371	7.53311E+01
9931	637	7.53348E+01
9934	282	7.53839E+01
9934	422	7.53954E+01
10020	375	7.54011E+01
10017	403	7.54099E+01
10020	422	7.54320E+01
9931	403	7.54411E+01
10020	282	7.54470E+01
10017	444	7.54825E+01
10017	120	7.54932E+01
9931	120	7.55019E+01
9934	425	7.55100E+01
10017	74	7.55200E+01
9931	444	7.55223E+01
10017	622	7.55223E+01
9931	74	7.55284E+01
9934	463	7.55554E+01
9931	622	7.55946E+01
10017	637	7.56006E+01
10020	463	7.56029E+01
10020	425	7.56068E+01
10017	760	7.56118E+01
9934	336	7.56174E+01
9934	464	7.56404E+01
10017	705	7.56908E+01
10020	336	7.56996E+01
10017	351	7.57163E+01
10020	464	7.57189E+01
9931	351	7.57393E+01
9931	719	7.57831E+01
9931	705	7.57884E+01
10017	536	7.58588E+01
9931	678	7.58630E+01
9931	536	7.59071E+01
10017	73	7.59078E+01
9931	73	7.59158E+01
6462	322	7.59677E+01
6559	322	7.60400E+01
10017	119	7.61161E+01
9931	119	7.61243E+01
10017	719	7.61450E+01
9934	462	7.61457E+01
10017	788	7.61591E+01
10017	208	7.61626E+01
10020	462	7.61656E+01
9931	208	7.61719E+01
10017	678	7.61836E+01
10017	514	7.62387E+01
9931	514	7.62463E+01
10017	283	7.62633E+01
9931	788	7.62824E+01
9934	330	7.62963E+01
10017	72	7.62985E+01
9931	283	7.62996E+01
9931	72	7.63062E+01
6559	798	7.63263E+01
10020	330	7.63478E+01
9934	465	7.63879E+01
10017	258	7.64127E+01
10017	663	7.64208E+01
9931	258	7.64244E+01
10017	309	7.64347E+01
9934	555	7.64497E+01
9931	309	7.64507E+01
10017	580	7.64573E+01
9934	281	7.64794E+01
9934	376	7.64890E+01
9931	663	7.65005E+01
10020	465	7.65005E+01
10017	513	7.65055E+01
9931	513	7.65129E+01
9931	580	7.65136E+01
10020	555	7.65156E+01
9934	421	7.65333E+01
9934	370	7.65349E+01
10020	281	7.65420E+01
10020	421	7.65539E+01
10020	370	7.65708E+01
9934	554	7.65868E+01
10020	376	7.65939E+01
10020	554	7.66106E+01
9931	553	7.66719E+01
9934	426	7.66754E+01
10017	71	7.66927E+01
9931	71	7.67001E+01
10017	118	7.67243E+01
9931	118	7.67320E+01
10017	746	7.67494E+01
10017	512	7.67732E+01
9931	512	7.67804E+01
10020	426	7.67963E+01
9931	746	7.68530E+01
10017	553	7.68581E+01
9934	337	7.68684E+01
10017	402	7.69456E+01
10020	337	7.69577E+01
9931	402	7.69730E+01
9934	234	7.69956E+01
10017	207	7.70312E+01
9931	207	7.70397E+01
10017	511	7.70406E+01
9931	511	7.70476E+01
10020	234	7.70650E+01
9934	556	7.70702E+01
10017	443	7.70750E+01
10017	70	7.70916E+01
9931	70	7.70987E+01
9931	443	7.71099E+01
10017	350	7.71405E+01
9931	350	7.71608E+01
10020	556	7.71830E+01
10017	621	7.72021E+01
9931	621	7.72654E+01
10017	510	7.73075E+01
9931	510	7.73143E+01
10017	117	7.73232E+01
9931	117	7.73304E+01
6462	798	7.73349E+01
10017	704	7.73730E+01
10020	461	7.74237E+01
9934	461	7.74280E+01
9931	704	7.74585E+01
10017	535	7.74624E+01
10020	553	7.74820E+01
6559	673	7.74948E+01
9934	553	7.74953E+01
10017	69	7.74966E+01
9934	598	7.74981E+01
10017	257	7.74981E+01
9931	69	7.75034E+01
9931	535	7.75046E+01
9931	257	7.75086E+01
10020	598	7.75259E+01
9931	422	7.75526E+01
10017	509	7.75743E+01
9931	509	7.75809E+01
10017	422	7.76411E+01
10017	308	7.76873E+01
9934	599	7.76961E+01
9931	308	7.77015E+01
10020	599	7.77825E+01
9934	466	7.77894E+01
10017	787	7.77994E+01
10017	508	7.78422E+01
9931	508	7.78486E+01
10017	206	7.78704E+01
9931	206	7.78782E+01
9931	787	7.79071E+01
10017	68	7.79091E+01
10017	332	7.79141E+01
9931	68	7.79156E+01
9931	332	7.79163E+01
10017	116	7.79175E+01
9931	116	7.79243E+01
9934	329	7.79267E+01
10020	466	7.79394E+01
9934	280	7.79720E+01
10020	329	7.79751E+01
9931	462	7.79772E+01
10017	662	7.80309E+01
10020	280	7.80344E+01
10017	579	7.80347E+01
6462	673	7.80456E+01
9931	579	7.80836E+01
9931	662	7.81001E+01
10017	507	7.81122E+01
6462	272	7.81160E+01
9931	507	7.81183E+01
10017	462	7.81217E+01
10020	597	7.81228E+01
9934	377	7.81250E+01
9934	597	7.81466E+01
6462	224	7.81575E+01
6559	272	7.82282E+01
10020	377	7.82452E+01
9934	233	7.82487E+01
6559	224	7.82923E+01
9934	420	7.82956E+01
10020	420	7.83024E+01
10020	233	7.83194E+01
10017	67	7.83298E+01
9934	369	7.83359E+01
9931	67	7.83360E+01
10017	745	7.83360E+01
6559	546	7.83413E+01
10017	401	7.83576E+01
10020	369	7.83644E+01
9931	401	7.83815E+01
10017	506	7.83848E+01
9931	506	7.83907E+01
9934	427	7.83948E+01
9931	745	7.84258E+01
6559	756	7.84296E+01
9934	557	7.84349E+01
10017	349	7.84581E+01
9931	349	7.84758E+01
9934	338	7.84930E+01
6559	566	7.85027E+01
10017	115	7.85112E+01
9931	115	7.85174E+01
10017	256	7.85275E+01
10017	442	7.85297E+01
9931	256	7.85369E+01
10020	427	7.85417E+01
6462	546	7.85500E+01
9931	442	7.85600E+01
10020	338	7.85899E+01
10020	557	7.85993E+01
9934	639	7.86405E+01
10017	505	7.86596E+01
9931	505	7.86654E+01
10020	639	7.86669E+01
6462	139	7.86788E+01
10017	205	7.86850E+01
9931	205	7.86921E+01
9934	600	7.87220E+01
10017	620	7.87237E+01
6462	566	7.87402E+01
10017	66	7.87589E+01
9931	66	7.87648E+01
9931	620	7.87783E+01
6559	454	7.87806E+01
6559	139	7.88235E+01
10017	307	7.88556E+01
9931	307	7.88680E+01
10020	600	7.88735E+01
10017	703	7.88938E+01
6462	454	7.88989E+01
10017	534	7.89159E+01
10017	504	7.89360E+01
9931	504	7.89415E+01
9931	534	7.89523E+01
9931	703	7.89675E+01
10017	183	7.89796E+01
9931	183	7.89850E+01
9934	640	7.90273E+01
9931	597	7.90849E+01
10017	114	7.91069E+01
9931	114	7.91127E+01
10020	638	7.91200E+01
10020	640	7.91297E+01
10017	182	7.91348E+01
9931	182	7.91400E+01
10020	552	7.91424E+01
9934	638	7.91605E+01
9934	552	7.91874E+01
10017	65	7.91961E+01
9931	65	7.92016E+01
9931	802	7.92089E+01
10017	503	7.92130E+01
9931	503	7.92183E+01
6462	756	7.92651E+01
10017	786	7.92772E+01
10017	181	7.92929E+01
9931	181	7.92981E+01
6559	590	7.93236E+01
9931	372	7.93367E+01
10017	597	7.93552E+01
9931	786	7.93698E+01
10017	372	7.93824E+01
10020	460	7.93939E+01
9934	460	7.94188E+01
10017	578	7.94516E+01
10017	180	7.94536E+01
9931	180	7.94586E+01
10017	661	7.94739E+01
10017	204	7.94771E+01
9931	204	7.94836E+01
10017	502	7.94905E+01
9931	578	7.94936E+01
9931	502	7.94956E+01
10017	255	7.95015E+01
9931	255	7.95099E+01
9931	661	7.95332E+01
6462	362	7.95694E+01
10020	596	7.95852E+01
6559	362	7.95946E+01
10017	179	7.96159E+01
9931	179	7.96208E+01
6462	590	7.96309E+01
10017	400	7.96396E+01
10017	64	7.96410E+01
9931	64	7.96462E+01
9934	596	7.96534E+01
9931	400	7.96602E+01
10017	348	7.96649E+01
9931	348	7.96803E+01
10017	113	7.97061E+01
9931	113	7.97115E+01
10017	744	7.97532E+01
10017	802	7.97579E+01
10017	501	7.97691E+01
9931	501	7.97741E+01
10017	178	7.97794E+01
9931	178	7.97841E+01
9931	744	7.98300E+01
10017	441	7.98392E+01
9934	467	7.98394E+01
9934	232	7.98421E+01
10017	284	7.98436E+01
9931	441	7.98652E+01
9934	680	7.98772E+01
9931	284	7.98783E+01
9934	279	7.98858E+01
10020	680	7.98913E+01
10020	232	7.99141E+01
10017	306	7.99374E+01
10017	177	7.99441E+01
9931	306	7.99483E+01
10020	279	7.99483E+01
9931	177	7.99487E+01
10020	467	8.00298E+01
10017	500	8.00501E+01
9931	500	8.00548E+01
9934	328	8.00596E+01
10017	619	8.00770E+01
10017	63	8.00936E+01
9931	63	8.00985E+01
10020	328	8.01056E+01
10017	176	8.01108E+01
9931	176	8.01154E+01
9931	619	8.01236E+01
10017	533	8.02125E+01
9934	378	8.02228E+01
10017	702	8.02417E+01
9931	533	8.02436E+01
10017	203	8.02462E+01
9931	203	8.02520E+01
10017	40	8.02634E+01
9931	40	8.02679E+01
10017	175	8.02808E+01
9931	175	8.02852E+01
9934	641	8.02929E+01
9934	681	8.02955E+01
9931	702	8.03044E+01
10017	112	8.03080E+01
9931	112	8.03129E+01
10017	499	8.03349E+01
9931	499	8.03394E+01
10020	679	8.03419E+01
10020	378	8.03595E+01
10017	39	8.03987E+01
9931	761	8.03994E+01
10020	681	8.04027E+01
9931	39	8.04031E+01
9934	679	8.04098E+01
10017	254	8.04188E+01
9931	254	8.04262E+01
10017	174	8.04548E+01
9931	174	8.04591E+01
10020	641	8.04795E+01
10020	637	8.05048E+01
9934	558	8.05304E+01
10017	38	8.05381E+01
9931	38	8.05423E+01
9934	601	8.05530E+01
10017	62	8.05540E+01
9931	62	8.05586E+01
10017	785	8.05817E+01
9934	637	8.06028E+01
9931	638	8.06086E+01
10017	498	8.06248E+01
9931	498	8.06291E+01
10017	173	8.06330E+01
9931	173	8.06373E+01
9931	785	8.06603E+01
9934	428	8.06696E+01
10017	37	8.06813E+01
9931	37	8.06855E+01
10020	419	8.06984E+01
9934	419	8.07030E+01
10017	577	8.07036E+01
9934	368	8.07157E+01
10020	368	8.07382E+01
9931	577	8.07392E+01
10017	660	8.07441E+01
10020	558	8.07509E+01
10017	347	8.07581E+01
9931	347	8.07714E+01
10020	601	8.07758E+01
10017	399	8.07886E+01
9931	660	8.07943E+01
9931	399	8.08063E+01
10017	172	8.08153E+01
9931	172	8.08194E+01
10017	36	8.08279E+01
9931	36	8.08320E+01
10020	428	8.08445E+01
10017	111	8.09098E+01
9931	111	8.09143E+01
10017	497	8.09208E+01
9931	497	8.09250E+01
10017	761	8.09288E+01
10017	305	8.09304E+01
9931	305	8.09399E+01
10017	638	8.09618E+01
10017	35	8.09772E+01
9931	35	8.09812E+01
10017	202	8.09892E+01
9931	202	8.09944E+01
10017	743	8.09956E+01
10017	171	8.10010E+01
10017	440	8.10014E+01
9931	171	8.10050E+01
10017	61	8.10218E+01
9931	440	8.10234E+01
9931	61	8.10260E+01
9931	743	8.10605E+01
6559	413	8.10727E+01
6462	413	8.11096E+01
6559	714	8.11177E+01
10017	34	8.11284E+01
9931	34	8.11323E+01
9931	720	8.11417E+01
10020	721	8.11472E+01
9934	721	8.11612E+01
10017	170	8.11896E+01
9931	170	8.11934E+01
10017	496	8.12237E+01
9931	496	8.12276E+01
10017	618	8.12611E+01
9931	679	8.12613E+01
10017	253	8.12764E+01
10017	33	8.12811E+01
9931	253	8.12829E+01
9931	33	8.12849E+01
9931	618	8.13004E+01
10017	532	8.13522E+01
9931	532	8.13784E+01
10017	169	8.13812E+01
9931	169	8.13850E+01
10017	701	8.14161E+01
6559	631	8.14290E+01
10017	32	8.14351E+01
9931	32	8.14388E+01
9934	722	8.14612E+01
9931	701	8.14688E+01
10017	60	8.14957E+01
9931	60	8.14995E+01
10017	110	8.15072E+01
9931	110	8.15113E+01
10017	495	8.15341E+01
9931	495	8.15379E+01
10020	722	8.15561E+01
10017	168	8.15769E+01
9931	168	8.15805E+01
10017	31	8.15905E+01
9931	31	8.15941E+01
10020	551	8.15966E+01
9934	682	8.16255E+01
10017	720	8.16298E+01
9934	551	8.16680E+01
10017	679	8.16891E+01
10017	201	8.17015E+01
9931	201	8.17062E+01
10017	784	8.17132E+01
10020	720	8.17323E+01
10017	346	8.17367E+01
10017	30	8.17478E+01
9931	346	8.17481E+01
9931	30	8.17512E+01
10020	678	8.17752E+01
10017	167	8.17783E+01
9931	784	8.17792E+01
9931	167	8.17817E+01
6462	714	8.17913E+01
9934	231	8.17925E+01
10017	576	8.17934E+01
10017	398	8.18051E+01
9931	398	8.18200E+01
9931	576	8.18233E+01
10017	304	8.18323E+01
6462	321	8.18352E+01
10020	682	8.18359E+01
9931	304	8.18405E+01
6462	631	8.18417E+01
9934	720	8.18418E+01
10017	659	8.18446E+01
10017	494	8.18528E+01
9931	494	8.18563E+01
10020	231	8.18659E+01
9931	659	8.18867E+01
9931	554	8.18951E+01
10017	29	8.19074E+01
9931	29	8.19108E+01
9934	678	8.19129E+01
10020	595	8.19138E+01
6559	321	8.19145E+01
10017	59	8.19730E+01
9931	59	8.19765E+01
10017	166	8.19869E+01
9931	166	8.19903E+01
9931	333	8.20072E+01
10017	333	8.20120E+01
10017	439	8.20186E+01
9934	595	8.20188E+01
9931	439	8.20373E+01
10017	742	8.20671E+01
10017	252	8.20704E+01
10017	28	8.20705E+01
9931	28	8.20738E+01
9931	252	8.20761E+01
10020	459	8.20860E+01
10017	109	8.20943E+01
9931	109	8.20980E+01
9931	742	8.21214E+01
9934	459	8.21277E+01
10017	554	8.21353E+01
10017	493	8.21804E+01
9931	493	8.21837E+01
10017	165	8.22042E+01
9931	165	8.22074E+01
10017	27	8.22385E+01
9931	27	8.22416E+01
9934	278	8.22443E+01
10017	617	8.22820E+01
10020	278	8.23071E+01
9931	617	8.23149E+01
10017	531	8.23399E+01
9931	423	8.23401E+01
9931	531	8.23619E+01
10017	200	8.23772E+01
9931	200	8.23813E+01
9934	642	8.23994E+01
10017	26	8.24129E+01
9931	26	8.24159E+01
10017	700	8.24238E+01
10017	164	8.24307E+01
9931	164	8.24337E+01
10020	762	8.24496E+01
10017	58	8.24501E+01
9931	58	8.24533E+01
10017	423	8.24543E+01
9931	700	8.24678E+01
9934	762	8.25108E+01
10017	492	8.25169E+01
9931	492	8.25200E+01
9934	468	8.25327E+01
9934	763	8.25616E+01
10017	25	8.25952E+01
9931	25	8.25981E+01
10017	345	8.26019E+01
9931	345	8.26115E+01
10020	763	8.26231E+01
10017	303	8.26417E+01
9931	303	8.26487E+01
10017	108	8.26645E+01
10017	163	8.26664E+01
9931	108	8.26678E+01
9931	163	8.26693E+01
10020	642	8.26781E+01
10017	783	8.26799E+01
10017	397	8.26927E+01
9934	723	8.26940E+01
9931	397	8.27053E+01
9934	327	8.27193E+01
10017	575	8.27291E+01
9931	783	8.27347E+01
9931	575	8.27540E+01
10020	327	8.27636E+01
10020	468	8.27666E+01
10017	658	8.27848E+01
10017	24	8.27862E+01
9931	24	8.27890E+01
9934	379	8.27911E+01
10017	251	8.27968E+01
9931	251	8.28017E+01
10020	636	8.28193E+01
9931	658	8.28198E+01
10017	491	8.28617E+01
9931	491	8.28646E+01
10017	438	8.28975E+01
10020	723	8.29099E+01
10017	162	8.29113E+01
9931	438	8.29131E+01
9931	162	8.29141E+01
10017	57	8.29222E+01
9931	57	8.29251E+01
10020	379	8.29454E+01
9934	636	8.29647E+01
10017	741	8.29784E+01
10017	23	8.29860E+01
9931	23	8.29887E+01
10017	199	8.30098E+01
6462	138	8.30114E+01
9931	199	8.30134E+01
9931	741	8.30234E+01
6559	797	8.30731E+01
9931	463	8.31265E+01
10017	616	8.31508E+01
6559	138	8.31602E+01
9934	602	8.31609E+01
10017	161	8.31650E+01
9931	161	8.31676E+01
9931	616	8.31780E+01
10017	530	8.31851E+01
10017	22	8.31933E+01
9931	22	8.31959E+01
9931	530	8.32034E+01
6462	223	8.32040E+01
10017	107	8.32107E+01
10017	490	8.32128E+01
9931	107	8.32136E+01
9931	490	8.32155E+01
10017	699	8.32775E+01
10020	761	8.32907E+01
10017	463	8.33104E+01
9931	699	8.33139E+01
10020	719	8.33349E+01
9934	559	8.33403E+01
6559	223	8.33435E+01
10017	344	8.33571E+01
10017	302	8.33588E+01
9931	302	8.33648E+01
9931	344	8.33652E+01
10017	56	8.33839E+01
9931	56	8.33866E+01
10017	21	8.34066E+01
9931	21	8.34091E+01
10017	160	8.34268E+01
9931	160	8.34293E+01
10017	250	8.34524E+01
9931	250	8.34566E+01
10017	396	8.34582E+01
9934	761	8.34587E+01
10020	602	8.34609E+01
9931	396	8.34687E+01
10017	782	8.34952E+01
9934	429	8.35042E+01
10017	574	8.35227E+01
9934	719	8.35254E+01
9931	782	8.35405E+01
9931	574	8.35433E+01
9934	764	8.35592E+01
10017	489	8.35673E+01
9931	489	8.35697E+01
10017	657	8.35783E+01
10017	198	8.35936E+01
9931	198	8.35967E+01
9931	657	8.36072E+01
10020	559	8.36213E+01
10017	20	8.36237E+01
9931	20	8.36260E+01
10017	437	8.36477E+01
9931	437	8.36607E+01
9934	804	8.36763E+01
6462	271	8.36781E+01
10017	285	8.36802E+01
10020	804	8.36807E+01
9934	367	8.36913E+01
10017	159	8.36956E+01
9931	159	8.36979E+01
10020	429	8.37091E+01
10020	367	8.37092E+01
9931	285	8.37131E+01
10017	106	8.37259E+01
9931	106	8.37285E+01
10017	740	8.37443E+01
10020	418	8.37525E+01
10020	764	8.37574E+01
9934	418	8.37661E+01
9931	740	8.37814E+01
6559	271	8.37960E+01
9934	683	8.38145E+01
10017	55	8.38295E+01
9931	55	8.38318E+01
10017	19	8.38423E+01
9931	19	8.38445E+01
10020	803	8.38521E+01
10017	615	8.38817E+01
10017	529	8.38999E+01
9931	615	8.39041E+01
9931	529	8.39151E+01
10017	488	8.39210E+01
9931	488	8.39232E+01
9931	373	8.39407E+01
10017	158	8.39695E+01
9931	158	8.39717E+01
9934	803	8.39812E+01
10017	301	8.39859E+01
9931	301	8.39909E+01
10017	698	8.39925E+01
10017	373	8.40017E+01
10017	343	8.40082E+01
9931	343	8.40150E+01
9931	698	8.40224E+01
10017	249	8.40359E+01
9931	249	8.40395E+01
6462	797	8.40473E+01
10017	18	8.40603E+01
9931	18	8.40624E+01
10017	395	8.41106E+01
9934	230	8.41155E+01
9931	395	8.41193E+01
10017	197	8.41238E+01
9931	197	8.41265E+01
10020	683	8.41373E+01
10017	781	8.41756E+01
10020	677	8.41867E+01
10017	573	8.41885E+01
10020	230	8.41904E+01
10017	105	8.42040E+01
9931	573	8.42055E+01
9931	105	8.42062E+01
9931	781	8.42127E+01
10017	656	8.42409E+01
10017	157	8.42458E+01
9931	157	8.42478E+01
10017	54	8.42529E+01
9931	54	8.42550E+01
9931	656	8.42647E+01
10017	487	8.42694E+01
9931	487	8.42714E+01
10017	17	8.42760E+01
9931	17	8.42779E+01
10017	436	8.42809E+01
9931	436	8.42917E+01
9934	805	8.43274E+01
10017	739	8.43814E+01
9934	677	8.43817E+01
9931	739	8.44118E+01
6559	672	8.44432E+01
10020	805	8.44817E+01
10017	16	8.44881E+01
9931	16	8.44900E+01
10017	614	8.44905E+01
10017	528	8.44984E+01
9931	614	8.45089E+01
9931	528	8.45109E+01
10017	156	8.45211E+01
9931	156	8.45229E+01
10017	300	8.45272E+01
9931	300	8.45314E+01
10017	248	8.45478E+01
9931	248	8.45509E+01
10017	342	8.45630E+01
9931	342	8.45687E+01
10017	697	8.45857E+01
10017	196	8.45979E+01
9931	196	8.46002E+01
10017	486	8.46075E+01
9931	486	8.46094E+01
9931	697	8.46101E+01
10017	104	8.46400E+01
9931	104	8.46420E+01
10017	53	8.46486E+01
9931	53	8.46505E+01
10017	394	8.46606E+01
9931	394	8.46679E+01
10017	15	8.46963E+01
9931	15	8.46980E+01
10017	780	8.47381E+01
10017	572	8.47419E+01
9931	572	8.47558E+01
9931	780	8.47683E+01
10017	655	8.47894E+01
10017	155	8.47918E+01
9931	155	8.47935E+01
9934	724	8.47943E+01
9931	655	8.48088E+01
10017	435	8.48101E+01
9931	435	8.48190E+01
10020	550	8.48348E+01
9931	598	8.48404E+01
10017	14	8.49004E+01
9931	14	8.49020E+01
10017	738	8.49069E+01
9934	550	8.49268E+01
10017	485	8.49303E+01
9931	738	8.49316E+01
9931	485	8.49319E+01
6462	672	8.49659E+01
10017	299	8.49889E+01
10017	247	8.49907E+01
9931	299	8.49925E+01
9931	247	8.49933E+01
10017	613	8.49933E+01
10017	527	8.49949E+01
9931	527	8.50051E+01
9931	613	8.50084E+01
9931	803	8.50112E+01
10017	52	8.50121E+01
9931	52	8.50137E+01
10017	195	8.50151E+01
9931	195	8.50171E+01
10017	341	8.50306E+01
10017	103	8.50311E+01
9931	103	8.50328E+01
9931	341	8.50353E+01
10020	802	8.50497E+01
10017	154	8.50544E+01
9931	154	8.50559E+01
9934	277	8.50657E+01
10017	696	8.50739E+01
10020	594	8.50911E+01
9931	696	8.50938E+01
10017	13	8.51006E+01
9931	13	8.51021E+01
6559	545	8.51179E+01
10017	393	8.51198E+01
9931	393	8.51259E+01
10020	277	8.51292E+01
10020	724	8.51417E+01
10020	760	8.51699E+01
6483	470	8.51803E+01
10017	598	8.51849E+01
10017	571	8.51981E+01
10017	779	8.51997E+01
9931	571	8.52095E+01
6483	471	8.52153E+01
9931	779	8.52243E+01
9934	594	8.52250E+01
10017	484	8.52328E+01
9931	484	8.52343E+01
10017	654	8.52399E+01
6483	431	8.52443E+01
10017	434	8.52486E+01
9931	654	8.52557E+01
9931	434	8.52559E+01
9934	802	8.52938E+01
10017	12	8.52967E+01
9931	12	8.52980E+01
9934	643	8.53012E+01
10017	153	8.53056E+01
9931	153	8.53070E+01
6462	545	8.53088E+01
10017	737	8.53373E+01
10017	51	8.53399E+01
9931	51	8.53414E+01
9931	737	8.53574E+01
6483	430	8.53602E+01
6559	755	8.53662E+01
10017	246	8.53691E+01
9931	246	8.53713E+01
10017	102	8.53759E+01
10017	194	8.53768E+01
9931	102	8.53774E+01
10017	298	8.53783E+01
9931	194	8.53786E+01
9931	298	8.53813E+01
10017	526	8.54036E+01
10017	612	8.54057E+01
9931	526	8.54120E+01
9931	612	8.54179E+01
10017	340	8.54209E+01
9931	340	8.54249E+01
9934	760	8.54272E+01
9934	765	8.54298E+01
6559	453	8.54306E+01
6483	562	8.54593E+01
10017	695	8.54730E+01
10017	11	8.54874E+01
6580	470	8.54885E+01
9931	11	8.54887E+01
9931	695	8.54892E+01
10020	458	8.54953E+01
10017	392	8.55001E+01
9931	392	8.55050E+01
10017	483	8.55111E+01
9931	483	8.55124E+01
6462	453	8.55342E+01
10017	152	8.55426E+01
9931	152	8.55439E+01
9934	458	8.55499E+01
6483	561	8.55585E+01
10017	570	8.55717E+01
10017	778	8.55761E+01
6580	471	8.55801E+01
9931	570	8.55810E+01
6580	431	8.55949E+01
9931	778	8.55960E+01
10017	653	8.56077E+01
10017	433	8.56092E+01
9931	433	8.56152E+01
9931	653	8.56205E+01
10017	50	8.56305E+01
9931	50	8.56318E+01
6483	432	8.56475E+01
10017	10	8.56711E+01
9931	10	8.56723E+01
10017	101	8.56752E+01
6580	430	8.56754E+01
9931	101	8.56766E+01
10020	643	8.56788E+01
10017	193	8.56862E+01
9931	193	8.56877E+01
10017	736	8.56877E+01
10017	245	8.56886E+01
9931	245	8.56905E+01
10017	297	8.57035E+01
9931	736	8.57040E+01
9931	297	8.57060E+01
6483	469	8.57170E+01
10017	803	8.57361E+01
10017	525	8.57379E+01
10017	611	8.57418E+01
9931	525	8.57448E+01
9931	611	8.57518E+01
10017	482	8.57623E+01
10017	151	8.57628E+01
9931	482	8.57635E+01
9931	151	8.57639E+01
10020	765	8.57769E+01
10017	694	8.57976E+01
6580	562	8.58063E+01
9931	694	8.58107E+01
10017	391	8.58125E+01
9931	391	8.58166E+01
6483	472	8.58167E+01
6462	361	8.58263E+01
6580	561	8.58266E+01
9934	380	8.58403E+01
10017	9	8.58458E+01
9931	9	8.58469E+01
9934	806	8.58573E+01
6559	361	8.58608E+01
9934	469	8.58622E+01
10017	569	8.58758E+01
10017	777	8.58815E+01
9931	569	8.58834E+01
10017	49	8.58839E+01
9931	49	8.58851E+01
9931	777	8.58976E+01
10017	652	8.59063E+01
9931	652	8.59167E+01
9934	326	8.59182E+01
10017	100	8.59315E+01
9931	100	8.59327E+01
10020	718	8.59475E+01
10017	192	8.59477E+01
9931	192	8.59490E+01
6483	563	8.59502E+01
6483	380	8.59541E+01
10017	244	8.59556E+01
9931	244	8.59572E+01
10020	326	8.59616E+01
10017	150	8.59640E+01
9931	150	8.59651E+01
10017	735	8.59716E+01
10017	296	8.59727E+01
6580	469	8.59731E+01
9931	296	8.59748E+01
9931	735	8.59848E+01
10017	481	8.59848E+01
9931	481	8.59859E+01
6483	429	8.59884E+01
10017	8	8.60097E+01
10017	524	8.60098E+01
9931	8	8.60107E+01
10020	380	8.60134E+01
10017	610	8.60144E+01
9931	524	8.60154E+01
9931	610	8.60226E+01
6483	605	8.60272E+01
6580	432	8.60364E+01
10020	635	8.60379E+01
10017	693	8.60602E+01
10017	390	8.60677E+01
9931	693	8.60708E+01
9931	390	8.60711E+01
10017	48	8.61017E+01
9931	48	8.61027E+01
6483	606	8.61254E+01
10017	776	8.61283E+01
9931	776	8.61413E+01
10020	469	8.61427E+01
10017	149	8.61449E+01
9931	149	8.61458E+01
10017	651	8.61478E+01
10017	99	8.61482E+01
