GRAM	c2h2	chi_tot
9879	609	8.26022E+01
9879	608	8.31338E+01
9879	567	8.35767E+01
9879	568	8.39257E+01
9879	526	8.44986E+01
9879	610	8.45388E+01
9879	527	8.54406E+01
9879	485	8.57052E+01
9879	566	8.57224E+01
9879	525	8.60337E+01
7679	487	8.61635E+01
9879	607	8.61659E+01
7679	528	8.64868E+01
7679	446	8.65642E+01
9879	569	8.67462E+01
7679	529	8.68407E+01
9879	486	8.68767E+01
9879	484	8.69726E+01
9879	444	8.71137E+01
7679	488	8.71247E+01
7679	570	8.72366E+01
7679	486	8.75747E+01
7679	405	8.76068E+01
7679	447	8.76908E+01
7679	569	8.78156E+01
7679	445	8.78255E+01
9879	445	8.80714E+01
5103	446	8.83042E+01
5103	487	8.83182E+01
7679	406	8.83262E+01
7679	527	8.84750E+01
7769	487	8.84929E+01
7769	528	8.85148E+01
9879	443	8.85210E+01
7679	611	8.87437E+01
5103	445	8.88069E+01
5206	487	8.88178E+01
7679	571	8.88468E+01
9879	528	8.88543E+01
9879	611	8.88606E+01
9879	403	8.88763E+01
5103	405	8.89487E+01
5206	446	8.89628E+01
7769	446	8.90783E+01
9879	404	8.91085E+01
7769	570	8.91336E+01
7769	529	8.91336E+01
7679	612	8.91534E+01
5103	486	8.92155E+01
7679	404	8.92510E+01
7679	365	8.92673E+01
5103	528	8.93045E+01
7343	569	8.93213E+01
7343	611	8.93380E+01
7769	569	8.93954E+01
5206	445	8.94104E+01
7679	530	8.94318E+01
5206	528	8.95510E+01
7343	528	8.95931E+01
5103	404	8.95939E+01
5206	486	8.96051E+01
7679	364	8.96396E+01
7769	488	8.96588E+01
5103	488	8.96824E+01
5206	405	8.97123E+01
7769	486	8.97261E+01
5103	529	8.98080E+01
7343	570	8.98182E+01
7343	610	8.99236E+01
9879	524	8.99949E+01
7769	611	9.00685E+01
5103	447	9.01024E+01
7769	445	9.02224E+01
7769	405	9.02297E+01
5206	529	9.02517E+01
7769	527	9.02695E+01
5206	488	9.03229E+01
9879	565	9.03263E+01
5103	364	9.03309E+01
7769	447	9.03440E+01
5206	404	9.03577E+01
7679	489	9.03785E+01
7366	568	9.04058E+01
7343	487	9.04300E+01
7679	610	9.04864E+01
9879	487	9.05092E+01
9879	363	9.05172E+01
5103	406	9.06029E+01
9879	483	9.06050E+01
7366	609	9.06871E+01
7679	568	9.07054E+01
7343	527	9.07377E+01
7366	527	9.08381E+01
5206	447	9.08406E+01
7769	612	9.08749E+01
9879	402	9.08756E+01
7343	529	9.09085E+01
7366	526	9.09872E+01
5103	527	9.10073E+01
7769	406	9.10209E+01
7366	610	9.10585E+01
7343	612	9.10636E+01
5103	570	9.10743E+01
7769	571	9.10939E+01
5206	527	9.10940E+01
5103	365	9.11273E+01
7343	486	9.11304E+01
7679	448	9.11604E+01
5206	570	9.11878E+01
5206	364	9.11920E+01
7679	366	9.12113E+01
7343	568	9.12630E+01
7366	485	9.13395E+01
7366	567	9.13614E+01
5206	406	9.13842E+01
7679	485	9.14041E+01
7679	407	9.14096E+01
7769	610	9.14521E+01
9879	446	9.14522E+01
7679	444	9.14836E+01
9879	362	9.15384E+01
7679	325	9.15479E+01
7679	324	9.15725E+01
7679	613	9.15727E+01
5206	569	9.15941E+01
5103	444	9.16072E+01
7343	446	9.16076E+01
9879	364	9.16449E+01
7366	486	9.16497E+01
9879	606	9.16671E+01
9879	405	9.16721E+01
5103	569	9.17252E+01
3437	569	9.17283E+01
5103	363	9.17520E+01
7769	404	9.18189E+01
3437	611	9.18549E+01
7366	569	9.18650E+01
5206	365	9.19494E+01
9879	570	9.19664E+01
7769	365	9.19813E+01
7769	568	9.20045E+01
7769	530	9.20186E+01
7859	528	9.20914E+01
11141	612	9.20953E+01
3331	569	9.21362E+01
5206	444	9.21801E+01
11141	611	9.21854E+01
9879	442	9.21893E+01
7343	488	9.22070E+01
7366	444	9.22493E+01
3331	611	9.22610E+01
7679	363	9.22719E+01
3437	570	9.22829E+01
7343	445	9.23142E+01
7769	364	9.23458E+01
7859	569	9.23625E+01
5103	485	9.24043E+01
5103	324	9.24288E+01
5103	530	9.24365E+01
7859	487	9.24634E+01
5103	571	9.24779E+01
5103	403	9.24924E+01
3437	528	9.25113E+01
7679	572	9.25127E+01
7859	570	9.25383E+01
7366	445	9.25813E+01
9879	323	9.26121E+01
7343	571	9.26565E+01
3225	569	9.26608E+01
5206	363	9.26632E+01
7859	611	9.26770E+01
11222	611	9.26910E+01
3437	610	9.26991E+01
7366	608	9.27124E+01
5206	485	9.27156E+01
11222	612	9.27543E+01
3331	570	9.27754E+01
3225	611	9.28643E+01
3437	527	9.28750E+01
5206	571	9.28767E+01
7679	526	9.28783E+01
7343	609	9.29292E+01
3437	612	9.29740E+01
3331	528	9.29752E+01
11141	570	9.30147E+01
3331	610	9.30294E+01
3225	570	9.30641E+01
7859	529	9.30797E+01
5206	530	9.31125E+01
7366	528	9.31191E+01
7343	405	9.31361E+01
7769	489	9.31422E+01
7679	403	9.32214E+01
3331	527	9.32346E+01
5103	323	9.32471E+01
5103	489	9.32473E+01
3437	568	9.32499E+01
7859	446	9.32688E+01
5206	403	9.32736E+01
3225	528	9.32795E+01
5206	324	9.33417E+01
7343	447	9.33765E+01
7769	485	9.34053E+01
7859	486	9.34384E+01
3331	612	9.34421E+01
7366	484	9.34557E+01
9879	322	9.34725E+01
7859	527	9.35120E+01
3331	568	9.35612E+01
11222	570	9.35632E+01
7859	610	9.35686E+01
7366	525	9.35838E+01
7366	404	9.35866E+01
5206	611	9.36797E+01
7769	613	9.37241E+01
11141	571	9.37285E+01
5103	325	9.37340E+01
7366	611	9.37371E+01
7679	323	9.37383E+01
9879	324	9.37426E+01
3225	527	9.37430E+01
7366	403	9.37534E+01
7679	326	9.37555E+01
3225	612	9.37811E+01
7769	444	9.37854E+01
11304	611	9.37859E+01
3225	610	9.38805E+01
7859	488	9.39190E+01
7769	366	9.39449E+01
7769	448	9.39735E+01
3437	486	9.39852E+01
5206	612	9.40080E+01
7859	612	9.40142E+01
7679	285	9.40448E+01
5103	611	9.40530E+01
5103	612	9.40543E+01
11304	612	9.40578E+01
5206	489	9.40586E+01
7679	531	9.41400E+01
5103	448	9.41712E+01
7769	407	9.41927E+01
5206	568	9.41928E+01
5103	366	9.42056E+01
7859	445	9.42394E+01
5206	323	9.42441E+01
11141	529	9.42516E+01
7769	325	9.42784E+01
3437	529	9.42826E+01
7366	443	9.42887E+01
7343	406	9.43047E+01
3225	568	9.43064E+01
7343	485	9.43285E+01
7769	324	9.43433E+01
3331	486	9.43647E+01
11141	613	9.43673E+01
7343	526	9.43905E+01
7343	404	9.43952E+01
7366	487	9.43956E+01
11222	571	9.44112E+01
7769	526	9.44727E+01
3437	487	9.44933E+01
7679	609	9.45137E+01
5103	568	9.45246E+01
7859	405	9.45256E+01
9879	361	9.45670E+01
5103	407	9.45682E+01
5206	325	9.45684E+01
7859	568	9.45738E+01
7343	530	9.46048E+01
9879	529	9.46879E+01
11304	570	9.47063E+01
3225	486	9.47316E+01
7859	447	9.47354E+01
7366	566	9.47659E+01
11141	610	9.47690E+01
7679	284	9.47782E+01
11141	569	9.47997E+01
11222	529	9.48093E+01
3331	529	9.48407E+01
3437	571	9.48649E+01
3225	529	9.49276E+01
5206	526	9.49352E+01
9879	401	9.49687E+01
5103	526	9.49694E+01
7859	571	9.49713E+01
7769	363	9.49817E+01
7343	613	9.49828E+01
3331	487	9.49849E+01
5206	366	9.50006E+01
5206	448	9.50132E+01
9879	365	9.50320E+01
7366	363	9.50393E+01
11222	610	9.51316E+01
7769	572	9.51396E+01
9879	283	9.51526E+01
7769	609	9.51622E+01
3225	487	9.51696E+01
11222	613	9.51892E+01
5103	284	9.52220E+01
11222	569	9.52231E+01
5103	362	9.52952E+01
7366	446	9.53295E+01
9879	284	9.53364E+01
7679	286	9.53728E+01
7343	365	9.53739E+01
3437	526	9.53836E+01
5206	407	9.53855E+01
5206	610	9.53908E+01
7859	406	9.54238E+01
3331	571	9.54297E+01
9879	612	9.54558E+01
3225	571	9.54684E+01
7343	444	9.54793E+01
11141	530	9.54833E+01
7343	364	9.54930E+01
7679	367	9.54975E+01
11141	528	9.55318E+01
3437	609	9.55592E+01
3331	526	9.56295E+01
3437	485	9.56535E+01
7366	570	9.56594E+01
7343	567	9.57103E+01
11141	488	9.57221E+01
11304	571	9.57315E+01
7769	403	9.57509E+01
7366	405	9.57656E+01
3331	609	9.57999E+01
7679	490	9.58240E+01
5103	572	9.58329E+01
7679	614	9.58670E+01
3331	485	9.59138E+01
5103	285	9.59347E+01
5103	613	9.59400E+01
11304	529	9.59531E+01
11222	528	9.59839E+01
3437	613	9.59952E+01
7679	567	9.59971E+01
7366	364	9.60042E+01
7859	404	9.60305E+01
11304	610	9.60359E+01
5103	610	9.60444E+01
5103	322	9.60687E+01
3437	445	9.61252E+01
11222	530	9.61546E+01
9879	321	9.61695E+01
7366	402	9.61788E+01
11304	569	9.62049E+01
5206	284	9.62052E+01
11222	488	9.62609E+01
7366	362	9.62617E+01
5206	613	9.62631E+01
5206	362	9.62668E+01
9879	523	9.62762E+01
3225	526	9.63281E+01
7859	365	9.63577E+01
7859	530	9.63658E+01
7343	489	9.64081E+01
5103	283	9.64368E+01
3225	485	9.64510E+01
7769	326	9.64534E+01
9879	482	9.64803E+01
3331	445	9.64900E+01
3331	613	9.65115E+01
5206	572	9.65546E+01
7769	323	9.65560E+01
3225	613	9.65710E+01
9879	488	9.65794E+01
9879	406	9.66270E+01
5103	443	9.66608E+01
9879	282	9.66930E+01
7859	364	9.67083E+01
11304	613	9.67176E+01
7769	285	9.67985E+01
3225	445	9.68007E+01
5206	285	9.68072E+01
11141	572	9.68238E+01
7679	408	9.68273E+01
7859	609	9.68317E+01
3437	567	9.68687E+01
11141	487	9.68716E+01
3225	609	9.68814E+01
7859	485	9.68934E+01
7679	449	9.69011E+01
11304	528	9.69985E+01
9879	325	9.70005E+01
7769	531	9.70470E+01
7769	567	9.70548E+01
3331	567	9.70721E+01
7679	362	9.70750E+01
5103	531	9.70958E+01
3437	446	9.70972E+01
11141	489	9.70992E+01
7366	323	9.71040E+01
5206	322	9.71545E+01
7366	607	9.71766E+01
3437	488	9.71884E+01
5206	443	9.72271E+01
5103	326	9.72611E+01
9879	447	9.72702E+01
9879	564	9.72911E+01
11222	487	9.73255E+01
3437	444	9.73305E+01
11304	488	9.73686E+01
11141	447	9.73919E+01
9879	285	9.74117E+01
7859	526	9.74205E+01
7859	613	9.74277E+01
7679	283	9.74380E+01
11304	530	9.74420E+01
7679	443	9.75033E+01
5206	283	9.75317E+01
5103	402	9.75601E+01
3331	444	9.75719E+01
3331	446	9.75807E+01
7343	448	9.76028E+01
7769	284	9.76134E+01
7343	366	9.76309E+01
11222	572	9.76492E+01
7679	484	9.76519E+01
7859	444	9.76580E+01
7859	489	9.77206E+01
7343	572	9.77295E+01
11222	489	9.77299E+01
3225	446	9.77355E+01
7366	529	9.77689E+01
3225	488	9.77752E+01
3331	488	9.77839E+01
7343	324	9.78206E+01
5103	484	9.78725E+01
11222	447	9.78917E+01
7343	325	9.79003E+01
7343	363	9.79063E+01
7343	407	9.79283E+01
7679	322	9.79305E+01
7366	483	9.79394E+01
9879	245	9.79541E+01
7366	322	9.79599E+01
9879	441	9.79750E+01
9879	244	9.79785E+01
7343	403	9.80196E+01
3225	567	9.80215E+01
5206	326	9.80236E+01
3225	444	9.80287E+01
5206	531	9.80371E+01
7769	286	9.80486E+01
7679	573	9.81073E+01
5206	484	9.81372E+01
7679	245	9.81486E+01
3437	530	9.81501E+01
7679	327	9.82627E+01
7769	367	9.82629E+01
7366	324	9.82932E+01
11304	487	9.83374E+01
7859	366	9.83526E+01
5206	402	9.83751E+01
7343	608	9.84319E+01
11141	448	9.84330E+01
7769	614	9.84778E+01
7859	448	9.85912E+01
7366	524	9.85913E+01
7366	612	9.86061E+01
7366	442	9.86100E+01
7859	325	9.86271E+01
3225	530	9.86491E+01
5103	245	9.86876E+01
5103	286	9.87159E+01
7859	407	9.87244E+01
7859	324	9.87508E+01
3331	530	9.87918E+01
7769	490	9.88407E+01
11141	614	9.88759E+01
11141	446	9.88783E+01
5103	490	9.89339E+01
11304	447	9.89406E+01
11304	489	9.89458E+01
3437	404	9.89670E+01
11222	448	9.90024E+01
5206	567	9.90530E+01
11141	531	9.91280E+01
11304	572	9.91615E+01
11141	568	9.91849E+01
7660	609	9.92372E+01
5206	609	9.92455E+01
7366	365	9.92558E+01
7859	567	9.92711E+01
3331	404	9.92759E+01
11222	446	9.93144E+01
7859	363	9.93483E+01
11141	527	9.94043E+01
3437	572	9.94168E+01
5103	282	9.94290E+01
9879	360	9.94375E+01
7679	402	9.94407E+01
3437	484	9.94449E+01
5206	286	9.94794E+01
9879	571	9.94870E+01
11222	568	9.94933E+01
9879	243	9.95006E+01
7859	572	9.95198E+01
11141	406	9.95304E+01
7769	484	9.95314E+01
5103	567	9.95394E+01
9879	605	9.95407E+01
7366	361	9.95417E+01
7366	488	9.95433E+01
3331	484	9.95802E+01
3225	404	9.96012E+01
5103	367	9.96016E+01
5103	614	9.96110E+01
5103	244	9.96189E+01
11141	407	9.96326E+01
7366	283	9.96769E+01
5206	245	9.96950E+01
7769	408	9.97154E+01
7679	525	9.97232E+01
7769	443	9.97326E+01
11222	527	9.97597E+01
9879	281	9.97898E+01
7769	362	9.97995E+01
3225	572	9.98168E+01
3437	405	9.98683E+01
11222	614	9.98693E+01
7750	609	9.98717E+01
7769	449	9.98944E+01
7859	403	9.99022E+01
7343	323	9.99034E+01
11222	531	9.99204E+01
5206	490	9.99442E+01
11141	609	9.99626E+01
11222	406	9.99815E+01
7343	484	9.99992E+01
3437	525	1.00003E+02
3331	572	1.00041E+02
7366	284	1.00096E+02
11304	448	1.00124E+02
3331	525	1.00128E+02
5103	609	1.00129E+02
11222	407	1.00131E+02
3437	403	1.00188E+02
7660	568	1.00188E+02
11222	609	1.00194E+02
7660	567	1.00255E+02
7343	326	1.00260E+02
7660	610	1.00268E+02
3225	484	1.00275E+02
3437	447	1.00287E+02
3331	405	1.00300E+02
11304	446	1.00302E+02
11304	568	1.00331E+02
7366	406	1.00339E+02
5206	614	1.00342E+02
7769	283	1.00357E+02
3331	403	1.00372E+02
5206	367	1.00382E+02
5103	449	1.00457E+02
3437	608	1.00459E+02
7660	608	1.00460E+02
7366	447	1.00497E+02
3225	405	1.00498E+02
7343	285	1.00528E+02
9879	320	1.00536E+02
7343	525	1.00553E+02
7679	244	1.00568E+02
7343	531	1.00589E+02
7366	565	1.00596E+02
3331	608	1.00597E+02
11141	486	1.00599E+02
3437	443	1.00631E+02
5206	282	1.00636E+02
11304	527	1.00660E+02
7750	608	1.00710E+02
7366	321	1.00717E+02
7366	401	1.00739E+02
3331	443	1.00746E+02
5103	321	1.00754E+02
5206	244	1.00755E+02
7859	326	1.00756E+02
9879	366	1.00759E+02
7769	322	1.00801E+02
3225	403	1.00817E+02
5103	408	1.00828E+02
5103	361	1.00835E+02
7679	532	1.00847E+02
7750	567	1.00861E+02
3437	614	1.00868E+02
3225	447	1.00873E+02
3331	447	1.00884E+02
7679	608	1.00926E+02
11304	609	1.00927E+02
11141	490	1.00928E+02
7769	327	1.00936E+02
11304	406	1.00968E+02
11222	486	1.00975E+02
7343	614	1.00989E+02
9879	400	1.00991E+02
3225	525	1.01001E+02
7769	245	1.01017E+02
7859	323	1.01035E+02
7343	443	1.01043E+02
5103	573	1.01044E+02
7660	526	1.01055E+02
7366	282	1.01055E+02
5206	525	1.01086E+02
7859	285	1.01134E+02
7750	568	1.01137E+02
7769	573	1.01141E+02
7769	525	1.01152E+02
11304	407	1.01154E+02
3225	614	1.01184E+02
5103	525	1.01202E+02
7343	284	1.01300E+02
7769	608	1.01303E+02
7750	610	1.01329E+02
3225	443	1.01338E+02
11304	531	1.01365E+02
3331	614	1.01418E+02
5206	449	1.01426E+02
11141	366	1.01426E+02
9879	286	1.01539E+02
7840	609	1.01551E+02
11304	614	1.01638E+02
7366	325	1.01654E+02
11222	490	1.01658E+02
7366	571	1.01683E+02
5206	408	1.01700E+02
7840	608	1.01787E+02
7859	531	1.01823E+02
7343	286	1.01841E+02
11222	366	1.01858E+02
5206	361	1.01877E+02
7679	282	1.01879E+02
7750	526	1.01880E+02
3225	608	1.01890E+02
7660	527	1.01901E+02
11304	486	1.01904E+02
11141	405	1.01916E+02
5206	321	1.01933E+02
7769	402	1.01948E+02
11141	449	1.01961E+02
3437	489	1.02050E+02
7859	284	1.02074E+02
5206	573	1.02123E+02
7679	368	1.02125E+02
5103	243	1.02128E+02
11141	573	1.02188E+02
11141	408	1.02228E+02
7859	286	1.02268E+02
7343	367	1.02318E+02
11141	367	1.02319E+02
11222	405	1.02324E+02
7840	567	1.02326E+02
9879	242	1.02346E+02
7660	569	1.02407E+02
7366	285	1.02470E+02
7343	362	1.02502E+02
9879	326	1.02503E+02
7660	525	1.02508E+02
3437	363	1.02515E+02
7660	485	1.02524E+02
3225	489	1.02528E+02
3437	566	1.02561E+02
7859	608	1.02576E+02
11222	449	1.02606E+02
7660	566	1.02608E+02
3331	566	1.02646E+02
7343	566	1.02681E+02
7366	244	1.02682E+02
3437	364	1.02719E+02
7859	367	1.02719E+02
3331	363	1.02722E+02
3331	489	1.02740E+02
7859	614	1.02774E+02
11222	408	1.02780E+02
11222	367	1.02782E+02
11304	366	1.02803E+02
7859	484	1.02832E+02
9879	530	1.02860E+02
11141	445	1.02904E+02
7750	566	1.02910E+02
7343	490	1.02961E+02
11141	365	1.02962E+02
3437	406	1.02972E+02
11304	490	1.02994E+02
7750	527	1.03016E+02
3331	364	1.03049E+02
7366	245	1.03064E+02
7750	525	1.03075E+02
5103	327	1.03086E+02
3225	363	1.03112E+02
7840	568	1.03139E+02
11222	573	1.03164E+02
11304	405	1.03282E+02
11222	445	1.03283E+02
3225	364	1.03342E+02
7679	491	1.03354E+02
11222	365	1.03367E+02
7660	484	1.03388E+02
5206	243	1.03390E+02
3437	402	1.03415E+02
7750	485	1.03444E+02
3331	402	1.03473E+02
7859	443	1.03492E+02
7660	611	1.03498E+02
3331	406	1.03524E+02
7840	526	1.03528E+02
7769	244	1.03545E+02
3225	406	1.03587E+02
7840	610	1.03651E+02
5103	532	1.03695E+02
7679	566	1.03733E+02
7750	569	1.03735E+02
11304	367	1.03738E+02
7859	490	1.03763E+02
3225	566	1.03782E+02
5206	327	1.03784E+02
11304	449	1.03810E+02
7859	525	1.03848E+02
11304	408	1.03848E+02
7750	607	1.03853E+02
11141	326	1.03879E+02
7840	566	1.03880E+02
5103	442	1.03881E+02
7366	243	1.03883E+02
7343	402	1.03908E+02
7679	361	1.03928E+02
7660	607	1.03943E+02
7660	486	1.03949E+02
9879	407	1.03998E+02
7343	283	1.03999E+02
7343	408	1.04007E+02
7343	322	1.04012E+02
7679	321	1.04014E+02
3225	402	1.04028E+02
5103	281	1.04045E+02
7366	606	1.04060E+02
3437	531	1.04063E+02
7366	281	1.04072E+02
7769	532	1.04098E+02
7750	484	1.04105E+02
7859	362	1.04188E+02
9879	613	1.04208E+02
11304	445	1.04219E+02
7343	449	1.04244E+02
11222	326	1.04274E+02
9879	280	1.04280E+02
3437	362	1.04287E+02
7840	525	1.04300E+02
11304	365	1.04308E+02
3331	362	1.04371E+02
7840	607	1.04375E+02
7660	444	1.04376E+02
3225	531	1.04394E+02
7859	408	1.04396E+02
9879	481	1.04440E+02
5206	442	1.04464E+02
7679	409	1.04528E+02
7679	243	1.04554E+02
11141	327	1.04583E+02
7769	566	1.04591E+02
5103	401	1.04678E+02
7366	482	1.04684E+02
7366	530	1.04699E+02
7366	360	1.04726E+02
9879	522	1.04727E+02
7859	449	1.04762E+02
3331	531	1.04778E+02
7679	450	1.04827E+02
3225	362	1.04853E+02
7366	366	1.04863E+02
11304	573	1.04882E+02
7769	282	1.04884E+02
7343	245	1.04902E+02
5206	532	1.04933E+02
7769	368	1.04935E+02
9879	204	1.04937E+02
7343	573	1.04940E+02
7859	283	1.04949E+02
11222	327	1.04993E+02
7343	327	1.04995E+02
3437	365	1.05023E+02
7750	611	1.05024E+02
9879	489	1.05031E+02
7660	443	1.05045E+02
7660	528	1.05058E+02
7366	441	1.05085E+02
11141	532	1.05087E+02
7840	485	1.05094E+02
7750	486	1.05100E+02
7840	527	1.05123E+02
11304	326	1.05169E+02
7859	327	1.05206E+02
7366	320	1.05216E+02
3437	483	1.05259E+02
3331	483	1.05264E+02
7750	444	1.05295E+02
5206	608	1.05319E+02
5206	281	1.05363E+02
7859	322	1.05364E+02
7840	484	1.05415E+02
3331	365	1.05476E+02
7859	245	1.05491E+02
9879	448	1.05505E+02
11141	325	1.05513E+02
5206	401	1.05542E+02
7366	613	1.05545E+02
5103	483	1.05561E+02
3225	365	1.05666E+02
11141	368	1.05680E+02
3437	448	1.05703E+02
9879	440	1.05710E+02
7679	442	1.05804E+02
5206	483	1.05810E+02
7750	443	1.05820E+02
11304	327	1.05874E+02
3331	442	1.05888E+02
3437	573	1.05890E+02
11222	325	1.05898E+02
3437	442	1.05903E+02
11141	526	1.05912E+02
7366	523	1.05919E+02
7660	445	1.05950E+02
9879	359	1.05975E+02
11222	532	1.06007E+02
7859	573	1.06050E+02
5103	242	1.06055E+02
3225	573	1.06061E+02
7859	402	1.06064E+02
3225	483	1.06104E+02
11222	368	1.06178E+02
11222	526	1.06180E+02
7660	524	1.06196E+02
5206	566	1.06199E+02
3225	448	1.06221E+02
11141	567	1.06235E+02
3437	323	1.06239E+02
7679	483	1.06267E+02
7840	569	1.06310E+02
9879	241	1.06360E+02
5103	608	1.06378E+02
9879	319	1.06401E+02
3331	448	1.06405E+02
3331	323	1.06417E+02
11222	567	1.06440E+02
7343	607	1.06457E+02
7660	483	1.06458E+02
9879	563	1.06469E+02
7750	528	1.06495E+02
7366	242	1.06500E+02
7660	403	1.06501E+02
7859	566	1.06504E+02
7750	524	1.06538E+02
3331	573	1.06562E+02
3225	442	1.06606E+02
3331	524	1.06645E+02
7769	491	1.06646E+02
3437	524	1.06649E+02
5103	491	1.06660E+02
7769	361	1.06678E+02
11141	404	1.06752E+02
5103	566	1.06793E+02
7840	444	1.06804E+02
11304	325	1.06811E+02
3225	323	1.06831E+02
7660	570	1.06863E+02
11141	364	1.06864E+02
11141	485	1.06916E+02
7769	321	1.06944E+02
7366	286	1.06948E+02
11304	526	1.06983E+02
7750	483	1.06998E+02
3437	324	1.07003E+02
7366	489	1.07028E+02
7750	445	1.07036E+02
7840	443	1.07080E+02
7840	486	1.07120E+02
11222	404	1.07123E+02
11141	491	1.07128E+02
5103	320	1.07151E+02
11304	368	1.07152E+02
11304	567	1.07152E+02
7660	565	1.07194E+02
11222	485	1.07223E+02
7750	565	1.07231E+02
11222	364	1.07246E+02
7366	400	1.07284E+02
7366	326	1.07292E+02
3331	324	1.07299E+02
11141	409	1.07302E+02
11141	286	1.07311E+02
7366	407	1.07320E+02
5103	368	1.07327E+02
3437	322	1.07338E+02
7750	403	1.07358E+02
3437	607	1.07376E+02
7840	524	1.07379E+02
3331	322	1.07398E+02
3331	607	1.07399E+02
7660	402	1.07434E+02
5206	242	1.07439E+02
7343	244	1.07455E+02
7769	409	1.07537E+02
11304	532	1.07621E+02
7769	243	1.07638E+02
3225	324	1.07640E+02
11222	286	1.07673E+02
3225	524	1.07678E+02
7660	487	1.07699E+02
7660	404	1.07706E+02
7840	565	1.07750E+02
7679	401	1.07794E+02
11141	608	1.07844E+02
3331	361	1.07845E+02
7660	442	1.07846E+02
3225	322	1.07881E+02
3437	361	1.07882E+02
5206	491	1.07896E+02
11222	409	1.07910E+02
11141	450	1.07922E+02
7679	281	1.07953E+02
11222	608	1.07956E+02
11222	491	1.07962E+02
7769	442	1.07983E+02
7840	483	1.08002E+02
7769	450	1.08019E+02
7840	611	1.08024E+02
7366	448	1.08053E+02
7769	483	1.08054E+02
11304	404	1.08061E+02
7343	483	1.08066E+02
11304	485	1.08083E+02
5206	368	1.08106E+02
11304	364	1.08189E+02
7859	244	1.08192E+02
7750	402	1.08206E+02
5103	360	1.08225E+02
3437	407	1.08326E+02
9879	203	1.08344E+02
3225	361	1.08412E+02
5206	320	1.08426E+02
3331	401	1.08427E+02
7343	282	1.08458E+02
3437	401	1.08495E+02
7750	442	1.08497E+02
11304	608	1.08540E+02
11304	286	1.08544E+02
7366	280	1.08570E+02
5103	204	1.08577E+02
7750	570	1.08604E+02
7840	403	1.08637E+02
11222	450	1.08647E+02
7750	404	1.08663E+02
9879	399	1.08768E+02
7366	564	1.08770E+02
7343	532	1.08774E+02
7840	445	1.08820E+02
7660	612	1.08847E+02
9879	367	1.08880E+02
3225	607	1.08883E+02
5103	450	1.08892E+02
7343	442	1.08900E+02
3225	407	1.08914E+02
7679	524	1.08980E+02
3331	407	1.08992E+02
11304	409	1.09033E+02
3437	490	1.09039E+02
3225	401	1.09085E+02
7840	528	1.09092E+02
7750	487	1.09106E+02
7660	362	1.09133E+02
7343	361	1.09137E+02
7343	524	1.09170E+02
9879	572	1.09202E+02
7750	606	1.09250E+02
7366	204	1.09250E+02
7840	606	1.09269E+02
7859	532	1.09327E+02
7840	402	1.09331E+02
5206	360	1.09344E+02
5103	409	1.09347E+02
11141	324	1.09381E+02
3225	490	1.09390E+02
7660	363	1.09406E+02
7636	532	1.09421E+02
11304	491	1.09430E+02
11141	444	1.09443E+02
7859	368	1.09456E+02
7343	368	1.09467E+02
5206	524	1.09506E+02
3437	366	1.09525E+02
7840	442	1.09537E+02
11823	613	1.09542E+02
7859	282	1.09616E+02
9879	604	1.09634E+02
7660	606	1.09635E+02
5103	524	1.09664E+02
11222	324	1.09756E+02
11638	608	1.09767E+02
7679	607	1.09771E+02
11222	444	1.09771E+02
3437	325	1.09774E+02
3331	490	1.09816E+02
7366	572	1.09824E+02
11891	613	1.09834E+02
7660	446	1.09836E+02
7750	362	1.09908E+02
7636	573	1.09919E+02
7769	607	1.09925E+02
11708	608	1.09928E+02
11304	450	1.09944E+02
7679	242	1.09950E+02
5206	204	1.09988E+02
7343	321	1.09990E+02
5206	450	1.10011E+02
9879	279	1.10014E+02
11638	567	1.10044E+02
3331	321	1.10080E+02
11638	525	1.10083E+02
11141	285	1.10096E+02
3331	366	1.10098E+02
7840	404	1.10119E+02
5103	280	1.10135E+02
3437	321	1.10137E+02
3225	366	1.10179E+02
11638	566	1.10183E+02
11708	525	1.10183E+02
7636	491	1.10184E+02
3331	325	1.10191E+02
3331	565	1.10208E+02
7750	363	1.10221E+02
11708	567	1.10225E+02
3437	565	1.10249E+02
11638	484	1.10270E+02
11708	566	1.10270E+02
7769	524	1.10280E+02
5206	409	1.10291E+02
7769	401	1.10295E+02
9879	327	1.10350E+02
7660	401	1.10362E+02
11708	484	1.10367E+02
7366	241	1.10383E+02
11638	526	1.10430E+02
3225	325	1.10454E+02
11222	285	1.10460E+02
11823	612	1.10466E+02
7660	529	1.10495E+02
3437	283	1.10588E+02
11708	526	1.10612E+02
3225	321	1.10629E+02
11891	612	1.10646E+02
11304	444	1.10668E+02
3331	283	1.10675E+02
11638	607	1.10693E+02
11304	324	1.10694E+02
7726	573	1.10709E+02
11638	485	1.10735E+02
11708	607	1.10747E+02
7726	532	1.10749E+02
11638	443	1.10749E+02
7660	361	1.10801E+02
7636	531	1.10822E+02
11708	443	1.10829E+02
7859	607	1.10859E+02
7750	612	1.10873E+02
11638	444	1.10896E+02
11708	485	1.10899E+02
3437	284	1.10923E+02
7636	490	1.10938E+02
7840	362	1.10938E+02
11823	572	1.10942E+02
11823	614	1.10963E+02
8924	612	1.11004E+02
11708	444	1.11030E+02
7769	281	1.11045E+02
7750	401	1.11063E+02
11823	571	1.11086E+02
7859	361	1.11107E+02
7750	446	1.11109E+02
11638	403	1.11110E+02
3331	284	1.11122E+02
7660	405	1.11154E+02
3225	283	1.11162E+02
7859	483	1.11206E+02
11708	403	1.11206E+02
5103	241	1.11255E+02
11891	572	1.11262E+02
8924	613	1.11278E+02
7366	319	1.11298E+02
11891	571	1.11305E+02
7840	363	1.11331E+02
11304	285	1.11370E+02
11891	614	1.11372E+02
9879	240	1.11412E+02
11638	609	1.11472E+02
3225	565	1.11511E+02
7840	487	1.11526E+02
7343	243	1.11544E+02
7750	361	1.11546E+02
3225	284	1.11560E+02
5206	280	1.11563E+02
7660	482	1.11602E+02
7859	321	1.11602E+02
7366	359	1.11651E+02
7859	442	1.11660E+02
9012	612	1.11706E+02
11708	609	1.11747E+02
7660	364	1.11765E+02
11638	402	1.11765E+02
7840	570	1.11784E+02
7343	491	1.11790E+02
11708	402	1.11821E+02
7636	450	1.11830E+02
7726	531	1.11830E+02
7679	320	1.11840E+02
7726	491	1.11855E+02
3331	282	1.11860E+02
7660	322	1.11862E+02
3437	282	1.11883E+02
7343	401	1.11923E+02
7859	491	1.11935E+02
3437	532	1.11977E+02
7750	482	1.11992E+02
7660	523	1.12001E+02
11638	362	1.12006E+02
7840	401	1.12056E+02
11708	362	1.12063E+02
7636	614	1.12078E+02
7816	573	1.12084E+02
7726	614	1.12111E+02
3225	532	1.12117E+02
7343	565	1.12132E+02
7750	523	1.12151E+02
7750	405	1.12229E+02
11638	363	1.12234E+02
7679	204	1.12241E+02
11823	530	1.12254E+02
7636	572	1.12271E+02
7750	529	1.12282E+02
9012	613	1.12304E+02
11708	363	1.12320E+02
11638	524	1.12321E+02
11638	483	1.12329E+02
11708	524	1.12346E+02
7726	490	1.12350E+02
11708	483	1.12363E+02
7636	449	1.12371E+02
7859	409	1.12387E+02
7366	203	1.12391E+02
3225	282	1.12395E+02
7816	614	1.12421E+02
7859	243	1.12461E+02
11891	530	1.12489E+02
7840	361	1.12513E+02
7660	323	1.12514E+02
7343	409	1.12520E+02
11638	568	1.12523E+02
7750	322	1.12570E+02
11823	531	1.12610E+02
9879	202	1.12612E+02
7660	441	1.12629E+02
7750	364	1.12630E+02
7840	523	1.12650E+02
5427	532	1.12667E+02
7679	360	1.12687E+02
7726	572	1.12689E+02
7840	482	1.12726E+02
3331	532	1.12753E+02
5206	241	1.12758E+02
7859	524	1.12770E+02
5103	203	1.12794E+02
11708	568	1.12806E+02
3331	482	1.12823E+02
11638	404	1.12829E+02
3331	441	1.12841E+02
8924	571	1.12862E+02
7366	367	1.12869E+02
7816	532	1.12883E+02
11891	531	1.12932E+02
11638	565	1.12944E+02
11708	565	1.12944E+02
3437	482	1.12950E+02
11708	404	1.12968E+02
3331	360	1.12970E+02
3437	441	1.12986E+02
7660	321	1.13007E+02
8924	611	1.13019E+02
11638	442	1.13024E+02
11141	363	1.13039E+02
11708	442	1.13054E+02
11638	322	1.13060E+02
3437	285	1.13061E+02
11708	322	1.13101E+02
3437	360	1.13127E+02
7769	242	1.13140E+02
5103	441	1.13144E+02
7859	450	1.13158E+02
11823	573	1.13168E+02
7750	441	1.13176E+02
7840	446	1.13193E+02
7750	323	1.13215E+02
5427	491	1.13236E+02
7343	450	1.13246E+02
9879	531	1.13277E+02
7366	605	1.13279E+02
11638	323	1.13313E+02
3437	449	1.13329E+02
11708	323	1.13374E+02
3331	285	1.13375E+02
11638	527	1.13377E+02
11222	363	1.13401E+02
7840	322	1.13402E+02
9012	611	1.13422E+02
7660	571	1.13485E+02
7816	531	1.13534E+02
11638	445	1.13541E+02
7366	481	1.13545E+02
7366	440	1.13559E+02
7816	572	1.13569E+02
11891	573	1.13593E+02
9879	318	1.13606E+02
3225	360	1.13616E+02
5206	607	1.13640E+02
11708	527	1.13647E+02
3225	441	1.13674E+02
7726	450	1.13682E+02
5103	400	1.13702E+02
7750	564	1.13715E+02
11823	570	1.13721E+02
7750	321	1.13727E+02
11708	445	1.13733E+02
8924	614	1.13751E+02
3225	285	1.13760E+02
5206	441	1.13763E+02
3225	449	1.13764E+02
11638	486	1.13765E+02
7660	488	1.13767E+02
9012	571	1.13786E+02
9879	408	1.13787E+02
3225	482	1.13794E+02
7366	531	1.13809E+02
8924	570	1.13821E+02
7840	564	1.13831E+02
7840	364	1.13837E+02
11823	489	1.13838E+02
11891	570	1.13844E+02
11823	611	1.13872E+02
7840	405	1.13882E+02
7679	565	1.13895E+02
7660	564	1.13902E+02
11638	361	1.13938E+02
11891	611	1.13944E+02
11141	403	1.13967E+02
11708	361	1.13967E+02
11708	486	1.14003E+02
9879	358	1.14011E+02
7636	489	1.14022E+02
7840	441	1.14025E+02
7726	449	1.14031E+02
7840	323	1.14052E+02
11891	489	1.14067E+02
3331	449	1.14131E+02
7636	409	1.14164E+02
11708	606	1.14216E+02
8924	572	1.14217E+02
7660	360	1.14240E+02
11638	606	1.14260E+02
3331	320	1.14292E+02
11222	403	1.14304E+02
9879	480	1.14307E+02
5427	573	1.14308E+02
11823	490	1.14326E+02
5206	203	1.14328E+02
11304	363	1.14354E+02
7859	401	1.14401E+02
7366	279	1.14405E+02
11823	529	1.14410E+02
11638	283	1.14425E+02
7366	614	1.14447E+02
11708	283	1.14455E+02
3437	320	1.14460E+02
7816	491	1.14466E+02
9012	570	1.14488E+02
7636	530	1.14492E+02
3331	281	1.14505E+02
7343	281	1.14513E+02
11891	529	1.14562E+02
7840	321	1.14566E+02
7840	612	1.14581E+02
7769	565	1.14596E+02
7816	490	1.14607E+02
5206	400	1.14628E+02
11891	490	1.14629E+02
3437	281	1.14634E+02
5324	532	1.14646E+02
11638	401	1.14679E+02
3437	326	1.14683E+02
11708	401	1.14698E+02
11638	364	1.14744E+02
11638	321	1.14791E+02
11708	321	1.14814E+02
5103	607	1.14819E+02
7769	320	1.14833E+02
11708	364	1.14863E+02
11141	284	1.14880E+02
3225	320	1.14901E+02
5324	491	1.14911E+02
7750	360	1.14966E+02
7816	613	1.14972E+02
9879	614	1.15016E+02
11638	282	1.15032E+02
11141	525	1.15047E+02
3331	523	1.15050E+02
11708	282	1.15051E+02
3331	400	1.15060E+02
3225	281	1.15085E+02
7636	408	1.15087E+02
3437	244	1.15094E+02
5103	319	1.15105E+02
7660	400	1.15116E+02
7660	324	1.15122E+02
9012	614	1.15127E+02
3331	244	1.15129E+02
7660	282	1.15155E+02
9879	521	1.15168E+02
3437	523	1.15187E+02
7726	489	1.15198E+02
7726	530	1.15207E+02
7726	613	1.15210E+02
9879	439	1.15218E+02
3331	326	1.15220E+02
11304	403	1.15231E+02
11222	525	1.15237E+02
11222	284	1.15248E+02
3437	400	1.15254E+02
7366	327	1.15292E+02
7660	283	1.15297E+02
7636	448	1.15302E+02
11141	323	1.15354E+02
5103	482	1.15365E+02
11823	532	1.15373E+02
7840	529	1.15400E+02
3225	326	1.15402E+02
7366	240	1.15404E+02
9012	572	1.15422E+02
7366	522	1.15430E+02
7750	488	1.15456E+02
7769	360	1.15471E+02
7769	204	1.15492E+02
7679	280	1.15511E+02
8924	530	1.15527E+02
5427	450	1.15539E+02
3437	245	1.15580E+02
7636	613	1.15592E+02
5206	565	1.15601E+02
5206	482	1.15627E+02
7366	399	1.15651E+02
7750	571	1.15669E+02
3225	244	1.15677E+02
11638	284	1.15680E+02
8924	529	1.15687E+02
11638	324	1.15690E+02
3331	245	1.15719E+02
11708	284	1.15721E+02
11222	323	1.15722E+02
11638	610	1.15736E+02
7750	400	1.15762E+02
11708	324	1.15772E+02
7660	320	1.15780E+02
11141	484	1.15786E+02
11891	532	1.15787E+02
7750	282	1.15788E+02
9879	490	1.15793E+02
3225	400	1.15813E+02
7750	324	1.15823E+02
11823	448	1.15852E+02
7750	283	1.15884E+02
7840	360	1.15886E+02
11823	488	1.15889E+02
7859	281	1.15922E+02
3437	408	1.15949E+02
11304	525	1.15958E+02
11141	566	1.15960E+02
3331	243	1.15975E+02
11823	449	1.15991E+02
11222	484	1.16032E+02
3437	243	1.16040E+02
5427	490	1.16044E+02
11891	488	1.16047E+02
11891	448	1.16057E+02
7660	447	1.16060E+02
11222	566	1.16072E+02
7726	409	1.16083E+02
9879	449	1.16114E+02
3331	606	1.16129E+02
11708	610	1.16133E+02
11304	284	1.16199E+02
3225	523	1.16227E+02
7660	613	1.16229E+02
3437	606	1.16230E+02
3225	245	1.16235E+02
5103	565	1.16254E+02
11891	449	1.16256E+02
7859	565	1.16259E+02
7679	441	1.16265E+02
3437	367	1.16293E+02
5427	531	1.16306E+02
7660	365	1.16326E+02
7840	605	1.16362E+02
7840	282	1.16423E+02
11638	244	1.16427E+02
11708	244	1.16435E+02
7840	283	1.16455E+02
5206	319	1.16478E+02
7366	202	1.16496E+02
9012	529	1.16496E+02
3225	408	1.16500E+02
7816	530	1.16505E+02
7750	320	1.16518E+02
7816	450	1.16534E+02
9012	530	1.16544E+02
3225	243	1.16552E+02
7660	281	1.16553E+02
7679	241	1.16616E+02
7816	449	1.16616E+02
7840	400	1.16646E+02
7840	324	1.16675E+02
11304	566	1.16679E+02
11304	323	1.16689E+02
7366	408	1.16699E+02
3331	408	1.16726E+02
5324	573	1.16738E+02
7366	490	1.16770E+02
7726	448	1.16790E+02
7750	605	1.16790E+02
11708	482	1.16798E+02
11638	482	1.16820E+02
11304	484	1.16837E+02
7636	571	1.16843E+02
9879	278	1.16858E+02
7726	408	1.16885E+02
7660	406	1.16915E+02
7726	571	1.16917E+02
3225	367	1.16952E+02
7343	606	1.16963E+02
3331	367	1.16984E+02
11638	405	1.16998E+02
7343	242	1.17000E+02
11708	523	1.17031E+02
5324	450	1.17042E+02
11638	523	1.17074E+02
11638	243	1.17110E+02
11708	243	1.17115E+02
7816	489	1.17125E+02
7679	482	1.17150E+02
7660	284	1.17151E+02
3437	286	1.17170E+02
8924	569	1.17172E+02
11708	405	1.17185E+02
7750	281	1.17236E+02
7750	365	1.17253E+02
11823	491	1.17268E+02
5103	359	1.17308E+02
7816	571	1.17330E+02
11638	281	1.17342E+02
11708	281	1.17352E+02
7840	320	1.17375E+02
11638	245	1.17379E+02
11708	245	1.17391E+02
9879	239	1.17393E+02
8924	610	1.17412E+02
7660	605	1.17422E+02
7636	368	1.17487E+02
7750	447	1.17540E+02
9012	610	1.17544E+02
5103	279	1.17557E+02
11638	569	1.17564E+02
11708	441	1.17590E+02
3331	286	1.17599E+02
5103	240	1.17603E+02
11638	441	1.17604E+02
9012	569	1.17607E+02
9879	201	1.17646E+02
7343	360	1.17647E+02
11891	491	1.17648E+02
9879	562	1.17673E+02
7343	320	1.17674E+02
7750	284	1.17693E+02
8924	531	1.17713E+02
3225	606	1.17781E+02
8924	573	1.17807E+02
11823	408	1.17808E+02
11638	360	1.17880E+02
11708	360	1.17885E+02
7679	203	1.17895E+02
5427	449	1.17916E+02
3225	286	1.17929E+02
7840	281	1.17940E+02
7366	449	1.17945E+02
11708	569	1.17956E+02
5324	490	1.17957E+02
5103	202	1.17995E+02
11891	408	1.18025E+02
3331	242	1.18077E+02
3437	491	1.18118E+02
7750	406	1.18123E+02
9879	398	1.18130E+02
7679	400	1.18139E+02
7859	242	1.18142E+02
7660	530	1.18152E+02
11708	564	1.18190E+02
7840	284	1.18207E+02
3437	242	1.18240E+02
8924	528	1.18258E+02
11638	564	1.18269E+02
11823	447	1.18272E+02
7840	488	1.18301E+02
3225	491	1.18322E+02
8924	488	1.18337E+02
11638	320	1.18350E+02
11708	320	1.18357E+02
7343	482	1.18406E+02
7769	441	1.18414E+02
11891	447	1.18420E+02
11141	443	1.18421E+02
11141	607	1.18430E+02
11222	607	1.18437E+02
3331	280	1.18444E+02
7636	407	1.18444E+02
5206	359	1.18511E+02
5324	531	1.18550E+02
7660	243	1.18564E+02
7840	365	1.18572E+02
5427	614	1.18615E+02
8924	489	1.18626E+02
11823	407	1.18632E+02
11823	450	1.18633E+02
7660	481	1.18657E+02
3437	280	1.18675E+02
3225	242	1.18684E+02
7769	280	1.18692E+02
11222	443	1.18705E+02
11638	446	1.18716E+02
9836	612	1.18750E+02
7750	613	1.18786E+02
11891	407	1.18803E+02
7366	318	1.18810E+02
7660	244	1.18813E+02
7769	482	1.18872E+02
9012	528	1.18880E+02
11638	528	1.18888E+02
11304	607	1.18894E+02
7343	441	1.18906E+02
7750	481	1.18922E+02
11638	285	1.18954E+02
9012	531	1.18961E+02
11891	450	1.18961E+02
11823	569	1.18969E+02
11708	446	1.18971E+02
3331	491	1.18972E+02
11891	569	1.19002E+02
7816	409	1.19005E+02
11708	285	1.19008E+02
5427	572	1.19046E+02
11141	245	1.19055E+02
3225	280	1.19065E+02
5206	279	1.19094E+02
7750	243	1.19111E+02
7816	448	1.19129E+02
7366	563	1.19149E+02
11823	528	1.19180E+02
9012	488	1.19182E+02
5206	240	1.19221E+02
7660	440	1.19223E+02
5427	409	1.19234E+02
11708	528	1.19252E+02
11891	528	1.19253E+02
11638	242	1.19261E+02
11708	242	1.19263E+02
7660	359	1.19274E+02
7750	244	1.19285E+02
9012	573	1.19315E+02
7660	280	1.19327E+02
11638	487	1.19354E+02
11222	245	1.19420E+02
7726	368	1.19422E+02
7840	481	1.19423E+02
9879	368	1.19430E+02
7840	571	1.19481E+02
11823	409	1.19517E+02
7636	488	1.19521E+02
7840	243	1.19550E+02
7636	367	1.19563E+02
3331	359	1.19565E+02
11304	443	1.19573E+02
9836	613	1.19599E+02
7859	320	1.19600E+02
7840	244	1.19611E+02
3331	564	1.19627E+02
5324	449	1.19627E+02
7343	204	1.19627E+02
9012	489	1.19627E+02
11638	365	1.19629E+02
7816	408	1.19632E+02
7660	242	1.19642E+02
5206	202	1.19646E+02
11708	487	1.19670E+02
7750	440	1.19686E+02
11708	400	1.19695E+02
11638	400	1.19709E+02
7750	522	1.19756E+02
7660	522	1.19764E+02
7816	612	1.19766E+02
11891	409	1.19782E+02
11708	365	1.19784E+02
3437	564	1.19801E+02
7660	325	1.19827E+02
3437	359	1.19839E+02
3331	319	1.19857E+02
11891	610	1.19867E+02
11823	610	1.19896E+02
7769	241	1.19911E+02
7840	447	1.19948E+02
7840	522	1.19958E+02
7859	360	1.19960E+02
7366	573	1.19985E+02
7750	359	1.19989E+02
7840	406	1.19993E+02
7660	319	1.20009E+02
7750	280	1.20060E+02
5206	523	1.20101E+02
7343	523	1.20130E+02
3437	319	1.20135E+02
7726	407	1.20137E+02
7366	358	1.20158E+02
7750	242	1.20263E+02
5103	523	1.20264E+02
11708	605	1.20283E+02
3225	359	1.20284E+02
11638	325	1.20313E+02
7750	530	1.20317E+02
9836	611	1.20352E+02
7840	440	1.20374E+02
11304	245	1.20382E+02
11638	605	1.20414E+02
11708	325	1.20419E+02
8924	487	1.20474E+02
7726	488	1.20484E+02
7726	612	1.20520E+02
3225	319	1.20522E+02
7750	325	1.20534E+02
7636	529	1.20536E+02
11823	487	1.20554E+02
7679	523	1.20562E+02
7660	245	1.20567E+02
7859	204	1.20567E+02
9836	571	1.20571E+02
11823	368	1.20574E+02
11823	367	1.20591E+02
11891	487	1.20646E+02
7769	400	1.20648E+02
5324	409	1.20677E+02
7636	447	1.20683E+02
11891	367	1.20757E+02
7750	319	1.20769E+02
11891	368	1.20774E+02
7840	242	1.20817E+02
7840	280	1.20840E+02
7840	359	1.20880E+02
7660	285	1.20887E+02
7750	245	1.20963E+02
7726	529	1.20984E+02
7769	606	1.21015E+02
9879	573	1.21019E+02
7679	606	1.21032E+02
5427	489	1.21068E+02
3225	564	1.21080E+02
7840	245	1.21179E+02
9012	487	1.21184E+02
11638	280	1.21200E+02
11708	280	1.21203E+02
7679	319	1.21257E+02
7769	203	1.21258E+02
3331	241	1.21280E+02
7636	612	1.21285E+02
8924	490	1.21299E+02
9836	570	1.21299E+02
11141	362	1.21364E+02
7750	285	1.21387E+02
7840	325	1.21413E+02
3331	440	1.21425E+02
7366	278	1.21447E+02
7726	367	1.21447E+02
7366	239	1.21454E+02
7366	201	1.21470E+02
11141	283	1.21496E+02
7660	399	1.21519E+02
3437	241	1.21535E+02
11708	204	1.21554E+02
11638	204	1.21561E+02
8924	447	1.21574E+02
5324	614	1.21651E+02
7840	319	1.21655E+02
7859	606	1.21672E+02
3437	440	1.21698E+02
3331	204	1.21703E+02
11222	362	1.21710E+02
5427	408	1.21747E+02
9879	603	1.21750E+02
5324	572	1.21761E+02
7769	523	1.21768E+02
3437	327	1.21838E+02
8924	448	1.21851E+02
7840	285	1.21851E+02
11222	283	1.21869E+02
7660	241	1.21887E+02
3437	204	1.21891E+02
7343	400	1.21901E+02
7816	529	1.21908E+02
3225	241	1.21913E+02
7859	482	1.21917E+02
7840	563	1.21969E+02
7343	280	1.22001E+02
11823	406	1.22003E+02
9879	317	1.22014E+02
7726	447	1.22019E+02
7859	441	1.22044E+02
3331	481	1.22083E+02
5427	530	1.22099E+02
7816	488	1.22108E+02
7660	489	1.22115E+02
7750	399	1.22123E+02
11891	406	1.22131E+02
8924	532	1.22180E+02
7660	572	1.22194E+02
7750	563	1.22202E+02
9836	572	1.22311E+02
7816	368	1.22329E+02
3225	204	1.22342E+02
3437	481	1.22342E+02
3225	440	1.22361E+02
9012	447	1.22380E+02
11638	611	1.22444E+02
9012	490	1.22475E+02
3331	327	1.22494E+02
5427	448	1.22569E+02
7660	563	1.22574E+02
7750	241	1.22582E+02
3225	327	1.22591E+02
11304	362	1.22678E+02
11708	241	1.22728E+02
7816	407	1.22729E+02
11638	241	1.22729E+02
9012	448	1.22754E+02
9836	614	1.22808E+02
9836	530	1.22811E+02
11304	283	1.22865E+02
7660	204	1.22877E+02
7840	399	1.22922E+02
9836	529	1.22953E+02
11708	611	1.22971E+02
8924	568	1.22977E+02
7636	327	1.23110E+02
11823	366	1.23113E+02
3437	450	1.23141E+02
3225	481	1.23172E+02
7660	366	1.23178E+02
3331	399	1.23191E+02
7679	359	1.23197E+02
9012	568	1.23207E+02
5324	489	1.23210E+02
7840	613	1.23228E+02
11891	366	1.23246E+02
7840	241	1.23253E+02
8924	527	1.23283E+02
11141	322	1.23284E+02
11823	446	1.23289E+02
7366	368	1.23294E+02
7660	279	1.23322E+02
5324	408	1.23366E+02
9879	200	1.23374E+02
11891	446	1.23384E+02
9879	357	1.23398E+02
7750	204	1.23428E+02
11141	402	1.23443E+02
3225	450	1.23477E+02
7816	570	1.23491E+02
3437	399	1.23506E+02
7726	570	1.23512E+02
3331	279	1.23522E+02
11708	481	1.23545E+02
11708	319	1.23572E+02
11823	327	1.23577E+02
11638	319	1.23579E+02
11638	481	1.23618E+02
11222	322	1.23649E+02
11708	359	1.23658E+02
11638	406	1.23659E+02
7343	241	1.23670E+02
11638	359	1.23675E+02
9012	532	1.23678E+02
11891	327	1.23719E+02
7859	280	1.23721E+02
8924	446	1.23721E+02
9012	527	1.23743E+02
7636	570	1.23750E+02
11222	402	1.23754E+02
7840	204	1.23831E+02
3437	279	1.23852E+02
7366	439	1.23865E+02
11708	406	1.23896E+02
7343	564	1.23959E+02
7840	530	1.23980E+02
3225	399	1.24029E+02
3331	450	1.24034E+02
7636	366	1.24064E+02
5103	201	1.24083E+02
7859	523	1.24101E+02
7750	279	1.24106E+02
7750	489	1.24110E+02
11708	522	1.24124E+02
7816	447	1.24135E+02
3331	203	1.24146E+02
9012	609	1.24147E+02
5206	606	1.24176E+02
7750	366	1.24177E+02
3225	279	1.24182E+02
9879	238	1.24218E+02
11638	522	1.24228E+02
8924	609	1.24254E+02
7636	406	1.24255E+02
7816	367	1.24275E+02
11708	440	1.24293E+02
5103	440	1.24299E+02
7769	319	1.24316E+02
11638	440	1.24347E+02
7366	480	1.24353E+02
11638	286	1.24396E+02
3437	203	1.24417E+02
7679	279	1.24418E+02
5427	368	1.24420E+02
7679	240	1.24433E+02
11708	203	1.24444E+02
9012	446	1.24447E+02
11638	203	1.24449E+02
11708	286	1.24464E+02
5103	318	1.24470E+02
5103	399	1.24474E+02
5324	448	1.24481E+02
9836	610	1.24504E+02
7660	203	1.24519E+02
7679	202	1.24523E+02
8924	449	1.24541E+02
9836	569	1.24581E+02
5324	530	1.24595E+02
7660	448	1.24615E+02
5427	613	1.24620E+02
11304	322	1.24648E+02
11304	402	1.24679E+02
7366	604	1.24690E+02
9879	277	1.24704E+02
9879	163	1.24763E+02
7859	400	1.24769E+02
3225	203	1.24801E+02
7750	572	1.24849E+02
7840	279	1.24968E+02
5206	440	1.24974E+02
5103	239	1.24994E+02
7366	532	1.25008E+02
7660	407	1.25025E+02
8924	486	1.25054E+02
11638	570	1.25066E+02
7726	327	1.25082E+02
7859	241	1.25094E+02
8924	407	1.25120E+02
9836	488	1.25140E+02
7750	203	1.25158E+02
9836	531	1.25163E+02
7660	240	1.25167E+02
3331	522	1.25171E+02
9836	489	1.25210E+02
7343	203	1.25338E+02
3437	368	1.25378E+02
5103	606	1.25420E+02
3437	522	1.25444E+02
8924	406	1.25445E+02
3331	240	1.25447E+02
5206	399	1.25474E+02
7840	604	1.25494E+02
11141	244	1.25511E+02
7660	318	1.25531E+02
9012	449	1.25559E+02
11708	570	1.25572E+02
7660	614	1.25576E+02
7840	366	1.25624E+02
9012	486	1.25650E+02
9836	528	1.25655E+02
7366	398	1.25677E+02
7840	203	1.25704E+02
7660	358	1.25732E+02
3437	240	1.25791E+02
3437	409	1.25847E+02
5206	201	1.25848E+02
9879	532	1.25857E+02
7726	406	1.25860E+02
5427	571	1.25882E+02
9012	407	1.25887E+02
11222	244	1.25888E+02
5324	368	1.25891E+02
9879	479	1.25894E+02
11708	563	1.25900E+02
7726	366	1.25909E+02
7750	240	1.25933E+02
5206	318	1.25942E+02
9879	409	1.25975E+02
7769	359	1.26024E+02
3225	368	1.26032E+02
11638	563	1.26049E+02
3225	240	1.26106E+02
9012	406	1.26174E+02
3331	368	1.26184E+02
5103	278	1.26187E+02
11823	326	1.26210E+02
8924	491	1.26304E+02
7750	604	1.26308E+02
7750	318	1.26317E+02
7750	448	1.26323E+02
9879	438	1.26325E+02
11891	326	1.26330E+02
3225	409	1.26347E+02
7750	407	1.26382E+02
7679	564	1.26402E+02
11638	447	1.26414E+02
9836	573	1.26440E+02
7750	358	1.26444E+02
11708	279	1.26458E+02
11638	279	1.26463E+02
3225	522	1.26474E+02
7859	203	1.26529E+02
5427	407	1.26577E+02
3331	318	1.26614E+02
11891	527	1.26642E+02
11823	527	1.26643E+02
3331	605	1.26653E+02
11708	399	1.26658E+02
7660	286	1.26669E+02
11638	399	1.26701E+02
7840	240	1.26723E+02
5206	239	1.26724E+02
3331	409	1.26728E+02
11141	524	1.26736E+02
11708	447	1.26736E+02
7660	326	1.26751E+02
11222	524	1.26859E+02
11891	568	1.26881E+02
11638	529	1.26885E+02
3437	605	1.26886E+02
7343	319	1.26894E+02
11304	244	1.26905E+02
11823	568	1.26932E+02
7816	611	1.26940E+02
7366	521	1.26950E+02
11638	366	1.26954E+02
7769	564	1.26989E+02
3437	318	1.26996E+02
7660	202	1.27032E+02
11141	483	1.27116E+02
7750	286	1.27131E+02
7660	604	1.27140E+02
5103	481	1.27141E+02
11708	366	1.27146E+02
5206	564	1.27168E+02
8924	408	1.27206E+02
7366	200	1.27238E+02
7636	326	1.27240E+02
7840	318	1.27242E+02
11638	326	1.27287E+02
11222	483	1.27309E+02
7840	358	1.27322E+02
3225	318	1.27331E+02
11708	529	1.27347E+02
11708	240	1.27382E+02
11638	240	1.27384E+02
3331	202	1.27399E+02
9879	520	1.27400E+02
7840	489	1.27403E+02
11708	326	1.27418E+02
7660	480	1.27440E+02
5206	481	1.27443E+02
7660	439	1.27448E+02
11638	488	1.27454E+02
3331	358	1.27458E+02
7750	326	1.27472E+02
7636	487	1.27504E+02
11304	524	1.27515E+02
7840	286	1.27553E+02
7750	480	1.27606E+02
7366	317	1.27621E+02
9836	448	1.27622E+02
9836	487	1.27635E+02
9012	491	1.27673E+02
7769	279	1.27687E+02
