GRAM	c2h2	chi_tot
10544	240	2.81256E+01
10544	279	2.82097E+01
10544	201	2.82437E+01
10544	202	2.83434E+01
10544	239	2.83768E+01
10544	319	2.85592E+01
10544	278	2.86902E+01
10544	318	2.87448E+01
10544	359	2.88394E+01
10460	240	2.89630E+01
10460	279	2.90115E+01
10544	280	2.90559E+01
10544	200	2.90631E+01
10460	201	2.90758E+01
10544	241	2.90778E+01
10544	163	2.91024E+01
10460	239	2.91776E+01
10460	202	2.92127E+01
10544	399	2.92955E+01
10544	358	2.93112E+01
10460	319	2.93310E+01
10376	240	2.93983E+01
10376	279	2.94242E+01
10460	278	2.94591E+01
10460	318	2.94904E+01
10376	201	2.95189E+01
10544	203	2.95245E+01
10460	359	2.95655E+01
10544	400	2.95941E+01
10376	239	2.96050E+01
10544	440	2.96274E+01
10544	238	2.96497E+01
10376	202	2.96668E+01
10376	319	2.97166E+01
10460	200	2.98581E+01
10376	278	2.98700E+01
10376	318	2.98835E+01
10544	320	2.98846E+01
10460	280	2.98899E+01
10460	163	2.99077E+01
10376	359	2.99246E+01
10544	360	2.99488E+01
10460	241	2.99517E+01
10460	399	2.99747E+01
10460	358	3.00195E+01
10544	481	3.00279E+01
10544	317	3.02269E+01
10460	440	3.02669E+01
10460	400	3.02794E+01
10376	200	3.02899E+01
10544	277	3.02979E+01
10376	280	3.03028E+01
10376	399	3.03213E+01
10376	163	3.03438E+01
10544	162	3.03497E+01
10544	441	3.03770E+01
10376	241	3.03940E+01
10376	358	3.03967E+01
10460	238	3.04139E+01
10544	522	3.04225E+01
10460	203	3.04309E+01
10544	398	3.05524E+01
10544	439	3.05584E+01
10376	440	3.05807E+01
10376	400	3.05918E+01
10460	481	3.06256E+01
10544	199	3.06568E+01
10460	320	3.06812E+01
10460	360	3.06905E+01
10376	238	3.08328E+01
10544	563	3.08573E+01
10544	480	3.08939E+01
10376	203	3.08956E+01
10544	482	3.09070E+01
10376	481	3.09121E+01
10460	317	3.09451E+01
10460	522	3.09831E+01
10460	441	3.10098E+01
10376	360	3.10270E+01
10460	277	3.10334E+01
10376	320	3.10562E+01
10460	162	3.11216E+01
10544	357	3.11399E+01
10544	523	3.11488E+01
10460	439	3.12011E+01
10544	564	3.12029E+01
10460	398	3.12226E+01
10544	605	3.12260E+01
10376	522	3.12543E+01
10376	441	3.12717E+01
10376	317	3.13431E+01
10460	563	3.13907E+01
10460	199	3.14149E+01
10544	242	3.14246E+01
10544	281	3.14299E+01
10544	604	3.14319E+01
10376	277	3.14410E+01
10544	521	3.14578E+01
10460	482	3.14848E+01
10460	480	3.15072E+01
10376	162	3.15465E+01
10376	439	3.15582E+01
10376	398	3.15971E+01
10376	563	3.16638E+01
10544	401	3.16651E+01
10460	523	3.16767E+01
10460	605	3.16900E+01
10460	564	3.16915E+01
10376	482	3.17014E+01
10544	237	3.17773E+01
10460	357	3.18285E+01
10376	199	3.18352E+01
10376	480	3.18525E+01
10376	523	3.18609E+01
10376	564	3.18620E+01
10376	605	3.18694E+01
10460	604	3.19517E+01
10544	204	3.19634E+01
10460	521	3.20462E+01
10544	161	3.21366E+01
10376	357	3.22195E+01
10376	604	3.22467E+01
10544	562	3.22516E+01
10460	281	3.22952E+01
10460	242	3.23346E+01
10460	401	3.23534E+01
10376	521	3.23910E+01
10460	237	3.25049E+01
10376	401	3.26250E+01
10376	281	3.27064E+01
10376	242	3.27828E+01
10544	316	3.27931E+01
10460	562	3.28242E+01
10544	276	3.28433E+01
10544	361	3.28446E+01
10460	161	3.28751E+01
10544	198	3.28972E+01
10544	606	3.29045E+01
10460	204	3.29066E+01
10376	237	3.29148E+01
10544	321	3.29232E+01
10544	438	3.29343E+01
10544	442	3.30104E+01
10544	397	3.31292E+01
10376	562	3.31838E+01
10544	479	3.32699E+01
10376	161	3.32886E+01
10460	606	3.33070E+01
10544	603	3.33235E+01
10376	606	3.33517E+01
10376	204	3.33811E+01
10544	565	3.34770E+01
10460	316	3.34830E+01
10460	276	3.35450E+01
10460	438	3.35765E+01
10460	361	3.35997E+01
10460	198	3.36186E+01
10460	442	3.36327E+01
10544	483	3.37225E+01
10460	321	3.37430E+01
10460	397	3.37879E+01
10544	524	3.38229E+01
10376	442	3.38338E+01
10376	316	3.38834E+01
10460	603	3.38928E+01
10460	479	3.38943E+01
10376	361	3.39085E+01
10460	565	3.39158E+01
10376	276	3.39482E+01
10376	565	3.39672E+01
10376	438	3.39688E+01
10544	520	3.40176E+01
10376	198	3.40273E+01
10544	356	3.40993E+01
10376	321	3.41040E+01
10376	397	3.41844E+01
10460	483	3.42762E+01
10376	603	3.42847E+01
10376	479	3.42880E+01
10460	524	3.43135E+01
4713	398	3.43187E+01
4713	439	3.43196E+01
4713	358	3.43559E+01
10544	160	3.43808E+01
10376	524	3.43967E+01
10376	483	3.44115E+01
4713	317	3.44290E+01
4713	480	3.44709E+01
4713	399	3.45290E+01
4713	357	3.45334E+01
4713	522	3.45574E+01
4713	481	3.45890E+01
10544	236	3.46092E+01
4713	440	3.46223E+01
4713	277	3.46279E+01
10460	520	3.46284E+01
4713	318	3.47083E+01
4713	563	3.47283E+01
10460	356	3.47664E+01
4713	278	3.48384E+01
4713	521	3.48459E+01
4713	238	3.48744E+01
10376	520	3.50339E+01
10460	160	3.50859E+01
10544	561	3.51422E+01
4713	605	3.51458E+01
10376	356	3.51675E+01
4713	237	3.52224E+01
4713	316	3.52428E+01
10460	236	3.53003E+01
4713	604	3.53049E+01
4713	199	3.53059E+01
4713	564	3.53184E+01
4713	438	3.53479E+01
10544	243	3.53582E+01
4713	397	3.53648E+01
4713	276	3.53878E+01
4713	239	3.54272E+01
4713	200	3.54408E+01
10376	160	3.54878E+01
4713	359	3.55004E+01
10544	282	3.55236E+01
4713	562	3.55783E+01
10544	197	3.56725E+01
10544	402	3.56875E+01
4713	479	3.56981E+01
10376	236	3.57006E+01
4713	162	3.57376E+01
10460	561	3.57477E+01
4713	523	3.57810E+01
4713	356	3.58242E+01
4713	198	3.58698E+01
4713	161	3.59760E+01
4713	163	3.60861E+01
10544	275	3.61527E+01
10376	561	3.61784E+01
4713	279	3.62010E+01
4713	400	3.62078E+01
10544	315	3.62434E+01
4713	482	3.62557E+01
4713	319	3.62801E+01
10460	243	3.63035E+01
4713	236	3.63225E+01
10460	197	3.63576E+01
10460	402	3.63757E+01
4713	201	3.64032E+01
10460	282	3.64191E+01
4713	520	3.64450E+01
4713	441	3.64638E+01
4713	606	3.64875E+01
10544	437	3.65040E+01
10544	607	3.65910E+01
10376	402	3.65993E+01
10544	602	3.66480E+01
4713	160	3.67152E+01
10376	197	3.67545E+01
10376	243	3.67565E+01
10544	396	3.67878E+01
4713	603	3.68033E+01
10376	607	3.68177E+01
10460	275	3.68205E+01
10376	282	3.68263E+01
6147	315	3.68326E+01
6052	315	3.68830E+01
10544	478	3.68963E+01
6147	275	3.68964E+01
10460	315	3.69040E+01
10460	607	3.69268E+01
6052	275	3.69488E+01
4713	275	3.69501E+01
4713	315	3.69605E+01
6147	356	3.69759E+01
6147	355	3.70100E+01
10544	159	3.70114E+01
6052	356	3.70165E+01
4713	197	3.70191E+01
6147	396	3.70320E+01
4713	240	3.70448E+01
6052	355	3.70656E+01
6052	396	3.70862E+01
10460	437	3.71420E+01
6147	235	3.71701E+01
6147	236	3.72025E+01
6147	437	3.72096E+01
10376	275	3.72180E+01
6147	316	3.72227E+01
6052	235	3.72247E+01
6052	236	3.72593E+01
10460	602	3.72597E+01
6052	316	3.72643E+01
6052	437	3.72662E+01
6147	274	3.72835E+01
6147	397	3.72839E+01
6147	276	3.73024E+01
10376	315	3.73046E+01
6052	397	3.73123E+01
6147	314	3.73309E+01
6052	274	3.73373E+01
6052	276	3.73523E+01
6052	314	3.73876E+01
10460	396	3.74321E+01
4713	396	3.74510E+01
4713	437	3.74838E+01
6147	478	3.74948E+01
4713	565	3.75042E+01
6147	197	3.75249E+01
10460	478	3.75270E+01
6147	438	3.75324E+01
6052	438	3.75516E+01
10376	437	3.75618E+01
6052	478	3.75625E+01
6147	196	3.75849E+01
6052	197	3.75855E+01
6052	196	3.76409E+01
4713	561	3.76648E+01
10544	443	3.76782E+01
6147	479	3.76815E+01
10460	159	3.76832E+01
10544	362	3.76955E+01
6052	479	3.77005E+01
10376	602	3.77305E+01
6147	234	3.77656E+01
10544	566	3.77955E+01
6147	395	3.78010E+01
6147	520	3.78119E+01
6052	234	3.78177E+01
10544	519	3.78347E+01
6052	520	3.78446E+01
10376	396	3.78453E+01
10544	322	3.78506E+01
6052	395	3.78745E+01
4713	159	3.78813E+01
6147	519	3.79318E+01
6147	354	3.79451E+01
10376	478	3.79593E+01
10544	355	3.79727E+01
6147	436	3.79760E+01
6147	237	3.79783E+01
6052	354	3.80118E+01
10544	235	3.80121E+01
6147	357	3.80223E+01
6052	519	3.80227E+01
4713	355	3.80272E+01
6052	237	3.80368E+01
4713	235	3.80421E+01
6052	357	3.80434E+01
4713	478	3.80440E+01
6147	561	3.80582E+01
6147	198	3.80586E+01
6052	436	3.80609E+01
10376	159	3.80733E+01
10376	566	3.80956E+01
6052	561	3.81217E+01
6052	198	3.81239E+01
6147	159	3.81256E+01
6147	195	3.81503E+01
4713	360	3.81712E+01
10460	566	3.81795E+01
6052	159	3.81878E+01
6052	195	3.82017E+01
6147	158	3.82436E+01
10460	443	3.82864E+01
6052	158	3.83002E+01
6147	273	3.83342E+01
4713	202	3.83371E+01
6052	273	3.83884E+01
6147	477	3.84162E+01
10376	443	3.84174E+01
6147	160	3.84607E+01
10460	362	3.84614E+01
10460	519	3.84620E+01
6052	477	3.85203E+01
6052	160	3.85287E+01
6147	602	3.85601E+01
10544	525	3.85620E+01
6147	313	3.85668E+01
10544	484	3.86035E+01
6147	560	3.86065E+01
10460	355	3.86165E+01
6052	313	3.86278E+01
6147	277	3.86484E+01
4713	196	3.86541E+01
10460	235	3.86670E+01
6147	317	3.86679E+01
6147	603	3.86703E+01
4713	524	3.86726E+01
6052	602	3.86727E+01
6052	603	3.86913E+01
10460	322	3.86916E+01
6052	277	3.86945E+01
6052	317	3.86980E+01
6052	562	3.87321E+01
6052	560	3.87347E+01
10376	362	3.87373E+01
6052	398	3.87495E+01
6147	157	3.87534E+01
6147	398	3.87543E+01
6147	562	3.87544E+01
6052	157	3.88046E+01
10544	196	3.88853E+01
6147	233	3.88899E+01
4713	280	3.89058E+01
10376	519	3.89159E+01
6052	233	3.89394E+01
6052	521	3.89512E+01
10376	525	3.89792E+01
6147	521	3.89943E+01
10460	525	3.90108E+01
10376	355	3.90241E+01
10376	322	3.90351E+01
10376	235	3.90575E+01
6052	439	3.91242E+01
4713	519	3.91257E+01
10460	484	3.91290E+01
6147	518	3.91355E+01
6147	194	3.91462E+01
6052	480	3.91475E+01
6147	439	3.91531E+01
4713	274	3.91644E+01
10376	484	3.91716E+01
6147	122	3.91765E+01
6147	480	3.91913E+01
6052	194	3.91933E+01
6052	122	3.92348E+01
10544	560	3.92548E+01
6052	518	3.92692E+01
6147	199	3.92886E+01
6147	161	3.93190E+01
4713	320	3.93431E+01
6052	199	3.93586E+01
6052	161	3.93930E+01
6147	394	3.94031E+01
4713	158	3.94086E+01
4713	314	3.94090E+01
4713	607	3.94293E+01
4713	602	3.94336E+01
6147	121	3.94648E+01
6052	394	3.94905E+01
6052	121	3.95178E+01
10460	196	3.95344E+01
4713	401	3.95476E+01
4713	122	3.95660E+01
6147	156	3.96023E+01
6147	601	3.96070E+01
6147	353	3.96164E+01
6147	435	3.96289E+01
6147	238	3.96296E+01
4713	483	3.96338E+01
6052	156	3.96485E+01
6052	238	3.96894E+01
6052	353	3.96908E+01
6052	435	3.97341E+01
6052	601	3.97874E+01
10460	560	3.98864E+01
4713	241	3.99034E+01
10376	196	3.99195E+01
6147	272	3.99358E+01
10544	158	3.99651E+01
6052	272	3.99896E+01
10544	122	4.00045E+01
4713	442	4.00203E+01
6147	120	4.00240E+01
6052	604	4.00488E+01
10544	274	4.00714E+01
6052	120	4.00720E+01
6147	604	4.01465E+01
6147	559	4.01788E+01
6147	476	4.02338E+01
4713	234	4.02656E+01
6052	358	4.03353E+01
6147	358	4.03391E+01
6052	559	4.03536E+01
6052	476	4.03638E+01
4713	395	4.03670E+01
10376	560	4.03734E+01
10544	314	4.03957E+01
6147	312	4.04061E+01
6147	232	4.04587E+01
6052	312	4.04696E+01
4713	436	4.05032E+01
6052	232	4.05053E+01
6147	193	4.05104E+01
6052	193	4.05532E+01
10460	158	4.06035E+01
10460	122	4.06351E+01
4713	195	4.06884E+01
10460	274	4.07050E+01
6147	155	4.07467E+01
4713	560	4.07570E+01
6052	563	4.07695E+01
6147	162	4.07817E+01
6052	155	4.07880E+01
6147	119	4.08273E+01
6052	162	4.08619E+01
6052	119	4.08703E+01
6147	563	4.09011E+01
4713	354	4.09546E+01
10376	158	4.09819E+01
10376	122	4.10064E+01
10544	436	4.10168E+01
10460	314	4.10262E+01
10544	244	4.10611E+01
10376	274	4.10958E+01
6147	278	4.10975E+01
4713	121	4.10990E+01
10544	601	4.11246E+01
6052	278	4.11381E+01
6147	517	4.12067E+01
4713	157	4.12384E+01
4713	477	4.12763E+01
10544	395	4.12978E+01
6147	200	4.13324E+01
6147	318	4.13486E+01
6052	318	4.13639E+01
6052	517	4.13702E+01
4713	566	4.13793E+01
4713	203	4.14015E+01
6052	200	4.14072E+01
10376	314	4.14251E+01
10544	283	4.15078E+01
10544	477	4.15085E+01
6052	522	4.15443E+01
6147	600	4.15909E+01
6052	399	4.15969E+01
6147	399	4.16432E+01
10460	436	4.16467E+01
6147	393	4.16672E+01
6147	522	4.16830E+01
6052	393	4.17638E+01
10460	601	4.17705E+01
10544	403	4.17852E+01
6052	600	4.18184E+01
6147	118	4.18526E+01
10544	234	4.18699E+01
6147	352	4.18762E+01
6052	118	4.18909E+01
4713	273	4.18992E+01
10460	395	4.19251E+01
6052	352	4.19553E+01
6147	434	4.19809E+01
6147	271	4.19910E+01
10460	244	4.20405E+01
6052	271	4.20436E+01
10376	436	4.20871E+01
6052	434	4.20996E+01
6052	481	4.21045E+01
10460	477	4.21405E+01
6147	154	4.21514E+01
6052	440	4.21852E+01
6052	154	4.21880E+01
6147	192	4.21911E+01
6147	481	4.22269E+01
6052	192	4.22297E+01
6147	440	4.22742E+01
10376	601	4.23033E+01
6147	239	4.23048E+01
10376	608	4.23067E+01
10544	608	4.23238E+01
10376	395	4.23498E+01
6052	239	4.23653E+01
6147	231	4.24007E+01
10460	283	4.24318E+01
4713	313	4.24337E+01
6052	231	4.24443E+01
10544	195	4.24511E+01
10460	403	4.24701E+01
10460	234	4.24886E+01
10376	244	4.24966E+01
4713	361	4.25526E+01
6147	558	4.25583E+01
10544	354	4.25589E+01
10460	608	4.25880E+01
10376	477	4.26020E+01
10544	518	4.26349E+01
10376	403	4.26385E+01
4713	518	4.26516E+01
6147	311	4.27313E+01
6147	475	4.27507E+01
10544	121	4.27617E+01
6052	558	4.27645E+01
6052	311	4.27957E+01
4713	120	4.28259E+01
10376	283	4.28327E+01
10376	234	4.28689E+01
4713	233	4.28935E+01
6052	475	4.28977E+01
6052	605	4.29190E+01
6147	163	4.29437E+01
4713	601	4.29643E+01
4714	242	4.29949E+01
6052	163	4.30303E+01
4714	281	4.30396E+01
4713	194	4.30483E+01
10460	195	4.30644E+01
6147	117	4.30815E+01
6052	117	4.31153E+01
4713	281	4.31420E+01
6147	605	4.31652E+01
10460	354	4.31778E+01
10544	157	4.31846E+01
10460	518	4.32725E+01
4713	156	4.33191E+01
4713	525	4.33275E+01
4714	204	4.33366E+01
10460	121	4.33643E+01
4714	203	4.33671E+01
4714	241	4.33973E+01
4714	321	4.34021E+01
10376	195	4.34377E+01
10376	354	4.35887E+01
4714	280	4.37201E+01
10376	121	4.37259E+01
10376	518	4.37633E+01
4714	320	4.37762E+01
6147	153	4.37884E+01
10460	157	4.37899E+01
4714	361	4.37912E+01
6052	153	4.38205E+01
4713	394	4.39172E+01
6147	516	4.39443E+01
4713	608	4.40005E+01
4714	282	4.40202E+01
4713	321	4.40826E+01
6052	359	4.40853E+01
6147	359	4.41199E+01
6052	516	4.41268E+01
4714	243	4.41304E+01
6147	191	4.41451E+01
10376	157	4.41565E+01
6052	191	4.41798E+01
4713	242	4.41861E+01
10544	567	4.41915E+01
4713	435	4.41932E+01
10376	567	4.42811E+01
6147	599	4.42981E+01
10544	559	4.43093E+01
6147	201	4.43233E+01
6052	201	4.44028E+01
6052	564	4.44035E+01
6147	270	4.44158E+01
4713	353	4.44367E+01
6147	392	4.44419E+01
10544	273	4.44639E+01
10544	444	4.44649E+01
6052	270	4.44666E+01
6147	116	4.44984E+01
10460	567	4.45163E+01
6052	116	4.45278E+01
6052	392	4.45437E+01
4714	402	4.45463E+01
6052	599	4.45556E+01
6147	351	4.45950E+01
4714	202	4.46092E+01
4713	559	4.46184E+01
10544	363	4.46207E+01
6147	230	4.46554E+01
4714	360	4.46562E+01
6147	564	4.46700E+01
6052	351	4.46764E+01
6052	230	4.46959E+01
4713	402	4.47042E+01
4714	401	4.47189E+01
4713	119	4.47211E+01
4714	362	4.47871E+01
10544	323	4.48049E+01
6147	279	4.48248E+01
4713	484	4.48297E+01
4714	322	4.48443E+01
6052	279	4.48581E+01
6147	433	4.48653E+01
10460	559	4.49594E+01
6052	433	4.49920E+01
4713	272	4.50411E+01
10460	444	4.50552E+01
10460	273	4.50632E+01
10544	313	4.50879E+01
10376	444	4.51069E+01
4714	240	4.51434E+01
4713	476	4.51725E+01
4714	442	4.53286E+01
4714	443	4.53718E+01
10460	363	4.53944E+01
10544	526	4.54049E+01
4713	443	4.54192E+01
6147	310	4.54401E+01
10376	273	4.54464E+01
6052	319	4.54488E+01
6147	319	4.54521E+01
10376	559	4.54892E+01
6052	310	4.55041E+01
6147	557	4.55450E+01
10544	485	4.56056E+01
4713	155	4.56076E+01
10376	363	4.56320E+01
6147	152	4.56339E+01
10376	526	4.56476E+01
6052	152	4.56617E+01
10460	323	4.56646E+01
4713	193	4.56720E+01
10460	313	4.56874E+01
10544	120	4.56944E+01
4713	204	4.57667E+01
6052	557	4.57699E+01
4714	319	4.57887E+01
6147	474	4.57913E+01
6052	523	4.57930E+01
10460	526	4.58075E+01
4713	232	4.58417E+01
4714	279	4.58687E+01
4713	312	4.58987E+01
6052	474	4.59481E+01
10376	323	4.59867E+01
10376	485	4.60374E+01
6052	400	4.60451E+01
6147	523	4.60486E+01
10544	233	4.60823E+01
10376	313	4.60827E+01
6147	115	4.60885E+01
10460	485	4.60988E+01
6052	115	4.61138E+01
4714	484	4.61290E+01
6147	400	4.61422E+01
6147	81	4.61529E+01
6147	240	4.61669E+01
6052	81	4.61784E+01
6052	240	4.62274E+01
10544	435	4.62362E+01
10460	120	4.62686E+01
4714	483	4.62803E+01
10544	194	4.62974E+01
4714	403	4.63311E+01
6147	190	4.63355E+01
6052	190	4.63662E+01
10544	394	4.64460E+01
10544	600	4.64711E+01
10544	156	4.66195E+01
10376	120	4.66202E+01
10460	233	4.66652E+01
4714	400	4.67176E+01
6052	482	4.67449E+01
4713	118	4.67629E+01
4713	517	4.67971E+01
4714	283	4.68359E+01
10460	435	4.68541E+01
10544	476	4.68543E+01
10460	194	4.68753E+01
4714	201	4.68855E+01
6052	441	4.69164E+01
6147	482	4.69631E+01
4713	567	4.69671E+01
4714	525	4.69737E+01
4714	244	4.69893E+01
10376	233	4.70349E+01
10460	394	4.70534E+01
6147	441	4.70784E+01
6147	269	4.71375E+01
10460	600	4.71424E+01
4713	600	4.71619E+01
4714	441	4.71625E+01
6147	515	4.71701E+01
6147	229	4.71704E+01
6052	269	4.71859E+01
10460	156	4.71917E+01
6052	229	4.72076E+01
4714	359	4.72097E+01
10376	194	4.72368E+01
10376	435	4.73086E+01
6052	515	4.73625E+01
4714	444	4.73871E+01
6052	606	4.74249E+01
10460	476	4.74824E+01
10376	394	4.74851E+01
6147	598	4.75337E+01
10376	156	4.75465E+01
6147	80	4.75581E+01
6052	80	4.75800E+01
6147	391	4.75966E+01
4714	524	4.76347E+01
6147	350	4.76610E+01
6147	151	4.76660E+01
10544	353	4.76765E+01
6052	151	4.76897E+01
6052	391	4.77003E+01
10376	600	4.77215E+01
6052	350	4.77425E+01
4714	363	4.77686E+01
6052	598	4.78074E+01
6147	114	4.78373E+01
6147	606	4.78509E+01
6052	114	4.78586E+01
4714	485	4.79180E+01
4713	393	4.79274E+01
10376	476	4.79646E+01
4714	239	4.80418E+01
4713	154	4.80695E+01
6147	432	4.81380E+01
10544	517	4.81573E+01
4714	566	4.81777E+01
4714	526	4.81959E+01
4714	323	4.82452E+01
6052	432	4.82680E+01
10460	353	4.82688E+01
4714	482	4.83021E+01
4713	352	4.83241E+01
4713	434	4.83628E+01
6147	202	4.84092E+01
6147	309	4.84439E+01
6052	202	4.84934E+01
4713	271	4.84940E+01
6052	309	4.85063E+01
4713	192	4.85084E+01
4714	567	4.85967E+01
10376	353	4.86799E+01
10544	245	4.86927E+01
6147	189	4.87290E+01
6052	189	4.87559E+01
10544	119	4.87765E+01
4713	362	4.87927E+01
10460	517	4.87986E+01
4713	117	4.89333E+01
6147	556	4.89626E+01
4713	558	4.90248E+01
4713	231	4.90403E+01
4713	282	4.90877E+01
6147	79	4.91026E+01
6052	79	4.91212E+01
6052	556	4.91961E+01
6147	473	4.92041E+01
10544	272	4.92139E+01
4714	318	4.92370E+01
4714	278	4.92850E+01
10376	517	4.93157E+01
10460	119	4.93219E+01
6052	473	4.93646E+01
1132	520	4.94038E+01
1132	561	4.94764E+01
6052	360	4.94782E+01
4714	608	4.94892E+01
1132	478	4.94967E+01
1132	437	4.95110E+01
10544	284	4.95206E+01
4713	475	4.95324E+01
6147	360	4.95503E+01
4714	565	4.95698E+01
1132	479	4.95727E+01
1132	603	4.96033E+01
1132	396	4.96504E+01
1022	520	4.96608E+01
10376	119	4.96633E+01
4714	163	4.96779E+01
4713	311	4.96873E+01
1132	519	4.97008E+01
10460	245	4.97045E+01
6147	113	4.97291E+01
1022	561	4.97303E+01
1132	562	4.97422E+01
6052	113	4.97467E+01
1022	478	4.97472E+01
6052	565	4.97522E+01
1022	437	4.97644E+01
912	520	4.97694E+01
4713	526	4.97727E+01
10376	609	4.97750E+01
10460	272	4.97786E+01
1132	438	4.98131E+01
1022	479	4.98345E+01
1022	603	4.98598E+01
6147	150	4.98627E+01
912	561	4.98733E+01
6052	150	4.98825E+01
912	478	4.98838E+01
912	437	4.98925E+01
1132	355	4.98943E+01
6147	228	4.98990E+01
1022	396	4.99054E+01
912	479	4.99259E+01
6052	228	4.99327E+01
1132	602	4.99447E+01
1022	519	4.99486E+01
1132	397	4.99874E+01
912	603	4.99896E+01
1022	562	5.00005E+01
6147	280	5.00117E+01
10544	404	5.00197E+01
4714	607	5.00225E+01
4714	200	5.00347E+01
6052	280	5.00356E+01
912	396	5.00365E+01
10544	558	5.00418E+01
1132	356	5.00575E+01
10544	609	5.00578E+01
4713	243	5.00736E+01
912	562	5.00799E+01
1022	438	5.00800E+01
6147	268	5.00916E+01
912	519	5.01074E+01
4714	523	5.01224E+01
6052	268	5.01371E+01
4714	404	5.01437E+01
1022	355	5.01477E+01
1132	315	5.01519E+01
10376	272	5.01535E+01
1132	436	5.01548E+01
10376	245	5.01619E+01
4713	609	5.01629E+01
912	438	5.01698E+01
10544	312	5.01778E+01
6147	565	5.01804E+01
1022	602	5.01981E+01
1132	395	5.02125E+01
1132	521	5.02141E+01
10544	155	5.02275E+01
1132	560	5.02379E+01
10460	609	5.02458E+01
1022	397	5.02578E+01
912	355	5.02896E+01
1022	356	5.03278E+01
1132	314	5.03428E+01
912	397	5.03584E+01
4714	399	5.03591E+01
10544	193	5.03632E+01
1132	477	5.03640E+01
1132	604	5.03806E+01
912	602	5.03928E+01
1022	436	5.03940E+01
1022	315	5.04164E+01
912	356	5.04472E+01
1022	395	5.04518E+01
10460	284	5.04711E+01
1022	521	5.04776E+01
1022	560	5.04842E+01
912	521	5.05268E+01
1132	354	5.05302E+01
1132	275	5.05399E+01
912	436	5.05549E+01
912	315	5.05577E+01
10544	232	5.05645E+01
1022	314	5.05898E+01
1132	274	5.05904E+01
1022	477	5.06019E+01
912	395	5.06092E+01
1022	604	5.06354E+01
4713	322	5.06569E+01
4714	609	5.06687E+01
4713	153	5.06777E+01
912	560	5.06800E+01
912	604	5.06873E+01
10460	404	5.06977E+01
10460	558	5.07021E+01
4714	440	5.07152E+01
6147	514	5.07303E+01
10460	312	5.07457E+01
912	314	5.07464E+01
1132	316	5.07628E+01
10460	155	5.07668E+01
1022	354	5.07669E+01
6147	78	5.07703E+01
912	477	5.07764E+01
6052	78	5.07856E+01
1132	480	5.08001E+01
10376	404	5.08038E+01
4714	568	5.08057E+01
1022	275	5.08095E+01
1022	274	5.08421E+01
10376	284	5.08629E+01
1132	518	5.08960E+01
1132	235	5.09052E+01
10460	193	5.09060E+01
6052	514	5.09257E+01
912	354	5.09286E+01
912	275	5.09607E+01
6147	349	5.09778E+01
912	274	5.10039E+01
6147	390	5.10191E+01
1022	316	5.10454E+01
6052	349	5.10576E+01
1022	480	5.10712E+01
912	480	5.11099E+01
10376	155	5.11099E+01
10460	232	5.11116E+01
6052	390	5.11219E+01
1132	234	5.11245E+01
6147	597	5.11286E+01
1022	518	5.11326E+01
10376	312	5.11356E+01
6052	320	5.11364E+01
6147	320	5.11624E+01
912	316	5.11694E+01
1022	235	5.11705E+01
1132	313	5.11870E+01
1132	357	5.11969E+01
1132	601	5.12068E+01
1132	276	5.12106E+01
4713	116	5.12174E+01
1132	273	5.12327E+01
1132	563	5.12343E+01
4714	358	5.12451E+01
1132	236	5.12539E+01
10376	193	5.12556E+01
10376	558	5.12621E+01
1132	439	5.12654E+01
4714	527	5.12839E+01
6147	188	5.12942E+01
6052	188	5.13173E+01
912	518	5.13330E+01
912	235	5.13363E+01
4713	516	5.13595E+01
1022	234	5.13727E+01
1132	196	5.13882E+01
6147	241	5.13892E+01
4714	445	5.14019E+01
6052	597	5.14074E+01
1022	313	5.14172E+01
1132	398	5.14178E+01
6052	241	5.14488E+01
1022	601	5.14534E+01
1022	273	5.14675E+01
10376	232	5.14706E+01
1022	357	5.14842E+01
1132	394	5.14918E+01
1022	563	5.14930E+01
912	563	5.14973E+01
1022	276	5.14987E+01
4713	191	5.15160E+01
1022	236	5.15372E+01
1022	439	5.15445E+01
912	234	5.15447E+01
1132	435	5.15498E+01
912	357	5.15779E+01
1132	195	5.15858E+01
912	313	5.15873E+01
912	439	5.15900E+01
4714	284	5.16293E+01
912	276	5.16383E+01
912	273	5.16387E+01
4714	486	5.16456E+01
1132	197	5.16466E+01
1022	196	5.16542E+01
6147	308	5.16651E+01
6147	431	5.16760E+01
912	236	5.16963E+01
912	601	5.17010E+01
1022	398	5.17032E+01
1022	394	5.17156E+01
6052	308	5.17248E+01
4714	245	5.17356E+01
6147	112	5.17467E+01
6052	112	5.17609E+01
912	398	5.17688E+01
1022	435	5.17745E+01
4713	403	5.17814E+01
1132	353	5.18050E+01
6052	431	5.18053E+01
4713	599	5.18089E+01
1132	233	5.18118E+01
6052	524	5.18173E+01
1132	559	5.18194E+01
912	196	5.18301E+01
1022	195	5.18356E+01
4713	485	5.18846E+01
912	394	5.18955E+01
4714	238	5.19131E+01
1132	158	5.19216E+01
1022	197	5.19295E+01
10544	434	5.19508E+01
912	435	5.19628E+01
1132	476	5.19731E+01
10544	118	5.19850E+01
912	195	5.20147E+01
1022	353	5.20257E+01
10544	393	5.20431E+01
1022	233	5.20437E+01
4714	481	5.20551E+01
1022	559	5.20555E+01
1132	159	5.20950E+01
1132	157	5.20971E+01
912	197	5.21018E+01
1132	194	5.21620E+01
4713	270	5.21772E+01
1022	158	5.21872E+01
1022	476	5.21975E+01
6147	149	5.22007E+01
912	353	5.22044E+01
6147	524	5.22122E+01
6052	149	5.22169E+01
912	233	5.22213E+01
4713	392	5.22483E+01
6052	401	5.22616E+01
4714	606	5.22836E+01
1132	237	5.22880E+01
912	559	5.22944E+01
1132	522	5.23314E+01
1132	317	5.23423E+01
1022	157	5.23481E+01
1132	272	5.23564E+01
912	158	5.23707E+01
1022	159	5.23760E+01
1022	194	5.23964E+01
912	476	5.24036E+01
6147	401	5.24197E+01
10544	599	5.24256E+01
4713	230	5.24321E+01
1132	605	5.24496E+01
1132	198	5.24516E+01
10376	568	5.24783E+01
4713	351	5.24902E+01
1132	122	5.24939E+01
10460	118	5.25014E+01
912	157	5.25329E+01
1132	121	5.25336E+01
6147	77	5.25415E+01
10460	434	5.25526E+01
6052	77	5.25538E+01
1132	312	5.25543E+01
912	159	5.25580E+01
1132	156	5.25666E+01
1022	272	5.25751E+01
912	522	5.25782E+01
912	194	5.25785E+01
1022	237	5.25900E+01
1022	522	5.25982E+01
10544	568	5.26184E+01
10460	393	5.26280E+01
4713	81	5.26368E+01
1022	317	5.26433E+01
912	605	5.26576E+01
6147	555	5.26612E+01
1132	160	5.26809E+01
1022	605	5.26972E+01
10544	475	5.27081E+01
4714	564	5.27189E+01
4713	444	5.27272E+01
912	237	5.27417E+01
912	317	5.27479E+01
1132	277	5.27505E+01
1022	198	5.27521E+01
912	272	5.27546E+01
1022	122	5.27640E+01
1022	312	5.27684E+01
1132	517	5.27868E+01
1022	121	5.27905E+01
6147	227	5.27968E+01
1132	120	5.27985E+01
1022	156	5.28034E+01
4714	364	5.28085E+01
6052	227	5.28268E+01
10376	118	5.28325E+01
4713	433	5.28475E+01
6147	472	5.28603E+01
10460	568	5.28796E+01
1132	232	5.28835E+01
6052	555	5.28952E+01
912	198	5.29207E+01
4714	162	5.29241E+01
912	312	5.29503E+01
912	122	5.29511E+01
1022	160	5.29778E+01
912	121	5.29782E+01
912	156	5.29896E+01
1022	517	5.30109E+01
10376	434	5.30151E+01
6052	472	5.30196E+01
1022	120	5.30427E+01
1132	193	5.30531E+01
1022	277	5.30578E+01
10376	393	5.30622E+01
1022	232	5.31000E+01
10460	599	5.31123E+01
912	160	5.31581E+01
10544	352	5.31666E+01
912	277	5.31845E+01
1132	600	5.31868E+01
6052	483	5.31985E+01
6147	267	5.32194E+01
912	120	5.32309E+01
912	517	5.32451E+01
1132	119	5.32604E+01
6052	267	5.32615E+01
1022	193	5.32729E+01
912	232	5.32826E+01
1132	155	5.32838E+01
1132	393	5.33258E+01
10460	475	5.33267E+01
1132	481	5.33799E+01
10544	445	5.33852E+01
4713	152	5.34105E+01
1022	600	5.34238E+01
912	193	5.34577E+01
6052	442	5.34643E+01
4714	610	5.34807E+01
1022	119	5.34923E+01
1132	358	5.35021E+01
1022	155	5.35072E+01
1132	434	5.35196E+01
6147	483	5.35307E+01
1022	393	5.35344E+01
1132	352	5.35781E+01
4713	115	5.36022E+01
6052	607	5.36255E+01
912	481	5.36356E+01
1022	481	5.36577E+01
912	119	5.36810E+01
10544	364	5.36856E+01
912	155	5.36944E+01
4713	310	5.37011E+01
4714	324	5.37034E+01
912	600	5.37131E+01
6147	442	5.37135E+01
10376	599	5.37235E+01
1022	434	5.37297E+01
10460	352	5.37306E+01
912	393	5.37331E+01
1132	161	5.37504E+01
6147	203	5.37517E+01
4714	277	5.37720E+01
4713	557	5.37773E+01
1022	352	5.37833E+01
1022	358	5.38063E+01
10376	475	5.38218E+01
6052	203	5.38405E+01
1132	271	5.38683E+01
912	358	5.38710E+01
6147	111	5.38710E+01
10544	324	5.38790E+01
6052	111	5.38818E+01
1132	118	5.38966E+01
1132	199	5.39079E+01
4714	317	5.39081E+01
4714	199	5.39152E+01
10376	445	5.39171E+01
912	434	5.39407E+01
10460	445	5.39537E+01
10544	154	5.39749E+01
912	352	5.39763E+01
6147	187	5.39992E+01
6052	187	5.40186E+01
1132	558	5.40215E+01
1022	161	5.40639E+01
1132	440	5.40694E+01
1022	271	5.40716E+01
1022	118	5.41166E+01
1132	564	5.41244E+01
10376	352	5.41391E+01
1132	475	5.41410E+01
1132	399	5.41415E+01
1132	238	5.41418E+01
10544	516	5.41689E+01
4713	474	5.41839E+01
1132	192	5.42078E+01
1132	154	5.42123E+01
10544	271	5.42226E+01
4713	568	5.42249E+01
1022	199	5.42269E+01
912	161	5.42423E+01
1022	558	5.42459E+01
912	271	5.42584E+01
6147	607	5.42627E+01
1132	231	5.42711E+01
912	564	5.42958E+01
912	118	5.43056E+01
4714	522	5.43066E+01
10544	527	5.43132E+01
1132	311	5.43334E+01
1022	475	5.43517E+01
912	440	5.43538E+01
1022	440	5.43590E+01
10376	527	5.43647E+01
1022	564	5.43786E+01
912	199	5.43912E+01
6147	76	5.43941E+01
6052	76	5.44035E+01
1022	192	5.44137E+01
1022	154	5.44227E+01
1022	399	5.44409E+01
6147	348	5.44610E+01
1022	238	5.44632E+01
10460	364	5.44639E+01
912	399	5.44668E+01
1022	231	5.44730E+01
10460	154	5.44814E+01
6147	513	5.44963E+01
912	558	5.45187E+01
1022	311	5.45322E+01
6052	348	5.45375E+01
912	475	5.45831E+01
10544	192	5.45976E+01
912	192	5.46008E+01
912	238	5.46068E+01
912	154	5.46110E+01
6147	389	5.46127E+01
6147	148	5.46551E+01
10376	364	5.46578E+01
912	231	5.46600E+01
4713	190	5.46608E+01
10460	527	5.46656E+01
6052	148	5.46677E+01
6052	513	5.46888E+01
1132	117	5.46891E+01
10544	486	5.47105E+01
6052	389	5.47123E+01
4714	569	5.47202E+01
912	311	5.47242E+01
10460	271	5.47527E+01
10460	324	5.47548E+01
4713	80	5.47689E+01
10460	516	5.48068E+01
10376	154	5.48128E+01
1022	117	5.48978E+01
6147	596	5.49410E+01
10376	486	5.49913E+01
6147	307	5.50336E+01
10376	324	5.50515E+01
1132	318	5.50720E+01
912	117	5.50870E+01
6052	307	5.50898E+01
10460	192	5.51054E+01
10376	271	5.51183E+01
10460	486	5.51675E+01
1132	516	5.51896E+01
6052	596	5.52161E+01
10544	231	5.52454E+01
10544	117	5.53003E+01
1132	153	5.53246E+01
1132	278	5.53246E+01
10376	516	5.53406E+01
6147	430	5.53742E+01
1132	162	5.53848E+01
1022	318	5.53918E+01
1022	516	5.54006E+01
4714	398	5.54246E+01
10376	192	5.54432E+01
912	318	5.54748E+01
6052	430	5.54998E+01
1022	153	5.55228E+01
10544	311	5.55436E+01
1132	392	5.55748E+01
1132	191	5.55857E+01
1132	116	5.56244E+01
1022	278	5.56516E+01
912	516	5.56613E+01
1132	270	5.56905E+01
1132	599	5.56927E+01
912	153	5.57118E+01
1022	162	5.57156E+01
1132	351	5.57295E+01
10460	231	5.57570E+01
912	278	5.57642E+01
1022	392	5.57688E+01
1022	191	5.57785E+01
4714	439	5.57794E+01
10460	117	5.57875E+01
6147	226	5.58193E+01
1022	116	5.58220E+01
6052	226	5.58456E+01
1022	270	5.58796E+01
912	162	5.58921E+01
1132	433	5.59115E+01
1022	599	5.59183E+01
1132	230	5.59194E+01
1022	351	5.59199E+01
1132	523	5.59285E+01
1132	606	5.59402E+01
912	191	5.59676E+01
4713	229	5.59700E+01
912	392	5.59828E+01
4714	405	5.59956E+01
1132	81	5.60102E+01
912	116	5.60114E+01
4713	269	5.60231E+01
912	606	5.60293E+01
912	270	5.60725E+01
4713	114	5.60753E+01
10460	311	5.60788E+01
6147	110	5.60800E+01
6052	110	5.60876E+01
912	523	5.60951E+01
10376	231	5.61049E+01
1022	433	5.61074E+01
1022	230	5.61076E+01
10376	117	5.61081E+01
912	351	5.61249E+01
1132	200	5.61341E+01
4714	528	5.61585E+01
4713	515	5.61657E+01
1022	606	5.61744E+01
1022	523	5.61945E+01
1022	81	5.62015E+01
4714	605	5.62103E+01
10544	557	5.62182E+01
912	599	5.62394E+01
4713	151	5.62485E+01
912	230	5.62984E+01
6147	75	5.63040E+01
6052	75	5.63107E+01
912	433	5.63365E+01
912	81	5.63895E+01
1132	310	5.64304E+01
10376	311	5.64619E+01
6147	266	5.64646E+01
1022	200	5.64723E+01
6052	266	5.65029E+01
6147	554	5.65166E+01
4714	357	5.65385E+01
4714	237	5.65942E+01
1132	152	5.66001E+01
1022	310	5.66149E+01
912	200	5.66321E+01
6147	471	5.66515E+01
1132	557	5.66655E+01
6052	361	5.66759E+01
4714	161	5.66772E+01
1132	115	5.66919E+01
1132	474	5.67091E+01
4713	598	5.67154E+01
6052	554	5.67446E+01
4713	391	5.67557E+01
1022	152	5.67867E+01
6147	361	5.67927E+01
6052	471	5.68058E+01
6147	186	5.68099E+01
912	310	5.68152E+01
6052	186	5.68257E+01
4713	350	5.68294E+01
6147	281	5.68369E+01
6052	281	5.68489E+01
6052	566	5.68703E+01
1022	557	5.68771E+01
1022	115	5.68791E+01
10460	557	5.68803E+01
4713	283	5.68979E+01
1022	474	5.69060E+01
1132	80	5.69603E+01
1132	239	5.69655E+01
912	152	5.69764E+01
4713	79	5.69766E+01
4713	363	5.69931E+01
912	115	5.70685E+01
1022	80	5.71427E+01
1132	190	5.71554E+01
912	474	5.71573E+01
1132	359	5.71688E+01
912	557	5.71758E+01
6147	147	5.71985E+01
6052	147	5.72077E+01
4714	487	5.72486E+01
1022	239	5.73071E+01
912	80	5.73306E+01
1022	190	5.73359E+01
4714	480	5.73408E+01
4714	446	5.73824E+01
912	239	5.74419E+01
10376	557	5.74591E+01
6147	566	5.74874E+01
1022	359	5.74894E+01
1132	482	5.74895E+01
4714	563	5.74936E+01
4713	432	5.75108E+01
912	359	5.75217E+01
912	190	5.75268E+01
1132	163	5.76782E+01
912	482	5.76796E+01
4713	244	5.77341E+01
1132	269	5.77590E+01
1022	482	5.77709E+01
1132	229	5.77837E+01
4714	611	5.77985E+01
4713	610	5.78239E+01
10544	153	5.78345E+01
4713	309	5.78579E+01
1132	114	5.78832E+01
4713	189	5.79149E+01
10544	392	5.79279E+01
1022	269	5.79345E+01
1132	515	5.79461E+01
1022	229	5.79590E+01
4713	527	5.79697E+01
10544	433	5.79795E+01
1132	151	5.80232E+01
1132	79	5.80234E+01
1022	163	5.80269E+01
6147	347	5.80346E+01
1022	114	5.80603E+01
6052	347	5.81066E+01
1132	391	5.81220E+01
912	269	5.81326E+01
1022	515	5.81436E+01
6147	242	5.81492E+01
912	229	5.81530E+01
1132	350	5.81598E+01
1022	79	5.81972E+01
1022	151	5.81987E+01
912	163	5.82012E+01
6052	242	5.82070E+01
6147	74	5.82474E+01
912	114	5.82497E+01
6052	74	5.82516E+01
6147	388	5.82928E+01
1022	391	5.83020E+01
10460	153	5.83084E+01
1022	350	5.83363E+01
6147	109	5.83494E+01
1132	400	5.83524E+01
6052	109	5.83541E+01
6147	512	5.83611E+01
912	79	5.83849E+01
6052	388	5.83874E+01
912	151	5.83890E+01
4714	198	5.84044E+01
1132	441	5.84109E+01
912	515	5.84245E+01
6147	306	5.84843E+01
10460	392	5.84873E+01
4714	285	5.85019E+01
912	391	5.85282E+01
6052	306	5.85361E+01
1132	565	5.85391E+01
6052	512	5.85462E+01
912	350	5.85509E+01
1132	598	5.85553E+01
10460	433	5.85611E+01
6052	321	5.85943E+01
1132	432	5.85977E+01
912	565	5.86015E+01
4713	113	5.86246E+01
10376	153	5.86283E+01
912	400	5.86457E+01
912	441	5.86462E+01
6147	321	5.86475E+01
1022	400	5.86645E+01
10544	116	5.87049E+01
4713	556	5.87082E+01
1022	441	5.87087E+01
10544	598	5.87588E+01
1132	309	5.87679E+01
1022	598	5.87681E+01
1022	432	5.87797E+01
1022	565	5.87834E+01
6147	595	5.88550E+01
10544	474	5.88764E+01
1132	189	5.88924E+01
10544	351	5.88945E+01
10376	392	5.89202E+01
6147	225	5.89208E+01
1022	309	5.89389E+01
6052	225	5.89433E+01
10544	191	5.89578E+01
4713	473	5.89845E+01
912	432	5.90229E+01
10376	433	5.90260E+01
1022	189	5.90613E+01
10376	610	5.91108E+01
1132	279	5.91109E+01
912	598	5.91122E+01
6052	595	5.91198E+01
1132	319	5.91423E+01
6147	429	5.91431E+01
4714	276	5.91440E+01
912	309	5.91460E+01
10460	116	5.91629E+01
4713	150	5.91736E+01
4713	323	5.91870E+01
1132	113	5.91902E+01
1132	78	5.91905E+01
4713	78	5.92460E+01
912	189	5.92536E+01
6052	429	5.92625E+01
1132	201	5.92632E+01
1022	78	5.93562E+01
1022	113	5.93580E+01
10544	270	5.94071E+01
10460	351	5.94286E+01
10460	191	5.94311E+01
10460	598	5.94508E+01
1022	279	5.94580E+01
10376	116	5.94730E+01
10460	474	5.94800E+01
1022	319	5.94807E+01
912	319	5.95399E+01
912	78	5.95437E+01
1132	473	5.95449E+01
912	113	5.95472E+01
912	279	5.95550E+01
1132	150	5.95805E+01
4714	316	5.95918E+01
1132	556	5.95988E+01
4713	228	5.96136E+01
1022	201	5.96214E+01
10544	285	5.96581E+01
6052	525	5.96758E+01
10544	610	5.96792E+01
6147	185	5.96892E+01
6052	185	5.97015E+01
1022	473	5.97282E+01
1022	150	5.97456E+01
10376	191	5.97570E+01
6147	265	5.97724E+01
912	201	5.97764E+01
10460	610	5.97869E+01
1022	556	5.97972E+01
6147	146	5.98013E+01
6052	265	5.98065E+01
6052	146	5.98073E+01
1132	228	5.98269E+01
10376	351	5.98319E+01
10460	270	5.99024E+01
4714	365	5.99270E+01
912	150	5.99363E+01
4713	268	5.99742E+01
10376	474	5.99808E+01
1022	228	5.99902E+01
4714	521	5.99919E+01
912	473	5.99943E+01
1132	268	6.00199E+01
10544	230	6.00666E+01
10376	598	6.00808E+01
912	556	6.01144E+01
1022	268	6.01829E+01
912	228	6.01867E+01
6147	73	6.02017E+01
6052	73	6.02036E+01
4714	570	6.02112E+01
6147	525	6.02329E+01
10376	270	6.02580E+01
6052	402	6.03743E+01
912	268	6.03851E+01
10544	405	6.03926E+01
6147	553	6.04274E+01
1132	77	6.04503E+01
10544	515	6.04710E+01
6147	470	6.04874E+01
6147	204	6.05209E+01
10460	230	6.05429E+01
6147	402	6.06041E+01
1132	112	6.06048E+01
1022	77	6.06082E+01
6052	204	6.06141E+01
10460	285	6.06325E+01
6052	470	6.06336E+01
6052	553	6.06445E+01
6147	108	6.06528E+01
6052	108	6.06547E+01
985	273	6.07028E+01
1022	112	6.07636E+01
4713	486	6.07751E+01
1132	188	6.07759E+01
1132	349	6.07867E+01
912	77	6.07954E+01
4713	404	6.08258E+01
985	234	6.08285E+01
985	233	6.08411E+01
985	314	6.08488E+01
985	274	6.08505E+01
4714	160	6.08619E+01
1132	390	6.08712E+01
985	313	6.08753E+01
912	607	6.08754E+01
10376	230	6.08795E+01
1132	240	6.09235E+01
1132	514	6.09250E+01
1132	607	6.09258E+01
1022	188	6.09338E+01
1022	349	6.09502E+01
912	112	6.09526E+01
10376	285	6.10122E+01
985	354	6.10143E+01
1022	390	6.10380E+01
10460	405	6.10602E+01
4713	514	6.10739E+01
10544	310	6.10822E+01
10376	405	6.10968E+01
10460	515	6.10984E+01
985	194	6.11089E+01
1022	514	6.11092E+01
912	188	6.11272E+01
1132	524	6.11344E+01
1022	607	6.11398E+01
10544	81	6.11447E+01
985	195	6.11514E+01
912	349	6.11721E+01
912	524	6.12059E+01
985	272	6.12171E+01
4713	112	6.12370E+01
4713	188	6.12535E+01
4713	349	6.12549E+01
1132	149	6.12597E+01
4714	325	6.12698E+01
912	390	6.12733E+01
1132	308	6.12814E+01
1022	240	6.12860E+01
985	355	6.13466E+01
4713	390	6.13479E+01
985	395	6.13820E+01
1022	524	6.13950E+01
985	232	6.14016E+01
912	514	6.14042E+01
912	240	6.14111E+01
1022	149	6.14151E+01
1022	308	6.14399E+01
985	235	6.14474E+01
1132	431	6.14730E+01
6052	608	6.15108E+01
985	193	6.15252E+01
985	353	6.15274E+01
6052	484	6.15378E+01
4713	77	6.15608E+01
10460	81	6.15612E+01
10460	310	6.15842E+01
912	149	6.16059E+01
985	312	6.16190E+01
6147	346	6.16299E+01
1132	597	6.16326E+01
10376	515	6.16399E+01
1022	431	6.16419E+01
912	308	6.16521E+01
4714	604	6.16620E+01
985	156	6.16664E+01
985	315	6.16704E+01
4714	397	6.16773E+01
6052	346	6.16963E+01
985	196	6.17142E+01
4713	597	6.17243E+01
985	157	6.17662E+01
985	275	6.17710E+01
10544	152	6.17829E+01
1132	76	6.17888E+01
985	394	6.18135E+01
1022	597	6.18322E+01
10376	81	6.18526E+01
985	436	6.18814E+01
985	396	6.18817E+01
912	431	6.18952E+01
6052	443	6.19253E+01
985	155	6.19377E+01
1022	76	6.19395E+01
4714	236	6.19402E+01
4713	445	6.19487E+01
6147	305	6.19553E+01
10376	310	6.19588E+01
6147	387	6.19854E+01
6052	305	6.20023E+01
6147	484	6.20024E+01
1132	227	6.20161E+01
1095	273	6.20176E+01
6147	224	6.20539E+01
6052	224	6.20726E+01
6052	387	6.20734E+01
1205	273	6.20746E+01
4713	308	6.20890E+01
4714	438	6.21159E+01
1132	111	6.21172E+01
912	76	6.21265E+01
6052	72	6.21466E+01
6147	72	6.21469E+01
1095	233	6.21511E+01
1022	227	6.21681E+01
1095	234	6.21683E+01
4713	149	6.21684E+01
1095	313	6.21765E+01
10544	115	6.21829E+01
912	597	6.21914E+01
1095	314	6.21916E+01
1095	274	6.22014E+01
1205	234	6.22112E+01
1205	233	6.22143E+01
10460	152	6.22246E+01
1205	314	6.22301E+01
1205	313	6.22366E+01
1205	274	6.22369E+01
6147	511	6.22369E+01
4713	431	6.22411E+01
1022	111	6.22677E+01
6147	443	6.22762E+01
985	158	6.22790E+01
985	271	6.22951E+01
1095	354	6.23264E+01
985	437	6.23428E+01
985	192	6.23488E+01
912	227	6.23666E+01
1205	354	6.23754E+01
1132	360	6.23866E+01
985	435	6.23889E+01
6147	608	6.23900E+01
6052	511	6.24111E+01
1095	194	6.24232E+01
1132	267	6.24272E+01
6147	145	6.24322E+01
6052	145	6.24351E+01
985	231	6.24376E+01
912	111	6.24564E+01
1205	194	6.24857E+01
1095	195	6.24909E+01
1095	272	6.24989E+01
10376	152	6.25329E+01
1205	195	6.25344E+01
985	477	6.25355E+01
1132	472	6.25400E+01
985	154	6.25458E+01
1205	272	6.25761E+01
10376	569	6.25767E+01
1022	267	6.25784E+01
6147	184	6.25972E+01
6052	184	6.26060E+01
10460	115	6.26117E+01
10544	556	6.26409E+01
985	356	6.26808E+01
1095	232	6.26842E+01
1095	395	6.26931E+01
985	119	6.26940E+01
4714	529	6.26953E+01
1132	555	6.26971E+01
985	120	6.27090E+01
1095	355	6.27092E+01
1022	472	6.27103E+01
912	360	6.27190E+01
1022	360	6.27228E+01
1205	395	6.27360E+01
1205	355	6.27364E+01
985	352	6.27421E+01
1205	232	6.27665E+01
985	478	6.27767E+01
6147	594	6.27772E+01
912	267	6.27838E+01
1132	187	6.27858E+01
1095	353	6.27945E+01
985	236	6.27949E+01
1095	193	6.28161E+01
1095	235	6.28193E+01
1205	235	6.28408E+01
4714	356	6.28641E+01
1205	353	6.28643E+01
985	197	6.28707E+01
1022	555	6.28822E+01
1095	312	6.28828E+01
1205	193	6.28965E+01
6147	428	6.29063E+01
10376	115	6.29113E+01
1022	187	6.29335E+01
985	118	6.29616E+01
6052	107	6.29621E+01
985	311	6.29625E+01
6147	107	6.29627E+01
1205	312	6.29633E+01
10544	569	6.29644E+01
1095	156	6.29846E+01
912	472	6.29866E+01
985	393	6.30129E+01
6052	428	6.30176E+01
985	121	6.30262E+01
6052	594	6.30266E+01
1205	156	6.30464E+01
1132	148	6.30479E+01
4713	569	6.30571E+01
1095	315	6.30589E+01
1095	394	6.30725E+01
1205	315	6.30747E+01
1095	196	6.30805E+01
6147	264	6.30884E+01
1205	196	6.31041E+01
1095	157	6.31058E+01
6052	264	6.31181E+01
912	187	6.31277E+01
1205	394	6.31358E+01
1205	157	6.31505E+01
10460	569	6.31579E+01
1095	275	6.31612E+01
1205	275	6.31740E+01
1095	436	6.31766E+01
1132	75	6.31907E+01
1022	148	6.31940E+01
912	555	6.32114E+01
1205	436	6.32172E+01
1095	155	6.32358E+01
1095	396	6.32518E+01
985	159	6.32556E+01
985	476	6.32556E+01
1132	483	6.32674E+01
1205	396	6.32738E+01
10460	556	6.32959E+01
1205	155	6.33138E+01
985	519	6.33176E+01
4713	227	6.33263E+01
1022	75	6.33347E+01
912	483	6.33796E+01
912	148	6.33849E+01
4714	197	6.33974E+01
10544	190	6.34085E+01
985	518	6.34324E+01
1132	202	6.34426E+01
985	153	6.34626E+01
4714	612	6.34701E+01
985	316	6.34844E+01
985	397	6.34866E+01
985	117	6.34952E+01
912	75	6.35213E+01
985	191	6.35351E+01
1132	348	6.35411E+01
1095	271	6.35470E+01
1022	483	6.35486E+01
985	276	6.35901E+01
1095	192	6.36180E+01
1095	435	6.36262E+01
1095	158	6.36413E+01
1205	271	6.36433E+01
1205	158	6.36682E+01
985	122	6.36702E+01
4713	555	6.36821E+01
1205	435	6.36863E+01
985	434	6.36898E+01
1022	348	6.36925E+01
4714	562	6.36947E+01
1095	231	6.36950E+01
1095	437	6.37045E+01
1205	192	6.37153E+01
1132	110	6.37157E+01
1205	437	6.37256E+01
1132	389	6.37424E+01
1205	231	6.37952E+01
1095	477	6.37980E+01
6069	238	6.38175E+01
4713	472	6.38190E+01
1022	202	6.38216E+01
1095	154	6.38251E+01
1205	477	6.38383E+01
4714	406	6.38455E+01
6069	277	6.38459E+01
10460	190	6.38475E+01
985	270	6.38498E+01
1022	110	6.38583E+01
10376	556	6.38830E+01
985	230	6.38849E+01
1022	389	6.38969E+01
4713	111	6.38982E+01
4713	76	6.39027E+01
1132	307	6.39151E+01
1205	154	6.39185E+01
4714	479	6.39189E+01
912	348	6.39195E+01
985	438	6.39579E+01
10544	391	6.39662E+01
1095	352	6.39695E+01
912	202	6.39714E+01
4713	267	6.39804E+01
1095	119	6.40082E+01
1132	513	6.40208E+01
1095	120	6.40415E+01
912	110	6.40467E+01
1205	352	6.40590E+01
1022	307	6.40619E+01
6052	71	6.40629E+01
6147	71	6.40652E+01
6069	278	6.40717E+01
6069	317	6.40722E+01
1205	119	6.40781E+01
1205	120	6.40971E+01
1095	356	6.40992E+01
1205	356	6.41039E+01
1095	478	6.41112E+01
985	560	6.41240E+01
1205	478	6.41337E+01
912	389	6.41385E+01
10376	190	6.41617E+01
985	479	6.41688E+01
10544	432	6.41720E+01
1022	513	6.41921E+01
1095	311	6.41929E+01
6164	238	6.41963E+01
1205	236	6.42002E+01
1095	236	6.42013E+01
10544	80	6.42217E+01
6164	277	6.42230E+01
1132	401	6.42242E+01
1095	393	6.42265E+01
6069	237	6.42283E+01
1095	118	6.42586E+01
1095	197	6.42656E+01
1205	197	6.42682E+01
6069	199	6.42682E+01
912	307	6.42779E+01
985	116	6.42798E+01
6147	469	6.42922E+01
1205	311	6.42925E+01
1132	280	6.42936E+01
985	520	6.43088E+01
1205	393	6.43095E+01
6147	552	6.43106E+01
1132	226	6.43197E+01
1205	118	6.43423E+01
1095	121	6.43780E+01
10544	446	6.43922E+01
6069	318	6.43962E+01
1205	121	6.44189E+01
6069	239	6.44256E+01
6052	469	6.44280E+01
6069	200	6.44338E+01
6164	317	6.44417E+01
6164	278	6.44432E+01
1132	442	6.44441E+01
1132	430	6.44514E+01
1095	476	6.44563E+01
1022	226	6.44611E+01
