GRAM	c2h2	chi_tot
6048	405	3.94685E+01
6048	406	3.95037E+01
6048	365	3.95187E+01
6048	446	3.95508E+01
6048	447	3.96442E+01
4662	571	3.96564E+01
6048	364	3.96579E+01
4662	529	3.97207E+01
4662	570	3.97394E+01
6143	405	3.97583E+01
4662	612	3.97616E+01
6143	406	3.98042E+01
6143	446	3.98208E+01
4662	613	3.98262E+01
6143	365	3.98282E+01
6048	325	3.98409E+01
6048	366	3.98429E+01
6048	324	3.98489E+01
6048	487	3.98516E+01
4662	530	3.98749E+01
6048	488	3.98909E+01
6048	404	3.99100E+01
6143	447	3.99315E+01
6048	445	3.99575E+01
6143	364	3.99627E+01
4662	488	3.99924E+01
4662	572	4.00251E+01
4662	528	4.00400E+01
6048	407	4.00405E+01
6143	487	4.00936E+01
4662	611	4.01268E+01
4662	487	4.01548E+01
6143	488	4.01567E+01
6143	366	4.01584E+01
6143	325	4.01597E+01
6143	324	4.01674E+01
6143	404	4.01911E+01
6143	445	4.02130E+01
6048	363	4.02279E+01
6048	448	4.02521E+01
6048	323	4.02536E+01
6048	326	4.02638E+01
6048	529	4.02761E+01
4662	569	4.02799E+01
6048	285	4.02897E+01
4662	614	4.03044E+01
4662	489	4.03138E+01
6048	486	4.03190E+01
6048	284	4.03441E+01
6143	407	4.03537E+01
6048	528	4.03836E+01
6048	489	4.04414E+01
4662	447	4.04845E+01
4662	531	4.05025E+01
6143	529	4.05084E+01
6143	363	4.05293E+01
6143	486	4.05407E+01
6143	448	4.05595E+01
6143	323	4.05723E+01
4662	446	4.05755E+01
6143	326	4.05837E+01
6143	528	4.05861E+01
6048	286	4.06100E+01
6143	285	4.06133E+01
6048	367	4.06598E+01
6048	530	4.06679E+01
6143	284	4.06711E+01
6143	489	4.07346E+01
6048	283	4.07405E+01
4662	486	4.07833E+01
6048	403	4.07992E+01
4662	527	4.08233E+01
4662	573	4.08322E+01
6048	444	4.08427E+01
6048	570	4.08715E+01
4662	448	4.08761E+01
6048	245	4.09229E+01
6143	286	4.09306E+01
4662	610	4.09310E+01
6143	530	4.09344E+01
6143	367	4.09825E+01
6048	527	4.09938E+01
6048	322	4.10215E+01
6048	571	4.10316E+01
6143	570	4.10556E+01
6143	283	4.10712E+01
6143	403	4.10735E+01
6143	444	4.10865E+01
6048	408	4.10967E+01
4662	445	4.11219E+01
4662	490	4.11270E+01
6048	327	4.11511E+01
4662	406	4.11624E+01
6048	244	4.11691E+01
6143	527	4.11710E+01
6048	569	4.11951E+01
6048	362	4.11959E+01
6143	245	4.12532E+01
6143	571	4.12556E+01
4662	568	4.12746E+01
6048	485	4.12796E+01
4662	405	4.12820E+01
6143	322	4.13413E+01
6143	569	4.13443E+01
6048	449	4.13802E+01
6143	408	4.14246E+01
6048	282	4.14488E+01
6143	327	4.14729E+01
6143	485	4.14848E+01
6143	362	4.14951E+01
6048	490	4.14986E+01
4662	407	4.15050E+01
6143	244	4.15054E+01
6048	531	4.15469E+01
4662	532	4.15947E+01
6048	612	4.16381E+01
6048	572	4.16580E+01
6048	243	4.16880E+01
6143	449	4.17103E+01
6048	611	4.17577E+01
4662	449	4.17692E+01
6143	282	4.17833E+01
6143	612	4.18016E+01
6143	490	4.18226E+01
4662	404	4.18271E+01
4662	485	4.18516E+01
6143	531	4.18516E+01
6143	611	4.18770E+01
6143	572	4.19266E+01
6048	613	4.19646E+01
6048	368	4.19928E+01
6048	568	4.20117E+01
934	366	4.20248E+01
6143	243	4.20305E+01
4662	526	4.20516E+01
4662	365	4.20569E+01
4662	444	4.20897E+01
6048	526	4.21009E+01
6048	402	4.21057E+01
934	365	4.21141E+01
6048	321	4.21223E+01
6143	568	4.21314E+01
934	406	4.21381E+01
4662	609	4.21750E+01
6143	613	4.21777E+01
6048	443	4.21804E+01
934	407	4.21906E+01
934	325	4.22068E+01
4662	366	4.22281E+01
6143	526	4.22573E+01
934	326	4.22728E+01
4662	364	4.23006E+01
6143	368	4.23243E+01
1044	366	4.23307E+01
4662	408	4.23404E+01
6048	610	4.23445E+01
6143	402	4.23751E+01
1044	365	4.23978E+01
1044	406	4.24071E+01
934	367	4.24102E+01
6143	443	4.24153E+01
6143	610	4.24253E+01
4662	491	4.24305E+01
6048	281	4.24424E+01
6143	321	4.24437E+01
6048	242	4.24567E+01
1044	407	4.24867E+01
934	447	4.25042E+01
1044	325	4.25097E+01
6048	361	4.25312E+01
6048	204	4.25450E+01
934	324	4.25579E+01
934	448	4.25610E+01
934	405	4.25641E+01
1044	326	4.25939E+01
934	364	4.26487E+01
934	285	4.26632E+01
6048	409	4.26815E+01
934	286	4.26865E+01
4662	567	4.27101E+01
6048	614	4.27103E+01
6048	484	4.27137E+01
6048	573	4.27260E+01
1044	367	4.27395E+01
934	408	4.27400E+01
1044	447	4.27425E+01
4662	403	4.27582E+01
6143	281	4.27812E+01
934	327	4.27893E+01
6143	242	4.28052E+01
1044	405	4.28077E+01
6143	361	4.28294E+01
1044	448	4.28305E+01
1044	324	4.28436E+01
4662	367	4.28539E+01
6048	532	4.28928E+01
6143	204	4.28965E+01
6143	484	4.29060E+01
1044	364	4.29113E+01
4662	363	4.29173E+01
934	446	4.29338E+01
1044	285	4.29686E+01
6143	614	4.29779E+01
934	284	4.30039E+01
1044	286	4.30057E+01
6048	450	4.30245E+01
6143	409	4.30262E+01
6143	573	4.30436E+01
6048	491	4.30488E+01
1154	366	4.30556E+01
1044	408	4.30644E+01
934	449	4.31107E+01
1044	327	4.31294E+01
1154	406	4.31326E+01
934	489	4.31329E+01
1154	365	4.31372E+01
1044	446	4.31427E+01
4662	450	4.31724E+01
4662	325	4.31808E+01
934	488	4.31920E+01
1154	407	4.31986E+01
6143	532	4.32394E+01
1154	325	4.32518E+01
4662	324	4.32712E+01
6048	203	4.32763E+01
934	323	4.32917E+01
934	368	4.32940E+01
1044	284	4.32963E+01
1154	326	4.33208E+01
6048	567	4.33212E+01
4662	484	4.33275E+01
1044	489	4.33558E+01
6143	450	4.33800E+01
1044	488	4.33804E+01
6143	491	4.34068E+01
6048	609	4.34117E+01
1044	449	4.34129E+01
6143	567	4.34171E+01
4662	443	4.34421E+01
934	404	4.34436E+01
1154	367	4.34499E+01
1154	447	4.34560E+01
6048	241	4.34560E+01
6143	609	4.34604E+01
4662	326	4.34731E+01
934	245	4.34904E+01
6048	320	4.35305E+01
1154	448	4.35318E+01
1154	405	4.35470E+01
934	490	4.35486E+01
1044	323	4.35612E+01
934	363	4.35959E+01
1154	324	4.36008E+01
6143	203	4.36351E+01
1044	368	4.36476E+01
1044	404	4.36633E+01
1154	364	4.36654E+01
934	283	4.36762E+01
6048	525	4.36906E+01
4662	409	4.36907E+01
4662	525	4.36976E+01
6048	280	4.36998E+01
4662	323	4.37026E+01
1154	285	4.37185E+01
934	487	4.37289E+01
1154	286	4.37402E+01
1154	408	4.37632E+01
1044	245	4.37873E+01
934	409	4.37957E+01
6048	401	4.38009E+01
1044	490	4.38077E+01
6143	241	4.38106E+01
6143	525	4.38309E+01
934	445	4.38345E+01
1044	363	4.38388E+01
1154	327	4.38411E+01
4662	608	4.38495E+01
6143	320	4.38541E+01
4662	362	4.38666E+01
1154	446	4.38690E+01
1044	487	4.38850E+01
6048	442	4.39431E+01
1044	283	4.39563E+01
934	244	4.39666E+01
4662	368	4.39698E+01
934	530	4.39896E+01
1044	445	4.40160E+01
4662	402	4.40361E+01
6143	280	4.40430E+01
1154	489	4.40469E+01
1154	284	4.40614E+01
6143	401	4.40673E+01
1154	488	4.40824E+01
1154	449	4.41027E+01
1044	530	4.41439E+01
1044	409	4.41495E+01
934	450	4.41502E+01
6143	442	4.41716E+01
934	531	4.41762E+01
4662	327	4.41898E+01
6048	202	4.41981E+01
6048	360	4.42078E+01
934	529	4.42537E+01
1044	244	4.42547E+01
1154	323	4.43333E+01
1154	368	4.43438E+01
1044	531	4.43692E+01
1044	529	4.43714E+01
934	322	4.43747E+01
1154	404	4.44168E+01
934	491	4.44269E+01
4662	322	4.44357E+01
4662	285	4.44717E+01
1044	450	4.44864E+01
1154	490	4.44888E+01
6143	360	4.45062E+01
1154	245	4.45530E+01
4662	284	4.45586E+01
4662	566	4.45632E+01
6143	202	4.45641E+01
6048	483	4.45966E+01
1154	487	4.45987E+01
1154	363	4.46076E+01
1044	322	4.46292E+01
934	282	4.46500E+01
6048	240	4.46715E+01
934	243	4.47080E+01
4662	286	4.47112E+01
1044	491	4.47239E+01
1154	283	4.47364E+01
934	486	4.47377E+01
934	403	4.47470E+01
1154	445	4.47557E+01
6143	483	4.47796E+01
934	532	4.47952E+01
1154	530	4.48234E+01
1154	409	4.48356E+01
1044	486	4.48638E+01
1044	282	4.49188E+01
934	362	4.49225E+01
4662	283	4.49344E+01
1044	403	4.49447E+01
6048	608	4.49630E+01
934	528	4.49784E+01
6143	608	4.49861E+01
1044	243	4.49879E+01
1044	532	4.50288E+01
6143	240	4.50322E+01
1154	244	4.50350E+01
1154	531	4.50400E+01
1154	529	4.50605E+01
1044	528	4.50620E+01
4662	361	4.51113E+01
6048	566	4.51139E+01
4662	442	4.51414E+01
934	572	4.51430E+01
1044	362	4.51474E+01
1154	450	4.51653E+01
4662	483	4.51748E+01
934	444	4.51841E+01
6143	566	4.51915E+01
6048	279	4.52055E+01
6048	319	4.52269E+01
934	571	4.52449E+01
1044	572	4.52455E+01
6048	201	4.53003E+01
1044	571	4.53076E+01
1044	444	4.53404E+01
1154	491	4.53959E+01
1154	322	4.54162E+01
4662	321	4.54352E+01
934	573	4.54441E+01
6143	279	4.55535E+01
6143	319	4.55536E+01
4662	282	4.55647E+01
1044	573	4.55886E+01
1154	486	4.55899E+01
934	204	4.56126E+01
4662	401	4.56244E+01
6143	201	4.56734E+01
934	242	4.56919E+01
1154	532	4.56920E+01
1154	403	4.57125E+01
1154	282	4.57134E+01
4662	524	4.57275E+01
6048	524	4.57415E+01
1154	528	4.57618E+01
934	570	4.57715E+01
934	321	4.57767E+01
1154	243	4.57825E+01
1044	570	4.57970E+01
6048	400	4.58593E+01
6143	524	4.58703E+01
4662	245	4.58806E+01
1044	204	4.58922E+01
934	281	4.58990E+01
1154	572	4.59028E+01
1154	362	4.59308E+01
4662	607	4.59335E+01
1044	242	4.59641E+01
1154	571	4.59726E+01
1044	321	4.60174E+01
6048	163	4.60451E+01
4662	244	4.60814E+01
1154	444	4.60939E+01
6048	239	4.60946E+01
6048	441	4.61033E+01
6143	400	4.61245E+01
1044	281	4.61573E+01
934	527	4.61647E+01
934	485	4.62037E+01
6048	359	4.62053E+01
1044	527	4.62171E+01
1154	573	4.62395E+01
1044	485	4.63025E+01
6143	441	4.63282E+01
4662	281	4.64196E+01
6143	163	4.64281E+01
934	402	4.64438E+01
6143	239	4.64615E+01
1154	570	4.64708E+01
6143	359	4.65051E+01
4662	243	4.65058E+01
934	203	4.65179E+01
934	614	4.65436E+01
1044	614	4.65727E+01
1044	613	4.65749E+01
6048	200	4.65776E+01
934	613	4.65876E+01
934	361	4.65980E+01
4662	360	4.66200E+01
1044	402	4.66215E+01
4662	320	4.66716E+01
1154	204	4.66968E+01
1044	569	4.67286E+01
934	569	4.67374E+01
1154	242	4.67728E+01
1044	203	4.67928E+01
4662	565	4.68021E+01
1044	361	4.68063E+01
1154	321	4.68190E+01
934	241	4.68994E+01
6048	482	4.69004E+01
1154	527	4.69286E+01
6048	278	4.69514E+01
1044	612	4.69556E+01
934	443	4.69561E+01
6143	200	4.69577E+01
1154	281	4.69664E+01
6048	607	4.69912E+01
6143	607	4.69955E+01
934	612	4.70075E+01
1154	485	4.70418E+01
6143	482	4.70778E+01
1044	443	4.70896E+01
4662	242	4.71281E+01
4662	441	4.71524E+01
1044	241	4.71647E+01
6048	318	4.71996E+01
1154	614	4.72067E+01
6048	162	4.72107E+01
1154	613	4.72147E+01
6143	278	4.73044E+01
4662	482	4.73565E+01
6048	565	4.73705E+01
934	280	4.74018E+01
1154	402	4.74039E+01
1154	569	4.74124E+01
6143	565	4.74357E+01
934	320	4.74724E+01
4662	280	4.74745E+01
4662	400	4.74914E+01
6143	318	4.75299E+01
1973	81	4.75850E+01
6143	162	4.76011E+01
1154	612	4.76024E+01
1154	361	4.76046E+01
6388	529	4.76047E+01
1973	477	4.76083E+01
934	202	4.76092E+01
1154	203	4.76106E+01
1973	519	4.76146E+01
1973	436	4.76285E+01
1973	394	4.76401E+01
1973	80	4.76437E+01
1044	280	4.76506E+01
6292	529	4.76546E+01
1973	435	4.76583E+01
1973	561	4.76673E+01
6388	570	4.76693E+01
1973	478	4.76751E+01
1973	353	4.76808E+01
1044	320	4.77005E+01
1973	560	4.77157E+01
6388	528	4.77183E+01
1973	518	4.77209E+01
6048	238	4.77229E+01
6388	487	4.77257E+01
1973	312	4.77297E+01
1973	395	4.77306E+01
1044	611	4.77385E+01
1973	352	4.77442E+01
6388	488	4.77508E+01
1973	271	4.77560E+01
6292	488	4.77582E+01
1973	311	4.77611E+01
1973	115	4.77613E+01
1973	603	4.77622E+01
1973	520	4.77631E+01
1973	602	4.77637E+01
6292	487	4.77705E+01
6292	570	4.77789E+01
1973	476	4.77844E+01
1973	393	4.77849E+01
1973	152	4.77960E+01
1973	230	4.77972E+01
934	526	4.78048E+01
1973	114	4.78084E+01
1973	191	4.78089E+01
6292	528	4.78115E+01
1973	231	4.78180E+01
6388	571	4.78208E+01
1973	270	4.78223E+01
934	611	4.78267E+01
1044	526	4.78290E+01
1973	79	4.78325E+01
1973	190	4.78373E+01
1973	437	4.78485E+01
1973	354	4.78519E+01
1154	443	4.78574E+01
4662	204	4.78623E+01
1973	151	4.78656E+01
1973	116	4.78747E+01
6292	571	4.78782E+01
1044	202	4.78799E+01
1973	562	4.78843E+01
6388	612	4.79026E+01
1973	153	4.79094E+01
1973	272	4.79105E+01
1973	434	4.79184E+01
4662	241	4.79267E+01
1973	313	4.79276E+01
6388	446	4.79665E+01
6388	530	4.79763E+01
6292	446	4.79774E+01
6292	530	4.79795E+01
1973	192	4.79804E+01
1973	229	4.79840E+01
1154	241	4.79870E+01
6388	569	4.79895E+01
1973	559	4.80016E+01
1973	479	4.80065E+01
1973	601	4.80096E+01
1973	310	4.80109E+01
1973	113	4.80138E+01
6388	611	4.80200E+01
6292	447	4.80217E+01
1973	351	4.80279E+01
6048	199	4.80294E+01
1973	604	4.80340E+01
6292	612	4.80340E+01
6388	447	4.80417E+01
1973	232	4.80517E+01
1973	517	4.80559E+01
1973	189	4.80602E+01
1973	396	4.80705E+01
6143	238	4.80961E+01
1973	269	4.80993E+01
4662	523	4.81036E+01
934	484	4.81058E+01
1044	568	4.81087E+01
1973	150	4.81129E+01
4662	319	4.81224E+01
1973	117	4.81439E+01
1973	78	4.81444E+01
1973	392	4.81466E+01
6292	569	4.81471E+01
934	568	4.81486E+01
1973	475	4.81793E+01
1044	484	4.81801E+01
6388	486	4.81848E+01
1973	521	4.81909E+01
1973	154	4.82028E+01
6292	611	4.82079E+01
6388	613	4.82244E+01
6048	523	4.82260E+01
6292	489	4.82374E+01
6048	399	4.82591E+01
6292	486	4.82641E+01
1973	355	4.82665E+01
6388	489	4.82702E+01
1973	273	4.82887E+01
6292	613	4.82948E+01
6388	527	4.83154E+01
934	240	4.83166E+01
1973	438	4.83348E+01
6143	523	4.83480E+01
1973	193	4.83488E+01
1973	314	4.83594E+01
6388	445	4.83650E+01
1973	228	4.83652E+01
1973	112	4.83676E+01
4662	359	4.83682E+01
1973	433	4.83859E+01
1973	563	4.83929E+01
1154	611	4.83938E+01
4662	606	4.83958E+01
4662	203	4.84044E+01
6292	445	4.84048E+01
6292	406	4.84134E+01
6143	199	4.84164E+01
6292	405	4.84167E+01
6388	405	4.84279E+01
6388	572	4.84304E+01
6292	572	4.84315E+01
6292	527	4.84480E+01
6388	406	4.84490E+01
1973	309	4.84610E+01
1973	188	4.84636E+01
1973	600	4.84690E+01
1154	280	4.84739E+01
1973	558	4.84955E+01
1973	233	4.84959E+01
934	401	4.85051E+01
6048	358	4.85086E+01
1973	350	4.85119E+01
1154	320	4.85167E+01
6048	161	4.85231E+01
1973	149	4.85240E+01
6143	399	4.85251E+01
1154	526	4.85534E+01
6292	448	4.85574E+01
1973	118	4.85588E+01
1973	77	4.85669E+01
1973	268	4.85688E+01
1044	240	4.85756E+01
1973	516	4.85917E+01
6388	610	4.85941E+01
934	360	4.85963E+01
1973	605	4.86055E+01
6388	448	4.86106E+01
1973	480	4.86227E+01
6048	440	4.86344E+01
1044	401	4.86649E+01
1973	155	4.86667E+01
1973	397	4.86710E+01
1973	391	4.87018E+01
1154	202	4.87105E+01
4662	279	4.87119E+01
1973	474	4.87660E+01
6292	531	4.87783E+01
6388	568	4.87858E+01
1044	360	4.87899E+01
1154	568	4.88040E+01
6143	358	4.88111E+01
6388	531	4.88253E+01
6292	610	4.88334E+01
6388	404	4.88526E+01
1973	111	4.88530E+01
6143	440	4.88584E+01
6292	404	4.88646E+01
934	201	4.88770E+01
6292	407	4.88842E+01
4662	240	4.88854E+01
1973	274	4.88878E+01
1973	194	4.89052E+01
1973	227	4.89189E+01
6143	161	4.89206E+01
1973	522	4.89211E+01
1973	356	4.89301E+01
8743	611	4.89322E+01
1154	484	4.89334E+01
6048	277	4.89361E+01
1044	610	4.89411E+01
6388	407	4.89458E+01
6388	614	4.89616E+01
6292	614	4.89668E+01
6292	365	4.89732E+01
6292	568	4.89869E+01
6388	365	4.90160E+01
1973	187	4.90256E+01
1973	315	4.90259E+01
1973	432	4.90342E+01
934	610	4.90623E+01
8743	569	4.90647E+01
1973	148	4.90776E+01
1973	76	4.90834E+01
8743	570	4.90836E+01
1973	308	4.90869E+01
4662	202	4.90912E+01
1973	439	4.91029E+01
1973	119	4.91063E+01
6388	485	4.91092E+01
1973	599	4.91099E+01
8743	610	4.91208E+01
934	442	4.91222E+01
6292	364	4.91277E+01
1973	234	4.91431E+01
934	279	4.91436E+01
1044	201	4.91439E+01
6388	364	4.91520E+01
1973	557	4.91663E+01
1973	349	4.91703E+01
1973	267	4.92057E+01
6292	490	4.92083E+01
6388	444	4.92103E+01
8743	528	4.92137E+01
1973	564	4.92175E+01
6292	485	4.92201E+01
8655	611	4.92216E+01
1044	442	4.92355E+01
6292	366	4.92502E+01
8743	612	4.92578E+01
6292	444	4.92769E+01
6388	490	4.92841E+01
1973	156	4.92881E+01
6143	277	4.92946E+01
1973	515	4.92982E+01
6388	366	4.93124E+01
8655	570	4.93170E+01
8655	569	4.93291E+01
8831	611	4.93733E+01
8743	529	4.93813E+01
1044	279	4.93839E+01
6388	526	4.93843E+01
4662	564	4.93883E+01
1154	240	4.94114E+01
6292	573	4.94180E+01
1973	390	4.94228E+01
8655	528	4.94324E+01
6048	317	4.94427E+01
934	319	4.94429E+01
4662	440	4.94433E+01
1973	110	4.94475E+01
8655	610	4.94481E+01
1154	401	4.94621E+01
6143	606	4.94700E+01
6388	573	4.94769E+01
6048	606	4.94776E+01
1973	606	4.94993E+01
8831	610	4.95021E+01
8655	612	4.95024E+01
8831	569	4.95109E+01
1973	473	4.95151E+01
8743	487	4.95291E+01
1973	398	4.95426E+01
1973	481	4.95435E+01
6292	526	4.95528E+01
6048	237	4.95604E+01
8743	527	4.95710E+01
8743	568	4.95719E+01
8655	529	4.95774E+01
8831	570	4.95816E+01
6048	481	4.95955E+01
6292	449	4.95955E+01
1154	360	4.96028E+01
1154	610	4.96063E+01
4662	399	4.96117E+01
934	163	4.96118E+01
1973	226	4.96170E+01
8743	571	4.96244E+01
6388	609	4.96336E+01
1973	195	4.96377E+01
1044	319	4.96598E+01
6048	198	4.96605E+01
1973	75	4.96737E+01
6292	363	4.96773E+01
6388	363	4.96837E+01
6388	449	4.96840E+01
6388	403	4.96895E+01
8831	528	4.96956E+01
1973	275	4.97025E+01
8655	487	4.97166E+01
1973	186	4.97181E+01
6292	403	4.97233E+01
1973	147	4.97469E+01
8831	612	4.97653E+01
8743	488	4.97697E+01
6143	481	4.97708E+01
1973	120	4.97731E+01
4662	318	4.97731E+01
6143	317	4.97774E+01
8743	486	4.98055E+01
8655	527	4.98070E+01
6292	325	4.98112E+01
8655	571	4.98209E+01
6292	324	4.98300E+01
1973	431	4.98331E+01
8743	609	4.98331E+01
4662	481	4.98366E+01
1973	357	4.98477E+01
6292	408	4.98523E+01
1973	307	4.98587E+01
8655	568	4.98610E+01
6388	325	4.98697E+01
6388	324	4.98747E+01
1044	525	4.98821E+01
934	525	4.98827E+01
1044	163	4.98830E+01
1973	598	4.98997E+01
8831	529	4.99050E+01
4662	201	4.99112E+01
6292	609	4.99189E+01
1973	316	4.99264E+01
1044	567	4.99349E+01
934	239	4.99353E+01
6143	237	4.99401E+01
6388	408	4.99415E+01
8655	488	4.99440E+01
1973	348	4.99728E+01
8831	568	4.99739E+01
1973	523	4.99759E+01
1973	266	4.99793E+01
1973	556	4.99821E+01
1973	235	4.99839E+01
6048	160	4.99860E+01
1154	201	4.99871E+01
8743	446	4.99908E+01
6292	367	4.99922E+01
4662	239	4.99933E+01
8655	486	5.00019E+01
934	567	5.00022E+01
1154	442	5.00179E+01
8831	527	5.00181E+01
8831	487	5.00203E+01
6292	532	5.00347E+01
6388	567	5.00526E+01
1973	157	5.00530E+01
6143	198	5.00546E+01
6048	564	5.00629E+01
6388	367	5.00745E+01
8743	530	5.00770E+01
8743	613	5.00787E+01
4662	278	5.01211E+01
6143	564	5.01214E+01
1973	109	5.01250E+01
6388	532	5.01350E+01
1973	514	5.01437E+01
8655	446	5.01575E+01
8831	609	5.01631E+01
1973	440	5.01689E+01
8831	571	5.01804E+01
1044	239	5.01887E+01
8655	609	5.01911E+01
6292	326	5.01912E+01
6292	323	5.02103E+01
8743	447	5.02125E+01
1154	279	5.02211E+01
6388	323	5.02415E+01
8655	530	5.02455E+01
6388	326	5.02638E+01
8743	445	5.02667E+01
8655	613	5.02723E+01
8831	486	5.02733E+01
1973	389	5.02779E+01
8831	488	5.02908E+01
6292	567	5.02926E+01
934	200	5.03162E+01
1973	74	5.03162E+01
4662	358	5.03384E+01
8655	447	5.03758E+01
1973	565	5.03796E+01
11053	608	5.03865E+01
6143	160	5.03907E+01
1973	472	5.03944E+01
934	483	5.04184E+01
1973	225	5.04272E+01
8655	445	5.04334E+01
8743	526	5.04397E+01
8831	446	5.04701E+01
1044	483	5.04714E+01
6388	443	5.04714E+01
6388	484	5.04732E+01
1154	319	5.04904E+01
1973	146	5.05019E+01
1973	185	5.05096E+01
1973	196	5.05343E+01
8743	489	5.05396E+01
1973	121	5.05470E+01
6292	443	5.05628E+01
1044	609	5.05731E+01
6388	362	5.05752E+01
8743	485	5.05774E+01
1044	200	5.05798E+01
6292	362	5.05860E+01
8743	567	5.05984E+01
6292	484	5.06129E+01
8743	405	5.06176E+01
1154	525	5.06203E+01
2083	81	5.06288E+01
2083	477	5.06314E+01
2083	519	5.06380E+01
1154	567	5.06428E+01
8831	530	5.06482E+01
11053	609	5.06506E+01
8831	613	5.06581E+01
11053	607	5.06597E+01
6292	491	5.06614E+01
2083	436	5.06716E+01
8743	572	5.06731E+01
11053	567	5.06745E+01
2083	394	5.06757E+01
2083	80	5.06767E+01
2083	435	5.06786E+01
8655	526	5.06878E+01
2083	561	5.06880E+01
8655	489	5.06965E+01
1973	399	5.06966E+01
8831	447	5.07082E+01
2083	560	5.07091E+01
8743	406	5.07186E+01
2083	518	5.07190E+01
2083	478	5.07232E+01
934	609	5.07234E+01
2083	353	5.07262E+01
1973	276	5.07273E+01
1973	607	5.07335E+01
1154	163	5.07339E+01
8831	445	5.07357E+01
1973	306	5.07430E+01
2083	602	5.07490E+01
1973	430	5.07500E+01
8655	405	5.07685E+01
6292	285	5.07697E+01
2083	352	5.07702E+01
2083	603	5.07770E+01
8655	485	5.07785E+01
2083	312	5.07791E+01
6388	491	5.07830E+01
11053	566	5.07835E+01
2083	476	5.07843E+01
4662	522	5.07865E+01
2083	395	5.07878E+01
1973	482	5.07889E+01
2083	311	5.07925E+01
2083	393	5.08001E+01
10890	608	5.08009E+01
2083	271	5.08032E+01
1973	597	5.08055E+01
2083	115	5.08073E+01
6292	284	5.08132E+01
2083	520	5.08140E+01
8655	572	5.08272E+01
6388	285	5.08329E+01
2083	230	5.08355E+01
2083	152	5.08418E+01
2083	114	5.08423E+01
2083	270	5.08529E+01
2083	79	5.08545E+01
4662	163	5.08556E+01
1973	265	5.08560E+01
4662	200	5.08572E+01
2083	191	5.08586E+01
1973	108	5.08586E+01
8831	526	5.08604E+01
10971	608	5.08643E+01
6388	284	5.08668E+01
2083	231	5.08718E+01
2083	190	5.08727E+01
8655	406	5.08758E+01
1973	347	5.08861E+01
934	359	5.08970E+01
2083	151	5.08982E+01
6388	402	5.09042E+01
6388	525	5.09049E+01
934	400	5.09051E+01
8655	567	5.09059E+01
1973	555	5.09100E+01
934	162	5.09114E+01
2083	437	5.09155E+01
6292	322	5.09166E+01
2083	354	5.09174E+01
2083	434	5.09176E+01
2083	116	5.09325E+01
6388	322	5.09344E+01
2083	562	5.09350E+01
1973	158	5.09493E+01
8743	448	5.09543E+01
6292	402	5.09587E+01
8831	567	5.09654E+01
2083	153	5.09682E+01
2083	601	5.09685E+01
2083	559	5.09703E+01
2083	272	5.09745E+01
8743	404	5.09770E+01
6048	398	5.09813E+01
1973	73	5.09892E+01
2083	313	5.09953E+01
6292	327	5.10063E+01
2083	229	5.10071E+01
1973	236	5.10091E+01
8743	444	5.10101E+01
2083	310	5.10249E+01
1973	358	5.10255E+01
10890	609	5.10256E+01
8831	485	5.10295E+01
2083	517	5.10311E+01
2083	113	5.10355E+01
2083	351	5.10355E+01
1154	239	5.10378E+01
11053	526	5.10439E+01
2083	192	5.10441E+01
11053	525	5.10446E+01
1044	400	5.10492E+01
1973	317	5.10613E+01
8743	608	5.10676E+01
6292	286	5.10687E+01
8831	405	5.10716E+01
1044	359	5.10776E+01
2083	604	5.10811E+01
2083	479	5.10812E+01
2083	189	5.10814E+01
10890	567	5.10822E+01
11053	568	5.10917E+01
6388	327	5.10935E+01
1973	513	5.10952E+01
8831	489	5.10961E+01
10890	607	5.11054E+01
6292	525	5.11055E+01
6048	357	5.11068E+01
8655	448	5.11110E+01
6048	522	5.11116E+01
2083	269	5.11137E+01
934	278	5.11165E+01
8655	404	5.11194E+01
2083	232	5.11208E+01
10971	607	5.11261E+01
2083	150	5.11323E+01
10971	609	5.11365E+01
6388	608	5.11367E+01
6292	450	5.11367E+01
6388	286	5.11414E+01
2083	392	5.11426E+01
2083	396	5.11501E+01
2083	78	5.11554E+01
2083	475	5.11580E+01
10971	567	5.11605E+01
6048	276	5.11638E+01
6292	283	5.11651E+01
8655	444	5.11738E+01
8831	406	5.11743E+01
1044	162	5.11810E+01
4662	605	5.11964E+01
6388	283	5.12090E+01
2083	117	5.12131E+01
10890	566	5.12157E+01
6292	368	5.12273E+01
6143	522	5.12313E+01
1973	388	5.12335E+01
1154	483	5.12393E+01
4662	238	5.12464E+01
1154	609	5.12497E+01
6143	398	5.12500E+01
10971	566	5.12561E+01
6388	450	5.12627E+01
2083	521	5.12712E+01
2083	154	5.12741E+01
8831	572	5.12921E+01
8743	531	5.12936E+01
8743	407	5.13128E+01
1973	145	5.13129E+01
1973	224	5.13160E+01
6388	368	5.13308E+01
6292	409	5.13319E+01
1044	278	5.13493E+01
2083	355	5.13525E+01
8831	608	5.13565E+01
2083	433	5.13657E+01
1973	184	5.13678E+01
8743	614	5.13689E+01
2083	273	5.13694E+01
1973	471	5.13707E+01
8743	365	5.13721E+01
2083	228	5.13734E+01
1973	524	5.13762E+01
2083	112	5.13772E+01
11053	565	5.13973E+01
2083	600	5.14048E+01
6143	357	5.14132E+01
1973	122	5.14185E+01
11053	484	5.14214E+01
2083	193	5.14263E+01
2083	438	5.14268E+01
8655	531	5.14296E+01
8831	404	5.14353E+01
1154	200	5.14354E+01
2083	558	5.14423E+01
2083	314	5.14457E+01
8655	608	5.14486E+01
6388	409	5.14500E+01
11053	606	5.14516E+01
10890	526	5.14543E+01
2083	309	5.14585E+01
11053	610	5.14592E+01
6292	608	5.14626E+01
11053	485	5.14656E+01
10890	568	5.14680E+01
2083	188	5.14710E+01
8831	448	5.14718E+01
10890	525	5.14718E+01
8655	407	5.14739E+01
2083	563	5.14759E+01
8831	444	5.14761E+01
6048	197	5.14811E+01
8743	364	5.14855E+01
2083	350	5.15022E+01
8655	614	5.15059E+01
6048	439	5.15107E+01
8655	365	5.15209E+01
10971	525	5.15242E+01
6143	276	5.15282E+01
11053	524	5.15295E+01
2083	149	5.15304E+01
10971	526	5.15391E+01
2083	516	5.15463E+01
1973	441	5.15503E+01
11053	527	5.15528E+01
2083	77	5.15672E+01
2083	268	5.15678E+01
2083	233	5.15800E+01
1973	197	5.15849E+01
10971	568	5.15881E+01
6048	159	5.16077E+01
4662	317	5.16163E+01
6048	236	5.16164E+01
8655	364	5.16192E+01
1973	107	5.16224E+01
2083	118	5.16389E+01
934	441	5.16542E+01
1973	72	5.16732E+01
934	318	5.16764E+01
2083	391	5.16802E+01
4662	162	5.16845E+01
2083	605	5.16877E+01
4662	277	5.16993E+01
8743	366	5.16996E+01
1973	305	5.17058E+01
2083	480	5.17254E+01
2083	474	5.17257E+01
6143	439	5.17364E+01
1044	441	5.17501E+01
2083	155	5.17501E+01
1973	429	5.17508E+01
934	238	5.17538E+01
8743	403	5.17606E+01
2083	397	5.17736E+01
6388	566	5.17741E+01
8831	407	5.17753E+01
8831	365	5.17850E+01
10890	610	5.17876E+01
6388	361	5.17929E+01
6292	282	5.17935E+01
1973	596	5.17946E+01
8743	525	5.17973E+01
1973	264	5.18022E+01
8743	484	5.18162E+01
6292	361	5.18203E+01
6388	282	5.18276E+01
11053	483	5.18329E+01
8743	490	5.18409E+01
10890	565	5.18469E+01
10890	484	5.18504E+01
2083	111	5.18507E+01
6292	245	5.18510E+01
10971	565	5.18534E+01
1154	400	5.18614E+01
8655	366	5.18618E+01
1973	346	5.18758E+01
6143	197	5.18823E+01
1044	318	5.18835E+01
10890	485	5.18860E+01
8655	403	5.18921E+01
1973	566	5.18974E+01
10971	606	5.19031E+01
1154	359	5.19054E+01
11053	443	5.19070E+01
10971	484	5.19077E+01
8831	364	5.19125E+01
2083	227	5.19128E+01
6388	245	5.19129E+01
6292	321	5.19164E+01
1973	554	5.19170E+01
8831	531	5.19171E+01
10890	606	5.19202E+01
6388	321	5.19210E+01
934	199	5.19268E+01
4662	199	5.19270E+01
11053	444	5.19292E+01
10890	527	5.19407E+01
10971	610	5.19502E+01
6048	316	5.19541E+01
1973	277	5.19595E+01
4662	398	5.19650E+01
10890	524	5.19677E+01
1973	159	5.19686E+01
10971	485	5.19700E+01
8655	490	5.19763E+01
2083	274	5.19851E+01
4662	439	5.19862E+01
10971	524	5.19908E+01
11053	486	5.19953E+01
2083	194	5.19959E+01
2083	432	5.19964E+01
8743	363	5.20008E+01
1044	238	5.20023E+01
6143	236	5.20028E+01
8655	484	5.20178E+01
2083	187	5.20196E+01
6143	159	5.20196E+01
8831	614	5.20243E+01
2083	599	5.20258E+01
2083	522	5.20325E+01
2083	356	5.20368E+01
1154	162	5.20433E+01
6292	244	5.20469E+01
11053	569	5.20473E+01
6292	566	5.20483E+01
8655	525	5.20519E+01
10971	527	5.20612E+01
2083	308	5.20690E+01
2083	148	5.20714E+01
2083	76	5.20732E+01
2083	557	5.20941E+01
6388	244	5.21024E+01
8831	366	5.21034E+01
6388	442	5.21158E+01
8655	363	5.21182E+01
1973	512	5.21193E+01
8743	566	5.21269E+01
2083	315	5.21308E+01
2083	349	5.21447E+01
1973	400	5.21474E+01
1973	144	5.21521E+01
1044	199	5.21874E+01
8743	443	5.21874E+01
2083	267	5.21901E+01
1044	566	5.21949E+01
2083	119	5.21967E+01
1154	278	5.22003E+01
8831	525	5.22015E+01
8743	573	5.22076E+01
1973	237	5.22127E+01
2083	439	5.22208E+01
8831	403	5.22299E+01
8743	449	5.22300E+01
6292	442	5.22302E+01
2083	515	5.22349E+01
2083	234	5.22418E+01
6388	483	5.22466E+01
1973	223	5.22513E+01
1973	387	5.22552E+01
8831	484	5.22617E+01
1973	183	5.22624E+01
10890	483	5.22657E+01
4662	563	5.22790E+01
934	566	5.22857E+01
6143	316	5.22941E+01
10971	483	5.22988E+01
11053	442	5.23024E+01
8655	573	5.23141E+01
8743	325	5.23166E+01
1973	608	5.23198E+01
2083	564	5.23349E+01
8743	324	5.23401E+01
10890	443	5.23416E+01
8655	443	5.23448E+01
1973	71	5.23514E+01
1044	524	5.23535E+01
934	161	5.23562E+01
10890	444	5.23635E+01
934	524	5.23750E+01
8655	449	5.23766E+01
1973	483	5.23796E+01
6143	605	5.23797E+01
2083	156	5.23829E+01
2083	390	5.23850E+01
10890	569	5.23861E+01
6048	605	5.23923E+01
1973	106	5.23937E+01
10971	443	5.23983E+01
11053	445	5.24019E+01
10890	486	5.24023E+01
1973	470	5.24101E+01
6292	483	5.24125E+01
8743	408	5.24264E+01
2083	110	5.24338E+01
1973	318	5.24345E+01
8831	490	5.24373E+01
10971	444	5.24411E+01
8655	566	5.24459E+01
8831	363	5.24477E+01
11053	403	5.24531E+01
2083	473	5.24579E+01
6388	401	5.24643E+01
8655	325	5.24682E+01
11053	523	5.24693E+01
8831	566	5.24699E+01
8655	324	5.24704E+01
1973	359	5.24734E+01
6292	243	5.24844E+01
11053	564	5.24876E+01
8743	367	5.25043E+01
10971	486	5.25156E+01
11053	402	5.25166E+01
4662	357	5.25193E+01
6388	243	5.25330E+01
6292	401	5.25384E+01
1154	441	5.25477E+01
10971	569	5.25517E+01
10371	531	5.25687E+01
4662	480	5.25808E+01
8655	408	5.25888E+01
11053	528	5.25903E+01
10371	572	5.25910E+01
2083	226	5.25974E+01
4662	161	5.26185E+01
2083	606	5.26193E+01
1044	161	5.26244E+01
1044	608	5.26347E+01
4662	237	5.26469E+01
6048	480	5.26504E+01
10371	614	5.26509E+01
2083	75	5.26534E+01
8831	443	5.26586E+01
10371	573	5.26603E+01
2083	398	5.26685E+01
11053	482	5.26693E+01
6292	281	5.26709E+01
8831	325	5.26748E+01
2083	481	5.26753E+01
8655	367	5.26783E+01
10371	490	5.26807E+01
6388	281	5.26949E+01
8743	326	5.26953E+01
2083	186	5.26993E+01
1973	304	5.27140E+01
8831	324	5.27239E+01
8743	323	5.27265E+01
1154	318	5.27285E+01
2083	147	5.27287E+01
10455	572	5.27311E+01
10890	442	5.27335E+01
11053	605	5.27343E+01
2083	195	5.27410E+01
10455	531	5.27528E+01
10371	532	5.27679E+01
10971	442	5.27712E+01
8831	449	5.27736E+01
10371	613	5.27758E+01
2083	431	5.27796E+01
1973	198	5.27834E+01
1973	263	5.27861E+01
10455	614	5.27874E+01
11053	404	5.27922E+01
2083	598	5.27990E+01
1973	428	5.28015E+01
11053	611	5.28088E+01
934	608	5.28098E+01
8743	607	5.28102E+01
2083	275	5.28160E+01
2083	307	5.28264E+01
6143	480	5.28272E+01
10890	445	5.28321E+01
1973	595	5.28347E+01
8655	323	5.28348E+01
6388	524	5.28499E+01
10455	573	5.28503E+01
10455	613	5.28548E+01
1154	238	5.28645E+01
8655	326	5.28673E+01
2083	120	5.28731E+01
10539	572	5.28758E+01
8743	362	5.28800E+01
8831	573	5.28934E+01
2083	556	5.28937E+01
10455	490	5.28938E+01
8831	408	5.29002E+01
10890	403	5.29012E+01
8831	367	5.29036E+01
1973	345	5.29085E+01
10971	523	5.29094E+01
10890	523	5.29122E+01
1154	566	5.29168E+01
10539	614	5.29192E+01
10371	491	5.29222E+01
10971	564	5.29240E+01
10539	531	5.29292E+01
8743	402	5.29316E+01
10371	449	5.29318E+01
10971	445	5.29325E+01
2083	348	5.29326E+01
10371	530	5.29400E+01
10890	564	5.29472E+01
11053	401	5.29494E+01
2083	266	5.29500E+01
10539	613	5.29502E+01
10890	528	5.29503E+01
10890	402	5.29571E+01
10971	403	5.29686E+01
1973	553	5.29705E+01
2083	357	5.29752E+01
8655	362	5.29796E+01
10455	532	5.29932E+01
1973	143	5.29961E+01
10971	402	5.30092E+01
1973	70	5.30109E+01
8743	532	5.30147E+01
10371	489	5.30205E+01
10539	573	5.30261E+01
8831	326	5.30323E+01
11053	487	5.30362E+01
2083	316	5.30495E+01
8655	402	5.30501E+01
1154	199	5.30553E+01
6048	122	5.30590E+01
2083	514	5.30649E+01
8831	607	5.30705E+01
6292	524	5.30789E+01
10371	571	5.30799E+01
10890	611	5.30836E+01
11053	441	5.30844E+01
10539	490	5.30859E+01
10455	530	5.30866E+01
6388	607	5.30904E+01
11053	362	5.30916E+01
2083	235	5.30966E+01
2083	109	5.31005E+01
10890	482	5.31009E+01
10371	450	5.31014E+01
1154	524	5.31064E+01
1973	160	5.31067E+01
10971	528	5.31095E+01
934	482	5.31125E+01
10971	482	5.31125E+01
8655	532	5.31136E+01
2083	523	5.31199E+01
4662	198	5.31233E+01
6292	242	5.31395E+01
8831	323	5.31406E+01
1973	525	5.31413E+01
1044	482	5.31475E+01
1973	105	5.31545E+01
6048	563	5.31553E+01
2083	157	5.31585E+01
10455	449	5.31625E+01
10971	605	5.31670E+01
1973	182	5.31674E+01
10455	491	5.31674E+01
6388	320	5.31739E+01
10455	571	5.31745E+01
6388	242	5.31810E+01
6292	320	5.31825E+01
1973	511	5.31829E+01
10539	532	5.31946E+01
1973	222	5.32050E+01
10455	489	5.32050E+01
8655	607	5.32060E+01
6143	563	5.32127E+01
10890	605	5.32169E+01
2083	389	5.32257E+01
11053	363	5.32346E+01
10539	530	5.32404E+01
10890	404	5.32451E+01
1973	442	5.32670E+01
1973	40	5.32764E+01
2083	74	5.32864E+01
10539	571	5.32904E+01
11053	361	5.32912E+01
10971	611	5.33021E+01
6388	360	5.33081E+01
1973	386	5.33098E+01
2083	440	5.33133E+01
934	277	5.33198E+01
2083	472	5.33226E+01
1154	608	5.33242E+01
10971	404	5.33292E+01
10371	448	5.33477E+01
6292	360	5.33516E+01
10371	409	5.33521E+01
8831	362	5.33528E+01
8743	285	5.33533E+01
10455	450	5.33545E+01
11053	446	5.33573E+01
10539	449	5.33573E+01
10539	491	5.33776E+01
10890	401	5.33793E+01
10539	489	5.33814E+01
2083	225	5.33950E+01
10371	408	5.33956E+01
6048	158	5.34006E+01
1973	278	5.34008E+01
10971	401	5.34175E+01
8831	402	5.34194E+01
10890	487	5.34255E+01
8743	284	5.34375E+01
8743	322	5.34384E+01
10371	612	5.34483E+01
4662	276	5.34497E+01
6292	607	5.34511E+01
2083	146	5.34724E+01
10455	612	5.34747E+01
2083	185	5.34788E+01
1973	469	5.34794E+01
6143	122	5.34829E+01
934	358	5.34849E+01
8743	483	5.34896E+01
1154	161	5.34981E+01
8655	285	5.35012E+01
6048	196	5.35045E+01
10890	441	5.35080E+01
8743	327	5.35148E+01
8655	322	5.35241E+01
10971	441	5.35287E+01
2083	565	5.35333E+01
10539	612	5.35361E+01
11053	570	5.35442E+01
1044	277	5.35461E+01
10890	362	5.35487E+01
10455	448	5.35589E+01
8655	284	5.35590E+01
10539	450	5.35598E+01
11053	405	5.35699E+01
10971	487	5.35706E+01
1757	116	5.35865E+01
1973	238	5.35932E+01
1757	81	5.35996E+01
1757	153	5.36024E+01
10971	362	5.36045E+01
10455	409	5.36064E+01
1757	192	5.36068E+01
8743	286	5.36102E+01
8743	524	5.36142E+01
1757	272	5.36188E+01
934	399	5.36214E+01
1757	231	5.36346E+01
1757	232	5.36347E+01
10455	408	5.36371E+01
6048	275	5.36409E+01
6292	204	5.36414E+01
1973	69	5.36430E+01
1757	117	5.36444E+01
2083	196	5.36494E+01
4662	316	5.36503E+01
1757	313	5.36540E+01
1044	358	5.36545E+01
2083	121	5.36559E+01
4662	160	5.36596E+01
8831	285	5.36631E+01
8743	491	5.36653E+01
1757	154	5.36715E+01
1757	191	5.36721E+01
1757	312	5.36784E+01
2083	430	5.36828E+01
1757	354	5.36834E+01
8655	483	5.36872E+01
2083	597	5.36912E+01
1757	115	5.36931E+01
8831	532	5.36941E+01
6388	204	5.36952E+01
1757	271	5.36973E+01
2083	306	5.36976E+01
10890	363	5.37045E+01
8655	327	5.37062E+01
934	198	5.37142E+01
11053	400	5.37226E+01
1757	152	5.37227E+01
1757	353	5.37245E+01
1757	395	5.37269E+01
10890	361	5.37335E+01
4662	521	5.37360E+01
1973	303	5.37374E+01
10539	448	5.37457E+01
1757	193	5.37496E+01
1044	399	5.37524E+01
1973	39	5.37538E+01
11053	364	5.37553E+01
8743	442	5.37639E+01
10971	363	5.37714E+01
6292	280	5.37743E+01
8655	491	5.37751E+01
934	237	5.37766E+01
1757	273	5.37771E+01
10971	361	5.37791E+01
1973	262	5.37798E+01
10890	446	5.37798E+01
1973	567	5.37840E+01
8655	286	5.37841E+01
8831	284	5.37848E+01
6388	280	5.37881E+01
10539	409	5.37974E+01
11053	360	5.38033E+01
2083	555	5.38083E+01
2083	265	5.38142E+01
8743	368	5.38175E+01
6143	158	5.38197E+01
2083	108	5.38239E+01
10539	408	5.38259E+01
1973	142	5.38262E+01
8743	283	5.38270E+01
1757	436	5.38303E+01
11053	522	5.38325E+01
2083	347	5.38327E+01
8831	327	5.38347E+01
1757	394	5.38394E+01
10890	570	5.38394E+01
11053	322	5.38411E+01
2083	399	5.38461E+01
10371	368	5.38542E+01
2083	276	5.38565E+01
1757	230	5.38569E+01
1757	233	5.38585E+01
1757	80	5.38589E+01
1757	118	5.38594E+01
8655	524	5.38697E+01
1973	427	5.38699E+01
1757	437	5.38725E+01
1757	314	5.38790E+01
1757	396	5.38811E+01
8831	286	5.38862E+01
8831	322	5.38879E+01
1973	104	5.38919E+01
2083	607	5.38936E+01
1973	594	5.38952E+01
10371	529	5.39000E+01
11053	481	5.39010E+01
6048	235	5.39025E+01
1757	355	5.39026E+01
10971	446	5.39050E+01
8655	442	5.39118E+01
6143	196	5.39129E+01
1973	401	5.39131E+01
8655	283	5.39220E+01
1757	155	5.39236E+01
6388	565	5.39250E+01
11053	321	5.39287E+01
1154	482	5.39308E+01
1757	478	5.39387E+01
8831	483	5.39387E+01
1757	311	5.39438E+01
1757	190	5.39448E+01
10371	488	5.39500E+01
934	160	5.39506E+01
2083	73	5.39507E+01
2083	482	5.39508E+01
1973	344	5.39532E+01
1757	114	5.39662E+01
1044	198	5.39725E+01
6048	356	5.39904E+01
6292	241	5.39923E+01
8655	368	5.40015E+01
2083	513	5.40034E+01
1757	270	5.40061E+01
6048	397	5.40077E+01
6143	275	5.40118E+01
1757	352	5.40129E+01
10371	407	5.40131E+01
8831	524	5.40132E+01
10455	529	5.40134E+01
1044	237	5.40209E+01
11053	563	5.40214E+01
10890	405	5.40248E+01
6388	241	5.40263E+01
1757	151	5.40319E+01
1973	552	5.40393E+01
8743	450	5.40425E+01
1757	477	5.40426E+01
10971	570	5.40539E+01
1757	435	5.40547E+01
1973	319	5.40551E+01
11053	323	5.40579E+01
1973	181	5.40619E+01
2083	158	5.40648E+01
8743	409	5.40766E+01
8743	361	5.40879E+01
1757	194	5.40946E+01
10455	368	5.41085E+01
10455	488	5.41094E+01
6388	441	5.41123E+01
1757	479	5.41191E+01
10971	405	5.41269E+01
1973	199	5.41284E+01
8743	565	5.41301E+01
1757	519	5.41347E+01
2083	236	5.41352E+01
1757	520	5.41376E+01
10890	400	5.41389E+01
10539	529	5.41474E+01
10371	570	5.41526E+01
1973	221	5.41537E+01
10971	400	5.41645E+01
11053	529	5.41668E+01
934	317	5.41671E+01
2083	388	5.41685E+01
8655	361	5.41685E+01
1757	274	5.41728E+01
2083	358	5.41735E+01
8655	450	5.41757E+01
1973	38	5.41973E+01
1757	393	5.42005E+01
1757	438	5.42014E+01
2083	317	5.42023E+01
4662	236	5.42027E+01
1973	360	5.42058E+01
10455	570	5.42065E+01
8831	283	5.42157E+01
8831	368	5.42162E+01
1044	160	5.42177E+01
1757	119	5.42200E+01
11053	440	5.42259E+01
10890	360	5.42286E+01
6292	565	5.42288E+01
10890	364	5.42357E+01
8655	409	5.42377E+01
6292	203	5.42404E+01
1973	68	5.42424E+01
10455	407	5.42442E+01
6292	441	5.42480E+01
10971	522	5.42485E+01
8831	442	5.42494E+01
1757	79	5.42510E+01
1973	510	5.42549E+01
1973	609	5.42623E+01
10971	360	5.42650E+01
10371	367	5.42658E+01
2083	224	5.42722E+01
2083	145	5.42729E+01
10539	488	5.42729E+01
10890	522	5.42737E+01
6143	397	5.42811E+01
10539	368	5.42825E+01
2083	471	5.42864E+01
4662	604	5.42889E+01
6388	203	5.42890E+01
11053	320	5.42920E+01
1757	229	5.42925E+01
6143	235	5.42958E+01
10539	570	5.42968E+01
1757	234	5.43013E+01
6143	356	5.43022E+01
8831	491	5.43052E+01
1757	561	5.43137E+01
10971	364	5.43146E+01
1757	397	5.43163E+01
10890	322	5.43164E+01
10971	481	5.43189E+01
2083	184	5.43260E+01
10890	481	5.43262E+01
1973	484	5.43362E+01
6388	400	5.43415E+01
10371	447	5.43447E+01
1757	156	5.43474E+01
1757	315	5.43574E+01
6048	521	5.43611E+01
1973	161	5.43634E+01
1044	317	5.43659E+01
1973	385	5.43667E+01
10971	322	5.43679E+01
10890	321	5.43847E+01
1757	356	5.43908E+01
6388	482	5.43974E+01
1757	113	5.43999E+01
1757	518	5.44049E+01
1757	476	5.44054E+01
1757	562	5.44097E+01
1154	277	5.44109E+01
1757	189	5.44157E+01
10971	321	5.44299E+01
10539	407	5.44333E+01
6292	400	5.44341E+01
10971	563	5.44346E+01
1757	310	5.44350E+01
1757	521	5.44408E+01
8743	321	5.44422E+01
8655	565	5.44535E+01
4662	197	5.44543E+01
8743	401	5.44557E+01
8831	565	5.44620E+01
11053	604	5.44718E+01
10890	563	5.44831E+01
6143	521	5.44832E+01
8743	282	5.44890E+01
10890	529	5.44938E+01
1154	358	5.44971E+01
1757	560	5.45025E+01
8655	321	5.45047E+01
10455	367	5.45164E+01
1757	150	5.45208E+01
1757	434	5.45224E+01
934	440	5.45247E+01
1757	351	5.45303E+01
1757	269	5.45307E+01
4662	397	5.45350E+01
2083	122	5.45357E+01
10455	447	5.45394E+01
8743	245	5.45427E+01
1973	468	5.45482E+01
10890	323	5.45511E+01
2083	524	5.45542E+01
8655	282	5.45575E+01
8655	401	5.45590E+01
8831	409	5.45655E+01
1757	603	5.45688E+01
2083	107	5.45783E+01
1154	399	5.45799E+01
6292	482	5.45868E+01
8831	361	5.45933E+01
1973	103	5.45973E+01
11053	359	5.46046E+01
1044	440	5.46063E+01
1757	480	5.46065E+01
1973	37	5.46071E+01
11053	488	5.46079E+01
10971	323	5.46095E+01
11053	324	5.46129E+01
8831	450	5.46159E+01
2083	72	5.46265E+01
1973	141	5.46291E+01
1757	195	5.46317E+01
10890	440	5.46379E+01
10971	440	5.46435E+01
2083	305	5.46486E+01
11053	282	5.46504E+01
8655	245	5.46679E+01
2083	596	5.46695E+01
2083	429	5.46717E+01
6388	319	5.46726E+01
10455	611	5.46787E+01
11053	612	5.46859E+01
1757	602	5.46873E+01
11053	365	5.46910E+01
6292	319	5.46944E+01
10971	529	5.46947E+01
10539	367	5.46972E+01
10371	611	5.46994E+01
6048	438	5.47060E+01
10539	611	5.47095E+01
2083	197	5.47112E+01
1757	120	5.47138E+01
10539	447	5.47209E+01
2083	441	5.47216E+01
10890	320	5.47272E+01
6048	315	5.47329E+01
11053	281	5.47386E+01
1757	604	5.47430E+01
2083	264	5.47489E+01
1973	302	5.47500E+01
4662	438	5.47564E+01
1973	261	5.47598E+01
6048	121	5.47606E+01
1757	78	5.47660E+01
10971	320	5.47666E+01
1757	392	5.47874E+01
8743	244	5.47991E+01
1757	275	5.48030E+01
2083	554	5.48045E+01
1973	67	5.48064E+01
2083	346	5.48107E+01
11053	399	5.48135E+01
4662	159	5.48139E+01
11053	283	5.48169E+01
1757	563	5.48186E+01
11053	406	5.48213E+01
11053	447	5.48236E+01
1757	439	5.48351E+01
8831	245	5.48377E+01
1154	198	5.48526E+01
1044	565	5.48675E+01
10971	604	5.48820E+01
8655	244	5.48952E+01
1154	237	5.48961E+01
10890	612	5.49010E+01
4662	356	5.49036E+01
11053	319	5.49086E+01
1757	517	5.49186E+01
8831	282	5.49233E+01
1757	228	5.49235E+01
1973	426	5.49267E+01
1757	157	5.49304E+01
1973	180	5.49310E+01
8831	321	5.49325E+01
6143	438	5.49361E+01
1757	559	5.49454E+01
1973	593	5.49476E+01
1757	235	5.49556E+01
10890	604	5.49592E+01
8831	401	5.49702E+01
10890	488	5.49751E+01
934	565	5.49772E+01
1757	112	5.49810E+01
1973	343	5.49832E+01
1973	36	5.49840E+01
10371	327	5.49924E+01
1757	475	5.49990E+01
6292	202	5.50016E+01
7113	532	5.50085E+01
10890	359	5.50105E+01
7113	491	5.50115E+01
2083	512	5.50167E+01
6292	240	5.50277E+01
8743	606	5.50347E+01
10971	359	5.50386E+01
6388	202	5.50445E+01
1757	398	5.50454E+01
6388	240	5.50538E+01
11053	280	5.50573E+01
1973	279	5.50588E+01
1757	188	5.50661E+01
1757	601	5.50677E+01
1757	522	5.50691E+01
6143	315	5.50791E+01
1973	220	5.50792E+01
6292	279	5.50876E+01
2083	566	5.50893E+01
1757	316	5.50906E+01
6388	279	5.50909E+01
2083	159	5.50934E+01
1973	551	5.50948E+01
6388	359	5.50984E+01
2083	144	5.51025E+01
1154	160	5.51027E+01
2083	277	5.51036E+01
1044	607	5.51155E+01
10890	324	5.51226E+01
1757	309	5.51295E+01
10890	282	5.51373E+01
8831	244	5.51427E+01
10971	488	5.51543E+01
1973	239	5.51549E+01
1757	357	5.51551E+01
6292	359	5.51577E+01
1757	149	5.51715E+01
7113	490	5.51780E+01
2083	387	5.51791E+01
10971	612	5.51791E+01
10890	365	5.51801E+01
10971	282	5.51806E+01
10371	406	5.51853E+01
6388	523	5.51869E+01
10971	324	5.51884E+01
6143	121	5.51914E+01
2083	223	5.51969E+01
10890	281	5.52023E+01
1757	433	5.52061E+01
2083	183	5.52104E+01
10371	366	5.52113E+01
10890	399	5.52128E+01
1044	523	5.52142E+01
7113	450	5.52167E+01
1154	317	5.52253E+01
10971	399	5.52274E+01
7203	532	5.52286E+01
10890	447	5.52349E+01
1757	605	5.52370E+01
10971	281	5.52427E+01
1757	268	5.52485E+01
1757	350	5.52521E+01
10455	327	5.52524E+01
934	523	5.52526E+01
1973	102	5.52658E+01
7113	573	5.52659E+01
11053	284	5.52674E+01
10971	365	5.52719E+01
10890	406	5.52753E+01
8831	606	5.52810E+01
1973	526	5.52869E+01
8743	243	5.52916E+01
2083	71	5.52972E+01
7113	531	5.53037E+01
1973	509	5.53072E+01
934	607	5.53106E+01
7203	491	5.53127E+01
2083	470	5.53153E+01
2083	400	5.53205E+01
10890	319	5.53213E+01
10890	283	5.53262E+01
1757	121	5.53288E+01
1973	35	5.53300E+01
1973	66	5.53340E+01
1973	443	5.53407E+01
2083	106	5.53411E+01
1757	196	5.53502E+01
2083	237	5.53514E+01
10971	319	5.53555E+01
8655	243	5.53586E+01
7113	449	5.53628E+01
7203	573	5.53704E+01
10971	283	5.53726E+01
4662	275	5.53796E+01
6048	157	5.53798E+01
10971	447	5.53867E+01
1757	77	5.53887E+01
8743	281	5.53949E+01
1973	140	5.53959E+01
10971	406	5.53969E+01
1973	384	5.53997E+01
10455	406	5.54082E+01
10539	327	5.54161E+01
1154	440	5.54195E+01
1757	481	5.54223E+01
4662	562	5.54287E+01
