GRAM	c2h2	chi_tot
8840	442	4.62944E+01
8840	361	4.63385E+01
8840	402	4.63413E+01
8840	401	4.63870E+01
8840	483	4.64212E+01
8840	443	4.64538E+01
8840	484	4.65442E+01
8840	525	4.66367E+01
8840	321	4.66842E+01
8840	524	4.67546E+01
8840	320	4.68296E+01
8840	566	4.68320E+01
8840	360	4.68490E+01
8840	362	4.70474E+01
8840	281	4.70617E+01
8840	607	4.72567E+01
8840	280	4.73147E+01
8840	565	4.73546E+01
8840	441	4.74490E+01
8840	608	4.75955E+01
8840	403	4.76084E+01
8840	482	4.76515E+01
8840	400	4.76751E+01
8840	322	4.76933E+01
8840	241	4.77017E+01
8840	567	4.77083E+01
8752	361	4.77388E+01
8840	242	4.77423E+01
8752	442	4.77448E+01
8752	402	4.77690E+01
8752	401	4.77920E+01
8840	282	4.78448E+01
10852	359	4.78727E+01
10933	359	4.78830E+01
11015	359	4.78835E+01
10852	318	4.78872E+01
10933	318	4.78958E+01
11015	318	4.79007E+01
8752	443	4.79079E+01
8840	526	4.79170E+01
8752	483	4.79307E+01
10852	278	4.79616E+01
10852	319	4.79651E+01
10933	278	4.79738E+01
8840	444	4.79761E+01
10933	319	4.79792E+01
11015	319	4.79800E+01
11015	278	4.79813E+01
10852	279	4.80063E+01
10933	279	4.80194E+01
11015	279	4.80208E+01
8840	319	4.80359E+01
8752	484	4.80386E+01
8840	485	4.80549E+01
10852	239	4.80850E+01
11015	399	4.80885E+01
10933	399	4.80912E+01
8752	321	4.80918E+01
10852	399	4.80950E+01
10933	239	4.80984E+01
11015	239	4.81045E+01
10933	358	4.81626E+01
10852	358	4.81627E+01
11015	358	4.81649E+01
8752	320	4.81843E+01
10852	400	4.81931E+01
8752	525	4.81974E+01
11015	400	4.82065E+01
10933	400	4.82074E+01
8752	360	4.82088E+01
8840	523	4.82423E+01
11015	440	4.82585E+01
10933	440	4.82659E+01
10852	440	4.82755E+01
8840	606	4.83087E+01
8840	203	4.83254E+01
8752	524	4.83474E+01
10852	238	4.84446E+01
10933	238	4.84607E+01
10852	240	4.84612E+01
8752	281	4.84642E+01
10852	200	4.84709E+01
11015	240	4.84711E+01
10933	240	4.84724E+01
11015	238	4.84742E+01
8752	362	4.84838E+01
8840	359	4.84843E+01
10933	200	4.84863E+01
8752	566	4.84933E+01
11015	200	4.84961E+01
8840	240	4.85027E+01
8840	279	4.85044E+01
10852	441	4.85563E+01
11015	481	4.85564E+01
10933	481	4.85700E+01
11015	441	4.85719E+01
10933	441	4.85733E+01
10852	201	4.85840E+01
10852	481	4.85905E+01
10933	201	4.85950E+01
11015	201	4.85968E+01
8752	280	4.86537E+01
8840	202	4.86703E+01
10852	360	4.86778E+01
11015	360	4.87005E+01
10933	360	4.87008E+01
8840	243	4.87254E+01
10852	277	4.87325E+01
10852	317	4.87354E+01
10933	317	4.87400E+01
10933	277	4.87446E+01
8840	204	4.87449E+01
11015	317	4.87496E+01
11015	277	4.87585E+01
10852	482	4.88512E+01
11015	482	4.88627E+01
10933	482	4.88659E+01
8752	441	4.88877E+01
10852	199	4.89399E+01
10933	199	4.89598E+01
8664	361	4.89633E+01
10852	163	4.89653E+01
10852	280	4.89654E+01
11015	522	4.89662E+01
11015	280	4.89757E+01
11015	199	4.89775E+01
10933	163	4.89786E+01
10933	280	4.89802E+01
11015	163	4.89855E+01
10933	522	4.89888E+01
8664	442	4.90147E+01
8664	401	4.90214E+01
8664	402	4.90250E+01
10852	522	4.90281E+01
8840	363	4.90372E+01
8752	400	4.90515E+01
8752	403	4.90524E+01
8752	607	4.90578E+01
8752	241	4.90591E+01
8752	565	4.90627E+01
10852	320	4.90761E+01
10852	162	4.90770E+01
11015	398	4.90784E+01
10933	398	4.90814E+01
11015	523	4.90856E+01
10852	523	4.90895E+01
10933	523	4.90938E+01
11015	320	4.90943E+01
10933	162	4.90958E+01
10933	320	4.90971E+01
10852	398	4.90999E+01
11015	162	4.91103E+01
11015	439	4.91396E+01
10933	439	4.91508E+01
8752	322	4.91510E+01
8752	482	4.91659E+01
8752	242	4.91698E+01
10852	439	4.91823E+01
8664	443	4.91891E+01
8840	564	4.92457E+01
8664	483	4.92466E+01
8840	609	4.93002E+01
8752	567	4.93087E+01
8752	282	4.93097E+01
11015	564	4.93147E+01
8664	321	4.93151E+01
8752	608	4.93222E+01
10933	564	4.93324E+01
8752	319	4.93353E+01
10852	564	4.93491E+01
8664	484	4.93502E+01
10852	202	4.93576E+01
11015	202	4.93579E+01
8664	320	4.93594E+01
10933	202	4.93641E+01
8664	360	4.93933E+01
10933	357	4.94229E+01
8752	444	4.94255E+01
11015	357	4.94281E+01
10852	357	4.94312E+01
8752	526	4.94335E+01
10852	237	4.94561E+01
10933	237	4.94751E+01
11015	237	4.94960E+01
11015	480	4.94970E+01
10852	401	4.95068E+01
10933	480	4.95178E+01
8752	485	4.95242E+01
11015	563	4.95299E+01
10933	401	4.95427E+01
11015	401	4.95453E+01
8664	525	4.95540E+01
10933	563	4.95658E+01
10852	480	4.95675E+01
2756	279	4.95981E+01
10852	161	4.96253E+01
10852	563	4.96334E+01
10933	161	4.96494E+01
11015	605	4.96507E+01
10852	241	4.96627E+01
11015	241	4.96633E+01
11015	161	4.96716E+01
10933	241	4.96719E+01
8664	281	4.96724E+01
2862	279	4.96781E+01
8840	201	4.96789E+01
2756	319	4.96806E+01
10933	605	4.96834E+01
8752	203	4.97176E+01
8664	524	4.97232E+01
10852	605	4.97332E+01
8664	362	4.97445E+01
2968	279	4.97472E+01
2862	319	4.97474E+01
8840	283	4.97517E+01
8752	279	4.97789E+01
2756	240	4.97867E+01
8752	240	4.97902E+01
8752	359	4.97996E+01
8664	280	4.98072E+01
2968	319	4.98109E+01
8840	440	4.98206E+01
8752	523	4.98551E+01
2756	280	4.98581E+01
2862	240	4.98754E+01
2756	320	4.99010E+01
8664	566	4.99169E+01
10852	198	4.99246E+01
8840	323	4.99266E+01
2756	239	4.99400E+01
2968	240	4.99401E+01
2862	280	4.99436E+01
10933	198	4.99492E+01
8840	568	4.99531E+01
11015	198	4.99746E+01
2756	360	4.99770E+01
2862	320	4.99780E+01
8752	202	4.99905E+01
2968	280	4.99912E+01
2968	320	5.00206E+01
2862	239	5.00269E+01
2862	360	5.00334E+01
8840	239	5.00463E+01
2968	360	5.00788E+01
8840	399	5.00964E+01
2968	239	5.01125E+01
11015	521	5.01164E+01
10852	442	5.01310E+01
8664	441	5.01383E+01
8840	481	5.01461E+01
10933	521	5.01498E+01
2756	201	5.01511E+01
8752	606	5.01679E+01
10933	442	5.01795E+01
11015	442	5.01864E+01
8840	318	5.01913E+01
8752	204	5.02101E+01
8840	404	5.02158E+01
8664	241	5.02195E+01
10852	276	5.02222E+01
8752	243	5.02229E+01
2756	278	5.02233E+01
10852	521	5.02248E+01
10933	276	5.02349E+01
2862	201	5.02431E+01
8664	400	5.02488E+01
2756	359	5.02527E+01
11015	276	5.02555E+01
2862	359	5.02941E+01
2862	278	5.02984E+01
11015	604	5.03138E+01
2968	201	5.03193E+01
8664	403	5.03288E+01
10852	606	5.03381E+01
11015	606	5.03508E+01
10933	606	5.03567E+01
2968	359	5.03594E+01
10933	604	5.03678E+01
8664	242	5.03885E+01
2968	278	5.03887E+01
10852	316	5.03988E+01
10933	316	5.04006E+01
11015	316	5.04155E+01
8664	322	5.04205E+01
10852	565	5.04274E+01
2756	200	5.04408E+01
2756	241	5.04419E+01
2756	318	5.04455E+01
10852	483	5.04516E+01
8664	319	5.04608E+01
10933	565	5.04714E+01
10852	604	5.04743E+01
8664	482	5.04756E+01
11015	565	5.04766E+01
2862	318	5.05034E+01
8752	363	5.05049E+01
10933	483	5.05080E+01
10852	524	5.05121E+01
2756	202	5.05133E+01
11015	483	5.05182E+01
8664	565	5.05183E+01
8840	278	5.05235E+01
2862	241	5.05325E+01
2862	200	5.05334E+01
10852	160	5.05600E+01
8840	527	5.05671E+01
10933	524	5.05680E+01
8664	282	5.05722E+01
8664	607	5.05751E+01
2968	241	5.05758E+01
11015	524	5.05782E+01
2968	318	5.05880E+01
10933	160	5.05895E+01
2862	202	5.06046E+01
11015	160	5.06192E+01
2756	401	5.06251E+01
2968	200	5.06291E+01
2756	400	5.06535E+01
2968	202	5.06607E+01
2862	401	5.06651E+01
2862	400	5.06716E+01
10852	361	5.06768E+01
8664	567	5.06837E+01
2968	401	5.06994E+01
8664	444	5.07094E+01
8840	605	5.07113E+01
10933	361	5.07150E+01
11015	361	5.07151E+01
2968	400	5.07233E+01
8840	244	5.07492E+01
8664	526	5.07571E+01
8664	608	5.07781E+01
2756	163	5.07963E+01
2756	238	5.08136E+01
8664	485	5.08202E+01
2756	361	5.08221E+01
8840	445	5.08614E+01
11015	203	5.08687E+01
8664	279	5.08778E+01
10852	203	5.08809E+01
10933	203	5.08831E+01
2862	163	5.08909E+01
8664	240	5.08935E+01
2862	361	5.08957E+01
8664	203	5.08984E+01
2862	238	5.08991E+01
2968	361	5.09220E+01
8752	201	5.09281E+01
10852	281	5.09341E+01
8840	486	5.09350E+01
8752	609	5.09372E+01
8664	359	5.09412E+01
11015	281	5.09413E+01
10933	281	5.09514E+01
2968	163	5.09800E+01
8752	564	5.09860E+01
2968	238	5.10048E+01
8840	522	5.10119E+01
11015	562	5.10125E+01
10852	236	5.10431E+01
11015	397	5.10450E+01
10933	397	5.10468E+01
10933	562	5.10620E+01
10933	236	5.10654E+01
10852	397	5.10769E+01
11015	438	5.10809E+01
10933	438	5.10938E+01
11015	236	5.10938E+01
2756	281	5.10968E+01
8840	163	5.11052E+01
8664	202	5.11136E+01
8840	358	5.11236E+01
10852	438	5.11427E+01
10852	562	5.11710E+01
2862	281	5.11884E+01
2756	321	5.11992E+01
2968	281	5.12143E+01
2756	162	5.12151E+01
8664	523	5.12367E+01
8752	440	5.12400E+01
8840	200	5.12616E+01
8752	239	5.12643E+01
8752	283	5.12772E+01
2862	321	5.12878E+01
2756	199	5.13050E+01
2968	321	5.13096E+01
2862	162	5.13118E+01
10852	321	5.13146E+01
11015	321	5.13385E+01
10933	321	5.13441E+01
10852	197	5.13700E+01
2862	199	5.13984E+01
10933	197	5.13993E+01
2968	162	5.14181E+01
2756	442	5.14201E+01
8752	323	5.14310E+01
11015	197	5.14325E+01
2862	442	5.14328E+01
8752	318	5.14333E+01
2862	441	5.14382E+01
8752	399	5.14385E+01
8664	204	5.14502E+01
2756	441	5.14544E+01
2968	442	5.14605E+01
8752	568	5.14793E+01
2968	441	5.14802E+01
8664	243	5.15005E+01
2968	199	5.15127E+01
10933	356	5.15400E+01
11015	479	5.15461E+01
11015	356	5.15489E+01
2756	358	5.15523E+01
10852	356	5.15544E+01
10933	479	5.15715E+01
2862	358	5.15811E+01
2756	203	5.16157E+01
2756	277	5.16369E+01
10852	479	5.16444E+01
8752	481	5.16555E+01
2968	358	5.16666E+01
8752	404	5.16695E+01
2862	203	5.17062E+01
2862	277	5.17079E+01
8664	606	5.17270E+01
8752	278	5.17330E+01
2968	203	5.17415E+01
11015	242	5.17734E+01
10852	242	5.17817E+01
10933	242	5.17894E+01
2756	402	5.17923E+01
2862	399	5.17953E+01
2756	399	5.17957E+01
8664	363	5.17975E+01
2968	277	5.18189E+01
10852	159	5.18451E+01
2862	402	5.18575E+01
2968	399	5.18657E+01
2968	402	5.18760E+01
10933	159	5.18799E+01
11015	159	5.19170E+01
8664	201	5.19955E+01
2756	242	5.19965E+01
8752	527	5.20279E+01
2756	161	5.20677E+01
2862	242	5.20894E+01
2756	317	5.20913E+01
2968	242	5.21106E+01
10852	402	5.21186E+01
2862	317	5.21417E+01
2862	161	5.21664E+01
10933	402	5.21797E+01
11015	402	5.21875E+01
11015	603	5.22190E+01
8840	238	5.22380E+01
2968	317	5.22472E+01
10933	603	5.22888E+01
2968	161	5.22892E+01
8840	610	5.22935E+01
8752	445	5.22980E+01
8752	163	5.23055E+01
8664	239	5.23117E+01
8664	609	5.23130E+01
8752	244	5.23164E+01
2756	237	5.23249E+01
8840	364	5.23353E+01
10852	275	5.23401E+01
2862	483	5.23407E+01
10852	607	5.23524E+01
10933	275	5.23541E+01
2968	483	5.23635E+01
8752	486	5.23693E+01
2756	483	5.23704E+01
11015	275	5.23815E+01
8752	358	5.23910E+01
11015	520	5.23922E+01
2862	237	5.24093E+01
8840	563	5.24115E+01
10933	520	5.24327E+01
10852	603	5.24407E+01
8752	200	5.24409E+01
10933	607	5.24508E+01
8664	564	5.24574E+01
8664	440	5.24641E+01
11015	607	5.24773E+01
8664	318	5.25085E+01
2968	237	5.25346E+01
10852	520	5.25361E+01
2862	482	5.25681E+01
8664	283	5.25933E+01
8664	399	5.25994E+01
2968	482	5.26018E+01
2862	440	5.26054E+01
2756	443	5.26105E+01
8752	605	5.26117E+01
8752	522	5.26326E+01
2756	482	5.26331E+01
2756	440	5.26460E+01
2862	443	5.26567E+01
2968	440	5.26639E+01
2968	443	5.26727E+01
8840	162	5.26780E+01
2756	198	5.26786E+01
8664	323	5.27442E+01
10852	315	5.27692E+01
10933	315	5.27695E+01
2862	198	5.27728E+01
8664	278	5.27778E+01
8664	568	5.27897E+01
11015	315	5.27901E+01
8840	284	5.28540E+01
2756	362	5.28587E+01
2968	198	5.29051E+01
10852	566	5.29221E+01
8664	481	5.29491E+01
2862	362	5.29519E+01
8664	404	5.29597E+01
2968	362	5.29602E+01
10933	566	5.30363E+01
10852	443	5.30659E+01
11015	566	5.30692E+01
10852	235	5.31388E+01
10933	443	5.31507E+01
10933	235	5.31646E+01
11015	443	5.31684E+01
8840	317	5.31734E+01
11015	235	5.32005E+01
11015	204	5.32274E+01
10852	196	5.32312E+01
10933	204	5.32501E+01
10852	204	5.32522E+01
10852	122	5.32600E+01
8840	277	5.32635E+01
10933	196	5.32654E+01
8840	439	5.32738E+01
10933	122	5.33025E+01
2756	160	5.33050E+01
8664	527	5.33050E+01
11015	196	5.33062E+01
2756	484	5.33306E+01
8664	163	5.33329E+01
8840	199	5.33416E+01
2862	484	5.33423E+01
10852	525	5.33467E+01
11015	122	5.33468E+01
2968	484	5.33576E+01
8752	238	5.33869E+01
2756	282	5.33993E+01
2862	160	5.34056E+01
8840	324	5.34279E+01
10852	484	5.34469E+01
8664	200	5.34543E+01
10852	158	5.34552E+01
10933	525	5.34620E+01
8664	358	5.34876E+01
8840	569	5.34882E+01
11015	525	5.34945E+01
10933	158	5.34955E+01
2862	282	5.34979E+01
2968	282	5.35018E+01
2862	524	5.35114E+01
8840	398	5.35134E+01
2968	524	5.35282E+01
11015	158	5.35399E+01
2968	160	5.35444E+01
10933	484	5.35512E+01
2756	204	5.35552E+01
8664	445	5.35757E+01
11015	484	5.35780E+01
2756	524	5.36018E+01
11015	561	5.36093E+01
8664	486	5.36386E+01
2862	204	5.36450E+01
2756	322	5.36495E+01
8664	244	5.36533E+01
2968	204	5.36585E+01
10933	561	5.36681E+01
2756	276	5.37440E+01
2862	322	5.37511E+01
2968	322	5.37526E+01
2756	357	5.37622E+01
8840	480	5.37693E+01
2862	357	5.37804E+01
10852	561	5.38094E+01
2862	276	5.38116E+01
8752	162	5.38127E+01
8752	610	5.38269E+01
8752	364	5.38291E+01
10933	396	5.38487E+01
11015	396	5.38493E+01
2968	357	5.38865E+01
10852	396	5.38873E+01
8840	245	5.39058E+01
2862	398	5.39259E+01
11015	437	5.39319E+01
10852	362	5.39416E+01
2756	398	5.39418E+01
2968	276	5.39428E+01
10933	437	5.39445E+01
2862	481	5.39658E+01
10933	362	5.39975E+01
10852	282	5.39990E+01
11015	362	5.39992E+01
11015	282	5.40044E+01
10852	437	5.40066E+01
8664	522	5.40073E+01
2968	481	5.40135E+01
2968	398	5.40161E+01
10933	282	5.40197E+01
2756	481	5.40602E+01
2862	525	5.40951E+01
2968	525	5.41084E+01
2862	523	5.41349E+01
2756	525	5.41377E+01
8840	405	5.41531E+01
2968	523	5.41594E+01
8752	563	5.41696E+01
8664	605	5.41933E+01
2756	403	5.42004E+01
2756	523	5.42657E+01
2862	403	5.42941E+01
2968	403	5.42986E+01
8752	317	5.43565E+01
8840	604	5.43583E+01
8664	238	5.43799E+01
10933	355	5.43908E+01
2756	236	5.43991E+01
11015	355	5.44041E+01
8752	277	5.44075E+01
10852	355	5.44092E+01
8752	284	5.44381E+01
8752	199	5.44522E+01
2862	236	5.44827E+01
2756	197	5.45079E+01
2756	316	5.45094E+01
8840	528	5.45144E+01
2756	243	5.45415E+01
11015	478	5.45437E+01
2862	316	5.45536E+01
10933	478	5.45711E+01
2862	197	5.46029E+01
8840	161	5.46076E+01
2968	236	5.46268E+01
8840	357	5.46312E+01
2968	243	5.46357E+01
2862	243	5.46368E+01
10852	478	5.46615E+01
8752	439	5.46665E+01
2968	316	5.46796E+01
2968	197	5.47525E+01
10852	322	5.47564E+01
10852	121	5.47574E+01
11015	322	5.47882E+01
8664	162	5.47910E+01
10933	322	5.47959E+01
10933	121	5.48052E+01
8752	398	5.48162E+01
2862	439	5.48300E+01
11015	121	5.48562E+01
2756	439	5.48905E+01
2756	159	5.48919E+01
11015	243	5.48939E+01
2968	439	5.49068E+01
10852	243	5.49106E+01
10933	243	5.49171E+01
8840	521	5.49237E+01
8752	569	5.49280E+01
8752	324	5.49755E+01
8840	237	5.49901E+01
2862	159	5.49944E+01
10852	274	5.50043E+01
10933	274	5.50204E+01
2756	444	5.50501E+01
11015	274	5.50547E+01
8840	446	5.50703E+01
8664	610	5.51053E+01
2862	565	5.51083E+01
2968	565	5.51159E+01
8840	487	5.51246E+01
2862	444	5.51344E+01
2862	566	5.51363E+01
2968	444	5.51412E+01
2968	566	5.51438E+01
2968	159	5.51486E+01
8664	364	5.51489E+01
11015	602	5.52023E+01
2756	566	5.52554E+01
8752	480	5.52643E+01
2756	565	5.52799E+01
10933	602	5.52828E+01
10852	157	5.53736E+01
8664	317	5.53812E+01
8664	277	5.53992E+01
8664	199	5.54136E+01
10933	157	5.54193E+01
10852	602	5.54696E+01
11015	157	5.54710E+01
10852	195	5.54718E+01
10933	195	5.55111E+01
2756	485	5.55252E+01
8752	245	5.55419E+01
11015	195	5.55595E+01
2862	485	5.55839E+01
2968	485	5.55952E+01
8752	405	5.56097E+01
11015	519	5.56239E+01
8664	563	5.56411E+01
10933	519	5.56683E+01
8752	161	5.56778E+01
10852	234	5.56856E+01
10933	234	5.57154E+01
10852	314	5.57456E+01
10933	314	5.57457E+01
11015	234	5.57589E+01
11015	314	5.57723E+01
10852	608	5.57758E+01
10852	519	5.57929E+01
8664	284	5.58063E+01
8752	357	5.58475E+01
8840	198	5.58553E+01
8664	439	5.58582E+01
2756	526	5.58797E+01
1290	359	5.58918E+01
2862	526	5.58920E+01
2968	526	5.59062E+01
8752	528	5.59088E+01
2862	522	5.59093E+01
8664	398	5.59369E+01
2968	522	5.59457E+01
10933	608	5.59649E+01
1290	400	5.59863E+01
1290	318	5.60190E+01
11015	608	5.60293E+01
1290	399	5.60364E+01
8752	237	5.60704E+01
10852	403	5.60726E+01
2756	522	5.60731E+01
1290	358	5.60941E+01
2756	363	5.61279E+01
8664	569	5.61589E+01
10933	403	5.61624E+01
11015	403	5.61773E+01
1290	441	5.61839E+01
2968	363	5.62342E+01
2862	363	5.62429E+01
2862	564	5.62494E+01
2968	564	5.62623E+01
8752	604	5.62828E+01
1290	440	5.62954E+01
1290	319	5.63068E+01
1290	278	5.63195E+01
8664	324	5.63293E+01
2862	567	5.63415E+01
2968	567	5.63543E+01
2756	567	5.63996E+01
2862	480	5.64327E+01
2756	275	5.64556E+01
2756	564	5.64645E+01
8840	611	5.64656E+01
2756	122	5.64765E+01
8752	446	5.64860E+01
2968	480	5.64970E+01
10852	120	5.65012E+01
8752	487	5.65145E+01
2862	275	5.65205E+01
1290	482	5.65296E+01
8664	480	5.65331E+01
8752	521	5.65401E+01
2756	480	5.65506E+01
10933	120	5.65543E+01
1290	317	5.65691E+01
2862	122	5.65850E+01
8664	161	5.66090E+01
11015	120	5.66120E+01
8840	276	5.66197E+01
1290	360	5.66703E+01
2968	607	5.66705E+01
2968	275	5.66712E+01
2862	607	5.66743E+01
1290	277	5.66868E+01
1290	279	5.67022E+01
8840	562	5.67026E+01
2756	196	5.67491E+01
2968	122	5.67501E+01
2756	356	5.67613E+01
2862	356	5.67709E+01
2756	158	5.68045E+01
1290	238	5.68076E+01
10852	567	5.68265E+01
2756	283	5.68388E+01
2862	196	5.68452E+01
8840	160	5.68516E+01
8840	316	5.68586E+01
1290	481	5.68932E+01
2756	607	5.68934E+01
1290	239	5.68968E+01
2968	356	5.68977E+01
8664	357	5.68977E+01
8752	198	5.68980E+01
8664	405	5.69070E+01
2862	158	5.69089E+01
2968	283	5.69272E+01
2862	397	5.69360E+01
8664	245	5.69379E+01
8840	365	5.69387E+01
2862	283	5.69450E+01
2756	397	5.69641E+01
2756	235	5.69706E+01
1290	401	5.70039E+01
8664	237	5.70107E+01
2968	196	5.70115E+01
10933	567	5.70200E+01
1290	398	5.70357E+01
2968	397	5.70464E+01
2862	235	5.70537E+01
2968	158	5.70779E+01
11015	567	5.70851E+01
8664	528	5.71266E+01
11015	560	5.71415E+01
1290	357	5.71555E+01
1290	523	5.71598E+01
1290	442	5.71783E+01
2862	608	5.71943E+01
2968	608	5.71990E+01
8840	285	5.72045E+01
10933	560	5.72056E+01
2968	235	5.72161E+01
1290	483	5.72726E+01
2968	606	5.72811E+01
2862	606	5.72873E+01
2756	323	5.73044E+01
1290	237	5.73185E+01
1290	199	5.73425E+01
2756	608	5.73486E+01
10933	395	5.73490E+01
11015	395	5.73532E+01
1290	200	5.73692E+01
10852	560	5.73708E+01
10852	444	5.73810E+01
10852	395	5.73933E+01
1290	439	5.74000E+01
2968	323	5.74022E+01
2862	323	5.74205E+01
1290	524	5.74762E+01
10933	444	5.75068E+01
11015	444	5.75377E+01
11015	436	5.75378E+01
1290	320	5.75453E+01
10933	436	5.75485E+01
2756	606	5.75610E+01
10852	526	5.75875E+01
10852	156	5.75881E+01
2756	315	5.75937E+01
10852	436	5.76199E+01
2862	315	5.76328E+01
10933	156	5.76394E+01
8840	438	5.76475E+01
1290	240	5.76743E+01
8752	276	5.76980E+01
11015	156	5.76984E+01
1290	276	5.77024E+01
8664	487	5.77463E+01
8664	446	5.77487E+01
10933	526	5.77698E+01
8840	397	5.77735E+01
2968	315	5.77790E+01
1290	198	5.77905E+01
8664	198	5.78091E+01
11015	526	5.78283E+01
1290	162	5.78390E+01
10852	485	5.78401E+01
1290	316	5.78413E+01
2756	404	5.78575E+01
10933	354	5.78577E+01
8752	160	5.78584E+01
8664	604	5.78687E+01
11015	354	5.78763E+01
10852	354	5.78784E+01
8752	611	5.78831E+01
1290	161	5.78867E+01
8664	521	5.78967E+01
1290	522	5.79217E+01
1290	280	5.79391E+01
1290	201	5.79396E+01
2968	404	5.79755E+01
8752	316	5.79814E+01
2862	438	5.79815E+01
2862	404	5.79831E+01
10933	485	5.79985E+01
1290	565	5.80085E+01
11015	485	5.80448E+01
2756	438	5.80576E+01
10852	194	5.80622E+01
2968	438	5.80778E+01
10933	194	5.81067E+01
10852	273	5.81426E+01
10933	273	5.81613E+01
11015	194	5.81628E+01
2756	244	5.81642E+01
1290	163	5.81930E+01
11015	273	5.82028E+01
8840	570	5.82069E+01
8840	325	5.82156E+01
2756	121	5.82191E+01
8840	236	5.82243E+01
10852	283	5.82345E+01
1290	564	5.82368E+01
2968	244	5.82382E+01
11015	283	5.82393E+01
1290	480	5.82540E+01
10933	283	5.82594E+01
2862	244	5.82622E+01
1290	160	5.82854E+01
11015	477	5.83219E+01
2862	121	5.83298E+01
1290	236	5.83489E+01
10933	477	5.83491E+01
8840	479	5.83527E+01
10852	477	5.84520E+01
8752	365	5.84536E+01
8752	562	5.84641E+01
10852	119	5.84921E+01
2862	563	5.84990E+01
2968	121	5.85077E+01
10852	363	5.85125E+01
2968	563	5.85221E+01
1290	361	5.85356E+01
10933	119	5.85507E+01
10933	363	5.85886E+01
11015	363	5.85931E+01
11015	119	5.86151E+01
10852	233	5.86348E+01
8664	276	5.86378E+01
1290	197	5.86552E+01
10933	233	5.86689E+01
2756	568	5.86736E+01
2862	568	5.86842E+01
2968	568	5.87073E+01
11015	233	5.87200E+01
2756	445	5.87222E+01
2862	521	5.87323E+01
8664	160	5.87442E+01
2756	563	5.87486E+01
8840	197	5.87502E+01
2968	521	5.87839E+01
2756	527	5.87883E+01
2862	609	5.88141E+01
2968	609	5.88334E+01
8752	285	5.88449E+01
2862	445	5.88486E+01
2968	445	5.88491E+01
1290	397	5.88505E+01
2862	527	5.88619E+01
8840	356	5.88673E+01
1290	566	5.88777E+01
2968	527	5.88815E+01
2756	609	5.88946E+01
2781	277	5.88983E+01
2781	238	5.89076E+01
2756	486	5.89217E+01
2756	521	5.89218E+01
1290	525	5.89381E+01
1290	356	5.89488E+01
8664	316	5.89559E+01
2781	237	5.89897E+01
1290	159	5.89980E+01
8752	438	5.90067E+01
2968	605	5.90139E+01
2862	605	5.90162E+01
2756	157	5.90268E+01
8752	397	5.90323E+01
2862	486	5.90325E+01
2968	486	5.90435E+01
8664	611	5.90485E+01
2781	278	5.90507E+01
1290	606	5.90689E+01
2781	199	5.90766E+01
11015	601	5.90769E+01
8840	603	5.90872E+01
11015	244	5.91138E+01
2862	157	5.91331E+01
1290	202	5.91343E+01
10852	244	5.91385E+01
10933	244	5.91441E+01
2781	317	5.91574E+01
10933	601	5.91635E+01
2781	198	5.91652E+01
2781	318	5.91714E+01
1290	402	5.91809E+01
1290	484	5.91916E+01
2887	277	5.92073E+01
2887	238	5.92255E+01
1290	241	5.92339E+01
10852	313	5.92362E+01
8752	236	5.92366E+01
10933	313	5.92372E+01
1290	607	5.92665E+01
11015	313	5.92704E+01
1290	275	5.92713E+01
2993	277	5.92840E+01
2993	238	5.92892E+01
2887	237	5.93040E+01
2968	157	5.93166E+01
2756	605	5.93341E+01
1290	443	5.93568E+01
1290	438	5.93615E+01
2887	278	5.93670E+01
2756	195	5.93673E+01
10852	601	5.93755E+01
8840	406	5.93802E+01
8840	159	5.93812E+01
2887	199	5.93962E+01
2993	237	5.93981E+01
2993	278	5.94111E+01
2781	161	5.94232E+01
2781	358	5.94504E+01
2887	317	5.94538E+01
10852	323	5.94541E+01
2862	195	5.94645E+01
2993	199	5.94699E+01
2887	318	5.94793E+01
2887	198	5.94837E+01
2781	276	5.94837E+01
1290	563	5.94916E+01
11015	323	5.94963E+01
2781	239	5.95046E+01
10933	323	5.95053E+01
2993	318	5.95206E+01
2993	317	5.95285E+01
2781	200	5.95350E+01
2781	160	5.95358E+01
8752	570	5.95495E+01
2993	198	5.95853E+01
11015	518	5.96335E+01
2968	195	5.96470E+01
1290	521	5.96517E+01
8840	529	5.96606E+01
2781	236	5.96758E+01
10933	518	5.96789E+01
2756	274	5.96913E+01
1290	122	5.96976E+01
1290	315	5.97238E+01
8752	197	5.97259E+01
2781	162	5.97280E+01
2887	358	5.97373E+01
2887	161	5.97438E+01
2781	197	5.97445E+01
2862	274	5.97541E+01
2887	276	5.97863E+01
2993	358	5.97886E+01
8664	365	5.97954E+01
8840	520	5.97995E+01
8752	325	5.98027E+01
10852	518	5.98185E+01
8752	479	5.98239E+01
2887	239	5.98264E+01
1290	235	5.98280E+01
2993	161	5.98288E+01
2862	479	5.98354E+01
1290	321	5.98360E+01
2887	200	5.98559E+01
2887	160	5.98568E+01
2993	239	5.98585E+01
1290	196	5.98879E+01
2993	276	5.98947E+01
2993	200	5.99008E+01
1290	605	5.99055E+01
2781	359	5.99090E+01
2968	479	5.99183E+01
8664	562	5.99218E+01
2968	274	5.99237E+01
2781	357	5.99447E+01
2781	316	5.99623E+01
2993	160	5.99662E+01
2756	479	5.99712E+01
2756	234	5.99835E+01
2887	236	5.99870E+01
1290	158	5.99975E+01
2781	159	6.00255E+01
8752	356	6.00298E+01
2781	279	6.00330E+01
2887	162	6.00482E+01
2781	399	6.00589E+01
2887	197	6.00620E+01
2862	234	6.00663E+01
10852	155	6.00893E+01
2781	319	6.01071E+01
2993	162	6.01077E+01
8664	397	6.01102E+01
2993	236	6.01104E+01
8664	236	6.01257E+01
1290	281	6.01313E+01
10933	155	6.01463E+01
8664	438	6.01610E+01
2993	197	6.01903E+01
2756	120	6.02127E+01
11015	155	6.02127E+01
2887	359	6.02134E+01
2887	357	6.02164E+01
2993	359	6.02313E+01
2968	234	6.02463E+01
2887	316	6.02488E+01
8664	285	6.02634E+01
2993	357	6.03008E+01
8752	159	6.03252E+01
2862	120	6.03257E+01
2887	399	6.03292E+01
2887	159	6.03470E+01
2993	316	6.03560E+01
2887	279	6.03572E+01
2993	399	6.03662E+01
2993	279	6.03678E+01
2781	398	6.04204E+01
2887	319	6.04277E+01
2756	355	6.04292E+01
2862	355	6.04321E+01
2993	319	6.04351E+01
1290	479	6.04735E+01
2993	159	6.04800E+01
8840	275	6.04958E+01
2781	163	6.05041E+01
2968	120	6.05162E+01
1290	608	6.05280E+01
8840	447	6.05362E+01
8840	488	6.05383E+01
10852	609	6.05488E+01
2968	355	6.05792E+01
8664	197	6.05884E+01
2781	201	6.06083E+01
1290	121	6.06177E+01
2756	364	6.06410E+01
2887	398	6.06697E+01
8664	570	6.06874E+01
2862	396	6.06903E+01
2781	275	6.07200E+01
2756	396	6.07278E+01
10852	118	6.07308E+01
2781	400	6.07380E+01
2993	398	6.07392E+01
2968	364	6.07556E+01
2781	196	6.07678E+01
2862	364	6.07798E+01
10933	118	6.07951E+01
2968	396	6.08212E+01
2887	163	6.08240E+01
8752	406	6.08335E+01
10933	609	6.08385E+01
2993	163	6.08570E+01
2781	440	6.08610E+01
2781	240	6.08623E+01
2781	158	6.08638E+01
1290	567	6.08656E+01
11015	118	6.08663E+01
2781	235	6.08995E+01
2781	122	6.09262E+01
2887	201	6.09305E+01
2993	201	6.09454E+01
11015	609	6.09458E+01
10852	193	6.09772E+01
8752	529	6.09789E+01
2887	275	6.10171E+01
8752	603	6.10190E+01
10933	193	6.10271E+01
2887	400	6.10327E+01
8664	356	6.10328E+01
2993	400	6.10378E+01
1290	203	6.10452E+01
8664	479	6.10607E+01
2887	196	6.10846E+01
11015	193	6.10909E+01
2887	440	6.11040E+01
8840	315	6.11290E+01
2993	440	6.11338E+01
2993	275	6.11558E+01
8664	159	6.11670E+01
2887	158	6.11858E+01
2993	240	6.11879E+01
2887	240	6.11884E+01
8664	325	6.11937E+01
2887	235	6.12079E+01
2993	196	6.12387E+01
2756	314	6.12447E+01
2887	122	6.12513E+01
1290	157	6.12638E+01
2781	356	6.12789E+01
2862	314	6.12799E+01
2781	439	6.12806E+01
1290	274	6.13083E+01
2993	158	6.13416E+01
1290	396	6.13423E+01
1290	355	6.13494E+01
2993	235	6.13596E+01
10852	404	6.13734E+01
8840	122	6.13864E+01
2993	122	6.13997E+01
8752	520	6.14003E+01
10933	394	6.14165E+01
11015	559	6.14240E+01
2781	360	6.14241E+01
11015	394	6.14255E+01
2968	314	6.14458E+01
1290	195	6.14481E+01
2756	610	6.14604E+01
2862	610	6.14620E+01
10852	394	6.14639E+01
2756	284	6.14730E+01
2781	315	6.14844E+01
10933	559	6.14899E+01
10933	404	6.14955E+01
2887	439	6.14970E+01
2968	610	6.15015E+01
8752	275	6.15083E+01
11015	404	6.15192E+01
2781	441	6.15261E+01
2887	356	6.15375E+01
2968	284	6.15480E+01
2756	156	6.15482E+01
2993	439	6.15576E+01
1290	526	6.15645E+01
1290	362	6.15685E+01
2862	284	6.15876E+01
2993	356	6.16545E+01
2862	156	6.16565E+01
1290	562	6.16581E+01
10852	559	6.16714E+01
1290	242	6.16727E+01
10852	272	6.16911E+01
8840	612	6.16941E+01
1290	234	6.16945E+01
1290	604	6.16968E+01
2781	397	6.17067E+01
10933	272	6.17132E+01
2993	360	6.17330E+01
2781	121	6.17425E+01
1290	120	6.17461E+01
2887	360	6.17483E+01
2862	562	6.17491E+01
11015	435	6.17497E+01
10933	435	6.17568E+01
11015	272	6.17620E+01
2887	315	6.17624E+01
2968	562	6.17867E+01
2862	604	6.17913E+01
2968	604	6.17984E+01
2887	441	6.18005E+01
2993	441	6.18007E+01
10933	353	6.18322E+01
10852	435	6.18339E+01
1293	363	6.18509E+01
10852	353	6.18532E+01
2968	156	6.18541E+01
1293	323	6.18545E+01
11015	353	6.18567E+01
8840	235	6.18726E+01
8752	488	6.18754E+01
2781	481	6.18767E+01
2993	315	6.19011E+01
2862	437	6.19148E+01
8752	447	6.19235E+01
8840	561	6.19302E+01
2781	280	6.19371E+01
2887	397	6.19382E+01
10852	232	6.19434E+01
10933	232	6.19822E+01
8840	196	6.19838E+01
2756	569	6.20023E+01
2756	437	6.20024E+01
2756	562	6.20245E+01
2781	157	6.20310E+01
2968	437	6.20314E+01
1290	437	6.20323E+01
2993	397	6.20402E+01
11015	232	6.20409E+01
2781	320	6.20610E+01
2887	121	6.20687E+01
2887	481	6.20786E+01
10852	568	6.20788E+01
2862	569	6.20885E+01
1293	322	6.21034E+01
2993	481	6.21053E+01
1290	314	6.21134E+01
8664	529	6.21257E+01
2968	569	6.21270E+01
8664	406	6.21309E+01
2756	604	6.21427E+01
1293	283	6.21542E+01
8840	158	6.21771E+01
8752	315	6.21904E+01
2756	324	6.21933E+01
2781	195	6.21975E+01
1290	520	6.22079E+01
2993	121	6.22367E+01
2993	280	6.22464E+01
1293	404	6.22547E+01
8752	122	6.22686E+01
2887	280	6.22701E+01
2968	324	6.22877E+01
1290	485	6.23105E+01
1293	364	6.23203E+01
2781	482	6.23204E+01
2862	324	6.23251E+01
2756	194	6.23341E+01
2887	157	6.23536E+01
10933	568	6.23601E+01
2993	320	6.23690E+01
2781	202	6.23751E+01
2887	320	6.23959E+01
8664	275	6.23975E+01
2862	194	6.24325E+01
1293	282	6.24417E+01
2756	119	6.24592E+01
11015	568	6.24616E+01
2862	520	6.24657E+01
2887	195	6.25138E+01
2781	480	6.25251E+01
2781	274	6.25278E+01
2993	157	6.25315E+01
2968	520	6.25353E+01
2781	401	6.25546E+01
2887	482	6.25597E+01
2993	482	6.25598E+01
1290	403	6.25734E+01
2862	119	6.25743E+01
8664	603	6.25925E+01
2781	234	6.26034E+01
1293	362	6.26140E+01
2968	194	6.26306E+01
2781	438	6.26691E+01
2756	520	6.26739E+01
2993	202	6.26825E+01
2993	195	6.26927E+01
2887	480	6.26955E+01
2887	202	6.26988E+01
11015	476	6.27187E+01
8840	396	6.27204E+01
8664	520	6.27289E+01
1293	403	6.27318E+01
2756	405	6.27403E+01
10933	476	6.27433E+01
2993	480	6.27511E+01
1290	444	6.27556E+01
8840	437	6.27692E+01
2968	119	6.27771E+01
1290	156	6.27808E+01
2756	528	6.27905E+01
1293	324	6.28145E+01
8752	235	6.28172E+01
2781	120	6.28178E+01
2887	274	6.28200E+01
8840	366	6.28200E+01
1290	609	6.28353E+01
8840	286	6.28364E+01
2993	401	6.28513E+01
10852	476	6.28541E+01
2887	438	6.28633E+01
10852	154	6.28673E+01
1293	243	6.28693E+01
2887	401	6.28771E+01
2968	405	6.28831E+01
8752	196	6.28930E+01
2862	405	6.29006E+01
2887	234	6.29096E+01
10933	154	6.29302E+01
2862	528	6.29312E+01
2756	245	6.29447E+01
1293	244	6.29495E+01
2993	438	6.29556E+01
2968	528	6.29602E+01
8752	612	6.29850E+01
2993	274	6.29881E+01
2968	245	6.29984E+01
11015	154	6.30040E+01
1293	284	6.30142E+01
1293	405	6.30142E+01
1293	445	6.30271E+01
2862	245	6.30456E+01
10852	445	6.30520E+01
8752	158	6.30589E+01
8664	488	6.30597E+01
2781	241	6.30666E+01
8664	122	6.30730E+01
1290	119	6.30799E+01
2993	234	6.30883E+01
8664	315	6.31154E+01
2887	120	6.31451E+01
10852	312	6.31579E+01
10933	312	6.31610E+01
8664	447	6.31627E+01
10852	527	6.31777E+01
11015	312	6.32010E+01
2781	522	6.32050E+01
10852	117	6.32156E+01
10933	445	6.32235E+01
1290	322	6.32617E+01
2781	523	6.32655E+01
11015	445	6.32698E+01
10933	117	6.32856E+01
1290	194	6.33023E+01
2993	120	6.33323E+01
2781	355	6.33391E+01
2887	522	6.33494E+01
2993	241	6.33632E+01
11015	117	6.33636E+01
2781	442	6.33646E+01
1290	282	6.33715E+01
2993	522	6.33750E+01
2756	273	6.33794E+01
2756	233	6.33895E+01
1290	478	6.33973E+01
2887	241	6.33974E+01
10933	527	6.34339E+01
2862	273	6.34408E+01
2887	523	6.34522E+01
2993	523	6.34541E+01
2756	487	6.34555E+01
2862	233	6.34725E+01
2781	156	6.35132E+01
1293	321	6.35157E+01
11015	527	6.35220E+01
1293	444	6.35463E+01
2756	446	6.35783E+01
10852	486	6.35867E+01
2887	355	6.35868E+01
2862	487	6.36233E+01
2781	314	6.36278E+01
2968	273	6.36287E+01
2968	487	6.36373E+01
2993	442	6.36475E+01
11015	600	6.36538E+01
8664	235	6.36571E+01
2968	233	6.36694E+01
2887	442	6.36748E+01
8752	561	6.36811E+01
8840	355	6.36966E+01
10852	284	6.36994E+01
11015	284	6.37050E+01
8664	196	6.37086E+01
8840	478	6.37099E+01
1293	446	6.37191E+01
10933	284	6.37294E+01
2993	355	6.37355E+01
1290	273	6.37382E+01
10933	600	6.37424E+01
2968	446	6.37475E+01
2862	446	6.37506E+01
1290	204	6.37734E+01
1293	242	6.37898E+01
2781	396	6.37926E+01
10933	486	6.38048E+01
1293	281	6.38053E+01
2887	156	6.38366E+01
8664	158	6.38580E+01
11015	486	6.38737E+01
8840	121	6.38815E+01
1290	233	6.38959E+01
2887	314	6.38984E+01
8752	396	6.39307E+01
2781	483	6.39393E+01
1290	568	6.39473E+01
10852	600	6.39707E+01
8840	571	6.39929E+01
2781	194	6.40029E+01
2887	396	6.40095E+01
2862	478	6.40207E+01
1293	365	6.40224E+01
8664	612	6.40239E+01
2993	156	6.40361E+01
2993	314	6.40676E+01
2781	361	6.40809E+01
8752	437	6.40883E+01
1293	245	6.41203E+01
2968	478	6.41238E+01
2993	396	6.41437E+01
2781	479	6.41491E+01
1293	204	6.41510E+01
2781	119	6.41515E+01
2756	478	6.41692E+01
10852	192	6.41932E+01
2993	483	6.41985E+01
1293	486	6.41992E+01
2781	521	6.42136E+01
2887	483	6.42221E+01
1290	354	6.42405E+01
10933	192	6.42488E+01
11015	517	6.42503E+01
8840	326	6.42858E+01
2887	479	6.42939E+01
10933	517	6.42940E+01
2887	194	6.43189E+01
11015	192	6.43202E+01
1290	603	6.43209E+01
2887	521	6.43232E+01
8752	366	6.43509E+01
2756	155	6.43603E+01
1290	395	6.43757E+01
2993	521	6.43757E+01
2993	361	6.43793E+01
2993	479	6.43799E+01
5018	399	6.43907E+01
10852	364	6.43992E+01
2887	361	6.44273E+01
10852	517	6.44428E+01
1293	402	6.44504E+01
5018	440	6.44533E+01
2862	155	6.44706E+01
5018	358	6.44716E+01
2781	524	6.44781E+01
2887	119	6.44801E+01
10933	364	6.44977E+01
11015	364	6.45064E+01
11015	245	6.45150E+01
2993	194	6.45217E+01
8752	286	6.45303E+01
1290	155	6.45348E+01
2781	564	6.45361E+01
10852	245	6.45471E+01
10933	245	6.45522E+01
1293	487	6.45560E+01
1293	361	6.45788E+01
1290	561	6.45900E+01
1290	118	6.46167E+01
2862	354	6.46486E+01
2756	354	6.46504E+01
2887	564	6.46509E+01
2993	564	6.46540E+01
5018	481	6.46643E+01
2968	155	6.46820E+01
2993	119	6.46860E+01
2993	524	6.46965E+01
8840	602	6.46976E+01
5018	318	6.47002E+01
8752	121	6.47080E+01
4915	399	6.47093E+01
2887	524	6.47146E+01
2781	233	6.47386E+01
4915	358	6.47513E+01
5018	359	6.47742E+01
4915	440	6.47911E+01
8752	355	6.48027E+01
8840	274	6.48061E+01
2968	354	6.48156E+01
5018	317	6.48176E+01
2781	273	6.48361E+01
5018	398	6.48402E+01
2781	281	6.48506E+01
2781	437	6.48944E+01
1290	313	6.49173E+01
5018	400	6.49209E+01
2781	203	6.49240E+01
5018	439	6.49471E+01
2756	611	6.49529E+01
2756	118	6.49598E+01
8664	396	6.49639E+01
2781	563	6.49690E+01
1293	406	6.49757E+01
5018	441	6.49946E+01
1293	325	6.50029E+01
4915	318	6.50082E+01
4915	481	6.50084E+01
5018	482	6.50171E+01
1293	485	6.50186E+01
4915	317	6.50331E+01
2887	563	6.50388E+01
2887	233	6.50429E+01
2862	611	6.50435E+01
5018	277	6.50436E+01
5018	357	6.50485E+01
5018	278	6.50510E+01
2862	395	6.50543E+01
2993	563	6.50632E+01
4915	398	6.50683E+01
2887	437	6.50708E+01
1293	285	6.50737E+01
2862	118	6.50772E+01
1290	243	6.50879E+01
2756	395	6.50984E+01
5018	522	6.51066E+01
2968	611	6.51081E+01
5018	523	6.51096E+01
8664	561	6.51129E+01
2781	321	6.51165E+01
2887	273	6.51244E+01
2993	281	6.51346E+01
4915	359	6.51473E+01
8752	478	6.51486E+01
2887	281	6.51932E+01
2993	437	6.51949E+01
4915	439	6.51983E+01
2993	203	6.52006E+01
8664	437	6.52014E+01
2968	395	6.52057E+01
2781	565	6.52114E+01
8840	157	6.52264E+01
8752	571	6.52287E+01
4915	357	6.52364E+01
2993	233	6.52477E+01
2887	203	6.52493E+01
4915	277	6.52540E+01
1290	436	6.52637E+01
2968	118	6.52922E+01
2781	155	6.53005E+01
1293	443	6.53070E+01
2993	273	6.53205E+01
1290	527	6.53294E+01
4915	400	6.53295E+01
4915	278	6.53515E+01
5018	480	6.53636E+01
2993	565	6.53668E+01
5018	238	6.53676E+01
2756	313	6.53712E+01
1293	203	6.53797E+01
2887	565	6.53804E+01
2862	313	6.54038E+01
2993	321	6.54059E+01
4915	441	6.54160E+01
1290	193	6.54218E+01
5018	564	6.54301E+01
1290	519	6.54310E+01
5018	319	6.54340E+01
10852	324	6.54368E+01
4915	482	6.54369E+01
8840	519	6.54416E+01
4915	522	6.54505E+01
2887	321	6.54671E+01
8664	121	6.54755E+01
11015	324	6.54918E+01
2862	603	6.54959E+01
10933	324	6.55012E+01
2968	603	6.55175E+01
8840	195	6.55212E+01
4915	523	6.55215E+01
5018	237	6.55603E+01
1293	447	6.55644E+01
10852	231	6.55719E+01
2781	402	6.55761E+01
2968	313	6.55887E+01
10852	271	6.55924E+01
4915	238	6.56144E+01
1293	241	6.56145E+01
10933	231	6.56158E+01
10933	271	6.56185E+01
2887	155	6.56247E+01
2756	193	6.56249E+01
4915	480	6.56263E+01
5018	316	6.56696E+01
11015	271	6.56749E+01
11015	231	6.56823E+01
5018	276	6.56914E+01
8664	366	6.57097E+01
4915	237	6.57237E+01
2862	193	6.57247E+01
2781	118	6.57442E+01
8752	274	6.57526E+01
8664	355	6.57583E+01
5018	239	6.57787E+01
1293	528	6.57823E+01
4915	316	6.57959E+01
5018	199	6.58104E+01
4915	276	6.58155E+01
5018	279	6.58162E+01
1290	363	6.58195E+01
4915	564	6.58341E+01
4915	319	6.58369E+01
8840	407	6.58376E+01
2993	155	6.58451E+01
2862	561	6.58557E+01
2756	603	6.58707E+01
2993	402	6.58745E+01
8840	314	6.58768E+01
8840	234	6.58773E+01
5018	563	6.58921E+01
8840	530	6.58973E+01
8752	326	6.59084E+01
10852	153	6.59094E+01
2968	561	6.59111E+01
2887	402	6.59298E+01
10933	393	6.59321E+01
2968	193	6.59379E+01
10852	116	6.59400E+01
11015	393	6.59469E+01
1293	527	6.59481E+01
10933	153	6.59783E+01
10852	393	6.59801E+01
5018	198	6.59898E+01
8664	286	6.59970E+01
2781	354	6.60151E+01
10933	116	6.60157E+01
1293	488	6.60164E+01
1293	320	6.60207E+01
4915	199	6.60301E+01
8752	157	6.60462E+01
11015	153	6.60595E+01
2887	118	6.60741E+01
5018	565	6.60785E+01
5018	360	6.60791E+01
11015	116	6.61006E+01
5018	200	6.61072E+01
4915	239	6.61128E+01
5018	605	6.61302E+01
1290	610	6.61325E+01
4915	198	6.61340E+01
5018	397	6.61345E+01
5018	521	6.61404E+01
2756	561	6.61485E+01
1293	280	6.61580E+01
2781	193	6.61584E+01
2781	520	6.61723E+01
5018	606	6.61882E+01
2781	242	6.62052E+01
4915	279	6.62101E+01
10933	352	6.62157E+01
5018	161	6.62270E+01
4915	563	6.62348E+01
10852	352	6.62354E+01
11015	352	6.62468E+01
2887	354	6.62540E+01
2887	520	6.62544E+01
5018	524	6.62602E+01
8664	571	6.62615E+01
4812	399	6.62629E+01
4915	397	6.62729E+01
5018	236	6.62756E+01
11015	558	6.62818E+01
2756	570	6.62915E+01
2781	605	6.62921E+01
2993	118	6.62985E+01
2781	313	6.63036E+01
4812	358	6.63114E+01
2887	605	6.63155E+01
2993	605	6.63176E+01
2993	520	6.63361E+01
5018	438	6.63385E+01
10933	558	6.63463E+01
8664	478	6.63473E+01
4812	440	6.63517E+01
2781	606	6.63527E+01
1290	117	6.63530E+01
4915	236	6.63596E+01
8752	195	6.63644E+01
5018	356	6.63769E+01
2756	365	6.63839E+01
1290	232	6.63873E+01
5018	160	6.64011E+01
5018	162	6.64036E+01
4915	200	6.64061E+01
4915	521	6.64084E+01
4915	161	6.64177E+01
2993	606	6.64200E+01
2781	562	6.64233E+01
2781	443	6.64278E+01
11015	434	6.64319E+01
2887	606	6.64321E+01
2993	354	6.64334E+01
10933	434	6.64341E+01
2887	562	6.64570E+01
2862	570	6.64592E+01
2993	242	6.64724E+01
2887	193	6.64743E+01
4915	356	6.64757E+01
2862	436	6.64807E+01
1290	272	6.64962E+01
4915	438	6.65019E+01
2993	562	6.65067E+01
2968	365	6.65103E+01
1290	154	6.65126E+01
10852	434	6.65135E+01
2968	570	6.65172E+01
4915	160	6.65259E+01
4915	565	6.65308E+01
4915	605	6.65309E+01
5018	483	6.65318E+01
10852	558	6.65373E+01
2887	242	6.65411E+01
4915	360	6.65459E+01
2862	365	6.65487E+01
5018	401	6.65501E+01
2781	395	6.65520E+01
4812	318	6.65531E+01
10852	610	6.65680E+01
2887	313	6.65684E+01
2756	436	6.65762E+01
8840	120	6.65860E+01
5018	197	6.65864E+01
8664	274	6.65927E+01
4812	481	6.65929E+01
4812	317	6.66096E+01
1290	486	6.66097E+01
2781	478	6.66113E+01
2968	436	6.66181E+01
8752	602	6.66201E+01
4915	606	6.66302E+01
4915	197	6.66587E+01
4915	162	6.66635E+01
4812	398	6.66669E+01
4812	359	6.66672E+01
1293	529	6.66761E+01
5018	442	6.66845E+01
2993	193	6.67002E+01
2993	443	6.67261E+01
4915	524	6.67295E+01
2887	478	6.67359E+01
8752	234	6.67545E+01
2887	395	6.67573E+01
2993	313	6.67667E+01
2781	484	6.67745E+01
2887	443	6.67786E+01
8664	157	6.68038E+01
4812	439	6.68120E+01
4812	277	6.68289E+01
4812	400	6.68334E+01
4812	357	6.68335E+01
2993	478	6.68532E+01
1290	477	6.68685E+01
8752	314	6.68754E+01
2781	525	6.68798E+01
5018	240	6.68823E+01
5018	159	6.68881E+01
5018	275	6.68988E+01
4812	278	6.69010E+01
4812	441	6.69174E+01
2993	395	6.69228E+01
1293	366	6.69313E+01
4915	275	6.69407E+01
5018	201	6.69495E+01
2862	519	6.69501E+01
4915	159	6.69502E+01
4812	482	6.69534E+01
10933	610	6.69671E+01
5018	479	6.69747E+01
5018	163	6.69820E+01
8752	519	6.70154E+01
4915	483	6.70195E+01
2781	566	6.70353E+01
2968	519	6.70398E+01
4915	401	6.70462E+01
1293	484	6.70596E+01
2993	484	6.70627E+01
4812	523	6.70739E+01
4812	522	6.70782E+01
8840	489	6.70794E+01
2887	484	6.71067E+01
11015	610	6.71216E+01
5018	604	6.71259E+01
8752	530	6.71310E+01
5018	320	6.71325E+01
8664	195	6.71347E+01
2993	525	6.71397E+01
5018	315	6.71435E+01
2756	232	6.71458E+01
4915	479	6.71527E+01
2756	519	6.71706E+01
2887	525	6.71734E+01
8840	448	6.71777E+01
4812	238	6.71824E+01
4915	442	6.71843E+01
4915	315	6.71846E+01
1290	404	6.72005E+01
2862	232	6.72292E+01
2993	566	6.72422E+01
1293	526	6.72535E+01
2887	604	6.72567E+01
2781	232	6.72621E+01
2887	566	6.72673E+01
4812	480	6.72710E+01
2993	604	6.72785E+01
2781	604	6.72786E+01
8752	407	6.72815E+01
4915	240	6.73073E+01
4812	237	6.73114E+01
4915	163	6.73148E+01
4915	201	6.73316E+01
8664	326	6.73330E+01
1293	202	6.73405E+01
2756	285	6.73422E+01
4812	319	6.73482E+01
5018	562	6.73487E+01
8752	120	6.73567E+01
1290	445	6.73699E+01
5018	607	6.73773E+01
1293	401	6.73775E+01
2781	154	6.73831E+01
5018	122	6.73881E+01
4812	316	6.74018E+01
2968	285	6.74048E+01
4915	122	6.74144E+01
4812	276	6.74145E+01
10852	311	6.74355E+01
5018	235	6.74417E+01
10933	311	6.74418E+01
2968	232	6.74424E+01
5018	280	6.74439E+01
4812	564	6.74448E+01
4915	235	6.74503E+01
2756	154	6.74538E+01
2756	272	6.74561E+01
2862	285	6.74659E+01
4915	604	6.74701E+01
11015	311	6.74891E+01
2781	607	6.75086E+01
1290	353	6.75161E+01
2862	272	6.75167E+01
8664	234	6.75468E+01
5018	196	6.75508E+01
4915	196	6.75547E+01
2887	232	6.75650E+01
2862	154	6.75662E+01
2781	272	6.75818E+01
11015	475	6.75871E+01
2781	117	6.75948E+01
10933	475	6.76074E+01
4812	199	6.76088E+01
4915	562	6.76200E+01
1290	602	6.76273E+01
4915	320	6.76317E+01
2993	607	6.76343E+01
2887	607	6.76545E+01
4812	239	6.76601E+01
5018	158	6.76605E+01
4915	158	6.76625E+01
1293	569	6.76774E+01
1293	360	6.76816E+01
10852	191	6.76852E+01
2887	154	6.77083E+01
2756	117	6.77133E+01
10852	475	6.77217E+01
2968	272	6.77221E+01
4812	198	6.77281E+01
4812	279	6.77328E+01
1290	283	6.77399E+01
10933	191	6.77467E+01
8664	314	6.77520E+01
1290	192	6.77813E+01
2968	154	6.77910E+01
2993	232	6.77947E+01
2756	529	6.77954E+01
2781	436	6.78186E+01
1290	394	6.78252E+01
11015	191	6.78258E+01
2862	117	6.78330E+01
4915	607	6.78432E+01
8840	613	6.78607E+01
2887	272	6.78670E+01
1290	323	6.78830E+01
8840	560	6.78865E+01
1293	570	6.78885E+01
5018	566	6.79061E+01
4812	397	6.79123E+01
4812	563	6.79259E+01
2887	117	6.79261E+01
4915	280	6.79339E+01
2781	362	6.79382E+01
2993	154	6.79492E+01
4812	236	6.79661E+01
4812	200	6.79688E+01
2887	436	6.79811E+01
10852	405	6.79927E+01
4812	161	6.80055E+01
2862	529	6.80081E+01
4812	360	6.80225E+01
10852	81	6.80427E+01
4812	565	6.80494E+01
2968	529	6.80503E+01
1290	312	6.80536E+01
2968	117	6.80599E+01
1290	569	6.80618E+01
5018	520	6.80666E+01
1293	407	6.80828E+01
8664	120	6.80879E+01
2993	272	6.80899E+01
4915	121	6.80916E+01
4812	521	6.81016E+01
4812	356	6.81066E+01
5018	121	6.81160E+01
1290	560	6.81248E+01
4812	160	6.81259E+01
10933	81	6.81266E+01
5018	396	6.81336E+01
2993	436	6.81368E+01
10933	405	6.81503E+01
4812	438	6.81627E+01
8664	602	6.81670E+01
2993	117	6.81687E+01
11015	405	6.81846E+01
4915	396	6.81847E+01
8664	530	6.81962E+01
4812	524	6.81968E+01
8840	395	6.82022E+01
11015	81	6.82184E+01
4812	605	6.82229E+01
4812	606	6.82258E+01
2993	362	6.82292E+01
4812	162	6.82387E+01
1293	240	6.82449E+01
4915	520	6.82533E+01
4812	197	6.82677E+01
1290	116	6.82820E+01
1293	442	6.82999E+01
8664	519	6.83079E+01
2887	362	6.83091E+01
2756	325	6.83229E+01
5018	355	6.83310E+01
