GRAM	c2h2	chi_tot
1316	243	1.11681E+02
1316	244	1.11983E+02
1316	282	1.12372E+02
1316	283	1.12623E+02
1316	204	1.12725E+02
1316	242	1.13044E+02
1316	322	1.13314E+02
1316	281	1.13955E+02
1316	245	1.14139E+02
1316	323	1.14179E+02
1316	321	1.14476E+02
1316	362	1.14770E+02
1316	284	1.14881E+02
1316	203	1.15043E+02
1316	363	1.15205E+02
1316	241	1.15884E+02
1316	403	1.16324E+02
1316	361	1.16439E+02
1316	280	1.17188E+02
1316	402	1.17190E+02
1316	324	1.17215E+02
1316	320	1.17498E+02
1316	404	1.17673E+02
1316	364	1.17866E+02
1316	444	1.18272E+02
1316	202	1.18499E+02
1316	443	1.18915E+02
1316	285	1.19298E+02
1316	445	1.19866E+02
1316	240	1.20021E+02
1316	360	1.20059E+02
1316	401	1.20158E+02
1316	485	1.20434E+02
1316	405	1.21313E+02
1316	484	1.21356E+02
1316	486	1.21712E+02
1316	442	1.21715E+02
1316	279	1.21884E+02
1316	319	1.22198E+02
1316	325	1.22534E+02
1316	365	1.22839E+02
1316	201	1.22943E+02
1316	526	1.23024E+02
1316	527	1.23570E+02
1316	446	1.23730E+02
1316	483	1.24427E+02
1316	525	1.24611E+02
1316	400	1.25074E+02
1316	487	1.25195E+02
1316	239	1.25290E+02
1316	359	1.25451E+02
1316	568	1.25953E+02
1316	286	1.25995E+02
1316	528	1.26231E+02
1316	567	1.26424E+02
1316	441	1.26548E+02
1316	406	1.27276E+02
1316	569	1.27500E+02
1316	278	1.27868E+02
1316	163	1.27971E+02
1316	200	1.28248E+02
1316	524	1.28297E+02
1316	318	1.28389E+02
1316	566	1.28941E+02
1316	609	1.29376E+02
1316	482	1.29545E+02
1316	610	1.29639E+02
1316	447	1.29856E+02
1316	366	1.30172E+02
1316	326	1.30214E+02
1316	488	1.30842E+02
1316	529	1.30947E+02
1316	570	1.30993E+02
1316	608	1.31033E+02
1316	238	1.31548E+02
1316	611	1.31745E+02
1316	399	1.31760E+02
1316	358	1.32429E+02
1316	162	1.33115E+02
1316	440	1.33249E+02
1316	565	1.33481E+02
1316	523	1.33994E+02
1316	199	1.34309E+02
1316	607	1.34638E+02
1316	277	1.34983E+02
1316	407	1.35558E+02
1316	612	1.35591E+02
1316	317	1.35895E+02
1316	571	1.36330E+02
1316	481	1.36561E+02
1316	530	1.37622E+02
1316	448	1.38195E+02
1316	489	1.38575E+02
1316	237	1.38678E+02
1316	161	1.38825E+02
1316	367	1.39878E+02
1316	564	1.39960E+02
1316	398	1.40022E+02
1316	606	1.40169E+02
1316	327	1.40298E+02
1316	357	1.40804E+02
1316	198	1.41039E+02
1316	613	1.41056E+02
1316	522	1.41563E+02
1316	439	1.41630E+02
1316	276	1.43094E+02
1316	572	1.43388E+02
1316	316	1.44556E+02
1316	160	1.45045E+02
1316	480	1.45289E+02
1316	408	1.46116E+02
1316	531	1.46137E+02
1316	236	1.46582E+02
1316	605	1.47538E+02
1316	614	1.48015E+02
1316	563	1.48240E+02
1316	490	1.48285E+02
1316	197	1.48370E+02
1316	449	1.48665E+02
1316	397	1.49662E+02
1316	356	1.50399E+02
1316	521	1.50819E+02
1316	438	1.51483E+02
1316	159	1.51725E+02
1316	368	1.51931E+02
1316	573	1.52038E+02
1316	275	1.52088E+02
8644	608	1.52831E+02
8644	609	1.52839E+02
8644	567	1.52856E+02
8732	608	1.53183E+02
8644	526	1.53203E+02
8732	567	1.53297E+02
8732	609	1.53486E+02
8820	608	1.53602E+02
8644	485	1.53620E+02
8732	526	1.53662E+02
8820	567	1.53746E+02
8644	568	1.53767E+02
8644	444	1.53952E+02
8644	525	1.54010E+02
8820	526	1.54026E+02
8732	485	1.54039E+02
8644	484	1.54132E+02
8820	403	1.54175E+02
8820	485	1.54221E+02
1316	315	1.54226E+02
8820	444	1.54226E+02
8644	403	1.54266E+02
8732	525	1.54279E+02
8644	566	1.54287E+02
8732	444	1.54290E+02
8820	525	1.54296E+02
8820	484	1.54307E+02
8820	609	1.54401E+02
8732	484	1.54402E+02
8820	283	1.54443E+02
8820	363	1.54457E+02
8732	568	1.54467E+02
8732	566	1.54499E+02
8732	403	1.54511E+02
8820	323	1.54538E+02
8820	566	1.54540E+02
8820	443	1.54543E+02
8820	244	1.54560E+02
8644	443	1.54574E+02
8820	362	1.54632E+02
8820	322	1.54702E+02
8644	527	1.54754E+02
8644	363	1.54776E+02
8732	443	1.54811E+02
8820	245	1.54944E+02
8732	363	1.54968E+02
8644	362	1.55042E+02
8644	607	1.55132E+02
8644	610	1.55154E+02
8644	323	1.55154E+02
8820	607	1.55183E+02
1316	235	1.55188E+02
8820	402	1.55202E+02
8732	362	1.55210E+02
8732	607	1.55225E+02
8820	284	1.55234E+02
8732	323	1.55268E+02
8644	404	1.55269E+02
8644	283	1.55297E+02
8644	322	1.55317E+02
8732	283	1.55355E+02
8820	568	1.55356E+02
8820	404	1.55397E+02
8732	527	1.55430E+02
8732	322	1.55439E+02
8644	486	1.55463E+02
8644	402	1.55474E+02
8820	282	1.55515E+02
1316	479	1.55516E+02
8732	404	1.55585E+02
8644	244	1.55588E+02
8732	244	1.55608E+02
8644	445	1.55642E+02
8732	402	1.55662E+02
8820	243	1.55844E+02
8732	486	1.56052E+02
8732	245	1.56070E+02
8732	445	1.56102E+02
8644	245	1.56102E+02
8732	610	1.56130E+02
8644	284	1.56158E+02
8820	527	1.56170E+02
8732	284	1.56184E+02
1316	196	1.56254E+02
8820	445	1.56265E+02
8644	282	1.56284E+02
1316	532	1.56360E+02
8732	282	1.56379E+02
8820	324	1.56464E+02
8820	364	1.56486E+02
8820	486	1.56540E+02
1316	604	1.56601E+02
8644	364	1.56685E+02
8820	483	1.56704E+02
8644	243	1.56734E+02
8820	321	1.56781E+02
8732	243	1.56808E+02
8820	361	1.56855E+02
8644	483	1.56900E+02
8820	524	1.56908E+02
8732	364	1.56913E+02
8644	569	1.57022E+02
8732	483	1.57046E+02
8644	324	1.57061E+02
8820	442	1.57097E+02
8644	524	1.57098E+02
8732	324	1.57174E+02
8732	524	1.57203E+02
8644	361	1.57326E+02
8644	321	1.57373E+02
8644	442	1.57386E+02
8732	361	1.57481E+02
8732	321	1.57512E+02
8732	442	1.57539E+02
8820	610	1.57569E+02
8820	565	1.57675E+02
8644	565	1.57989E+02
8732	565	1.58006E+02
8732	569	1.58011E+02
8820	285	1.58070E+02
1316	562	1.58132E+02
8820	281	1.58251E+02
8820	401	1.58323E+02
8820	242	1.58586E+02
8644	405	1.58595E+02
8644	528	1.58681E+02
8820	204	1.58688E+02
8644	401	1.58738E+02
1316	158	1.58828E+02
1316	409	1.58870E+02
2992	203	1.58879E+02
8732	401	1.58885E+02
8644	281	1.58922E+02
8820	405	1.58977E+02
8732	405	1.58998E+02
8732	285	1.59048E+02
8644	285	1.59049E+02
8732	281	1.59058E+02
2780	203	1.59081E+02
8820	606	1.59083E+02
2992	242	1.59118E+02
2886	203	1.59131E+02
2992	204	1.59147E+02
2992	241	1.59245E+02
8644	242	1.59331E+02
8820	569	1.59367E+02
2780	242	1.59369E+02
2780	204	1.59390E+02
2886	242	1.59409E+02
2886	204	1.59440E+02
8732	242	1.59461E+02
2780	241	1.59462E+02
8644	204	1.59482E+02
2886	241	1.59495E+02
8732	606	1.59545E+02
8732	528	1.59601E+02
8732	204	1.59614E+02
8644	606	1.59675E+02
8644	487	1.59700E+02
8644	611	1.59716E+02
8644	446	1.59717E+02
1316	491	1.59845E+02
2992	202	1.59929E+02
2780	202	1.60092E+02
2886	202	1.60142E+02
2992	281	1.60207E+02
8732	446	1.60317E+02
2780	281	1.60476E+02
1316	396	1.60483E+02
8732	487	1.60483E+02
2886	281	1.60501E+02
2992	280	1.60548E+02
8820	320	1.60579E+02
8820	325	1.60625E+02
2992	243	1.60647E+02
8820	446	1.60730E+02
8820	528	1.60743E+02
2780	280	1.60791E+02
2886	280	1.60801E+02
8820	365	1.60839E+02
2992	240	1.60852E+02
8644	365	1.60890E+02
2780	243	1.60933E+02
8820	360	1.60937E+02
2886	243	1.60981E+02
2780	240	1.61034E+02
1316	355	1.61044E+02
8732	611	1.61049E+02
2886	240	1.61062E+02
8644	320	1.61129E+02
1316	450	1.61151E+02
8732	365	1.61164E+02
8644	325	1.61180E+02
8820	482	1.61264E+02
8732	320	1.61289E+02
8820	487	1.61299E+02
8732	325	1.61301E+02
1316	122	1.61331E+02
8644	360	1.61442E+02
1316	520	1.61540E+02
8732	360	1.61593E+02
2992	282	1.61699E+02
8820	441	1.61718E+02
8820	523	1.61727E+02
8644	482	1.61774E+02
8732	482	1.61820E+02
1316	274	1.61867E+02
2780	282	1.61991E+02
2992	320	1.62003E+02
2886	282	1.62034E+02
2992	321	1.62129E+02
2992	201	1.62143E+02
8644	441	1.62217E+02
2780	201	1.62267E+02
2886	320	1.62274E+02
2780	320	1.62288E+02
8732	523	1.62298E+02
8732	441	1.62306E+02
2886	201	1.62317E+02
8644	523	1.62327E+02
8820	203	1.62349E+02
2780	321	1.62427E+02
2886	321	1.62440E+02
8820	280	1.62443E+02
2992	279	1.62543E+02
8644	570	1.62569E+02
8820	241	1.62582E+02
1316	437	1.62589E+02
2886	279	1.62755E+02
2780	279	1.62758E+02
8644	203	1.62972E+02
8644	280	1.63005E+02
8820	564	1.63025E+02
8820	611	1.63037E+02
8820	286	1.63104E+02
8732	203	1.63166E+02
8644	241	1.63176E+02
8732	280	1.63185E+02
8820	400	1.63347E+02
8732	241	1.63363E+02
8732	564	1.63684E+02
2992	319	1.63750E+02
2992	239	1.63773E+02
8644	564	1.63830E+02
8644	400	1.63866E+02
8732	570	1.63873E+02
2780	239	1.63919E+02
2886	239	1.63943E+02
2886	319	1.63981E+02
8732	400	1.63986E+02
2992	361	1.64013E+02
2992	244	1.64018E+02
2780	319	1.64019E+02
8732	286	1.64099E+02
8644	286	1.64122E+02
2992	322	1.64300E+02
8644	406	1.64315E+02
2992	360	1.64319E+02
2886	361	1.64323E+02
2780	244	1.64337E+02
2780	361	1.64340E+02
2886	244	1.64396E+02
1316	234	1.64436E+02
2886	360	1.64593E+02
2780	322	1.64603E+02
2886	322	1.64649E+02
2780	360	1.64651E+02
1316	195	1.64655E+02
1316	314	1.64775E+02
8732	406	1.64819E+02
8644	529	1.64950E+02
8820	406	1.64984E+02
8820	605	1.65174E+02
2992	283	1.65198E+02
2992	200	1.65386E+02
2780	200	1.65472E+02
2780	283	1.65511E+02
2886	200	1.65523E+02
2886	283	1.65575E+02
8820	570	1.65719E+02
2992	163	1.65790E+02
2992	362	1.65846E+02
2780	163	1.65854E+02
8820	319	1.65886E+02
2886	163	1.65925E+02
8732	605	1.66008E+02
2992	278	1.66019E+02
8732	529	1.66136E+02
2780	362	1.66161E+02
2886	278	1.66190E+02
2886	362	1.66191E+02
2780	278	1.66204E+02
8644	447	1.66204E+02
2992	401	1.66294E+02
8644	605	1.66322E+02
8644	488	1.66324E+02
1316	157	1.66325E+02
8644	319	1.66375E+02
8644	612	1.66420E+02
8732	319	1.66563E+02
2886	401	1.66595E+02
2992	359	1.66606E+02
8820	359	1.66669E+02
2780	401	1.66676E+02
2886	359	1.66842E+02
8820	202	1.66903E+02
2992	402	1.66916E+02
2780	359	1.66934E+02
8732	447	1.66961E+02
1316	478	1.67008E+02
8820	326	1.67135E+02
1316	603	1.67159E+02
8644	359	1.67177E+02
2992	318	1.67193E+02
2886	402	1.67247E+02
2780	402	1.67269E+02
8732	488	1.67320E+02
8732	359	1.67335E+02
8644	202	1.67354E+02
2886	318	1.67385E+02
2780	318	1.67442E+02
8644	366	1.67476E+02
8820	366	1.67601E+02
8732	202	1.67609E+02
8644	326	1.67626E+02
8820	240	1.67642E+02
8820	447	1.67644E+02
1316	121	1.67655E+02
8820	529	1.67701E+02
8732	326	1.67763E+02
8820	481	1.67795E+02
8732	366	1.67809E+02
2992	400	1.67824E+02
2992	238	1.67861E+02
8820	279	1.67890E+02
2780	238	1.67971E+02
2886	238	1.67991E+02
8644	240	1.68080E+02
2886	400	1.68092E+02
8732	612	1.68138E+02
8820	440	1.68202E+02
2780	400	1.68224E+02
8732	240	1.68326E+02
8644	279	1.68331E+02
8820	488	1.68486E+02
8732	481	1.68527E+02
8644	481	1.68558E+02
8732	279	1.68559E+02
8820	522	1.68569E+02
2992	323	1.68666E+02
2992	442	1.68843E+02
8644	440	1.68861E+02
8732	440	1.68905E+02
2780	323	1.68970E+02
2886	323	1.69053E+02
2992	162	1.69112E+02
2780	162	1.69140E+02
2886	442	1.69161E+02
2886	162	1.69214E+02
2780	442	1.69282E+02
8732	522	1.69373E+02
1316	561	1.69404E+02
2992	245	1.69410E+02
8644	522	1.69507E+02
2992	199	1.69543E+02
2780	199	1.69592E+02
2886	199	1.69644E+02
2780	245	1.69761E+02
2992	403	1.69817E+02
2992	443	1.69831E+02
2886	245	1.69831E+02
2992	363	1.69953E+02
8820	399	1.70058E+02
2992	441	1.70086E+02
2780	403	1.70128E+02
2886	443	1.70171E+02
2886	403	1.70174E+02
2780	443	1.70213E+02
2780	363	1.70245E+02
8644	571	1.70312E+02
2886	363	1.70329E+02
2886	441	1.70377E+02
8820	563	1.70405E+02
2780	441	1.70566E+02
8644	399	1.70641E+02
8820	612	1.70694E+02
2992	358	1.70696E+02
8732	399	1.70748E+02
2992	277	1.70817E+02
2992	284	1.70865E+02
2886	358	1.70894E+02
2886	277	1.70949E+02
2780	277	1.70970E+02
2780	358	1.71013E+02
2780	284	1.71195E+02
2886	284	1.71284E+02
8732	563	1.71346E+02
2992	399	1.71348E+02
2886	399	1.71580E+02
8644	563	1.71620E+02
2992	483	1.71673E+02
2780	399	1.71755E+02
8732	571	1.71955E+02
2886	483	1.72003E+02
2992	317	1.72160E+02
2780	483	1.72189E+02
8820	201	1.72207E+02
1316	395	1.72285E+02
2886	317	1.72312E+02
1316	273	1.72342E+02
2780	317	1.72385E+02
8644	407	1.72461E+02
8644	201	1.72483E+02
8820	318	1.72495E+02
2992	484	1.72518E+02
1316	354	1.72572E+02
8732	201	1.72800E+02
2886	484	1.72862E+02
8644	318	1.72903E+02
2780	484	1.72953E+02
2992	237	1.72990E+02
2780	237	1.73064E+02
2992	482	1.73070E+02
8732	407	1.73080E+02
2886	237	1.73083E+02
8732	318	1.73126E+02
2780	161	1.73134E+02
2992	161	1.73142E+02
2992	444	1.73143E+02
2886	161	1.73212E+02
8820	604	1.73267E+02
2886	482	1.73380E+02
2992	440	1.73426E+02
8820	407	1.73448E+02
2780	444	1.73452E+02
8644	530	1.73479E+02
1316	519	1.73480E+02
2886	444	1.73500E+02
1316	194	1.73548E+02
8820	239	1.73601E+02
2780	482	1.73648E+02
2886	440	1.73686E+02
8820	358	1.73832E+02
8644	239	1.73879E+02
2780	440	1.73930E+02
8732	239	1.74182E+02
1316	156	1.74202E+02
1316	233	1.74270E+02
1316	120	1.74278E+02
8820	571	1.74309E+02
8644	358	1.74317E+02
8820	278	1.74403E+02
8732	604	1.74420E+02
8732	358	1.74490E+02
2992	198	1.74519E+02
2780	198	1.74531E+02
2886	198	1.74585E+02
8644	278	1.74714E+02
1316	436	1.74724E+02
2992	524	1.74837E+02
8644	604	1.74878E+02
8732	530	1.74953E+02
8732	278	1.74991E+02
2992	404	1.75084E+02
8644	448	1.75087E+02
2992	525	1.75133E+02
8644	613	1.75137E+02
2886	524	1.75180E+02
8644	489	1.75280E+02
2780	404	1.75340E+02
2992	324	1.75351E+02
2886	404	1.75463E+02
2780	524	1.75468E+02
2886	525	1.75483E+02
2780	324	1.75650E+02
2780	525	1.75660E+02
2992	485	1.75671E+02
2886	324	1.75774E+02
2780	485	1.76004E+02
8732	448	1.76020E+02
2886	485	1.76022E+02
8820	327	1.76071E+02
1316	313	1.76073E+02
8820	480	1.76073E+02
8820	439	1.76325E+02
2992	357	1.76413E+02
2992	364	1.76429E+02
8644	327	1.76475E+02
8644	367	1.76494E+02
8732	489	1.76508E+02
2886	357	1.76571E+02
2992	481	1.76596E+02
8732	327	1.76638E+02
2992	398	1.76688E+02
2780	364	1.76691E+02
2780	357	1.76712E+02
2992	523	1.76749E+02
2992	276	1.76801E+02
8820	367	1.76822E+02
2886	364	1.76834E+02
2886	481	1.76879E+02
2886	398	1.76883E+02
2886	276	1.76893E+02
8732	367	1.76897E+02
2780	276	1.76920E+02
8732	480	1.76943E+02
8820	530	1.76959E+02
8820	448	1.76990E+02
8644	480	1.77027E+02
2886	523	1.77079E+02
2780	398	1.77091E+02
8644	439	1.77093E+02
8732	439	1.77110E+02
8820	521	1.77211E+02
2780	481	1.77216E+02
8732	613	1.77263E+02
2780	523	1.77459E+02
2992	526	1.77684E+02
2780	160	1.77769E+02
2992	160	1.77811E+02
2886	160	1.77850E+02
8820	163	1.77940E+02
8644	163	1.77966E+02
2992	566	1.78016E+02
2886	526	1.78032E+02
8820	489	1.78042E+02
2780	526	1.78083E+02
8820	200	1.78140E+02
8732	521	1.78202E+02
8820	398	1.78234E+02
8644	200	1.78242E+02
2886	566	1.78378E+02
8732	163	1.78383E+02
8644	521	1.78412E+02
2992	316	1.78492E+02
2992	565	1.78565E+02
2886	316	1.78604E+02
8732	200	1.78619E+02
2780	566	1.78686E+02
2780	316	1.78688E+02
2992	439	1.78694E+02
2992	445	1.78824E+02
2992	285	1.78836E+02
8644	398	1.78843E+02
2886	439	1.78919E+02
2886	565	1.78928E+02
8732	398	1.78950E+02
1316	602	1.78971E+02
2780	445	1.79045E+02
2992	236	1.79058E+02
2780	236	1.79096E+02
2886	236	1.79115E+02
2780	285	1.79180E+02
2886	445	1.79192E+02
2780	439	1.79208E+02
2886	285	1.79295E+02
2780	565	1.79356E+02
1316	477	1.79520E+02
8820	562	1.79589E+02
2992	567	1.79646E+02
2886	567	1.79998E+02
8644	572	1.80129E+02
2780	567	1.80169E+02
8820	317	1.80212E+02
2780	197	1.80214E+02
2992	197	1.80237E+02
2886	197	1.80270E+02
8820	238	1.80316E+02
8820	613	1.80403E+02
8644	238	1.80429E+02
8644	317	1.80523E+02
8732	562	1.80758E+02
2992	522	1.80770E+02
8732	317	1.80784E+02
8732	238	1.80791E+02
2886	522	1.81077E+02
8644	562	1.81125E+02
2992	486	1.81145E+02
1316	119	1.81195E+02
2992	564	1.81259E+02
2780	486	1.81356E+02
2886	486	1.81496E+02
2780	522	1.81534E+02
2992	607	1.81548E+02
2886	564	1.81611E+02
1316	560	1.81800E+02
8820	277	1.81818E+02
2886	607	1.81932E+02
8644	277	1.81990E+02
2992	608	1.82050E+02
2992	480	1.82093E+02
8732	572	1.82132E+02
2780	564	1.82140E+02
8820	357	1.82222E+02
8732	277	1.82317E+02
2886	480	1.82344E+02
2886	608	1.82418E+02
2780	607	1.82420E+02
1316	155	1.82454E+02
2992	527	1.82481E+02
8644	357	1.82655E+02
2780	527	1.82729E+02
2780	480	1.82735E+02
2992	405	1.82761E+02
2780	608	1.82762E+02
2886	527	1.82817E+02
8732	357	1.82852E+02
1316	193	1.82907E+02
2780	405	1.82951E+02
2780	159	1.82988E+02
8644	408	1.83026E+02
2992	159	1.83065E+02
2886	159	1.83073E+02
8820	603	1.83125E+02
2992	606	1.83137E+02
2886	405	1.83159E+02
1316	272	1.83420E+02
2992	568	1.83436E+02
8644	162	1.83509E+02
2886	606	1.83526E+02
2992	356	1.83581E+02
8820	162	1.83649E+02
2992	397	1.83657E+02
2886	356	1.83699E+02
2886	568	1.83767E+02
8732	408	1.83775E+02
2780	568	1.83783E+02
2886	397	1.83813E+02
2992	275	1.83851E+02
2780	356	1.83856E+02
2886	275	1.83905E+02
2780	275	1.83936E+02
8732	162	1.83981E+02
2780	397	1.84045E+02
2780	606	1.84138E+02
8644	531	1.84159E+02
8820	408	1.84362E+02
2992	325	1.84449E+02
8644	199	1.84534E+02
8732	603	1.84535E+02
8820	199	1.84607E+02
2992	609	1.84621E+02
1316	232	1.84637E+02
2780	325	1.84736E+02
1316	353	1.84817E+02
1316	394	1.84869E+02
2886	325	1.84906E+02
5023	612	1.84956E+02
2886	609	1.84961E+02
8732	199	1.84971E+02
8820	572	1.85009E+02
8644	603	1.85096E+02
2780	609	1.85140E+02
5023	571	1.85163E+02
2992	365	1.85336E+02
5023	570	1.85342E+02
5023	529	1.85393E+02
5023	613	1.85534E+02
2780	365	1.85559E+02
2992	438	1.85700E+02
8644	614	1.85729E+02
2886	365	1.85768E+02
4920	612	1.85829E+02
8820	438	1.85856E+02
8820	479	1.85860E+02
2886	438	1.85887E+02
8732	531	1.85940E+02
4920	571	1.85969E+02
2992	235	1.85985E+02
2780	235	1.85986E+02
2992	563	1.85999E+02
2886	235	1.86005E+02
2992	315	1.86042E+02
5023	488	1.86062E+02
2886	315	1.86114E+02
4920	570	1.86200E+02
4920	529	1.86205E+02
2780	315	1.86206E+02
2780	438	1.86209E+02
5023	530	1.86218E+02
4920	613	1.86302E+02
8644	449	1.86312E+02
2886	563	1.86332E+02
5023	611	1.86345E+02
1316	518	1.86379E+02
8644	490	1.86479E+02
2780	196	1.86583E+02
2886	196	1.86642E+02
2992	196	1.86642E+02
8644	438	1.86681E+02
8732	438	1.86689E+02
2992	521	1.86746E+02
5023	528	1.86772E+02
2992	605	1.86781E+02
8732	479	1.86824E+02
5023	487	1.86827E+02
4920	488	1.86856E+02
2992	446	1.86874E+02
4817	571	1.86929E+02
8644	479	1.86938E+02
2780	563	1.86942E+02
5023	447	1.86947E+02
4817	612	1.86980E+02
2780	446	1.86990E+02
4920	530	1.87008E+02
2886	521	1.87024E+02
5023	572	1.87027E+02
2886	605	1.87163E+02
4817	613	1.87213E+02
4817	529	1.87239E+02
2886	446	1.87247E+02
4920	611	1.87293E+02
4817	570	1.87363E+02
8820	520	1.87405E+02
8732	449	1.87436E+02
2780	521	1.87541E+02
5023	446	1.87541E+02
5023	489	1.87574E+02
4920	528	1.87581E+02
4920	487	1.87589E+02
8644	237	1.87617E+02
5023	569	1.87651E+02
1316	435	1.87659E+02
8820	397	1.87660E+02
8820	237	1.87670E+02
4920	447	1.87733E+02
4920	572	1.87755E+02
4817	488	1.87831E+02
5023	406	1.87854E+02
4817	530	1.87860E+02
2780	605	1.87876E+02
8644	368	1.87954E+02
8732	490	1.87958E+02
5023	614	1.87970E+02
1316	312	1.87991E+02
8732	237	1.88037E+02
8644	397	1.88255E+02
4920	446	1.88262E+02
8732	614	1.88285E+02
8732	397	1.88374E+02
4920	489	1.88380E+02
8820	531	1.88402E+02
1316	118	1.88410E+02
8732	368	1.88441E+02
4817	572	1.88493E+02
8820	368	1.88512E+02
4920	569	1.88532E+02
8732	520	1.88532E+02
4920	614	1.88605E+02
4920	406	1.88613E+02
4817	611	1.88664E+02
5023	448	1.88686E+02
4817	487	1.88705E+02
4817	447	1.88705E+02
8820	449	1.88710E+02
2780	158	1.88746E+02
4817	528	1.88781E+02
8644	520	1.88789E+02
2886	158	1.88834E+02
2992	158	1.88855E+02
5023	405	1.88855E+02
8820	316	1.88870E+02
2992	487	1.88906E+02
2780	487	1.88976E+02
8644	316	1.89066E+02
5023	365	1.89072E+02
5023	531	1.89172E+02
2992	610	1.89183E+02
4817	489	1.89199E+02
5023	407	1.89199E+02
2992	286	1.89216E+02
2886	487	1.89249E+02
5023	366	1.89257E+02
4817	614	1.89258E+02
2992	569	1.89314E+02
4817	446	1.89348E+02
2992	479	1.89368E+02
8732	316	1.89370E+02
8644	161	1.89420E+02
2780	569	1.89460E+02
2992	528	1.89466E+02
2780	610	1.89481E+02
2886	610	1.89484E+02
4920	405	1.89517E+02
4920	448	1.89520E+02
2780	528	1.89540E+02
2780	286	1.89571E+02
2886	479	1.89584E+02
2886	569	1.89615E+02
4817	406	1.89622E+02
2886	286	1.89715E+02
8820	161	1.89726E+02
4920	365	1.89757E+02
2886	528	1.89783E+02
5023	610	1.89792E+02
8820	490	1.89874E+02
4817	569	1.89880E+02
5023	486	1.89885E+02
4920	531	1.89917E+02
8732	161	1.89946E+02
5023	325	1.89954E+02
8820	276	1.89998E+02
2780	479	1.90014E+02
8644	276	1.90022E+02
4920	407	1.90042E+02
4920	366	1.90058E+02
8820	561	1.90318E+02
4817	448	1.90366E+02
5023	326	1.90366E+02
5023	527	1.90396E+02
8732	276	1.90402E+02
5023	445	1.90449E+02
4817	531	1.90570E+02
4920	486	1.90592E+02
4817	405	1.90611E+02
4920	325	1.90629E+02
5023	286	1.90704E+02
4920	610	1.90783E+02
4817	365	1.90822E+02
5023	573	1.90828E+02
4817	407	1.90956E+02
4817	366	1.91057E+02
1316	154	1.91078E+02
4920	445	1.91087E+02
5023	364	1.91164E+02
4920	326	1.91174E+02
4920	527	1.91176E+02
5023	285	1.91247E+02
8644	198	1.91282E+02
5023	490	1.91307E+02
4920	286	1.91443E+02
4920	573	1.91453E+02
8820	198	1.91530E+02
8820	356	1.91651E+02
8732	561	1.91654E+02
2780	122	1.91704E+02
4817	325	1.91707E+02
4920	364	1.91726E+02
5023	324	1.91760E+02
1316	601	1.91770E+02
8732	198	1.91778E+02
5023	367	1.91798E+02
2886	122	1.91812E+02
4817	486	1.91835E+02
4920	285	1.91840E+02
2992	122	1.91846E+02
2992	274	1.91864E+02
2886	274	1.91881E+02
8644	573	1.91886E+02
2780	274	1.91913E+02
4817	573	1.91953E+02
8644	356	1.92004E+02
8820	614	1.92021E+02
2992	355	1.92030E+02
2992	396	1.92062E+02
8644	561	1.92080E+02
4920	490	1.92105E+02
2886	355	1.92107E+02
5023	404	1.92137E+02
5023	568	1.92143E+02
2886	396	1.92176E+02
4817	326	1.92209E+02
8732	356	1.92234E+02
2780	355	1.92275E+02
4817	445	1.92275E+02
4920	324	1.92297E+02
4817	610	1.92352E+02
2992	604	1.92378E+02
2780	396	1.92426E+02
4817	527	1.92524E+02
4817	286	1.92526E+02
2992	562	1.92633E+02
4920	404	1.92690E+02
1316	192	1.92702E+02
4920	367	1.92704E+02
5023	449	1.92736E+02
2886	604	1.92741E+02
4817	490	1.92753E+02
1316	476	1.92803E+02
4817	364	1.92847E+02
2992	406	1.92852E+02
5023	408	1.92914E+02
2886	562	1.92938E+02
4817	285	1.92945E+02
2780	406	1.92963E+02
4920	568	1.93017E+02
5023	327	1.93096E+02
2886	406	1.93264E+02
4817	324	1.93411E+02
2780	604	1.93534E+02
2780	195	1.93595E+02
4920	449	1.93600E+02
2780	562	1.93608E+02
4817	367	1.93631E+02
2886	195	1.93657E+02
2780	234	1.93667E+02
2886	234	1.93688E+02
2992	195	1.93689E+02
2992	234	1.93703E+02
4920	408	1.93826E+02
5023	284	1.93848E+02
4817	404	1.93859E+02
4920	327	1.94031E+02
5023	532	1.94155E+02
2992	437	1.94234E+02
8732	573	1.94269E+02
4920	284	1.94293E+02
4817	449	1.94307E+02
2886	437	1.94380E+02
8820	602	1.94476E+02
2992	520	1.94482E+02
4817	568	1.94529E+02
4817	408	1.94634E+02
2992	314	1.94674E+02
5023	245	1.94701E+02
2886	314	1.94707E+02
2886	520	1.94725E+02
2780	437	1.94725E+02
2780	314	1.94802E+02
4920	532	1.94831E+02
1316	271	1.95006E+02
2780	157	1.95008E+02
4817	327	1.95017E+02
1316	559	1.95049E+02
4920	245	1.95099E+02
2886	157	1.95100E+02
2992	157	1.95150E+02
5023	485	1.95204E+02
4817	532	1.95272E+02
2780	520	1.95285E+02
8644	236	1.95350E+02
5023	609	1.95357E+02
4817	284	1.95417E+02
5023	363	1.95420E+02
1316	231	1.95470E+02
8820	236	1.95575E+02
5023	444	1.95606E+02
2992	611	1.95625E+02
5023	323	1.95647E+02
8644	160	1.95653E+02
2780	611	1.95675E+02
8732	236	1.95828E+02
4920	485	1.95836E+02
4920	363	1.95851E+02
2886	611	1.95875E+02
1316	117	1.95932E+02
8644	409	1.95963E+02
2992	326	1.96016E+02
4920	323	1.96042E+02
8732	602	1.96075E+02
8820	160	1.96125E+02
4920	444	1.96146E+02
4817	245	1.96219E+02
8732	160	1.96233E+02
5023	526	1.96255E+02
2780	326	1.96286E+02
4920	609	1.96357E+02
2886	326	1.96506E+02
8820	437	1.96567E+02
2992	366	1.96699E+02
8644	602	1.96699E+02
5023	368	1.96733E+02
2780	121	1.96828E+02
8732	409	1.96857E+02
8644	532	1.96862E+02
2780	366	1.96873E+02
8820	478	1.96906E+02
2886	121	1.96940E+02
4920	526	1.96982E+02
2992	121	1.96999E+02
4817	363	1.97020E+02
2780	570	1.97093E+02
2886	366	1.97154E+02
2992	570	1.97171E+02
5023	491	1.97175E+02
4817	323	1.97187E+02
4817	485	1.97189E+02
2780	447	1.97249E+02
2992	447	1.97251E+02
8644	437	1.97394E+02
8732	437	1.97411E+02
4817	444	1.97422E+02
2886	570	1.97432E+02
5023	403	1.97597E+02
1316	352	1.97611E+02
2886	447	1.97625E+02
8820	409	1.97678E+02
8820	573	1.97681E+02
4920	368	1.97734E+02
8732	478	1.97920E+02
4920	491	1.97943E+02
4920	403	1.98031E+02
1316	393	1.98034E+02
8644	478	1.98041E+02
4817	609	1.98099E+02
8820	396	1.98132E+02
2992	478	1.98202E+02
8820	315	1.98325E+02
5023	283	1.98336E+02
2886	478	1.98378E+02
8644	315	1.98389E+02
4817	491	1.98408E+02
2780	529	1.98423E+02
8644	197	1.98427E+02
4817	526	1.98457E+02
2992	529	1.98543E+02
4817	368	1.98580E+02
4920	283	1.98632E+02
8644	396	1.98674E+02
8644	275	1.98700E+02
8732	315	1.98740E+02
2780	488	1.98789E+02
8732	396	1.98817E+02
5023	567	1.98823E+02
2886	529	1.98832E+02
2780	478	1.98834E+02
8820	275	1.98834E+02
8820	197	1.98851E+02
2992	488	1.98878E+02
8820	519	1.98886E+02
8732	532	1.98970E+02
5023	409	1.98980E+02
8732	197	1.98981E+02
5023	450	1.99035E+02
8732	275	1.99134E+02
5023	244	1.99162E+02
2886	488	1.99207E+02
4817	403	1.99264E+02
4920	244	1.99412E+02
4920	567	1.99661E+02
2992	603	1.99766E+02
4817	283	1.99770E+02
8644	450	1.99790E+02
8644	491	1.99807E+02
4920	450	1.99912E+02
4920	409	1.99948E+02
1316	517	1.99974E+02
1316	153	2.00068E+02
8732	519	2.00095E+02
2886	603	2.00102E+02
8644	519	2.00371E+02
1316	311	2.00394E+02
4817	450	2.00468E+02
4817	244	2.00536E+02
4817	409	2.00640E+02
2886	273	2.00724E+02
2992	273	2.00744E+02
2780	273	2.00755E+02
2780	603	2.00951E+02
2992	561	2.00957E+02
8732	450	2.01120E+02
1316	434	2.01168E+02
2780	194	2.01219E+02
2886	561	2.01227E+02
2886	194	2.01285E+02
4817	567	2.01315E+02
2992	194	2.01348E+02
5023	322	2.01446E+02
8732	491	2.01554E+02
2992	354	2.01591E+02
2886	354	2.01627E+02
5023	362	2.01690E+02
4920	322	2.01698E+02
2992	395	2.01702E+02
2780	156	2.01753E+02
2886	395	2.01775E+02
2780	354	2.01800E+02
2886	156	2.01850E+02
8820	532	2.01899E+02
2992	156	2.01928E+02
2780	561	2.01939E+02
8820	355	2.01948E+02
4920	362	2.01986E+02
2780	395	2.02034E+02
2780	233	2.02079E+02
2886	233	2.02102E+02
2992	233	2.02151E+02
8644	159	2.02167E+02
8644	355	2.02196E+02
8820	560	2.02311E+02
2780	120	2.02353E+02
8732	355	2.02465E+02
2886	120	2.02469E+02
2992	120	2.02553E+02
5023	484	2.02700E+02
8820	450	2.02711E+02
8732	159	2.02800E+02
8820	159	2.02805E+02
4817	322	2.02868E+02
1316	191	2.02891E+02
5023	443	2.02901E+02
5023	608	2.03047E+02
4817	362	2.03195E+02
4920	484	2.03239E+02
4920	443	2.03330E+02
8644	235	2.03561E+02
2780	612	2.03587E+02
2992	519	2.03749E+02
8732	560	2.03753E+02
1316	116	2.03769E+02
2992	612	2.03808E+02
8820	491	2.03865E+02
2886	519	2.03952E+02
8820	235	2.03960E+02
2886	612	2.03998E+02
4920	608	2.04023E+02
2992	436	2.04075E+02
8732	235	2.04097E+02
2886	436	2.04180E+02
8644	560	2.04204E+02
2886	313	2.04248E+02
2992	313	2.04254E+02
5023	525	2.04285E+02
2780	313	2.04344E+02
5023	282	2.04511E+02
2780	436	2.04537E+02
2780	519	2.04538E+02
4920	282	2.04660E+02
4817	443	2.04680E+02
4817	484	2.04685E+02
4920	525	2.04934E+02
5023	402	2.05090E+02
5023	243	2.05123E+02
4920	243	2.05228E+02
1316	600	2.05280E+02
2992	407	2.05324E+02
2780	407	2.05345E+02
4920	402	2.05398E+02
2886	407	2.05745E+02
4817	282	2.05809E+02
4817	608	2.05914E+02
8644	196	2.05925E+02
4817	243	2.06353E+02
4817	525	2.06518E+02
8820	196	2.06525E+02
8732	196	2.06536E+02
2780	571	2.06549E+02
1316	475	2.06610E+02
4817	402	2.06683E+02
1316	230	2.06690E+02
2992	571	2.06873E+02
1316	270	2.06988E+02
8820	601	2.07025E+02
2886	571	2.07085E+02
5023	566	2.07637E+02
8644	274	2.07936E+02
8820	436	2.08230E+02
8820	274	2.08237E+02
2780	119	2.08269E+02
2992	477	2.08356E+02
8644	314	2.08370E+02
2886	119	2.08389E+02
4920	566	2.08411E+02
8732	274	2.08426E+02
8820	314	2.08453E+02
2886	477	2.08489E+02
2992	119	2.08496E+02
2992	602	2.08733E+02
8732	601	2.08741E+02
8732	314	2.08771E+02
1316	558	2.08877E+02
8644	158	2.08930E+02
2780	477	2.08959E+02
8820	477	2.08961E+02
5023	321	2.08965E+02
2780	155	2.08972E+02
8644	436	2.09008E+02
2886	602	2.09033E+02
8732	436	2.09050E+02
2886	155	2.09073E+02
4920	321	2.09073E+02
2992	155	2.09178E+02
2780	530	2.09252E+02
8644	601	2.09389E+02
1316	152	2.09401E+02
2780	193	2.09423E+02
8820	395	2.09455E+02
2886	193	2.09493E+02
2992	530	2.09585E+02
2992	193	2.09587E+02
8732	158	2.09615E+02
8820	158	2.09733E+02
2780	448	2.09742E+02
5023	361	2.09794E+02
2886	530	2.09838E+02
2992	448	2.09879E+02
8644	395	2.09905E+02
2780	602	2.09916E+02
4920	361	2.09951E+02
8732	477	2.09980E+02
2992	327	2.10072E+02
8732	395	2.10085E+02
8644	477	2.10085E+02
4817	566	2.10182E+02
2886	448	2.10246E+02
4817	321	2.10262E+02
2831	198	2.10301E+02
2780	327	2.10319E+02
2886	272	2.10337E+02
2780	272	2.10365E+02
2992	272	2.10394E+02
2992	367	2.10504E+02
2831	237	2.10582E+02
8644	122	2.10584E+02
2886	327	2.10593E+02
2831	199	2.10616E+02
2780	367	2.10621E+02
2780	489	2.10690E+02
2992	560	2.10732E+02
1316	351	2.10780E+02
2831	197	2.10804E+02
10876	244	2.10836E+02
2831	160	2.10838E+02
2831	161	2.10881E+02
2831	236	2.10929E+02
2992	489	2.10953E+02
2886	560	2.10962E+02
2886	367	2.10980E+02
10957	244	2.11059E+02
2780	232	2.11158E+02
2886	232	2.11186E+02
4817	361	2.11192E+02
2831	238	2.11253E+02
2886	489	2.11261E+02
2992	232	2.11268E+02
2831	276	2.11324E+02
8732	122	2.11339E+02
2937	198	2.11346E+02
8820	518	2.11383E+02
2807	204	2.11412E+02
2831	159	2.11441E+02
2831	277	2.11524E+02
8820	122	2.11570E+02
1316	392	2.11579E+02
11039	244	2.11600E+02
3043	198	2.11608E+02
2937	237	2.11627E+02
2831	162	2.11631E+02
2937	199	2.11667E+02
2780	560	2.11695E+02
4920	204	2.11781E+02
10876	245	2.11792E+02
2831	200	2.11835E+02
2937	197	2.11844E+02
5023	204	2.11844E+02
3043	237	2.11864E+02
10876	283	2.11867E+02
3043	199	2.11879E+02
2937	160	2.11887E+02
1316	115	2.11920E+02
2937	161	2.11932E+02
2937	236	2.11964E+02
10876	243	2.11989E+02
10957	245	2.12020E+02
10957	283	2.12051E+02
2831	196	2.12056E+02
2807	203	2.12069E+02
2886	353	2.12088E+02
2992	353	2.12092E+02
3043	197	2.12154E+02
5023	281	2.12164E+02
4920	281	2.12168E+02
5023	442	2.12176E+02
3043	160	2.12181E+02
3043	161	2.12182E+02
8644	234	2.12200E+02
2831	235	2.12205E+02
10957	243	2.12211E+02
5023	483	2.12235E+02
3043	236	2.12254E+02
2780	353	2.12260E+02
2831	275	2.12270E+02
2807	242	2.12274E+02
2937	238	2.12311E+02
4920	242	2.12328E+02
2831	316	2.12332E+02
2913	204	2.12336E+02
2937	276	2.12359E+02
5023	242	2.12365E+02
2992	394	2.12376E+02
2886	394	2.12407E+02
3019	204	2.12473E+02
4920	442	2.12482E+02
2937	159	2.12486E+02
3043	238	2.12494E+02
2831	317	2.12531E+02
11039	245	2.12548E+02
11039	283	2.12564E+02
2937	277	2.12578E+02
3043	276	2.12614E+02
8732	518	2.12620E+02
2831	158	2.12634E+02
4920	483	2.12664E+02
2780	394	2.12667E+02
2937	162	2.12687E+02
11039	243	2.12764E+02
3043	277	2.12777E+02
8820	234	2.12777E+02
8732	234	2.12794E+02
5023	607	2.12812E+02
3043	159	2.12823E+02
10876	282	2.12870E+02
4817	204	2.12877E+02
2807	243	2.12881E+02
8644	518	2.12886E+02
3043	162	2.12892E+02
2937	200	2.12894E+02
8820	354	2.12960E+02
2913	203	2.12989E+02
2831	278	2.12993E+02
10957	282	2.13043E+02
3043	200	2.13054E+02
2831	239	2.13056E+02
2780	613	2.13074E+02
8644	354	2.13076E+02
2937	196	2.13092E+02
1316	310	2.13133E+02
2913	242	2.13162E+02
2831	163	2.13166E+02
10876	284	2.13170E+02
3019	203	2.13191E+02
2937	235	2.13232E+02
2937	275	2.13289E+02
3019	242	2.13294E+02
4817	281	2.13322E+02
2937	316	2.13357E+02
10957	284	2.13369E+02
8732	354	2.13392E+02
1316	190	2.13411E+02
2831	315	2.13436E+02
2807	241	2.13446E+02
3043	196	2.13449E+02
4817	242	2.13452E+02
2831	357	2.13519E+02
11039	282	2.13565E+02
3043	235	2.13572E+02
2937	317	2.13585E+02
2992	613	2.13588E+02
3043	275	2.13598E+02
3043	316	2.13606E+02
2937	158	2.13678E+02
2886	613	2.13709E+02
4920	607	2.13730E+02
8644	195	2.13746E+02
3043	317	2.13777E+02
2913	243	2.13780E+02
3019	243	2.13843E+02
11039	284	2.13875E+02
4817	442	2.13892E+02
10876	322	2.13904E+02
2831	356	2.13918E+02
1316	516	2.14002E+02
2831	195	2.14004E+02
10876	323	2.14021E+02
10957	322	2.14033E+02
3043	158	2.14056E+02
2831	201	2.14062E+02
2937	278	2.14068E+02
2937	239	2.14129E+02
2807	202	2.14164E+02
2831	318	2.14176E+02
10957	323	2.14177E+02
4817	483	2.14185E+02
3043	278	2.14210E+02
2937	163	2.14226E+02
3043	239	2.14255E+02
2831	274	2.14258E+02
2992	518	2.14293E+02
2913	241	2.14325E+02
2831	234	2.14336E+02
5023	524	2.14361E+02
2831	157	2.14377E+02
3043	163	2.14384E+02
8732	195	2.14414E+02
2831	122	2.14428E+02
5023	401	2.14433E+02
2937	315	2.14437E+02
2886	518	2.14452E+02
8820	195	2.14523E+02
11039	322	2.14523E+02
3019	241	2.14524E+02
2937	357	2.14553E+02
2780	118	2.14573E+02
2807	281	2.14600E+02
2886	312	2.14601E+02
4920	401	2.14606E+02
2992	312	2.14646E+02
2831	358	2.14651E+02
11039	323	2.14664E+02
2780	312	2.14694E+02
2886	118	2.14697E+02
3043	315	2.14742E+02
3043	357	2.14761E+02
2992	118	2.14828E+02
4920	524	2.14911E+02
2937	356	2.14915E+02
2992	435	2.14994E+02
1316	433	2.15027E+02
2937	195	2.15037E+02
10876	204	2.15044E+02
2780	518	2.15049E+02
2886	435	2.15055E+02
10876	242	2.15071E+02
2913	202	2.15081E+02
2807	282	2.15091E+02
2831	397	2.15109E+02
1316	81	2.15114E+02
2937	201	2.15130E+02
2831	398	2.15130E+02
3043	356	2.15181E+02
3043	201	2.15236E+02
2937	318	2.15262E+02
2937	274	2.15263E+02
8820	559	2.15282E+02
10957	242	2.15292E+02
10957	204	2.15315E+02
3019	202	2.15344E+02
2937	234	2.15356E+02
3043	318	2.15395E+02
2780	435	2.15415E+02
2937	157	2.15420E+02
3043	195	2.15439E+02
2807	244	2.15442E+02
2913	281	2.15444E+02
2937	122	2.15486E+02
3019	281	2.15565E+02
3043	274	2.15625E+02
2831	121	2.15629E+02
2831	355	2.15693E+02
2831	314	2.15714E+02
2937	358	2.15729E+02
4817	607	2.15742E+02
3043	234	2.15745E+02
3043	157	2.15838E+02
11039	242	2.15859E+02
2831	279	2.15872E+02
3043	358	2.15880E+02
3043	122	2.15881E+02
11039	204	2.15912E+02
8644	157	2.15919E+02
4817	401	2.15934E+02
2913	282	2.15956E+02
3019	282	2.16007E+02
10876	281	2.16019E+02
2807	280	2.16067E+02
10876	362	2.16090E+02
2937	397	2.16096E+02
2831	240	2.16123E+02
2937	398	2.16168E+02
10957	362	2.16168E+02
10957	281	2.16183E+02
10876	321	2.16188E+02
2807	240	2.16224E+02
10876	363	2.16265E+02
10957	321	2.16296E+02
3043	397	2.16337E+02
3019	244	2.16347E+02
3043	398	2.16354E+02
2913	244	2.16354E+02
10957	363	2.16387E+02
4817	524	2.16583E+02
2831	194	2.16609E+02
2831	396	2.16615E+02
11039	362	2.16627E+02
8644	121	2.16636E+02
2831	156	2.16640E+02
2780	154	2.16655E+02
8732	157	2.16655E+02
2937	355	2.16660E+02
10876	324	2.16664E+02
2831	438	2.16684E+02
2937	121	2.16685E+02
2937	314	2.16696E+02
11039	281	2.16716E+02
2886	154	2.16761E+02
8732	559	2.16766E+02
11039	321	2.16790E+02
2831	439	2.16798E+02
2831	399	2.16849E+02
10957	324	2.16852E+02
11039	363	2.16852E+02
8820	157	2.16886E+02
2992	154	2.16892E+02
2913	280	2.16895E+02
10876	285	2.16920E+02
2937	279	2.16973E+02
3043	355	2.16981E+02
3043	279	2.17055E+02
3043	314	2.17056E+02
3019	280	2.17085E+02
2913	240	2.17095E+02
3043	121	2.17115E+02
10957	285	2.17138E+02
2831	273	2.17196E+02
8644	559	2.17208E+02
2937	240	2.17211E+02
2831	120	2.17257E+02
2831	233	2.17262E+02
3043	240	2.17280E+02
11039	324	2.17340E+02
3019	240	2.17360E+02
2831	202	2.17417E+02
2831	319	2.17423E+02
8732	121	2.17433E+02
2831	359	2.17479E+02
2807	201	2.17540E+02
2937	396	2.17559E+02
2807	321	2.17623E+02
11039	285	2.17638E+02
2937	194	2.17640E+02
2937	438	2.17649E+02
8644	273	2.17655E+02
2937	156	2.17683E+02
2780	572	2.17684E+02
2807	283	2.17705E+02
8820	121	2.17760E+02
2937	439	2.17827E+02
3043	396	2.17856E+02
3043	438	2.17878E+02
2937	399	2.17947E+02
4920	320	2.17955E+02
5023	320	2.17991E+02
3043	439	2.18004E+02
3043	399	2.18078E+02
3043	194	2.18085E+02
8820	273	2.18131E+02
3043	156	2.18140E+02
2780	192	2.18171E+02
2831	437	2.18187E+02
2937	273	2.18192E+02
8732	273	2.18202E+02
1316	229	2.18203E+02
2886	192	2.18247E+02
2992	572	2.18272E+02
2937	233	2.18276E+02
2937	120	2.18313E+02
10876	403	2.18345E+02
2992	192	2.18370E+02
10957	403	2.18409E+02
2913	321	2.18425E+02
2886	572	2.18427E+02
2831	480	2.18444E+02
2913	201	2.18455E+02
5023	565	2.18466E+02
10876	361	2.18472E+02
2937	202	2.18495E+02
3019	321	2.18510E+02
10957	361	2.18514E+02
3043	202	2.18546E+02
2937	319	2.18547E+02
2831	479	2.18553E+02
3019	283	2.18574E+02
2913	283	2.18593E+02
3043	273	2.18605E+02
2937	359	2.18607E+02
3043	319	2.18621E+02
2807	320	2.18637E+02
2831	354	2.18696E+02
3043	359	2.18700E+02
2831	440	2.18704E+02
3043	233	2.18713E+02
3043	120	2.18776E+02
3019	201	2.18779E+02
2807	322	2.18779E+02
11039	403	2.18847E+02
8644	313	2.18896E+02
11039	361	2.18971E+02
2992	601	2.19030E+02
1316	151	2.19038E+02
2831	313	2.19048E+02
10876	402	2.19084E+02
10957	402	2.19088E+02
10876	364	2.19092E+02
2937	437	2.19098E+02
8820	313	2.19143E+02
4920	565	2.19147E+02
4817	320	2.19158E+02
1316	599	2.19221E+02
1316	269	2.19243E+02
10876	203	2.19250E+02
10957	364	2.19264E+02
2886	601	2.19286E+02
4920	203	2.19295E+02
2831	119	2.19298E+02
2807	279	2.19323E+02
8732	313	2.19352E+02
3043	437	2.19382E+02
2831	155	2.19406E+02
2913	320	2.19410E+02
2937	480	2.19446E+02
2831	395	2.19477E+02
2937	479	2.19477E+02
5023	203	2.19487E+02
11039	402	2.19512E+02
5023	360	2.19522E+02
10957	203	2.19527E+02
4920	360	2.19537E+02
3019	320	2.19564E+02
2992	476	2.19580E+02
2913	322	2.19615E+02
3043	480	2.19623E+02
3019	322	2.19631E+02
2937	354	2.19638E+02
1248	327	2.19644E+02
2886	476	2.19668E+02
3043	479	2.19704E+02
11039	364	2.19739E+02
2937	440	2.19810E+02
2831	193	2.19839E+02
10876	241	2.19893E+02
3043	440	2.19936E+02
3043	354	2.20014E+02
2937	313	2.20015E+02
2780	408	2.20027E+02
2992	408	2.20107E+02
10957	241	2.20117E+02
2807	245	2.20125E+02
2913	279	2.20137E+02
2780	476	2.20138E+02
11039	203	2.20139E+02
2831	481	2.20157E+02
2780	601	2.20182E+02
2831	521	2.20190E+02
2831	478	2.20306E+02
2831	280	2.20323E+02
10876	404	2.20337E+02
2937	119	2.20354E+02
1316	114	2.20368E+02
4817	203	2.20386E+02
2937	395	2.20388E+02
3019	279	2.20395E+02
3043	313	2.20427E+02
2831	400	2.20434E+02
2807	239	2.20444E+02
2937	155	2.20450E+02
10957	404	2.20470E+02
8820	600	2.20474E+02
4920	241	2.20504E+02
2886	408	2.20533E+02
2831	241	2.20603E+02
2886	271	2.20615E+02
8820	435	2.20628E+02
2780	271	2.20638E+02
5023	241	2.20679E+02
11039	241	2.20698E+02
1316	474	2.20699E+02
2992	271	2.20707E+02
10876	320	2.20722E+02
3043	395	2.20740E+02
2831	520	2.20782E+02
4817	360	2.20803E+02
10957	320	2.20813E+02
2780	231	2.20832E+02
3043	119	2.20849E+02
2886	231	2.20865E+02
2937	193	2.20869E+02
1248	286	2.20883E+02
11039	404	2.20926E+02
2831	232	2.20927E+02
4920	280	2.20939E+02
3043	155	2.20945E+02
3019	245	2.20974E+02
2992	231	2.20980E+02
2831	272	2.21000E+02
4817	565	2.21014E+02
10957	443	2.21021E+02
10876	443	2.21052E+02
2913	245	2.21053E+02
5023	280	2.21076E+02
2831	436	2.21120E+02
10876	280	2.21136E+02
2937	521	2.21138E+02
2937	478	2.21167E+02
8644	233	2.21225E+02
2937	481	2.21250E+02
2780	117	2.21269E+02
2807	361	2.21291E+02
10957	280	2.21295E+02
8644	435	2.21306E+02
2913	239	2.21310E+02
11039	320	2.21313E+02
3043	521	2.21320E+02
3043	193	2.21357E+02
10876	444	2.21362E+02
3043	481	2.21382E+02
8732	435	2.21388E+02
2831	522	2.21396E+02
2886	117	2.21397E+02
10957	444	2.21416E+02
11039	443	2.21417E+02
8820	394	2.21444E+02
3043	478	2.21445E+02
2937	280	2.21452E+02
3043	280	2.21473E+02
1248	326	2.21480E+02
2992	117	2.21551E+02
2937	400	2.21601E+02
4817	241	2.21626E+02
3019	239	2.21638E+02
2937	520	2.21643E+02
2807	319	2.21663E+02
3043	400	2.21678E+02
2992	559	2.21694E+02
2937	241	2.21710E+02
3043	241	2.21718E+02
2831	118	2.21744E+02
8644	394	2.21764E+02
8820	476	2.21780E+02
11039	444	2.21838E+02
11039	280	2.21840E+02
3043	520	2.21871E+02
8644	194	2.21873E+02
8732	233	2.21876E+02
2886	559	2.21878E+02
2780	531	2.21884E+02
10876	325	2.21923E+02
2937	232	2.21938E+02
8820	233	2.21984E+02
2937	272	2.21988E+02
2937	436	2.21989E+02
8732	394	2.21992E+02
2913	361	2.22026E+02
2831	203	2.22036E+02
2807	362	2.22059E+02
2807	200	2.22059E+02
4817	280	2.22097E+02
2807	163	2.22101E+02
3019	361	2.22106E+02
1316	80	2.22118E+02
10957	325	2.22148E+02
2831	360	2.22170E+02
1248	367	2.22212E+02
8732	600	2.22234E+02
2807	323	2.22242E+02
2831	562	2.22250E+02
3043	436	2.22327E+02
2913	319	2.22413E+02
3043	232	2.22421E+02
10957	401	2.22430E+02
2831	320	2.22441E+02
2992	531	2.22446E+02
2937	522	2.22446E+02
3043	272	2.22450E+02
10876	401	2.22476E+02
1248	368	2.22478E+02
2831	441	2.22565E+02
2807	284	2.22587E+02
3043	522	2.22588E+02
8732	194	2.22596E+02
2780	559	2.22615E+02
3019	319	2.22635E+02
11039	325	2.22639E+02
2886	531	2.22656E+02
2831	154	2.22667E+02
2831	563	2.22718E+02
8732	476	2.22758E+02
2831	353	2.22778E+02
2807	360	2.22793E+02
2937	118	2.22801E+02
8820	194	2.22827E+02
8644	476	2.22828E+02
8644	120	2.22831E+02
2913	362	2.22843E+02
11039	401	2.22846E+02
3019	362	2.22857E+02
8644	600	2.22867E+02
2913	200	2.22974E+02
2831	519	2.22989E+02
1316	557	2.23015E+02
2913	163	2.23056E+02
3019	323	2.23065E+02
2937	562	2.23115E+02
2913	323	2.23117E+02
3043	203	2.23119E+02
8644	156	2.23123E+02
2937	203	2.23125E+02
10876	286	2.23223E+02
5023	441	2.23227E+02
10876	360	2.23283E+02
10957	360	2.23295E+02
3043	562	2.23304E+02
2886	352	2.23313E+02
2831	312	2.23321E+02
3043	118	2.23327E+02
2937	360	2.23354E+02
3019	200	2.23356E+02
2992	352	2.23357E+02
3043	360	2.23391E+02
4920	441	2.23401E+02
3019	284	2.23413E+02
10957	442	2.23423E+02
3019	163	2.23446E+02
10957	286	2.23461E+02
10957	484	2.23464E+02
2780	352	2.23478E+02
2913	360	2.23488E+02
2913	284	2.23503E+02
2831	477	2.23506E+02
2831	561	2.23510E+02
2831	394	2.23522E+02
10876	442	2.23526E+02
10876	484	2.23537E+02
2937	320	2.23607E+02
5023	482	2.23619E+02
3043	320	2.23621E+02
3019	360	2.23635E+02
2831	192	2.23666E+02
8732	120	2.23668E+02
2937	563	2.23693E+02
2937	353	2.23703E+02
2937	154	2.23712E+02
11039	360	2.23754E+02
2937	441	2.23760E+02
2937	519	2.23781E+02
11039	442	2.23800E+02
11039	484	2.23831E+02
3043	441	2.23837E+02
3043	563	2.23846E+02
2831	482	2.23847E+02
2886	393	2.23864E+02
2992	393	2.23875E+02
8732	156	2.23910E+02
4920	482	2.23922E+02
2974	276	2.23943E+02
11039	286	2.23958E+02
2780	614	2.23998E+02
2974	316	2.24030E+02
3043	519	2.24059E+02
2974	237	2.24071E+02
8820	120	2.24094E+02
2780	393	2.24118E+02
3043	353	2.24132E+02
1316	350	2.24141E+02
2974	236	2.24143E+02
1316	189	2.24185E+02
2807	278	2.24202E+02
2974	198	2.24217E+02
3043	154	2.24243E+02
8820	156	2.24255E+02
2937	312	2.24277E+02
2868	276	2.24277E+02
2937	561	2.24283E+02
2974	357	2.24307E+02
2937	477	2.24318E+02
2974	277	2.24324E+02
10876	485	2.24327E+02
2780	449	2.24361E+02
2868	316	2.24363E+02
10957	485	2.24364E+02
2762	276	2.24382E+02
2974	317	2.24393E+02
2937	394	2.24409E+02
2868	237	2.24415E+02
2974	197	2.24416E+02
2831	604	2.24441E+02
2762	316	2.24464E+02
2868	236	2.24467E+02
1248	366	2.24480E+02
10876	445	2.24483E+02
2974	356	2.24488E+02
8644	353	2.24499E+02
3043	561	2.24516E+02
2762	237	2.24522E+02
5023	606	2.24529E+02
2974	275	2.24535E+02
8820	353	2.24540E+02
2780	490	2.24543E+02
2831	523	2.24547E+02
2868	198	2.24555E+02
2762	236	2.24582E+02
2831	117	2.24596E+02
10876	365	2.24623E+02
8820	517	2.24630E+02
