GRAM	c2h2	chi_tot
3392	282	7.01048E+01
3392	243	7.02792E+01
3392	322	7.02820E+01
3286	282	7.05147E+01
3392	283	7.05884E+01
3286	243	7.06860E+01
3392	244	7.06985E+01
3286	322	7.07089E+01
3180	282	7.08003E+01
3392	362	7.08050E+01
3180	243	7.09621E+01
3180	322	7.10057E+01
3286	283	7.10421E+01
3392	321	7.11247E+01
3286	244	7.11503E+01
3286	362	7.12273E+01
3180	283	7.13294E+01
3180	244	7.14326E+01
3286	321	7.15098E+01
3180	362	7.15381E+01
3392	281	7.15954E+01
3392	323	7.16293E+01
3392	242	7.16684E+01
3180	321	7.18098E+01
3392	402	7.18223E+01
3392	403	7.18601E+01
3392	361	7.19243E+01
3392	363	7.19379E+01
3286	281	7.19616E+01
3286	242	7.20314E+01
3286	323	7.20968E+01
3392	204	7.20994E+01
3286	402	7.22284E+01
3180	281	7.22444E+01
3286	403	7.22972E+01
3180	242	7.23010E+01
3286	361	7.23083E+01
3180	323	7.23876E+01
3286	363	7.23961E+01
3286	204	7.24642E+01
3392	443	7.25289E+01
3180	402	7.25646E+01
3180	403	7.26113E+01
3180	361	7.26290E+01
3180	363	7.26924E+01
3180	204	7.27260E+01
3286	443	7.29426E+01
3392	444	7.31347E+01
3392	245	7.31942E+01
3180	443	7.32945E+01
3392	284	7.32956E+01
3392	484	7.35509E+01
3286	444	7.35704E+01
3286	245	7.36917E+01
3286	284	7.37931E+01
3180	444	7.38864E+01
3392	320	7.39114E+01
3286	484	7.39636E+01
3180	245	7.39797E+01
3392	401	7.40029E+01
3180	284	7.40804E+01
9016	404	7.41523E+01
3392	485	7.41983E+01
3392	442	7.42108E+01
3286	320	7.42541E+01
3392	404	7.42751E+01
9016	363	7.42813E+01
9016	323	7.43326E+01
3180	484	7.43377E+01
9016	364	7.43704E+01
3286	401	7.43739E+01
9016	284	7.44349E+01
9016	324	7.44593E+01
3180	320	7.45547E+01
3392	203	7.45634E+01
3392	241	7.45954E+01
3286	442	7.45965E+01
3286	485	7.46234E+01
9016	444	7.47085E+01
9016	445	7.47213E+01
3180	401	7.47257E+01
3286	404	7.47389E+01
3392	280	7.47900E+01
3392	525	7.47910E+01
3286	203	7.48870E+01
3286	241	7.49159E+01
9016	485	7.49308E+01
3180	485	7.49477E+01
3180	442	7.49753E+01
3180	404	7.50239E+01
11259	282	7.50347E+01
9016	403	7.50444E+01
3392	526	7.50648E+01
3392	360	7.50695E+01
11259	402	7.50739E+01
11259	321	7.50938E+01
11259	322	7.51027E+01
3286	280	7.51132E+01
11259	362	7.51144E+01
3180	203	7.51403E+01
9016	245	7.51685E+01
3180	241	7.51787E+01
3392	483	7.51834E+01
11259	361	7.51875E+01
3286	525	7.52002E+01
9016	486	7.52970E+01
3392	324	7.53675E+01
11177	282	7.53684E+01
3180	280	7.53919E+01
9016	283	7.54097E+01
3286	360	7.54133E+01
9016	526	7.54211E+01
11177	402	7.54272E+01
11177	321	7.54286E+01
11177	322	7.54451E+01
11177	362	7.54603E+01
3286	526	7.54770E+01
3392	364	7.54885E+01
11096	282	7.55175E+01
11177	361	7.55325E+01
3286	483	7.55760E+01
11096	321	7.55810E+01
11259	243	7.55822E+01
11096	402	7.55891E+01
11096	322	7.55980E+01
3180	525	7.56086E+01
11096	362	7.56157E+01
11259	443	7.56218E+01
11096	361	7.56917E+01
9016	527	7.56936E+01
3180	360	7.57396E+01
11259	442	7.57627E+01
3180	526	7.58232E+01
11259	281	7.58557E+01
3286	324	7.58741E+01
9016	285	7.58823E+01
9016	405	7.58917E+01
11177	243	7.59098E+01
3392	567	7.59567E+01
11177	443	7.59756E+01
3286	364	7.59795E+01
11259	483	7.59800E+01
9016	568	7.59822E+01
3180	483	7.59881E+01
11259	401	7.60422E+01
11096	243	7.60554E+01
3392	445	7.61274E+01
11177	442	7.61342E+01
11096	443	7.61365E+01
9016	567	7.61514E+01
3180	324	7.61559E+01
11177	281	7.61761E+01
11259	484	7.62241E+01
11259	283	7.62469E+01
3180	364	7.62564E+01
11096	442	7.63108E+01
11096	281	7.63210E+01
9016	244	7.63314E+01
9016	609	7.63418E+01
3392	566	7.63593E+01
3286	567	7.63593E+01
11177	483	7.63632E+01
11177	401	7.64007E+01
11259	242	7.64098E+01
11259	524	7.64311E+01
11259	403	7.65067E+01
11096	483	7.65469E+01
11096	401	7.65704E+01
11177	484	7.65762E+01
3286	445	7.65789E+01
11177	283	7.65924E+01
11259	244	7.66018E+01
9016	322	7.66181E+01
11259	525	7.66683E+01
9016	362	7.66918E+01
11177	242	7.67212E+01
11096	484	7.67357E+01
8928	404	7.67365E+01
3392	524	7.67439E+01
11096	283	7.67448E+01
3180	567	7.67463E+01
3286	566	7.67671E+01
8928	363	7.67835E+01
8928	323	7.68114E+01
11177	524	7.68294E+01
11177	403	7.68482E+01
3180	445	7.68499E+01
11096	242	7.68606E+01
11177	244	7.69449E+01
8928	284	7.69549E+01
11259	566	7.69710E+01
8928	364	7.69716E+01
11096	403	7.69982E+01
11177	525	7.70223E+01
11096	524	7.70231E+01
8928	324	7.70489E+01
11259	565	7.70643E+01
9016	365	7.70949E+01
11096	244	7.70964E+01
11259	320	7.71149E+01
3286	524	7.71405E+01
3392	608	7.71585E+01
9016	325	7.71797E+01
3392	486	7.71831E+01
11096	525	7.71833E+01
9016	484	7.71947E+01
9016	608	7.72173E+01
3180	566	7.72267E+01
11259	607	7.72605E+01
11259	204	7.72658E+01
8928	444	7.72697E+01
9016	443	7.72996E+01
11177	566	7.73353E+01
8928	445	7.73475E+01
9016	446	7.73887E+01
11259	323	7.73937E+01
11259	360	7.74131E+01
11259	363	7.74271E+01
11177	320	7.74394E+01
11177	565	7.74851E+01
11096	566	7.75039E+01
8928	485	7.75359E+01
8928	403	7.75407E+01
3286	608	7.75589E+01
11177	204	7.75721E+01
11096	320	7.75897E+01
3180	524	7.75970E+01
3392	527	7.75999E+01
3286	486	7.76125E+01
11177	607	7.76469E+01
8928	245	7.76529E+01
11096	565	7.76942E+01
11096	204	7.77081E+01
3392	568	7.77275E+01
11177	323	7.77409E+01
11177	360	7.77530E+01
11177	363	7.77693E+01
9016	525	7.77714E+01
8928	283	7.78098E+01
11096	607	7.78312E+01
3180	486	7.78757E+01
11096	323	7.78925E+01
11096	360	7.79133E+01
11096	363	7.79179E+01
11259	606	7.79388E+01
8928	486	7.79434E+01
3392	609	7.79545E+01
9016	610	7.79879E+01
3392	441	7.79930E+01
3286	527	7.80053E+01
3180	608	7.80093E+01
11259	444	7.80129E+01
8928	526	7.80637E+01
3286	568	7.81133E+01
3392	400	7.81695E+01
11259	482	7.81718E+01
3392	202	7.81722E+01
11259	441	7.82433E+01
3180	527	7.82753E+01
9016	487	7.82941E+01
3286	609	7.83300E+01
11177	444	7.83399E+01
3286	441	7.83457E+01
8928	527	7.83543E+01
3392	319	7.83668E+01
9016	569	7.83682E+01
11177	606	7.83922E+01
3180	568	7.84114E+01
11259	280	7.84343E+01
3392	285	7.84381E+01
3392	607	7.84408E+01
9016	402	7.84454E+01
3286	202	7.84564E+01
11284	282	7.84729E+01
11096	444	7.84793E+01
3286	400	7.85025E+01
8928	285	7.85192E+01
11284	243	7.85505E+01
8928	405	7.85515E+01
9016	282	7.85590E+01
9016	528	7.85592E+01
11177	482	7.85745E+01
11096	606	7.86234E+01
11177	441	7.86236E+01
11284	322	7.86623E+01
8928	568	7.86638E+01
11284	244	7.86642E+01
3286	319	7.86672E+01
11259	523	7.86701E+01
3180	609	7.86819E+01
8928	244	7.86936E+01
3180	202	7.87016E+01
11202	282	7.87164E+01
11177	280	7.87402E+01
3180	441	7.87425E+01
11202	243	7.87738E+01
11096	482	7.87753E+01
11284	283	7.87959E+01
3392	240	7.87982E+01
11259	241	7.88094E+01
11096	441	7.88105E+01
11121	282	7.88142E+01
8928	567	7.88362E+01
3286	607	7.88529E+01
11121	243	7.88597E+01
3180	400	7.88635E+01
11096	280	7.88801E+01
3392	565	7.89075E+01
11202	244	7.89192E+01
9016	566	7.89198E+01
11202	322	7.89365E+01
3392	482	7.89426E+01
3180	319	7.89660E+01
3286	285	7.89787E+01
8928	322	7.89813E+01
11121	244	7.90155E+01
11121	322	7.90492E+01
11259	485	7.90581E+01
8928	609	7.90605E+01
11202	283	7.90686E+01
3286	240	7.90777E+01
8928	362	7.90872E+01
11177	523	7.90985E+01
11177	241	7.91044E+01
3392	405	7.91477E+01
11259	608	7.91592E+01
11284	362	7.91672E+01
11259	400	7.91715E+01
11121	283	7.91748E+01
11096	241	7.92372E+01
11259	203	7.92601E+01
3180	285	7.92645E+01
3286	482	7.93080E+01
3286	565	7.93092E+01
11096	523	7.93158E+01
3180	240	7.93336E+01
11177	485	7.93674E+01
3180	607	7.93830E+01
3392	279	7.94131E+01
11177	608	7.94581E+01
11202	362	7.94593E+01
9016	243	7.94754E+01
11259	567	7.94776E+01
11096	485	7.94952E+01
11259	526	7.95120E+01
11284	321	7.95276E+01
11177	400	7.95290E+01
11177	203	7.95491E+01
11096	608	7.95825E+01
11121	362	7.95838E+01
3286	405	7.96335E+01
11259	564	7.96351E+01
11096	203	7.96778E+01
3286	279	7.96942E+01
11096	400	7.97027E+01
8928	484	7.97392E+01
11259	245	7.97404E+01
3180	482	7.97468E+01
11259	284	7.97469E+01
11177	567	7.97678E+01
11202	321	7.97759E+01
8928	443	7.97801E+01
8928	365	7.97857E+01
11177	526	7.98072E+01
3180	565	7.98244E+01
8928	325	7.98738E+01
11121	321	7.98825E+01
3180	405	7.98827E+01
11096	567	7.98850E+01
11284	402	7.98913E+01
11096	526	7.99265E+01
9016	286	7.99466E+01
8928	608	7.99570E+01
3392	359	7.99663E+01
3180	279	7.99679E+01
11284	323	8.00622E+01
8928	446	8.00639E+01
11177	564	8.00952E+01
11177	245	8.00985E+01
11177	284	8.01025E+01
11284	361	8.01169E+01
11284	281	8.01684E+01
11202	402	8.01987E+01
11096	245	8.02554E+01
11096	284	8.02571E+01
11284	242	8.02646E+01
3286	359	8.02687E+01
9016	406	8.03010E+01
11096	564	8.03337E+01
11121	402	8.03371E+01
11202	323	8.03596E+01
8928	525	8.03725E+01
11202	281	8.03817E+01
11202	361	8.03887E+01
11284	403	8.04360E+01
11202	242	8.04561E+01
11121	281	8.04703E+01
11121	323	8.04766E+01
11259	404	8.05034E+01
11121	361	8.05109E+01
11284	443	8.05210E+01
11121	242	8.05313E+01
11284	204	8.05825E+01
11284	363	8.05902E+01
3180	359	8.05967E+01
8928	610	8.06550E+01
9016	607	8.06583E+01
11202	403	8.07522E+01
11202	204	8.07587E+01
3392	610	8.07750E+01
3392	523	8.07899E+01
11121	204	8.08241E+01
11177	404	8.08263E+01
8928	282	8.08377E+01
8928	402	8.08428E+01
11202	443	8.08524E+01
11284	245	8.08619E+01
11259	319	8.08835E+01
11121	403	8.08852E+01
11202	363	8.08982E+01
11096	404	8.09600E+01
8928	487	8.09620E+01
11121	443	8.10024E+01
8928	569	8.10199E+01
11121	363	8.10220E+01
11259	605	8.10654E+01
9016	321	8.10747E+01
3286	610	8.11130E+01
3417	281	8.11462E+01
11202	245	8.11482E+01
3286	523	8.11649E+01
11177	319	8.11956E+01
8928	528	8.12145E+01
11121	245	8.12546E+01
3417	242	8.13051E+01
11096	319	8.13421E+01
3180	610	8.13490E+01
11284	484	8.13540E+01
11284	284	8.13753E+01
9016	361	8.13922E+01
3417	320	8.14946E+01
11259	359	8.15081E+01
3392	446	8.15219E+01
3392	365	8.15523E+01
11284	442	8.15550E+01
11177	605	8.15652E+01
8928	566	8.15801E+01
3417	321	8.15832E+01
3417	280	8.15989E+01
3392	569	8.16129E+01
3417	241	8.16240E+01
3392	325	8.16388E+01
3180	523	8.16552E+01
11202	284	8.16756E+01
11202	484	8.17039E+01
8928	243	8.17159E+01
11284	401	8.17444E+01
3392	606	8.17670E+01
11121	284	8.17892E+01
11096	605	8.18304E+01
11177	359	8.18390E+01
11121	484	8.18642E+01
11202	442	8.18825E+01
3417	361	8.19121E+01
3286	569	8.19709E+01
3286	446	8.19826E+01
9016	483	8.19862E+01
3311	281	8.19912E+01
11096	359	8.19980E+01
11284	444	8.20097E+01
11284	483	8.20127E+01
3417	204	8.20195E+01
3417	203	8.20254E+01
9016	611	8.20284E+01
11202	401	8.20365E+01
11121	442	8.20410E+01
3286	365	8.20727E+01
3417	360	8.21090E+01
11284	525	8.21473E+01
3311	242	8.21491E+01
3180	569	8.21651E+01
11259	324	8.21735E+01
11121	401	8.21761E+01
3286	606	8.21776E+01
3286	325	8.21824E+01
3180	446	8.21999E+01
3205	281	8.22871E+01
3311	320	8.22944E+01
11259	364	8.22956E+01
3180	365	8.23253E+01
11202	444	8.23359E+01
3392	528	8.23451E+01
9016	442	8.23459E+01
11202	483	8.23712E+01
3311	280	8.23740E+01
3311	241	8.23998E+01
3417	401	8.24094E+01
11259	202	8.24209E+01
11284	320	8.24225E+01
3205	242	8.24396E+01
3180	325	8.24520E+01
3311	321	8.24531E+01
3417	282	8.24714E+01
11121	444	8.24715E+01
3392	487	8.24773E+01
11259	279	8.24897E+01
9016	366	8.25126E+01
11259	240	8.25157E+01
11202	525	8.25164E+01
11177	324	8.25222E+01
11259	481	8.25452E+01
11121	483	8.25481E+01
3205	320	8.26019E+01
9016	326	8.26037E+01
3417	243	8.26067E+01
11177	364	8.26292E+01
11202	320	8.26424E+01
9016	524	8.26692E+01
11096	324	8.26704E+01
3205	280	8.26710E+01
9016	447	8.26778E+01
3205	241	8.26881E+01
11121	525	8.26893E+01
11177	202	8.26930E+01
8928	286	8.26964E+01
3392	201	8.27066E+01
3286	528	8.27341E+01
11121	320	8.27414E+01
3205	321	8.27537E+01
3180	606	8.27676E+01
11096	364	8.27679E+01
3311	361	8.27721E+01
11177	279	8.27802E+01
11259	440	8.27865E+01
11177	240	8.27940E+01
3311	203	8.28088E+01
11096	202	8.28144E+01
11284	524	8.28222E+01
3311	204	8.28682E+01
11284	566	8.28954E+01
3311	360	8.29007E+01
3286	487	8.29030E+01
11096	279	8.29143E+01
3180	528	8.29152E+01
11096	240	8.29200E+01
3286	201	8.29533E+01
11177	481	8.29568E+01
8928	406	8.30233E+01
11259	445	8.30336E+01
3205	361	8.30815E+01
3205	203	8.30921E+01
3180	487	8.30943E+01
11259	522	8.31442E+01
3417	319	8.31498E+01
3205	204	8.31562E+01
11096	481	8.31677E+01
11177	440	8.31678E+01
9016	570	8.31865E+01
3180	201	8.31906E+01
3417	442	8.32038E+01
11202	524	8.32122E+01
3205	360	8.32232E+01
11284	360	8.32239E+01
3311	401	8.32357E+01
9886	243	8.32515E+01
3417	402	8.32521E+01
3417	202	8.32696E+01
11284	485	8.32726E+01
11202	566	8.32894E+01
3417	240	8.33112E+01
8928	321	8.33190E+01
11177	445	8.33248E+01
11096	440	8.33597E+01
9886	282	8.33682E+01
8928	607	8.33872E+01
3311	282	8.33877E+01
11121	524	8.34095E+01
11096	445	8.34370E+01
11202	360	8.34713E+01
3392	564	8.34724E+01
11284	203	8.34754E+01
11121	566	8.34800E+01
11284	404	8.35205E+01
3311	243	8.35212E+01
11284	241	8.35444E+01
3205	401	8.35655E+01
3417	279	8.35679E+01
11121	360	8.35887E+01
11177	522	8.35890E+01
3417	400	8.35972E+01
9016	281	8.35995E+01
11202	485	8.36022E+01
3392	440	8.36105E+01
11202	203	8.36206E+01
11284	280	8.36213E+01
11259	609	8.36401E+01
3417	322	8.36704E+01
8928	361	8.36742E+01
11121	203	8.36749E+01
3205	282	8.36810E+01
11202	241	8.37042E+01
11284	607	8.37081E+01
11121	485	8.37386E+01
11121	241	8.37687E+01
3417	362	8.37847E+01
11202	280	8.38035E+01
3205	243	8.38136E+01
11096	522	8.38213E+01
11177	609	8.38319E+01
11202	404	8.38386E+01
9016	488	8.38424E+01
3286	564	8.38570E+01
3311	319	8.38802E+01
11121	280	8.38823E+01
11096	609	8.38842E+01
11284	565	8.39087E+01
9016	529	8.39096E+01
11284	324	8.39141E+01
9886	321	8.39184E+01
3286	440	8.39261E+01
9886	242	8.39446E+01
3417	441	8.39593E+01
11121	404	8.39620E+01
3311	202	8.39905E+01
9886	281	8.39965E+01
3311	240	8.40214E+01
3392	399	8.40322E+01
3392	239	8.40328E+01
3311	442	8.40429E+01
11284	526	8.40661E+01
3417	483	8.41098E+01
3417	359	8.41264E+01
11202	607	8.41365E+01
3311	402	8.41417E+01
9016	401	8.41454E+01
9886	322	8.41582E+01
11259	399	8.41598E+01
3205	319	8.41921E+01
3392	318	8.42018E+01
9016	565	8.42222E+01
11202	324	8.42317E+01
9886	204	8.42324E+01
3205	202	8.42693E+01
3286	239	8.42730E+01
3311	279	8.42752E+01
9016	242	8.43067E+01
3205	240	8.43071E+01
3286	399	8.43249E+01
3180	440	8.43327E+01
11202	565	8.43349E+01
11121	324	8.43511E+01
11121	607	8.43522E+01
3311	400	8.43577E+01
3205	442	8.43807E+01
11202	526	8.43997E+01
3180	564	8.44110E+01
9886	244	8.44110E+01
11259	563	8.44431E+01
3205	402	8.44470E+01
8928	483	8.44513E+01
3286	318	8.44602E+01
11284	567	8.44709E+01
11177	399	8.45110E+01
3180	239	8.45218E+01
11259	486	8.45308E+01
11284	364	8.45352E+01
11121	526	8.45390E+01
11121	565	8.45571E+01
3205	279	8.45722E+01
3417	443	8.45725E+01
9886	361	8.45819E+01
3392	481	8.45856E+01
11259	568	8.45881E+01
3311	322	8.46107E+01
8928	611	8.46154E+01
11284	608	8.46728E+01
11096	399	8.46850E+01
3180	399	8.46896E+01
3205	400	8.47056E+01
3311	362	8.47117E+01
8928	442	8.47319E+01
3311	441	8.47380E+01
3180	318	8.47552E+01
9886	362	8.47553E+01
9886	283	8.47763E+01
11177	486	8.47859E+01
11177	568	8.47877E+01
11202	567	8.48152E+01
3417	482	8.48295E+01
9016	204	8.48410E+01
11096	568	8.48432E+01
3311	359	8.48495E+01
11202	364	8.48541E+01
11096	486	8.48749E+01
3205	322	8.49016E+01
3286	481	8.49178E+01
11177	563	8.49257E+01
11284	441	8.49390E+01
3311	483	8.49462E+01
11121	567	8.49632E+01
11121	364	8.49742E+01
11259	527	8.49806E+01
3205	362	8.50035E+01
11202	608	8.50389E+01
3417	524	8.50741E+01
3205	441	8.51042E+01
11284	482	8.51157E+01
9886	402	8.51772E+01
3205	359	8.51810E+01
11096	563	8.51830E+01
3392	278	8.51961E+01
11177	527	8.52030E+01
11121	608	8.52041E+01
8928	524	8.52059E+01
11202	441	8.52540E+01
11096	527	8.52717E+01
8928	366	8.52828E+01
3205	483	8.52981E+01
11284	606	8.53134E+01
3180	481	8.53723E+01
8928	447	8.53857E+01
8928	326	8.53950E+01
11121	441	8.54157E+01
3286	278	8.54364E+01
3311	443	8.54673E+01
11202	482	8.54712E+01
3392	611	8.55045E+01
3417	484	8.55257E+01
3417	201	8.55361E+01
3311	482	8.56122E+01
11121	482	8.56574E+01
3180	278	8.57041E+01
9886	320	8.57225E+01
11259	285	8.57516E+01
8928	281	8.57566E+01
3205	443	8.57678E+01
11284	400	8.57729E+01
8928	570	8.57830E+01
11202	606	8.57834E+01
3417	244	8.57875E+01
3286	611	8.57934E+01
3417	283	8.58276E+01
9886	401	8.58969E+01
3180	611	8.58977E+01
3311	524	8.58988E+01
11284	523	8.59817E+01
3205	482	8.60027E+01
11121	606	8.60366E+01
11202	400	8.60439E+01
3417	523	8.60920E+01
11284	445	8.60959E+01
11259	318	8.61030E+01
11177	285	8.61153E+01
3417	239	8.61296E+01
3417	525	8.61493E+01
3392	286	8.61738E+01
11121	400	8.61809E+01
9886	203	8.61929E+01
3311	201	8.61974E+01
3417	565	8.62199E+01
9886	241	8.62336E+01
9886	442	8.62398E+01
11096	285	8.62708E+01
3205	524	8.62758E+01
3417	318	8.62774E+01
3392	358	8.63101E+01
3417	403	8.63276E+01
9886	443	8.63348E+01
11202	523	8.63781E+01
11259	604	8.63881E+01
11177	318	8.64008E+01
9886	280	8.64070E+01
11202	445	8.64076E+01
11284	285	8.64080E+01
3311	484	8.64091E+01
8928	242	8.64271E+01
8928	401	8.64344E+01
3205	201	8.64719E+01
3392	406	8.64831E+01
8928	488	8.65126E+01
11121	445	8.65233E+01
11259	201	8.65270E+01
8928	529	8.65376E+01
11096	318	8.65423E+01
3417	399	8.65546E+01
3286	358	8.65707E+01
9886	360	8.65722E+01
11121	523	8.65908E+01
9016	606	8.65943E+01
3417	440	8.66072E+01
3417	566	8.66672E+01
9886	323	8.66685E+01
3392	522	8.66984E+01
3205	484	8.67108E+01
11202	285	8.67342E+01
3286	286	8.67566E+01
3311	244	8.67744E+01
3311	239	8.67771E+01
11177	201	8.67823E+01
3417	278	8.67963E+01
3311	283	8.68162E+01
8928	565	8.68306E+01
9886	403	8.68447E+01
11121	285	8.68540E+01
3311	523	8.68696E+01
11096	201	8.68965E+01
3180	358	8.68969E+01
11177	604	8.69147E+01
3311	318	8.69400E+01
8928	204	8.69416E+01
3286	406	8.69857E+01
3392	605	8.70005E+01
9886	483	8.70077E+01
3311	525	8.70122E+01
3311	565	8.70292E+01
3180	286	8.70390E+01
3286	522	8.70439E+01
3205	239	8.70597E+01
3205	244	8.70682E+01
11284	319	8.70786E+01
3205	283	8.71055E+01
11259	405	8.71444E+01
11259	358	8.71578E+01
3180	406	8.71925E+01
11096	604	8.72013E+01
3311	399	8.72481E+01
3205	318	8.72539E+01
11202	319	8.72685E+01
3311	403	8.72768E+01
11259	239	8.72814E+01
3205	523	8.72942E+01
9886	363	8.72970E+01
3311	440	8.73221E+01
3205	525	8.73272E+01
9016	407	8.73436E+01
11121	319	8.73585E+01
3417	607	8.73595E+01
3286	605	8.73970E+01
11284	564	8.74099E+01
9016	320	8.74169E+01
3311	278	8.74382E+01
11177	405	8.74416E+01
3205	565	8.74460E+01
9886	484	8.74624E+01
11177	358	8.74765E+01
3417	481	8.74782E+01
3392	570	8.74945E+01
3311	566	8.75068E+01
11284	202	8.75298E+01
11177	239	8.75430E+01
3205	403	8.75509E+01
3180	522	8.75545E+01
11096	405	8.75548E+01
3205	399	8.76081E+01
11096	358	8.76320E+01
11202	202	8.76447E+01
11096	239	8.76621E+01
9886	245	8.76730E+01
3417	358	8.76831E+01
11121	202	8.76881E+01
3205	440	8.77083E+01
3417	606	8.77327E+01
3205	278	8.77341E+01
11259	278	8.77484E+01
3417	564	8.77858E+01
11284	486	8.77934E+01
3286	570	8.78146E+01
11202	564	8.78506E+01
3205	566	8.78522E+01
3180	570	8.78912E+01
3417	363	8.79275E+01
3392	163	8.79344E+01
9886	524	8.79545E+01
3392	200	8.79737E+01
3417	323	8.79806E+01
11177	278	8.80228E+01
3180	605	8.80273E+01
11202	486	8.80910E+01
11121	564	8.80934E+01
9016	360	8.81081E+01
11284	240	8.81346E+01
3286	163	8.81469E+01
11096	278	8.81504E+01
3311	607	8.81778E+01
3286	200	8.81849E+01
11284	609	8.81887E+01
11121	486	8.81963E+01
3311	481	8.82016E+01
3417	444	8.82199E+01
11284	359	8.82202E+01
11202	240	8.82631E+01
9016	612	8.82906E+01
11121	240	8.83166E+01
3311	358	8.83382E+01
3180	163	8.83683E+01
9886	525	8.83729E+01
3180	200	8.84146E+01
9835	245	8.84269E+01
11202	359	8.84398E+01
9886	284	8.84504E+01
11202	609	8.84727E+01
9886	441	8.84826E+01
3311	606	8.85269E+01
11121	359	8.85499E+01
3311	564	8.85540E+01
11284	279	8.85625E+01
11284	527	8.85722E+01
3205	607	8.85736E+01
11121	609	8.85752E+01
9835	284	8.85848E+01
11284	568	8.86151E+01
3205	481	8.86197E+01
3417	200	8.86335E+01
3205	358	8.86749E+01
11202	279	8.87132E+01
11259	480	8.87665E+01
11121	279	8.87814E+01
9886	400	8.87943E+01
11202	527	8.88561E+01
3417	163	8.88585E+01
11202	568	8.88927E+01
3311	363	8.89192E+01
9886	444	8.89267E+01
11121	527	8.89531E+01
9886	482	8.89723E+01
11121	568	8.89878E+01
3417	608	8.89899E+01
3311	323	8.89904E+01
3205	606	8.90005E+01
3417	522	8.90106E+01
3205	564	8.90253E+01
9886	565	8.90476E+01
11259	439	8.90538E+01
9016	482	8.90915E+01
9886	566	8.91076E+01
3311	444	8.91646E+01
11177	480	8.91773E+01
3392	529	8.91884E+01
3205	363	8.91888E+01
3417	485	8.91961E+01
11284	405	8.92015E+01
3417	567	8.92196E+01
3311	200	8.92383E+01
3392	447	8.92614E+01
3205	323	8.92688E+01
8928	606	8.92806E+01
9886	319	8.93110E+01
9886	202	8.93500E+01
11284	605	8.93804E+01
11096	480	8.93921E+01
9835	323	8.94147E+01
3417	526	8.94155E+01
3205	444	8.94187E+01
11177	439	8.94290E+01
3311	163	8.94671E+01
9835	324	8.94844E+01
3205	200	8.95086E+01
11202	405	8.95144E+01
11259	521	8.95200E+01
8928	320	8.95402E+01
3286	529	8.95522E+01
11259	325	8.95883E+01
9016	441	8.96004E+01
11096	439	8.96214E+01
11121	405	8.96240E+01
3180	529	8.96326E+01
9835	283	8.96729E+01
3286	447	8.97250E+01
3205	163	8.97309E+01
3311	522	8.97338E+01
9835	244	8.97661E+01
9886	607	8.98139E+01
11259	365	8.98179E+01
3311	608	8.98187E+01
3392	563	8.98251E+01
3417	238	8.98628E+01
9886	240	8.98670E+01
11202	605	8.98710E+01
3180	447	8.98801E+01
9835	285	8.99122E+01
9016	523	8.99206E+01
11177	325	8.99350E+01
11177	521	8.99686E+01
9886	523	8.99847E+01
3392	488	8.99878E+01
3417	605	9.00108E+01
11096	325	9.00777E+01
3311	567	9.00779E+01
3392	238	9.00783E+01
8928	407	9.01150E+01
3205	608	9.01173E+01
3311	485	9.01186E+01
11177	365	9.01378E+01
11121	605	9.01487E+01
3392	366	9.01528E+01
3286	563	9.01830E+01
9835	363	9.01916E+01
3205	522	9.01924E+01
11096	521	9.02078E+01
9016	280	9.02312E+01
11096	365	9.02636E+01
9016	571	9.02704E+01
8928	360	9.02718E+01
9835	364	9.02728E+01
3286	238	9.02810E+01
3311	526	9.03069E+01
3205	567	9.03350E+01
9886	279	9.03366E+01
11284	325	9.03424E+01
3205	485	9.03585E+01
9886	606	9.03626E+01
3286	488	9.04020E+01
11284	440	9.04121E+01
11284	481	9.04255E+01
9016	203	9.04421E+01
3311	238	9.04505E+01
9886	485	9.04551E+01
9886	359	9.04688E+01
9016	448	9.04920E+01
3180	488	9.05114E+01
3392	326	9.05162E+01
3180	238	9.05227E+01
9016	241	9.05330E+01
3205	526	9.05458E+01
3417	317	9.06034E+01
11259	610	9.06056E+01
9016	367	9.06073E+01
11096	610	9.06413E+01
11259	398	9.06672E+01
11177	610	9.06724E+01
11202	325	9.06768E+01
11259	446	9.06915E+01
3286	366	9.06990E+01
11202	440	9.07068E+01
3205	238	9.07300E+01
3392	439	9.07421E+01
3180	563	9.07594E+01
9016	327	9.07653E+01
11202	481	9.07675E+01
3311	605	9.07686E+01
8928	612	9.07716E+01
11121	325	9.07964E+01
9835	404	9.08574E+01
3417	439	9.08582E+01
11121	440	9.08665E+01
3180	366	9.09226E+01
11177	446	9.09379E+01
11121	481	9.09561E+01
3417	398	9.09827E+01
11177	398	9.10073E+01
11096	446	9.10174E+01
3286	439	9.10178E+01
9886	404	9.10296E+01
3417	277	9.10399E+01
11284	365	9.10768E+01
3286	326	9.10945E+01
3417	245	9.10998E+01
3392	317	9.11268E+01
11259	562	9.11469E+01
3417	563	9.11760E+01
11096	398	9.11786E+01
3311	317	9.12003E+01
3392	398	9.12652E+01
3205	605	9.13004E+01
9886	526	9.13342E+01
3286	317	9.13442E+01
3180	326	9.13488E+01
11259	200	9.13837E+01
11202	365	9.14016E+01
11284	522	9.14017E+01
3180	439	9.14268E+01
9886	564	9.14300E+01
3417	284	9.14452E+01
8928	482	9.14607E+01
3311	439	9.15074E+01
3205	317	9.15145E+01
11121	365	9.15150E+01
3286	398	9.15164E+01
9016	530	9.15909E+01
3311	398	9.16091E+01
3311	277	9.16191E+01
11177	200	9.16227E+01
9886	324	9.16267E+01
3180	317	9.16337E+01
11177	562	9.16369E+01
11259	163	9.16442E+01
11284	399	9.16892E+01
9886	567	9.16960E+01
9835	403	9.17121E+01
11096	200	9.17298E+01
3417	404	9.17662E+01
9886	608	9.17664E+01
9835	322	9.17687E+01
3417	480	9.17777E+01
11202	522	9.17909E+01
3392	480	9.17988E+01
9016	489	9.18092E+01
9016	400	9.18556E+01
9016	564	9.18685E+01
11177	163	9.18767E+01
3180	398	9.18797E+01
8928	441	9.18797E+01
3392	277	9.18859E+01
3311	563	9.18940E+01
11096	562	9.19033E+01
3205	439	9.19059E+01
3205	277	9.19131E+01
11202	399	9.19338E+01
3205	398	9.19759E+01
11096	163	9.19794E+01
3392	612	9.19966E+01
11121	522	9.20101E+01
3417	162	9.20530E+01
11121	399	9.20646E+01
3286	277	9.20869E+01
3286	480	9.20932E+01
9835	444	9.20997E+01
9835	325	9.21223E+01
3311	245	9.21606E+01
3180	612	9.21847E+01
9835	445	9.21915E+01
11259	569	9.22094E+01
3286	612	9.22261E+01
8928	280	9.22674E+01
11096	569	9.22869E+01
11177	569	9.23030E+01
9886	364	9.23456E+01
3180	277	9.23480E+01
8928	523	9.23715E+01
3417	199	9.23951E+01
3205	563	9.24033E+01
8928	203	9.24307E+01
3311	480	9.24381E+01
3205	245	9.24553E+01
11259	317	9.24769E+01
3417	357	9.24838E+01
3311	284	9.25064E+01
11284	201	9.25304E+01
8928	241	9.25358E+01
3180	480	9.25535E+01
11259	487	9.25984E+01
3311	162	9.26125E+01
11202	201	9.26158E+01
9835	405	9.26193E+01
9835	362	9.26217E+01
3417	609	9.26258E+01
11121	201	9.26485E+01
11177	317	9.27588E+01
11284	446	9.27616E+01
3311	404	9.27706E+01
11177	487	9.27883E+01
8928	571	9.27887E+01
3205	284	9.27901E+01
9886	440	9.28166E+01
11096	487	9.28317E+01
3205	162	9.28717E+01
3205	480	9.28737E+01
11259	238	9.28830E+01
11096	317	9.28943E+01
3311	199	9.29464E+01
9835	282	9.29606E+01
9835	365	9.29615E+01
9835	485	9.29946E+01
11259	528	9.29977E+01
3205	404	9.30068E+01
3392	162	9.30261E+01
11202	446	9.30498E+01
3311	357	9.30724E+01
9835	243	9.31131E+01
11177	238	9.31279E+01
11177	528	9.31341E+01
9886	481	9.31343E+01
11121	446	9.31400E+01
11096	528	9.31441E+01
11284	563	9.31747E+01
3286	162	9.32075E+01
11284	318	9.32107E+01
3205	199	9.32125E+01
8928	448	9.32166E+01
11096	238	9.32399E+01
9886	605	9.33196E+01
11202	318	9.33691E+01
3205	357	9.34112E+01
3180	162	9.34216E+01
8928	367	9.34461E+01
11121	318	9.34489E+01
3311	609	9.34515E+01
9835	486	9.34783E+01
9886	201	9.34901E+01
11259	603	9.35501E+01
3417	521	9.35588E+01
9886	399	9.35939E+01
11202	563	9.36133E+01
3205	609	9.36343E+01
8928	327	9.36455E+01
3392	357	9.37855E+01
11284	239	9.37956E+01
3392	199	9.38071E+01
9835	286	9.38146E+01
11121	563	9.38660E+01
3417	568	9.38737E+01
11202	239	9.38931E+01
3392	604	9.39040E+01
11121	239	9.39357E+01
11259	277	9.39527E+01
3286	199	9.39845E+01
3417	604	9.39984E+01
3286	357	9.40044E+01
8928	400	9.40288E+01
11284	286	9.40341E+01
11259	357	9.40361E+01
9886	445	9.40782E+01
11177	603	9.40854E+01
9835	526	9.40901E+01
11284	610	9.41313E+01
3392	521	9.41597E+01
8928	530	9.41708E+01
3180	199	9.42069E+01
11177	277	9.42104E+01
3417	445	9.42160E+01
3311	521	9.42220E+01
9886	522	9.42558E+01
3286	604	9.42751E+01
11202	610	9.43151E+01
3417	237	9.43176E+01
3180	357	9.43259E+01
11096	277	9.43312E+01
11177	357	9.43399E+01
11121	610	9.43435E+01
11096	603	9.43820E+01
11202	286	9.43840E+01
8928	564	9.43995E+01
9886	318	9.44061E+01
11259	286	9.44232E+01
8928	489	9.44632E+01
3286	521	9.44693E+01
3417	364	9.44805E+01
11096	357	9.44900E+01
11121	286	9.45088E+01
9835	527	9.45206E+01
9886	285	9.45787E+01
9886	239	9.46082E+01
9835	443	9.46237E+01
3417	324	9.46919E+01
3205	521	9.47018E+01
3311	604	9.47092E+01
11284	278	9.47277E+01
3311	568	9.47387E+01
11177	286	9.47930E+01
11284	358	9.48024E+01
9016	605	9.48251E+01
11284	487	9.48460E+01
11202	278	9.48467E+01
3311	237	9.48486E+01
3417	527	9.48770E+01
3205	568	9.48917E+01
11121	278	9.49039E+01
9835	446	9.49045E+01
3180	604	9.49269E+01
11096	286	9.49481E+01
3180	521	9.49878E+01
11202	358	9.49914E+01
11121	358	9.50922E+01
11202	487	9.51005E+01
9835	402	9.51022E+01
3205	237	9.51246E+01
9835	484	9.51462E+01
3417	486	9.51487E+01
11121	487	9.51679E+01
3311	445	9.52040E+01
11284	569	9.52075E+01
3392	571	9.52239E+01
3205	604	9.52800E+01
9016	319	9.53311E+01
9835	567	9.53488E+01
9835	568	9.53802E+01
3205	445	9.54028E+01
11202	569	9.54028E+01
11121	569	9.54354E+01
3180	571	9.54435E+01
3286	571	9.54968E+01
9886	278	9.55259E+01
3311	364	9.55339E+01
11284	528	9.55623E+01
11284	604	9.56717E+01
3417	161	9.57024E+01
3311	324	9.57699E+01
3205	364	9.57765E+01
11202	528	9.57832E+01
3311	527	9.57865E+01
11121	528	9.58299E+01
3417	316	9.58625E+01
3205	527	9.59357E+01
9886	358	9.59783E+01
9886	486	9.59992E+01
3205	324	9.60328E+01
9886	563	9.60481E+01
3417	276	9.60727E+01
3311	486	9.61017E+01
3417	562	9.61189E+01
11202	604	9.61634E+01
9886	609	9.61900E+01
3311	161	9.62154E+01
3392	407	9.62203E+01
9835	609	9.62278E+01
3205	486	9.62687E+01
9835	525	9.62883E+01
9835	321	9.63376E+01
11259	162	9.63707E+01
3417	438	9.63896E+01
3311	316	9.63965E+01
11259	406	9.64311E+01
11259	479	9.64511E+01
11121	604	9.64529E+01
3205	161	9.64702E+01
9016	359	9.65164E+01
9835	487	9.65501E+01
3417	397	9.65669E+01
11177	162	9.65881E+01
9016	613	9.65910E+01
3311	276	9.65923E+01
11259	438	9.66729E+01
3417	198	9.66771E+01
11096	162	9.66841E+01
11177	406	9.66960E+01
3205	316	9.67091E+01
3286	407	9.67347E+01
3392	237	9.67388E+01
3311	562	9.67796E+01
9886	568	9.67815E+01
11096	406	9.67843E+01
9886	527	9.68210E+01
11259	199	9.68231E+01
11177	479	9.68526E+01
9835	608	9.68607E+01
3205	276	9.68835E+01
3180	407	9.68927E+01
3286	237	9.69058E+01
9016	408	9.69242E+01
3311	438	9.69727E+01
9835	406	9.69920E+01
9016	202	9.70187E+01
11177	438	9.70358E+01
11177	199	9.70461E+01
11096	479	9.70658E+01
3311	397	9.71271E+01
3180	237	9.71403E+01
11096	199	9.71462E+01
3311	198	9.71778E+01
11096	438	9.72248E+01
3205	562	9.73118E+01
8928	319	9.73330E+01
3205	438	9.73767E+01
9835	361	9.73895E+01
9835	326	9.73986E+01
11259	520	9.74010E+01
3417	479	9.74035E+01
8928	605	9.74386E+01
3205	198	9.74399E+01
11284	406	9.74541E+01
3205	397	9.74963E+01
9835	528	9.75002E+01
11284	480	9.76200E+01
11284	439	9.76464E+01
3392	562	9.76533E+01
11202	406	9.77549E+01
9886	405	9.77782E+01
11177	520	9.78426E+01
11121	406	9.78465E+01
9016	240	9.78765E+01
11202	439	9.79141E+01
9835	569	9.79289E+01
9835	566	9.79302E+01
11202	480	9.79388E+01
3286	562	9.79767E+01
3392	530	9.79845E+01
3311	479	9.79989E+01
11121	439	9.80672E+01
11096	520	9.80817E+01
9835	610	9.80907E+01
11121	480	9.81237E+01
9835	204	9.81460E+01
9016	279	9.81522E+01
3417	610	9.81892E+01
9835	281	9.81925E+01
9016	481	9.81965E+01
9835	242	9.81986E+01
3417	356	9.82365E+01
9835	366	9.82732E+01
3180	530	9.82837E+01
11284	200	9.82865E+01
3286	530	9.83148E+01
11259	397	9.83403E+01
11202	200	9.83433E+01
11121	200	9.83656E+01
9886	200	9.84231E+01
3205	479	9.84428E+01
9886	604	9.84665E+01
11284	163	9.84724E+01
3392	161	9.84860E+01
11202	163	9.85162E+01
11121	163	9.85297E+01
8928	359	9.85589E+01
3180	562	9.85606E+01
9886	163	9.86308E+01
3286	161	9.86380E+01
11177	397	9.86653E+01
9016	440	9.87320E+01
11284	521	9.87600E+01
3311	356	9.87610E+01
11096	397	9.88311E+01
3180	161	9.88451E+01
3392	316	9.88640E+01
8928	202	9.88990E+01
9886	439	9.89280E+01
8928	613	9.89429E+01
3311	610	9.89986E+01
3392	438	9.90367E+01
3286	316	9.90416E+01
3205	610	9.90487E+01
3205	356	9.90989E+01
11259	237	9.91219E+01
11202	521	9.91296E+01
9886	325	9.91473E+01
11284	398	9.91623E+01
9886	480	9.91874E+01
9016	522	9.92194E+01
3392	448	9.92364E+01
3392	276	9.92493E+01
3286	438	9.92706E+01
3417	236	9.93231E+01
3180	316	9.93242E+01
11259	561	9.93364E+01
11121	521	9.93475E+01
11177	237	9.93502E+01
11202	398	9.93763E+01
11284	326	9.93979E+01
3417	520	9.94103E+01
3286	276	9.94127E+01
3417	603	9.94180E+01
9016	572	9.94423E+01
11096	237	9.94551E+01
11121	398	9.94980E+01
3417	285	9.95150E+01
3392	397	9.95307E+01
3392	489	9.95802E+01
3417	405	9.96230E+01
9835	442	9.96584E+01
3180	276	9.96665E+01
3180	438	9.96758E+01
11096	611	9.96909E+01
3286	448	9.96967E+01
3417	160	9.97071E+01
11259	326	9.97144E+01
11259	316	9.97206E+01
8928	408	9.97313E+01
3286	397	9.97401E+01
11202	326	9.97455E+01
8928	240	9.97648E+01
3180	448	9.97819E+01
3311	236	9.98006E+01
11177	611	9.98155E+01
11177	561	9.98204E+01
11121	326	9.98634E+01
9835	483	9.98771E+01
11259	611	9.98898E+01
9886	365	9.99659E+01
3286	489	9.99757E+01
9886	398	9.99769E+01
11177	316	9.99856E+01
3180	489	9.99940E+01
3311	520	1.00010E+02
11259	366	1.00018E+02
11177	326	1.00056E+02
3180	613	1.00063E+02
3392	198	1.00064E+02
8928	279	1.00070E+02
3205	236	1.00073E+02
3311	603	1.00073E+02
9835	607	1.00086E+02
11096	561	1.00087E+02
3180	397	1.00098E+02
3392	613	1.00102E+02
11096	316	1.00114E+02
9835	447	1.00159E+02
3311	160	1.00176E+02
11096	326	1.00191E+02
3286	198	1.00209E+02
11284	366	1.00212E+02
3392	479	1.00225E+02
9886	238	1.00241E+02
3286	613	1.00263E+02
11284	238	1.00309E+02
11177	366	1.00319E+02
11308	319	1.00344E+02
11202	238	1.00377E+02
11121	238	1.00408E+02
3180	198	1.00425E+02
3205	160	1.00427E+02
11096	366	1.00429E+02
11308	359	1.00443E+02
8928	481	1.00456E+02
9886	521	1.00463E+02
3286	479	1.00478E+02
11308	400	1.00499E+02
3205	520	1.00500E+02
11284	317	1.00530E+02
11202	366	1.00538E+02
3417	569	1.00548E+02
11308	280	1.00557E+02
11121	366	1.00641E+02
3311	285	1.00648E+02
11308	360	1.00656E+02
11202	317	1.00656E+02
3205	603	1.00666E+02
3311	405	1.00677E+02
11308	279	1.00693E+02
9016	449	1.00694E+02
11121	317	1.00725E+02
9886	317	1.00726E+02
11308	320	1.00733E+02
9835	401	1.00857E+02
11259	276	1.00866E+02
3205	405	1.00869E+02
11284	562	1.00872E+02
8928	440	1.00895E+02
11259	447	1.00919E+02
3205	285	1.00925E+02
3180	479	1.00936E+02
11308	441	1.00970E+02
11308	440	1.00977E+02
11308	241	1.00989E+02
11308	240	1.00994E+02
9835	524	1.01089E+02
11308	399	1.01095E+02
11177	276	1.01106E+02
11177	447	1.01112E+02
11226	319	1.01153E+02
11096	447	1.01153E+02
11308	481	1.01190E+02
11096	276	1.01220E+02
9016	399	1.01228E+02
3392	367	1.01246E+02
11226	359	1.01253E+02
11202	562	1.01294E+02
9016	368	1.01300E+02
11226	400	1.01324E+02
3417	197	1.01355E+02
11226	280	1.01383E+02
3311	569	1.01408E+02
9016	531	1.01433E+02
3205	569	1.01442E+02
11308	482	1.01449E+02
11259	161	1.01479E+02
11145	319	1.01484E+02
11226	279	1.01489E+02
11226	360	1.01489E+02
11308	318	1.01538E+02
11121	562	1.01547E+02
9016	563	1.01550E+02
8928	522	1.01566E+02
11226	320	1.01569E+02
11308	202	1.01570E+02
11308	522	1.01571E+02
11145	359	1.01586E+02
11145	400	1.01660E+02
11177	161	1.01682E+02
3417	275	1.01689E+02
11145	280	1.01718E+02
9886	277	1.01728E+02
9886	446	1.01762E+02
11096	161	1.01771E+02
11226	240	1.01789E+02
11308	523	1.01791E+02
11226	440	1.01796E+02
11226	441	1.01801E+02
3417	315	1.01807E+02
3311	197	1.01809E+02
3286	367	1.01814E+02
11145	279	1.01815E+02
11226	241	1.01816E+02
11259	356	1.01824E+02
11145	360	1.01825E+02
8928	572	1.01861E+02
11308	401	1.01864E+02
11284	277	1.01866E+02
11308	203	1.01885E+02
11226	399	1.01901E+02
11145	320	1.01906E+02
11284	447	1.01911E+02
11308	358	1.01915E+02
11202	277	1.01953E+02
11121	277	1.01999E+02
3392	327	1.02001E+02
3180	367	1.02004E+02
11226	481	1.02018E+02
11308	564	1.02020E+02
11308	281	1.02023E+02
9016	490	1.02036E+02
11096	570	1.02061E+02
3205	197	1.02067E+02
9835	488	1.02082E+02
3392	356	1.02083E+02
11308	563	1.02099E+02
11177	356	1.02110E+02
11145	240	1.02114E+02
11259	602	1.02124E+02
11145	441	1.02136E+02
11145	440	1.02137E+02
11145	241	1.02151E+02
3311	275	1.02152E+02
3392	603	1.02157E+02
11177	570	1.02157E+02
11202	447	1.02167E+02
11308	278	1.02172E+02
11259	570	1.02183E+02
11308	239	1.02199E+02
11121	447	1.02226E+02
11145	399	1.02237E+02
11308	605	1.02246E+02
11096	356	1.02254E+02
3286	356	1.02262E+02
9835	611	1.02270E+02
11226	482	1.02278E+02
3311	315	1.02281E+02
3417	561	1.02286E+02
11284	611	1.02305E+02
11121	611	1.02317E+02
11226	318	1.02318E+02
11308	201	1.02340E+02
11145	481	1.02363E+02
11226	202	1.02369E+02
11202	611	1.02372E+02
11226	522	1.02407E+02
11308	242	1.02424E+02
3205	275	1.02440E+02
3417	528	1.02459E+02
3286	603	1.02494E+02
3417	446	1.02551E+02
3180	356	1.02576E+02
9886	562	1.02590E+02
3205	315	1.02591E+02
3286	327	1.02611E+02
11145	482	1.02612E+02
11226	523	1.02619E+02
11145	318	1.02642E+02
11284	357	1.02651E+02
11177	602	1.02653E+02
11145	202	1.02695E+02
11226	358	1.02699E+02
11259	198	1.02701E+02
11226	401	1.02704E+02
11226	203	1.02715E+02
11145	522	1.02757E+02
9886	357	1.02790E+02
11202	357	1.02808E+02
3392	520	1.02812E+02
9835	570	1.02821E+02
11308	604	1.02826E+02
11308	439	1.02832E+02
11308	361	1.02835E+02
3180	327	1.02847E+02
11226	564	1.02849E+02
9835	320	1.02865E+02
3417	437	1.02869E+02
9835	529	1.02871E+02
11226	281	1.02879E+02
3311	561	1.02884E+02
11308	480	1.02891E+02
11121	357	1.02897E+02
11177	198	1.02908E+02
11226	278	1.02938E+02
11226	563	1.02945E+02
11096	602	1.02949E+02
11145	523	1.02951E+02
9886	610	1.02954E+02
11226	239	1.02964E+02
11308	321	1.02975E+02
3417	396	1.02996E+02
11096	198	1.03001E+02
11145	358	1.03027E+02
11145	401	1.03037E+02
11145	203	1.03051E+02
3286	520	1.03081E+02
11226	605	1.03082E+02
11308	442	1.03105E+02
11226	201	1.03109E+02
9835	565	1.03110E+02
11259	488	1.03148E+02
3180	603	1.03150E+02
11145	564	1.03185E+02
11145	281	1.03222E+02
11096	488	1.03254E+02
11145	278	1.03255E+02
11177	488	1.03263E+02
11145	239	1.03279E+02
8928	399	1.03280E+02
11226	242	1.03282E+02
9886	286	1.03292E+02
11145	563	1.03304E+02
3417	487	1.03332E+02
11308	398	1.03352E+02
11308	521	1.03360E+02
3311	528	1.03377E+02
3311	437	1.03387E+02
11096	529	1.03404E+02
8928	449	1.03420E+02
11259	529	1.03422E+02
3205	528	1.03424E+02
11145	201	1.03425E+02
3205	561	1.03426E+02
11145	605	1.03426E+02
11177	529	1.03461E+02
3311	396	1.03492E+02
11308	204	1.03501E+02
3417	365	1.03516E+02
9886	162	1.03531E+02
3311	446	1.03575E+02
3180	520	1.03596E+02
11145	242	1.03627E+02
11226	439	1.03634E+02
11226	604	1.03687E+02
11226	361	1.03688E+02
11226	480	1.03709E+02
3205	446	1.03710E+02
3205	437	1.03791E+02
11226	321	1.03837E+02
11284	603	1.03840E+02
3392	236	1.03842E+02
3205	396	1.03860E+02
9835	407	1.03893E+02
11308	606	1.03913E+02
3417	325	1.03924E+02
11226	442	1.03939E+02
8928	531	1.03945E+02
11308	483	1.03951E+02
3286	236	1.03975E+02
11145	439	1.03976E+02
8928	563	1.03980E+02
3417	159	1.03983E+02
9886	199	1.03984E+02
11308	200	1.04001E+02
3417	478	1.04011E+02
9886	487	1.04016E+02
11145	361	1.04025E+02
11308	317	1.04038E+02
11145	604	1.04059E+02
11145	480	1.04059E+02
11284	570	1.04060E+02
11284	162	1.04089E+02
11202	162	1.04108E+02
11121	162	1.04112E+02
11121	570	1.04121E+02
9835	203	1.04127E+02
11226	398	1.04135E+02
11202	570	1.04159E+02
11145	321	1.04178E+02
11308	562	1.04183E+02
11226	521	1.04192E+02
8928	368	1.04196E+02
3180	236	1.04202E+02
3392	160	1.04218E+02
11308	565	1.04226E+02
9886	569	1.04237E+02
9835	360	1.04254E+02
11145	442	1.04264E+02
11284	488	1.04288E+02
11308	524	1.04297E+02
3311	487	1.04307E+02
11202	603	1.04315E+02
3286	160	1.04342E+02
9016	201	1.04348E+02
11226	204	1.04362E+02
11308	238	1.04388E+02
3205	487	1.04390E+02
3311	159	1.04410E+02
11145	398	1.04467E+02
11202	488	1.04489E+02
9016	318	1.04493E+02
11308	163	1.04508E+02
11121	488	1.04513E+02
3311	478	1.04541E+02
3180	160	1.04542E+02
11145	521	1.04553E+02
11121	603	1.04604E+02
3311	365	1.04627E+02
11284	199	1.04633E+02
3392	572	1.04649E+02
8928	490	1.04656E+02
3205	159	1.04657E+02
11202	199	1.04662E+02
3417	355	1.04665E+02
3180	572	1.04672E+02
11121	199	1.04674E+02
11226	606	1.04706E+02
11145	204	1.04709E+02
9886	528	1.04722E+02
3417	235	1.04729E+02
11226	200	1.04741E+02
9835	241	1.04750E+02
11308	277	1.04751E+02
11226	483	1.04771E+02
11308	357	1.04774E+02
11226	317	1.04790E+02
3205	365	1.04838E+02
11284	529	1.04865E+02
3286	572	1.04866E+02
3205	478	1.04986E+02
11121	529	1.05000E+02
11145	606	1.05010E+02
11202	529	1.05011E+02
11226	565	1.05021E+02
9016	604	1.05027E+02
11226	562	1.05031E+02
11145	200	1.05047E+02
3311	325	1.05068E+02
11145	483	1.05086E+02
9835	280	1.05092E+02
11226	524	1.05102E+02
11145	317	1.05105E+02
11226	238	1.05123E+02
3311	355	1.05129E+02
3311	235	1.05156E+02
11259	478	1.05194E+02
11226	163	1.05247E+02
11259	437	1.05264E+02
9835	327	1.05304E+02
3205	325	1.05312E+02
11145	565	1.05323E+02
11308	282	1.05353E+02
11308	603	1.05364E+02
11145	562	1.05404E+02
11145	524	1.05409E+02
3205	235	1.05424E+02
11145	238	1.05428E+02
11308	402	1.05452E+02
3205	355	1.05463E+02
9886	603	1.05477E+02
11226	277	1.05487E+02
11226	357	1.05530E+02
3417	611	1.05550E+02
11145	163	1.05551E+02
11308	243	1.05552E+02
11177	478	1.05580E+02
11177	437	1.05610E+02
11096	478	1.05787E+02
11096	437	1.05792E+02
11145	277	1.05794E+02
11259	236	1.05824E+02
11145	357	1.05851E+02
9835	606	1.05886E+02
3417	602	1.05936E+02
11177	236	1.06036E+02
9016	239	1.06082E+02
8928	201	1.06124E+02
11096	236	1.06133E+02
9835	367	1.06146E+02
11308	438	1.06206E+02
3417	519	1.06213E+02
11308	479	1.06218E+02
11226	603	1.06231E+02
3205	611	1.06233E+02
11226	282	1.06238E+02
9016	358	1.06266E+02
11284	438	1.06275E+02
11226	402	1.06300E+02
11284	479	1.06320E+02
3417	196	1.06323E+02
3311	611	1.06330E+02
11259	519	1.06363E+02
8928	318	1.06374E+02
11308	199	1.06385E+02
11308	162	1.06436E+02
11226	243	1.06441E+02
9886	438	1.06463E+02
11202	438	1.06510E+02
3311	602	1.06530E+02
9886	237	1.06573E+02
11145	282	1.06589E+02
3392	561	1.06590E+02
11202	479	1.06608E+02
11145	603	1.06619E+02
3392	197	1.06621E+02
11145	402	1.06626E+02
11121	438	1.06653E+02
3311	196	1.06731E+02
3286	197	1.06736E+02
3311	519	1.06748E+02
9016	614	1.06765E+02
9886	479	1.06768E+02
11121	479	1.06784E+02
11177	519	1.06788E+02
11145	243	1.06795E+02
11308	520	1.06817E+02
11259	396	1.06833E+02
11259	160	1.06871E+02
3286	561	1.06873E+02
3180	197	1.06945E+02
11308	397	1.06950E+02
3205	196	1.06985E+02
11226	438	1.06986E+02
9835	441	1.06997E+02
9835	482	1.07018E+02
11226	479	1.07018E+02
11096	519	1.07022E+02
9886	406	1.07057E+02
11177	160	1.07060E+02
9016	278	1.07073E+02
3392	275	1.07075E+02
11226	199	1.07097E+02
3205	602	1.07129E+02
11177	396	1.07139E+02
11096	160	1.07143E+02
11226	162	1.07149E+02
3392	315	1.07155E+02
3286	275	1.07202E+02
11308	362	1.07228E+02
3205	519	1.07238E+02
3286	315	1.07295E+02
11096	396	1.07298E+02
11145	438	1.07324E+02
11308	322	1.07325E+02
11308	237	1.07365E+02
11145	479	1.07368E+02
11145	199	1.07393E+02
11145	162	1.07444E+02
3180	275	1.07449E+02
3180	561	1.07451E+02
11284	237	1.07481E+02
11202	237	1.07519E+02
11121	237	1.07540E+02
8928	604	1.07541E+02
3180	315	1.07569E+02
11259	315	1.07571E+02
11308	316	1.07579E+02
9886	397	1.07604E+02
11308	443	1.07611E+02
11226	520	1.07636E+02
11284	520	1.07665E+02
3417	274	1.07703E+02
11226	397	1.07706E+02
9835	448	1.07811E+02
11177	315	1.07818E+02
11284	397	1.07843E+02
8928	239	1.07859E+02
11308	561	1.07921E+02
11096	315	1.07938E+02
9886	316	1.07994E+02
11145	520	1.07999E+02
11202	520	1.08005E+02
11308	607	1.08015E+02
11202	397	1.08023E+02
11145	397	1.08032E+02
11226	237	1.08070E+02
11226	362	1.08097E+02
3311	274	1.08114E+02
11121	397	1.08133E+02
3392	437	1.08138E+02
11284	407	1.08182E+02
8928	358	1.08187E+02
11308	276	1.08201E+02
11226	322	1.08210E+02
3417	314	1.08212E+02
11121	520	1.08215E+02
9886	520	1.08234E+02
3392	408	1.08248E+02
11259	275	1.08273E+02
11259	407	1.08297E+02
11226	316	1.08301E+02
3286	437	1.08329E+02
9835	523	1.08344E+02
11145	237	1.08366E+02
3205	274	1.08398E+02
11145	362	1.08432E+02
11226	443	1.08439E+02
3417	158	1.08456E+02
11202	407	1.08464E+02
11177	275	1.08496E+02
3392	396	1.08498E+02
11177	407	1.08523E+02
11121	407	1.08534E+02
9835	612	1.08541E+02
11145	322	1.08556E+02
11259	560	1.08570E+02
3392	531	1.08580E+02
11096	407	1.08582E+02
11096	275	1.08602E+02
11145	316	1.08607E+02
3311	314	1.08630E+02
3286	396	1.08667E+02
9886	276	1.08712E+02
3180	531	1.08717E+02
9835	400	1.08724E+02
3180	437	1.08725E+02
11308	356	1.08725E+02
11226	607	1.08745E+02
11145	443	1.08748E+02
11284	316	1.08756E+02
11226	561	1.08760E+02
3286	408	1.08769E+02
