GRAM	c2h2	chi_tot
8665	523	3.92861E+01
8665	482	3.93606E+01
8665	565	3.95462E+01
8665	440	3.96041E+01
8665	564	3.96237E+01
8665	441	3.96335E+01
8665	606	3.96403E+01
8665	481	3.96702E+01
8665	399	3.98390E+01
8753	523	3.98396E+01
8665	400	3.99359E+01
8665	524	3.99427E+01
8753	482	3.99923E+01
8753	564	4.00464E+01
8753	606	4.00663E+01
8753	565	4.01422E+01
8665	522	4.01533E+01
8753	440	4.01926E+01
8753	481	4.01972E+01
8665	607	4.02195E+01
8665	359	4.02321E+01
8753	441	4.02991E+01
8665	358	4.03715E+01
8753	399	4.04591E+01
8665	483	4.05712E+01
8665	605	4.05767E+01
8753	522	4.05780E+01
8753	400	4.06041E+01
8753	524	4.06464E+01
8665	318	4.07285E+01
8753	605	4.08126E+01
8841	523	4.08437E+01
8753	607	4.08639E+01
8841	564	4.08834E+01
8753	359	4.08889E+01
8841	606	4.09622E+01
8665	439	4.09989E+01
8665	566	4.10056E+01
8753	358	4.10082E+01
8841	482	4.10784E+01
8665	398	4.10972E+01
8841	481	4.11070E+01
8665	442	4.11571E+01
8841	440	4.11606E+01
8665	563	4.12107E+01
8665	319	4.12286E+01
8841	565	4.12665E+01
8753	483	4.13251E+01
8841	522	4.13639E+01
8753	318	4.13795E+01
8841	605	4.13907E+01
8665	317	4.13946E+01
8841	441	4.13962E+01
8665	360	4.14238E+01
8665	480	4.14365E+01
8841	399	4.14391E+01
8665	401	4.14691E+01
8753	563	4.14857E+01
8665	278	4.14981E+01
8753	439	4.15242E+01
8841	400	4.16635E+01
8753	398	4.16794E+01
8665	357	4.17514E+01
8753	566	4.17989E+01
8753	480	4.18767E+01
8753	319	4.18794E+01
8841	359	4.18922E+01
8841	524	4.18984E+01
8753	442	4.19137E+01
8665	277	4.19478E+01
8841	358	4.19806E+01
8753	317	4.20499E+01
8841	563	4.20702E+01
8665	279	4.20821E+01
8753	360	4.21077E+01
8841	607	4.21143E+01
8753	278	4.21467E+01
8665	525	4.21468E+01
8753	401	4.21957E+01
8665	608	4.23074E+01
8841	318	4.23433E+01
8753	357	4.23748E+01
8841	439	4.23848E+01
8665	521	4.24808E+01
8665	238	4.25011E+01
8841	398	4.25968E+01
8841	483	4.26124E+01
8753	277	4.26173E+01
8665	239	4.26351E+01
8841	480	4.26370E+01
8753	279	4.27116E+01
8753	521	4.27988E+01
8841	319	4.28387E+01
8665	320	4.29881E+01
8665	604	4.29917E+01
8753	525	4.30209E+01
8841	317	4.30261E+01
8753	604	4.30675E+01
8841	278	4.30801E+01
8665	316	4.31392E+01
8841	360	4.31539E+01
8753	238	4.31596E+01
8841	442	4.31604E+01
8753	608	4.31962E+01
8665	237	4.32125E+01
8841	566	4.32420E+01
8753	239	4.32606E+01
8841	357	4.33285E+01
8665	484	4.33296E+01
8841	401	4.33509E+01
8665	276	4.33511E+01
8841	604	4.33683E+01
8841	521	4.33989E+01
8841	277	4.35927E+01
8841	279	4.36076E+01
8665	397	4.36156E+01
8665	200	4.36317E+01
8665	199	4.36418E+01
8753	320	4.36430E+01
8665	240	4.36905E+01
8665	438	4.37242E+01
8665	280	4.37924E+01
8753	316	4.38026E+01
8753	237	4.39041E+01
8665	567	4.39874E+01
8665	361	4.40280E+01
8753	276	4.40431E+01
8841	238	4.40930E+01
8841	239	4.41313E+01
8753	397	4.41701E+01
8753	438	4.42004E+01
8665	443	4.42151E+01
8753	484	4.42226E+01
8665	562	4.42374E+01
8753	200	4.42580E+01
8665	356	4.42794E+01
8753	240	4.42833E+01
8753	199	4.43084E+01
8665	198	4.43311E+01
8665	201	4.43569E+01
8753	562	4.43910E+01
8753	280	4.44049E+01
8665	402	4.44982E+01
5019	523	4.45171E+01
5019	481	4.45393E+01
8841	525	4.45478E+01
8665	479	4.45653E+01
8841	320	4.46058E+01
4916	481	4.46381E+01
4916	523	4.46735E+01
5019	440	4.47078E+01
8665	236	4.47087E+01
8753	361	4.47463E+01
8665	162	4.47490E+01
8841	562	4.47614E+01
5019	564	4.47658E+01
4916	440	4.47819E+01
8841	316	4.47993E+01
8841	608	4.48332E+01
5019	522	4.48685E+01
5019	565	4.48793E+01
5019	482	4.48794E+01
8753	356	4.48962E+01
8841	237	4.49026E+01
8665	161	4.49221E+01
8753	479	4.49368E+01
8753	201	4.49425E+01
4916	564	4.49576E+01
8841	438	4.49766E+01
4916	522	4.49981E+01
8753	567	4.50003E+01
4916	482	4.50138E+01
8753	198	4.50375E+01
8841	397	4.50425E+01
5019	606	4.50569E+01
8841	276	4.50653E+01
8753	443	4.50763E+01
4916	565	4.50768E+01
8841	240	4.50933E+01
8841	200	4.51176E+01
8665	163	4.51320E+01
5019	399	4.51364E+01
5019	439	4.51541E+01
4916	439	4.51767E+01
4916	399	4.51847E+01
4813	481	4.52001E+01
4813	523	4.52096E+01
8841	199	4.52445E+01
8841	280	4.52680E+01
4813	440	4.52926E+01
8753	402	4.52938E+01
4916	398	4.52984E+01
4916	606	4.53010E+01
5019	398	4.53088E+01
8753	162	4.53933E+01
8753	236	4.54338E+01
4813	482	4.54716E+01
5019	480	4.54859E+01
5019	524	4.54917E+01
5019	607	4.54970E+01
4916	480	4.55406E+01
5019	441	4.55443E+01
8841	479	4.55763E+01
4813	565	4.55973E+01
8753	161	4.56077E+01
4813	564	4.56160E+01
8665	160	4.56183E+01
8665	275	4.56420E+01
4813	522	4.56492E+01
8665	197	4.56574E+01
4916	524	4.56625E+01
4916	441	4.56638E+01
5019	358	4.56669E+01
4813	399	4.56774E+01
4916	358	4.56799E+01
4916	607	4.57227E+01
8841	201	4.57262E+01
8753	163	4.57340E+01
8841	484	4.57342E+01
8665	241	4.57562E+01
4813	439	4.57678E+01
4916	357	4.57811E+01
5019	357	4.58324E+01
8841	356	4.58440E+01
8841	361	4.58472E+01
4813	398	4.58572E+01
8665	609	4.58587E+01
8665	315	4.58832E+01
8665	526	4.58833E+01
5019	605	4.58847E+01
8665	202	4.58877E+01
5019	563	4.59355E+01
4813	606	4.59840E+01
8841	198	4.60508E+01
4813	524	4.60697E+01
4813	441	4.60848E+01
8665	321	4.60970E+01
4916	563	4.61064E+01
4916	605	4.61284E+01
8665	520	4.61699E+01
4813	358	4.61804E+01
4813	480	4.61948E+01
5019	400	4.62059E+01
1269	402	4.62298E+01
4813	607	4.62457E+01
4916	317	4.62749E+01
8841	162	4.62783E+01
4916	400	4.63096E+01
5019	566	4.63108E+01
5019	317	4.63148E+01
1269	361	4.63150E+01
8753	241	4.63168E+01
4813	357	4.63324E+01
8753	160	4.63449E+01
8753	275	4.63583E+01
8753	197	4.64031E+01
8753	520	4.64035E+01
8753	202	4.64319E+01
5019	521	4.64815E+01
8841	443	4.64919E+01
4916	566	4.64976E+01
8841	236	4.64998E+01
1269	443	4.65030E+01
8841	163	4.65393E+01
8753	315	4.65585E+01
4916	397	4.65590E+01
8841	402	4.65603E+01
5019	483	4.65704E+01
8841	161	4.65726E+01
4916	521	4.65730E+01
1269	401	4.66165E+01
5019	397	4.66305E+01
4916	316	4.66350E+01
5019	359	4.66547E+01
8665	281	4.67263E+01
4813	400	4.67291E+01
4916	483	4.67303E+01
4916	359	4.67312E+01
1269	360	4.67374E+01
5019	316	4.67420E+01
8753	603	4.67504E+01
4916	438	4.67591E+01
8753	321	4.67606E+01
8841	567	4.67899E+01
5019	438	4.67926E+01
1269	320	4.67976E+01
4813	317	4.67993E+01
8665	603	4.68039E+01
8665	159	4.68140E+01
8841	603	4.68185E+01
8841	520	4.68524E+01
4813	566	4.68646E+01
4813	563	4.68863E+01
5019	318	4.69003E+01
4916	318	4.69284E+01
4916	356	4.69441E+01
8665	235	4.69452E+01
8753	526	4.69468E+01
4813	605	4.69531E+01
8753	609	4.70157E+01
5019	356	4.70601E+01
8841	241	4.70681E+01
4813	483	4.70727E+01
8841	202	4.71401E+01
4813	359	4.71758E+01
4813	397	4.71768E+01
4813	316	4.71955E+01
5019	608	4.72123E+01
1269	444	4.72179E+01
1269	442	4.72202E+01
4916	277	4.72239E+01
4916	276	4.72261E+01
1269	321	4.72285E+01
5019	277	4.72728E+01
1269	403	4.72821E+01
8665	396	4.72915E+01
1269	362	4.72981E+01
8753	281	4.73239E+01
4813	521	4.73249E+01
5019	276	4.73427E+01
1269	484	4.73884E+01
8841	160	4.73897E+01
4916	608	4.74003E+01
4813	318	4.74133E+01
4813	438	4.74211E+01
8841	275	4.74323E+01
1269	485	4.74652E+01
8841	197	4.74948E+01
4813	356	4.75411E+01
8753	159	4.75809E+01
8841	315	4.75843E+01
8665	196	4.75917E+01
8665	485	4.76275E+01
5019	479	4.76283E+01
4916	479	4.76319E+01
1269	280	4.76426E+01
1269	319	4.76656E+01
8665	437	4.76694E+01
8753	235	4.77042E+01
5019	442	4.77340E+01
8841	321	4.77350E+01
4813	608	4.77461E+01
4813	277	4.77526E+01
4813	276	4.77800E+01
5019	525	4.78229E+01
8753	396	4.78284E+01
8665	355	4.78649E+01
4916	442	4.78918E+01
4916	315	4.79296E+01
5019	604	4.79362E+01
4916	525	4.79944E+01
4916	275	4.80661E+01
5019	315	4.81022E+01
8665	362	4.81066E+01
5019	278	4.81076E+01
8753	437	4.81104E+01
4916	278	4.81285E+01
4916	237	4.81542E+01
8841	281	4.81588E+01
4916	604	4.81619E+01
1269	279	4.82055E+01
4813	442	4.82139E+01
5019	237	4.82451E+01
5019	275	4.82484E+01
4916	236	4.82539E+01
4813	525	4.82596E+01
1269	281	4.82687E+01
8665	203	4.83077E+01
5019	562	4.83178E+01
4813	479	4.83666E+01
8753	196	4.83765E+01
1269	400	4.84067E+01
5019	236	4.84099E+01
8665	568	4.84428E+01
4916	562	4.84544E+01
1269	526	4.84807E+01
8753	355	4.84819E+01
8665	158	4.84934E+01
1269	359	4.85032E+01
4813	315	4.85227E+01
5019	319	4.85881E+01
8665	561	4.85961E+01
5019	401	4.85985E+01
4813	278	4.86300E+01
4813	275	4.86432E+01
8753	561	4.86552E+01
8841	396	4.86741E+01
8753	485	4.86754E+01
4916	319	4.86848E+01
4813	237	4.87049E+01
8841	159	4.87061E+01
1269	483	4.87165E+01
4916	401	4.87530E+01
8665	274	4.87678E+01
8841	526	4.87724E+01
4916	238	4.88041E+01
8753	203	4.88099E+01
8665	444	4.88138E+01
4813	236	4.88196E+01
8841	437	4.88260E+01
5019	238	4.88273E+01
8841	235	4.88405E+01
8841	561	4.88523E+01
8753	362	4.88669E+01
4916	396	4.88693E+01
5019	360	4.88869E+01
1269	486	4.89216E+01
1269	240	4.89291E+01
8665	242	4.89296E+01
8665	478	4.89385E+01
8665	122	4.89939E+01
5019	396	4.90031E+01
4916	360	4.90251E+01
1269	322	4.90310E+01
1269	241	4.90508E+01
8665	403	4.90537E+01
4916	235	4.90539E+01
1269	527	4.90568E+01
5019	567	4.90592E+01
8841	609	4.90668E+01
4916	355	4.90814E+01
4813	401	4.90923E+01
4813	604	4.91091E+01
4813	319	4.91268E+01
4916	567	4.92187E+01
4916	197	4.92406E+01
1269	525	4.92432E+01
4916	198	4.92471E+01
8753	478	4.92595E+01
5019	520	4.92616E+01
5019	355	4.92616E+01
5019	235	4.92726E+01
8753	158	4.93002E+01
4916	520	4.93056E+01
4813	238	4.93386E+01
4813	562	4.93389E+01
1269	445	4.93501E+01
1269	441	4.93532E+01
5019	198	4.93602E+01
4813	360	4.94086E+01
5019	197	4.94147E+01
4813	567	4.94174E+01
4916	437	4.94257E+01
8841	355	4.94368E+01
8841	203	4.94428E+01
8753	242	4.94585E+01
8753	274	4.95103E+01
5019	437	4.95186E+01
4813	396	4.95387E+01
8841	196	4.95479E+01
8665	314	4.95560E+01
4813	235	4.96336E+01
5019	484	4.96452E+01
4916	274	4.96898E+01
8753	568	4.96956E+01
4813	355	4.97189E+01
1269	363	4.97229E+01
1269	318	4.97467E+01
1269	404	4.97787E+01
8753	444	4.97926E+01
1269	239	4.97993E+01
8841	478	4.98081E+01
4916	196	4.98096E+01
8753	122	4.98107E+01
4813	198	4.98142E+01
4813	197	4.98154E+01
4916	484	4.98199E+01
4916	199	4.98637E+01
1269	278	4.98657E+01
8665	234	4.98911E+01
5019	199	4.99135E+01
8753	403	4.99286E+01
5019	279	4.99316E+01
5019	274	4.99354E+01
4916	279	5.00240E+01
8841	362	5.00343E+01
4813	484	5.00358E+01
5019	196	5.00423E+01
4916	314	5.00892E+01
8665	195	5.01173E+01
4813	520	5.01438E+01
4813	437	5.01492E+01
8841	242	5.01531E+01
1269	282	5.01721E+01
5019	609	5.01780E+01
5019	239	5.02222E+01
4916	159	5.02354E+01
8753	314	5.02472E+01
1269	242	5.02565E+01
4916	160	5.02652E+01
1269	568	5.02666E+01
4916	239	5.02692E+01
4813	274	5.02879E+01
4916	609	5.03091E+01
5019	314	5.03257E+01
4813	196	5.03916E+01
5019	160	5.04057E+01
1269	202	5.04080E+01
4813	199	5.04228E+01
5019	159	5.04305E+01
8841	485	5.04320E+01
4813	609	5.04618E+01
4813	279	5.04963E+01
1269	201	5.05044E+01
8841	158	5.05066E+01
4916	234	5.05198E+01
8665	322	5.06300E+01
8841	274	5.06415E+01
8665	157	5.06490E+01
4916	158	5.06625E+01
8753	234	5.06847E+01
1269	567	5.06915E+01
8665	121	5.06961E+01
4813	314	5.07114E+01
4916	161	5.07734E+01
4813	239	5.07866E+01
5019	234	5.07987E+01
8665	610	5.08027E+01
4916	478	5.08033E+01
4813	159	5.08198E+01
4813	160	5.08469E+01
5019	478	5.08563E+01
5019	161	5.08574E+01
5019	158	5.09104E+01
1269	528	5.09216E+01
4916	195	5.09325E+01
8753	195	5.09409E+01
8665	282	5.09758E+01
8841	122	5.10314E+01
1269	569	5.10880E+01
8665	519	5.10937E+01
8665	527	5.11053E+01
4813	234	5.11123E+01
5019	200	5.11224E+01
5019	603	5.11307E+01
4916	200	5.11385E+01
1269	203	5.11876E+01
5019	195	5.12215E+01
4813	158	5.12494E+01
8753	519	5.12653E+01
4916	122	5.12864E+01
8753	322	5.13074E+01
8841	314	5.13110E+01
5019	443	5.13203E+01
8841	403	5.13215E+01
4916	603	5.13226E+01
4813	161	5.13522E+01
1269	524	5.13720E+01
8841	444	5.13952E+01
1269	200	5.13979E+01
1269	482	5.14433E+01
5019	320	5.14739E+01
8753	157	5.14954E+01
5019	526	5.15070E+01
4916	443	5.15082E+01
4813	195	5.15211E+01
1269	358	5.15310E+01
4916	157	5.15328E+01
5019	122	5.15357E+01
1269	399	5.15363E+01
8753	121	5.15493E+01
8753	282	5.15612E+01
1269	238	5.15784E+01
8841	519	5.15992E+01
4813	478	5.16066E+01
8841	602	5.16250E+01
4916	320	5.16388E+01
4916	526	5.16652E+01
4813	200	5.16890E+01
1269	487	5.17114E+01
8665	204	5.17137E+01
4813	443	5.17225E+01
8753	602	5.17423E+01
4813	526	5.17759E+01
4916	162	5.17889E+01
5019	561	5.18109E+01
5019	162	5.18143E+01
5019	157	5.18317E+01
8841	568	5.18556E+01
4916	121	5.18687E+01
4813	122	5.18756E+01
8665	602	5.18941E+01
8841	234	5.18944E+01
4916	561	5.19016E+01
8665	395	5.20174E+01
4813	320	5.20345E+01
4916	273	5.20537E+01
4916	354	5.21093E+01
4813	157	5.21220E+01
4916	395	5.21291E+01
5019	121	5.21628E+01
8753	204	5.21734E+01
8841	195	5.21937E+01
8753	610	5.22487E+01
1269	323	5.22558E+01
8841	322	5.23017E+01
5019	395	5.23256E+01
5019	354	5.23526E+01
5019	273	5.23601E+01
4813	162	5.23648E+01
8841	282	5.23729E+01
4813	603	5.23731E+01
5019	402	5.23755E+01
8753	527	5.23755E+01
1269	566	5.24109E+01
8665	354	5.24193E+01
1269	163	5.24217E+01
5019	361	5.24463E+01
4813	121	5.24581E+01
5019	240	5.25111E+01
1269	277	5.25367E+01
8753	395	5.25467E+01
4916	402	5.25753E+01
4916	194	5.25991E+01
4916	233	5.26290E+01
4916	240	5.26306E+01
1269	243	5.26417E+01
4916	361	5.26433E+01
4813	273	5.26705E+01
1269	610	5.26842E+01
8665	273	5.26851E+01
8665	436	5.27125E+01
8841	204	5.27315E+01
8665	120	5.27728E+01
4813	354	5.27821E+01
8841	157	5.27839E+01
4916	120	5.27903E+01
4813	402	5.28275E+01
5019	280	5.28415E+01
4916	156	5.28419E+01
4813	395	5.28429E+01
8841	121	5.28457E+01
1269	440	5.28525E+01
1269	446	5.28619E+01
4813	561	5.28738E+01
1269	204	5.29352E+01
5019	194	5.29422E+01
1269	317	5.29511E+01
1269	609	5.29591E+01
4813	361	5.29607E+01
5019	233	5.29655E+01
4916	280	5.30066E+01
1269	199	5.30240E+01
8753	354	5.30430E+01
5019	201	5.30481E+01
4916	313	5.30516E+01
4916	436	5.30646E+01
4916	519	5.30806E+01
5019	519	5.30914E+01
5019	568	5.30937E+01
1269	570	5.30956E+01
5019	120	5.31282E+01
4813	240	5.31297E+01
8753	436	5.31321E+01
4916	201	5.31328E+01
5019	156	5.31901E+01
4813	194	5.31938E+01
4916	568	5.32093E+01
5019	436	5.32191E+01
4813	568	5.32263E+01
8665	194	5.32278E+01
4813	233	5.32331E+01
8665	156	5.32821E+01
8665	243	5.33107E+01
5019	163	5.33134E+01
4916	163	5.33488E+01
5019	313	5.33500E+01
4813	120	5.33801E+01
8841	395	5.33844E+01
1269	162	5.33885E+01
8665	486	5.34255E+01
1269	283	5.34280E+01
4813	156	5.34333E+01
4813	280	5.34475E+01
8753	273	5.34557E+01
8665	233	5.35255E+01
1269	611	5.35558E+01
1269	364	5.35980E+01
8753	120	5.36625E+01
4813	201	5.36742E+01
8665	363	5.36938E+01
1269	405	5.36991E+01
4813	313	5.36995E+01
8753	243	5.38087E+01
8841	436	5.38118E+01
4813	436	5.38402E+01
4813	163	5.39216E+01
4813	519	5.39908E+01
1269	529	5.40153E+01
8841	354	5.40188E+01
4916	119	5.40566E+01
8753	194	5.40902E+01
8665	313	5.40926E+01
5019	485	5.41045E+01
8753	560	5.41413E+01
8665	560	5.41502E+01
8753	156	5.41678E+01
1269	237	5.41966E+01
8841	560	5.42078E+01
4916	485	5.42824E+01
8665	569	5.43012E+01
5019	610	5.43466E+01
4813	610	5.43479E+01
8753	233	5.43541E+01
4813	485	5.43615E+01
4916	610	5.44025E+01
8665	477	5.44223E+01
5019	119	5.44370E+01
1269	608	5.44378E+01
8841	243	5.44488E+01
8753	363	5.45041E+01
8841	527	5.45209E+01
4916	155	5.45954E+01
8753	486	5.46431E+01
4813	119	5.46464E+01
8841	273	5.46500E+01
8753	477	5.47104E+01
8841	610	5.47370E+01
8753	313	5.48037E+01
4916	193	5.48084E+01
1269	523	5.48624E+01
1269	161	5.49139E+01
8665	445	5.49286E+01
4916	477	5.49337E+01
5019	155	5.49911E+01
1242	445	5.50331E+01
8841	120	5.50356E+01
1242	404	5.50392E+01
5019	477	5.50472E+01
4916	272	5.51212E+01
8665	404	5.51350E+01
4813	155	5.51887E+01
8841	477	5.51990E+01
5019	193	5.52036E+01
8665	119	5.52348E+01
1242	403	5.52742E+01
1269	198	5.53326E+01
5019	602	5.53572E+01
4916	232	5.53660E+01
4813	193	5.54086E+01
1242	363	5.54113E+01
8841	194	5.54263E+01
1269	565	5.54487E+01
5019	272	5.54861E+01
4916	602	5.55021E+01
1269	612	5.55133E+01
1269	481	5.55265E+01
8841	156	5.55397E+01
1242	444	5.56120E+01
8841	233	5.56407E+01
5019	321	5.56500E+01
4916	118	5.56804E+01
1242	486	5.57008E+01
1242	362	5.57166E+01
1269	357	5.57291E+01
8841	363	5.57496E+01
4813	272	5.57546E+01
5019	232	5.57579E+01
5019	202	5.57649E+01
1269	488	5.57776E+01
5019	241	5.57871E+01
4813	477	5.57939E+01
8753	569	5.58120E+01
1242	487	5.58798E+01
4916	321	5.58820E+01
1242	446	5.58937E+01
8841	313	5.59149E+01
1269	398	5.59191E+01
4916	202	5.59208E+01
4916	353	5.59465E+01
4813	232	5.59804E+01
4916	241	5.59813E+01
8753	445	5.60376E+01
8753	404	5.60995E+01
5019	118	5.61021E+01
1269	276	5.61431E+01
8753	119	5.61608E+01
1242	322	5.61989E+01
4813	321	5.62281E+01
1269	571	5.62282E+01
4916	394	5.62382E+01
5019	353	5.62515E+01
4813	118	5.62703E+01
1242	405	5.62763E+01
5019	560	5.62902E+01
1269	244	5.62981E+01
5019	444	5.63158E+01
4916	560	5.63259E+01
8665	155	5.64022E+01
4813	202	5.64529E+01
4813	241	5.64610E+01
5019	394	5.64971E+01
5019	527	5.65123E+01
4916	444	5.65249E+01
4813	527	5.65880E+01
1242	364	5.65886E+01
8665	283	5.66187E+01
4813	444	5.66232E+01
4813	602	5.66366E+01
8665	323	5.66378E+01
4916	527	5.66432E+01
4813	353	5.66493E+01
8841	486	5.66634E+01
1242	323	5.67475E+01
1242	528	5.67582E+01
4916	312	5.67586E+01
4916	154	5.68067E+01
1242	485	5.69232E+01
8665	193	5.69241E+01
1269	324	5.69276E+01
5019	281	5.69377E+01
1269	160	5.69705E+01
4813	394	5.69894E+01
1242	402	5.69941E+01
8665	611	5.70574E+01
1242	321	5.70828E+01
8665	518	5.71076E+01
5019	312	5.71167E+01
1269	607	5.71620E+01
4916	281	5.71763E+01
1269	316	5.71928E+01
8753	283	5.71950E+01
8753	518	5.72390E+01
5019	154	5.72483E+01
8753	155	5.73269E+01
8753	323	5.73344E+01
8665	272	5.73549E+01
1242	529	5.73635E+01
4813	560	5.73693E+01
5019	362	5.73970E+01
4813	154	5.74017E+01
1242	488	5.74063E+01
4813	312	5.74284E+01
1242	527	5.74589E+01
1242	282	5.74635E+01
1242	361	5.74867E+01
8841	518	5.74954E+01
4916	435	5.75611E+01
4916	192	5.75648E+01
5019	403	5.75712E+01
4813	281	5.75838E+01
1269	236	5.75995E+01
8841	119	5.76120E+01
8841	404	5.76330E+01
1269	439	5.76385E+01
8841	601	5.76422E+01
4916	362	5.76491E+01
1242	443	5.76615E+01
4916	117	5.76802E+01
8665	394	5.76837E+01
1269	447	5.77031E+01
8665	528	5.77461E+01
4916	518	5.77693E+01
5019	435	5.77780E+01
4916	403	5.78101E+01
8753	193	5.78253E+01
8665	232	5.78319E+01
5019	518	5.78405E+01
8841	445	5.78435E+01
8665	353	5.78546E+01
4813	362	5.78953E+01
8753	601	5.78957E+01
4813	403	5.79685E+01
8841	283	5.79886E+01
5019	192	5.80099E+01
1269	284	5.80924E+01
8665	118	5.80988E+01
8665	601	5.81151E+01
1242	283	5.81277E+01
5019	117	5.81419E+01
1242	281	5.81449E+01
1242	447	5.81470E+01
8753	272	5.81557E+01
4813	192	5.81698E+01
8753	394	5.82151E+01
4813	569	5.82428E+01
4813	117	5.82700E+01
1269	530	5.82774E+01
1269	197	5.82879E+01
8841	323	5.83569E+01
8841	569	5.83628E+01
5019	569	5.83642E+01
4813	435	5.83795E+01
4916	569	5.84200E+01
8753	353	5.84917E+01
1269	613	5.85023E+01
1242	570	5.85758E+01
8753	232	5.86964E+01
4916	231	5.87173E+01
8665	435	5.87260E+01
4813	518	5.87378E+01
1242	324	5.87630E+01
8841	155	5.87837E+01
8753	611	5.88106E+01
4916	271	5.88573E+01
1269	365	5.89078E+01
1242	406	5.89526E+01
8665	244	5.89959E+01
1242	569	5.90042E+01
1269	406	5.90047E+01
8753	118	5.90611E+01
8841	394	5.90639E+01
8753	435	5.91375E+01
5019	231	5.91621E+01
1242	530	5.92147E+01
8753	528	5.92387E+01
1242	365	5.92408E+01
8841	193	5.92469E+01
1242	243	5.92723E+01
5019	271	5.92782E+01
1242	242	5.93317E+01
1242	320	5.93389E+01
4813	231	5.93406E+01
4813	611	5.93496E+01
1242	571	5.93545E+01
5019	203	5.93599E+01
8841	272	5.94191E+01
8665	312	5.94294E+01
8753	244	5.94642E+01
4916	153	5.94924E+01
8841	353	5.95021E+01
4813	271	5.95049E+01
1242	526	5.95230E+01
1269	159	5.95406E+01
1242	484	5.95878E+01
4916	203	5.95898E+01
4916	611	5.96247E+01
5019	611	5.96613E+01
1269	522	5.96717E+01
1269	564	5.97947E+01
8841	435	5.98063E+01
4916	476	5.98975E+01
5019	486	5.99211E+01
5019	153	5.99783E+01
4813	486	6.00235E+01
8665	154	6.00241E+01
8841	244	6.00524E+01
8841	232	6.00635E+01
5019	476	6.00737E+01
4916	116	6.00752E+01
4813	153	6.00888E+01
1242	280	6.00889E+01
4916	486	6.00905E+01
4813	203	6.01120E+01
5019	242	6.01511E+01
8753	312	6.01644E+01
1242	401	6.01835E+01
1242	284	6.02020E+01
1242	489	6.02224E+01
4916	242	6.04217E+01
1269	572	6.04315E+01
1242	244	6.04639E+01
5019	601	6.04838E+01
4916	352	6.05134E+01
1242	241	6.05450E+01
4916	601	6.05712E+01
5019	116	6.05758E+01
8841	118	6.05918E+01
1269	275	6.06223E+01
4813	116	6.06648E+01
8665	487	6.06650E+01
8841	559	6.06743E+01
1242	360	6.06748E+01
8753	559	6.06946E+01
1242	568	6.07009E+01
8665	559	6.07457E+01
8665	364	6.07945E+01
4813	476	6.08033E+01
4916	191	6.08711E+01
8665	476	6.08748E+01
5019	352	6.08781E+01
4813	242	6.08810E+01
1269	480	6.08888E+01
8753	154	6.09877E+01
1269	356	6.10025E+01
1269	489	6.10616E+01
4916	393	6.10976E+01
1242	612	6.11420E+01
1269	606	6.11465E+01
8753	476	6.11474E+01
4916	311	6.11520E+01
1242	442	6.11871E+01
5019	322	6.11934E+01
1242	204	6.11992E+01
8665	192	6.12093E+01
4813	352	6.12409E+01
1242	572	6.12843E+01
1269	245	6.13064E+01
8841	312	6.13326E+01
5019	191	6.13640E+01
8665	117	6.13839E+01
5019	393	6.14178E+01
1269	397	6.14541E+01
4813	191	6.14802E+01
1242	611	6.14826E+01
8665	570	6.14839E+01
4916	322	6.14908E+01
5019	311	6.15673E+01
4916	559	6.15926E+01
8841	476	6.16072E+01
5019	559	6.16187E+01
8753	364	6.16624E+01
1242	203	6.16876E+01
8841	528	6.17222E+01
1242	448	6.17397E+01
1269	235	6.17476E+01
8841	611	6.17553E+01
4813	601	6.17711E+01
4813	322	6.17836E+01
4813	311	6.18400E+01
1269	196	6.18674E+01
4813	393	6.18791E+01
1242	613	6.19162E+01
8753	487	6.20658E+01
8753	192	6.21495E+01
1242	325	6.22540E+01
1242	531	6.22567E+01
5019	282	6.23151E+01
8753	117	6.23825E+01
1269	315	6.23923E+01
1269	614	6.24829E+01
8665	446	6.25130E+01
8841	154	6.25310E+01
1269	158	6.26149E+01
4916	282	6.26272E+01
4813	528	6.26480E+01
4916	230	6.26643E+01
4916	152	6.26652E+01
4813	559	6.26912E+01
5019	445	6.27051E+01
8665	405	6.27149E+01
8665	271	6.27367E+01
5019	528	6.27899E+01
4916	81	6.27915E+01
8665	231	6.27925E+01
4916	434	6.28013E+01
1242	240	6.28140E+01
4916	528	6.28796E+01
4916	115	6.28808E+01
1269	122	6.28851E+01
1242	319	6.28864E+01
4813	445	6.29003E+01
4916	445	6.29259E+01
1242	245	6.29935E+01
1242	525	6.29946E+01
1242	610	6.29946E+01
8841	364	6.29972E+01
4813	282	6.29992E+01
1242	407	6.30231E+01
1269	325	6.30465E+01
5019	434	6.30805E+01
1242	202	6.31085E+01
5019	230	6.31596E+01
5019	152	6.31936E+01
1242	279	6.32016E+01
4916	270	6.32232E+01
4916	517	6.32390E+01
4813	152	6.32626E+01
8753	570	6.32687E+01
4813	230	6.32950E+01
5019	81	6.33324E+01
1242	366	6.33409E+01
5019	517	6.33740E+01
4813	81	6.33742E+01
5019	115	6.34189E+01
4813	115	6.34699E+01
8753	271	6.35698E+01
1269	438	6.36080E+01
4813	434	6.36535E+01
1269	531	6.36538E+01
8841	192	6.36588E+01
8753	231	6.36936E+01
5019	270	6.36975E+01
1242	483	6.37106E+01
8665	284	6.37121E+01
1242	567	6.37230E+01
1242	285	6.37285E+01
1242	614	6.37608E+01
8753	446	6.37638E+01
5019	363	6.37763E+01
8753	405	6.37788E+01
1269	448	6.38185E+01
4813	270	6.38824E+01
5019	204	6.39333E+01
8841	117	6.39942E+01
8665	517	6.40593E+01
4916	363	6.40791E+01
8665	352	6.40813E+01
8665	324	6.41429E+01
8665	153	6.41621E+01
8753	517	6.41716E+01
8665	393	6.41793E+01
5019	404	6.41906E+01
1269	285	6.41986E+01
4916	204	6.42395E+01
4813	363	6.42493E+01
4813	517	6.42523E+01
1242	490	6.42736E+01
8753	284	6.42827E+01
1242	573	6.43223E+01
8841	487	6.43663E+01
8841	517	6.43880E+01
4813	570	6.44119E+01
4916	404	6.44616E+01
4813	404	6.45199E+01
8665	612	6.45432E+01
8841	600	6.47078E+01
4916	190	6.47207E+01
8753	393	6.47226E+01
8753	352	6.47384E+01
4813	204	6.47515E+01
4916	570	6.47946E+01
1242	400	6.47949E+01
5019	570	6.48138E+01
8753	324	6.48642E+01
8841	271	6.49086E+01
8753	600	6.50471E+01
8841	284	6.50637E+01
8665	116	6.51069E+01
8841	231	6.51450E+01
8753	153	6.51645E+01
1242	359	6.52085E+01
5019	190	6.52593E+01
8665	600	6.53045E+01
4813	190	6.53331E+01
1242	201	6.53709E+01
1269	563	6.53992E+01
4813	612	6.54144E+01
8841	405	6.54662E+01
8665	311	6.54997E+01
4916	80	6.55248E+01
4916	475	6.55710E+01
8665	434	6.55813E+01
8841	393	6.56016E+01
1269	366	6.56192E+01
1269	407	6.56474E+01
1269	573	6.56666E+01
5019	243	6.57059E+01
1269	521	6.57193E+01
4916	351	6.57294E+01
8665	529	6.57326E+01
1242	609	6.57387E+01
1269	121	6.57716E+01
8841	446	6.57880E+01
8841	352	6.57975E+01
5019	475	6.58109E+01
1269	274	6.59220E+01
4916	612	6.59222E+01
8841	324	6.59234E+01
8753	434	6.59977E+01
1242	239	6.60453E+01
4916	243	6.60544E+01
1269	195	6.60595E+01
5019	612	6.60676E+01
8665	245	6.60699E+01
8665	191	6.60811E+01
5019	80	6.60965E+01
4916	114	6.61035E+01
4813	80	6.61070E+01
8753	116	6.61415E+01
5019	351	6.61517E+01
1242	441	6.61598E+01
4916	310	6.61692E+01
1269	157	6.61926E+01
8841	570	6.62276E+01
8753	311	6.62629E+01
4916	151	6.63263E+01
5019	600	6.63692E+01
1269	605	6.63700E+01
4916	600	6.63912E+01
1242	532	6.64467E+01
4813	351	6.64765E+01
4813	243	6.64922E+01
8753	245	6.65104E+01
4813	475	6.65116E+01
4916	392	6.66106E+01
1269	234	6.66131E+01
1242	449	6.66181E+01
8753	612	6.66196E+01
5019	310	6.66392E+01
5019	114	6.66779E+01
8841	434	6.66804E+01
4813	114	6.66922E+01
8841	153	6.67958E+01
4813	310	6.68717E+01
5019	151	6.68955E+01
4813	151	6.69244E+01
4813	487	6.69779E+01
5019	392	6.69905E+01
11362	609	6.70195E+01
8841	245	6.70497E+01
5019	487	6.70508E+01
8753	191	6.70602E+01
11440	609	6.71512E+01
4916	229	6.71774E+01
4916	487	6.72002E+01
1242	326	6.72089E+01
1269	355	6.72560E+01
1242	278	6.73884E+01
4813	392	6.74155E+01
1269	479	6.74236E+01
8753	529	6.74617E+01
11362	608	6.74679E+01
8841	311	6.74975E+01
11440	608	6.75064E+01
1269	490	6.75091E+01
4916	558	6.75645E+01
1242	318	6.76327E+01
4813	600	6.76387E+01
5019	558	6.76571E+01
5019	229	6.77208E+01
11362	567	6.77250E+01
11440	567	6.78067E+01
4813	229	6.78140E+01
8841	116	6.78357E+01
1242	524	6.78917E+01
11362	568	6.80259E+01
1269	396	6.80317E+01
8841	558	6.80902E+01
1242	566	6.81126E+01
8753	558	6.81532E+01
8665	475	6.81543E+01
5019	323	6.81564E+01
4916	269	6.81709E+01
11440	568	6.81915E+01
11362	610	6.82170E+01
8665	558	6.82217E+01
8665	230	6.83805E+01
11362	526	6.83936E+01
1242	200	6.83985E+01
8753	475	6.84276E+01
1242	408	6.84381E+01
11440	610	6.84488E+01
1269	314	6.84761E+01
11440	526	6.85000E+01
4916	323	6.85166E+01
4916	79	6.86018E+01
8841	191	6.86594E+01
4916	433	6.86757E+01
1242	163	6.86775E+01
5019	269	6.86960E+01
4813	558	6.87032E+01
1242	286	6.87268E+01
4813	323	6.87528E+01
8665	270	6.87827E+01
8665	152	6.88228E+01
4813	269	6.88393E+01
1242	367	6.88502E+01
8841	475	6.88897E+01
5019	433	6.90165E+01
5019	283	6.90528E+01
1269	120	6.90667E+01
4916	189	6.90911E+01
11362	566	6.91287E+01
11440	566	6.91331E+01
4813	79	6.91835E+01
11362	525	6.91938E+01
5019	79	6.92034E+01
11440	525	6.92324E+01
1242	482	6.92724E+01
8665	115	6.92769E+01
8665	488	6.92794E+01
11362	527	6.92829E+01
11362	485	6.92953E+01
8753	230	6.93193E+01
4916	516	6.93598E+01
8665	81	6.93864E+01
8665	365	6.93880E+01
11440	485	6.94093E+01
4916	283	6.94379E+01
11440	527	6.94626E+01
1242	491	6.95156E+01
4813	433	6.95533E+01
5019	516	6.95606E+01
11440	607	6.95899E+01
11362	607	6.96370E+01
8753	270	6.96504E+01
5019	189	6.96734E+01
11362	484	6.96987E+01
4813	189	6.97060E+01
4916	113	6.97382E+01
11440	484	6.97554E+01
1242	608	6.97687E+01
4813	283	6.97722E+01
8753	152	6.98636E+01
4813	529	6.99023E+01
8665	571	6.99160E+01
11362	569	6.99576E+01
8841	612	7.00366E+01
1269	532	7.01048E+01
1242	238	7.01572E+01
11440	569	7.02128E+01
11362	444	7.02740E+01
1269	156	7.02812E+01
5019	529	7.02849E+01
8841	529	7.02990E+01
4916	529	7.03202E+01
8753	365	7.03211E+01
4813	113	7.03261E+01
8753	115	7.03473E+01
5019	113	7.03474E+01
11440	444	7.03815E+01
4813	516	7.04053E+01
5019	446	7.04523E+01
4916	150	7.04597E+01
8753	81	7.04726E+01
4813	446	7.05185E+01
11362	443	7.05417E+01
11362	486	7.05676E+01
1269	326	7.05942E+01
11440	443	7.06029E+01
1269	437	7.06409E+01
4916	446	7.06756E+01
11440	486	7.07437E+01
1242	399	7.07514E+01
8841	230	7.08585E+01
1269	194	7.08612E+01
8753	488	7.08760E+01
11362	611	7.09671E+01
1242	358	7.09967E+01
8665	351	7.10068E+01
4813	150	7.10581E+01
5019	150	7.10680E+01
8841	270	7.10705E+01
1269	449	7.11540E+01
11362	403	7.12650E+01
11440	611	7.13049E+01
11440	403	7.13560E+01
8665	392	7.13936E+01
8665	447	7.15092E+01
1242	162	7.15118E+01
4916	350	7.15125E+01
8665	190	7.15233E+01
8841	152	7.15843E+01
5019	364	7.15927E+01
11362	445	7.16669E+01
4813	571	7.16817E+01
8753	351	7.16903E+01
11440	524	7.17010E+01
11362	402	7.17217E+01
11362	524	7.17241E+01
4916	309	7.17412E+01
8665	406	7.17490E+01
8841	365	7.17560E+01
1269	286	7.17584E+01
11440	402	7.17774E+01
11362	528	7.17931E+01
8665	516	7.17970E+01
11362	483	7.18091E+01
11440	483	7.18135E+01
11440	445	7.18247E+01
4916	474	7.18361E+01
8753	516	7.19102E+01
4916	364	7.19410E+01
8753	392	7.19578E+01
8753	571	7.19890E+01
5019	350	7.19901E+01
1269	273	7.19967E+01
4916	78	7.20148E+01
4813	364	7.20306E+01
11440	528	7.20511E+01
8841	516	7.21237E+01
8841	115	7.21251E+01
1242	199	7.21311E+01
5019	474	7.21396E+01
1269	562	7.21731E+01
1269	233	7.21750E+01
4916	228	7.22125E+01
5019	405	7.22138E+01
11440	565	7.22146E+01
8665	310	7.22298E+01
5019	309	7.22635E+01
4813	350	7.22741E+01
11362	565	7.22801E+01
4916	571	7.22805E+01
8841	81	7.22827E+01
8665	285	7.22900E+01
5019	571	7.23892E+01
11362	362	7.24218E+01
11362	404	7.24421E+01
4813	309	7.24546E+01
4813	405	7.24618E+01
11362	442	7.24837E+01
11440	362	7.24914E+01
4813	613	7.25017E+01
11440	442	7.25027E+01
4916	405	7.25096E+01
1242	440	7.25156E+01
8753	190	7.25416E+01
5019	244	7.25504E+01
1242	277	7.25619E+01
11440	404	7.25716E+01
4813	78	7.25958E+01
5019	78	7.26455E+01
8841	599	7.26538E+01
4916	391	7.26827E+01
1242	450	7.27359E+01
1269	604	7.27708E+01
1269	119	7.27872E+01
4813	474	7.28012E+01
5019	228	7.28016E+01
8841	351	7.28119E+01
4916	599	7.28233E+01
4813	228	7.28535E+01
8753	285	7.28587E+01
5019	599	7.28719E+01
8841	392	7.28859E+01
1269	520	7.28917E+01
8753	447	7.29127E+01
8753	406	7.29214E+01
11362	363	7.29659E+01
4916	244	7.29775E+01
8753	310	7.30251E+01
8753	599	7.30286E+01
11440	363	7.30625E+01
5019	391	7.31203E+01
8665	325	7.31427E+01
8665	433	7.31523E+01
8665	613	7.31939E+01
4916	613	7.32539E+01
8665	599	7.32960E+01
8665	80	7.33446E+01
4813	244	7.33927E+01
11362	570	7.34315E+01
11440	606	7.34416E+01
11362	361	7.34494E+01
11362	487	7.34572E+01
8841	488	7.34710E+01
1242	317	7.34834E+01
11440	361	7.34943E+01
4813	391	7.35045E+01
5019	613	7.35234E+01
11362	606	7.35656E+01
1269	408	7.35759E+01
8753	433	7.35859E+01
1242	327	7.36027E+01
8841	285	7.36329E+01
4916	268	7.36410E+01
1269	367	7.36901E+01
11440	487	7.36994E+01
11362	322	7.37521E+01
4916	112	7.37646E+01
11440	570	7.37816E+01
11362	401	7.37981E+01
11440	322	7.38180E+01
11440	401	7.38219E+01
1242	565	7.38830E+01
8665	114	7.38914E+01
8753	325	7.38945E+01
4916	188	7.39420E+01
8665	151	7.39970E+01
4813	599	7.41019E+01
4916	557	7.41094E+01
1242	523	7.41959E+01
5019	268	7.42144E+01
8841	190	7.42326E+01
5019	557	7.42710E+01
8841	433	7.43069E+01
11362	321	7.43070E+01
4813	268	7.43160E+01
8841	310	7.43357E+01
4813	112	7.43518E+01
11440	321	7.43561E+01
1269	354	7.43947E+01
5019	112	7.44074E+01
8753	80	7.44614E+01
8665	229	7.45551E+01
4813	188	7.45586E+01
5019	188	7.45658E+01
11362	446	7.46775E+01
11362	323	7.46967E+01
8841	406	7.47749E+01
11440	323	7.47811E+01
1242	161	7.48838E+01
11440	446	7.48890E+01
1269	155	7.48940E+01
8665	530	7.49943E+01
8753	114	7.49972E+01
8841	325	7.49987E+01
1269	478	7.50013E+01
4916	149	7.50297E+01
8753	151	7.50761E+01
1269	491	7.50779E+01
4916	432	7.50804E+01
1242	237	7.50832E+01
11362	364	7.51002E+01
1242	607	7.51188E+01
1242	409	7.51500E+01
8841	447	7.51684E+01
11362	612	7.51737E+01
4813	488	7.51744E+01
11440	364	7.52263E+01
11362	405	7.52345E+01
4813	557	7.52740E+01
11362	282	7.52788E+01
11440	282	7.53317E+01
8841	571	7.53703E+01
1269	313	7.53740E+01
11440	405	7.54053E+01
8665	269	7.54328E+01
5019	488	7.54421E+01
5019	432	7.54812E+01
8753	229	7.55324E+01
1269	395	7.55366E+01
4916	488	7.55602E+01
11440	482	7.55764E+01
8753	613	7.56079E+01
11362	482	7.56187E+01
11440	612	7.56230E+01
4813	149	7.56281E+01
5019	149	7.56754E+01
1242	368	7.57254E+01
4916	77	7.57409E+01
11362	529	7.58428E+01
11362	283	7.59048E+01
11440	523	7.59062E+01
11440	283	7.59680E+01
4813	432	7.59751E+01
11362	523	7.59843E+01
11362	360	7.59967E+01
4916	515	7.60094E+01
11440	360	7.60196E+01
11362	281	7.60262E+01
11440	441	7.60567E+01
11440	281	7.60698E+01
11362	441	7.60755E+01
8665	474	7.61229E+01
11440	529	7.61835E+01
1242	481	7.62150E+01
1269	193	7.62743E+01
5019	515	7.62766E+01
11362	320	7.62945E+01
8841	557	7.62953E+01
4813	77	7.63211E+01
11440	320	7.63286E+01
8753	269	7.63374E+01
8841	80	7.63455E+01
8753	557	7.63577E+01
5019	77	7.63995E+01
8753	474	7.64127E+01
8665	557	7.64204E+01
1242	198	7.65243E+01
5019	324	7.65633E+01
8841	114	7.68593E+01
8841	151	7.68871E+01
8841	474	7.69071E+01
1269	118	7.69538E+01
8753	530	7.69726E+01
4916	324	7.69832E+01
11440	564	7.70508E+01
11362	243	7.70519E+01
4813	515	7.70753E+01
11440	243	7.70956E+01
4813	324	7.71594E+01
8841	229	7.71629E+01
11362	564	7.71784E+01
11362	324	7.71787E+01
5019	284	7.72092E+01
11440	324	7.72832E+01
11440	400	7.74398E+01
11362	400	7.74445E+01
11362	242	7.74907E+01
8665	189	7.75006E+01
11440	242	7.75307E+01
4916	284	7.76661E+01
8665	79	7.76684E+01
4916	227	7.77105E+01
4916	349	7.77791E+01
4916	308	7.77925E+01
8841	269	7.78448E+01
11362	244	7.78606E+01
11362	488	7.78915E+01
11440	244	7.79085E+01
1242	357	7.79390E+01
1242	398	7.79539E+01
4813	284	7.79605E+01
11362	284	7.79759E+01
11440	284	7.80505E+01
11362	280	7.80560E+01
11440	280	7.80915E+01
4916	111	7.81470E+01
11440	488	7.82037E+01
1293	396	7.82248E+01
1293	355	7.82625E+01
4813	530	7.83004E+01
1293	354	7.83023E+01
5019	349	7.83094E+01
5019	227	7.83430E+01
4813	227	7.83544E+01
1293	314	7.83563E+01
11362	571	7.83584E+01
5019	308	7.83644E+01
1293	437	7.83659E+01
1269	232	7.84138E+01
1293	313	7.84221E+01
1293	395	7.84475E+01
4813	308	7.85131E+01
1293	273	7.85210E+01
8665	350	7.85350E+01
4813	349	7.85503E+01
8753	189	7.85581E+01
4916	473	7.85830E+01
1269	436	7.86060E+01
1242	276	7.86474E+01
4813	111	7.87333E+01
1293	479	7.87475E+01
1293	438	7.87617E+01
1242	160	7.87723E+01
1269	272	7.88019E+01
11440	571	7.88079E+01
11362	365	7.88137E+01
8753	79	7.88156E+01
5019	111	7.88218E+01
1293	272	7.88243E+01
1293	233	7.88680E+01
1293	478	7.88792E+01
4916	530	7.89137E+01
8665	113	7.89333E+01
1293	274	7.89436E+01
5019	530	7.89454E+01
5019	473	7.89492E+01
1293	436	7.89553E+01
11440	365	7.89713E+01
1293	397	7.89724E+01
1293	232	7.89903E+01
11440	605	7.90530E+01
11362	241	7.90727E+01
11440	241	7.91096E+01
1293	315	7.91204E+01
1293	356	7.91394E+01
1293	353	7.91865E+01
1293	520	7.91954E+01
1293	193	7.91987E+01
8665	489	7.92032E+01
4916	187	7.92162E+01
8665	391	7.92162E+01
11362	204	7.92185E+01
4916	390	7.92219E+01
11362	605	7.92444E+01
11362	447	7.92453E+01
8753	350	7.92511E+01
11440	204	7.92523E+01
1293	312	7.92655E+01
1293	234	7.93840E+01
1293	194	7.94171E+01
4813	447	7.94328E+01
8665	366	7.94375E+01
1293	521	7.94383E+01
8841	613	7.95100E+01
5019	447	7.95119E+01
11440	447	7.95139E+01
1293	192	7.95250E+01
8665	572	7.95351E+01
8665	309	7.95368E+01
1269	327	7.95409E+01
1293	394	7.95529E+01
4916	267	7.95625E+01
4813	473	7.95629E+01
1293	154	7.95918E+01
1293	155	7.95943E+01
11362	406	7.96002E+01
11362	319	7.96247E+01
11440	319	7.96457E+01
8665	150	7.96552E+01
1269	450	7.96642E+01
1293	480	7.96805E+01
5019	390	7.97150E+01
4916	447	7.97282E+01
4916	598	7.97361E+01
4916	76	7.97409E+01
1293	231	7.97413E+01
8753	391	7.98102E+01
1293	562	7.98151E+01
11440	406	7.98151E+01
1293	271	7.98240E+01
1293	118	7.98257E+01
4813	187	7.98335E+01
1293	117	7.98454E+01
5019	598	7.98584E+01
5019	187	7.98794E+01
1293	519	7.99694E+01
1293	477	7.99745E+01
4916	148	7.99825E+01
11362	359	7.99838E+01
11440	359	7.99872E+01
1269	561	7.99941E+01
4813	572	8.00124E+01
11362	245	8.00126E+01
1293	156	8.00382E+01
1269	154	8.00469E+01
1293	153	8.00494E+01
4813	390	8.00542E+01
11440	245	8.00654E+01
8753	113	8.00742E+01
1293	275	8.01263E+01
1293	119	8.01561E+01
1242	439	8.01594E+01
1293	195	8.01753E+01
8665	515	8.01753E+01
8841	530	8.01770E+01
5019	267	8.01817E+01
1293	116	8.02370E+01
1293	439	8.02382E+01
4813	267	8.02418E+01
1269	603	8.02488E+01
11362	203	8.02896E+01
8753	515	8.03082E+01
4813	76	8.03203E+01
11440	203	8.03240E+01
1293	563	8.03321E+01
1293	561	8.03401E+01
8841	189	8.03424E+01
1242	316	8.03484E+01
8753	309	8.03681E+01
1293	191	8.04040E+01
5019	76	8.04264E+01
1293	435	8.04314E+01
8753	366	8.04431E+01
8841	350	8.04483E+01
1293	235	8.05534E+01
8841	515	8.05549E+01
4813	148	8.05804E+01
4813	614	8.05914E+01
5019	148	8.06637E+01
1293	604	8.06922E+01
11362	613	8.07506E+01
5019	245	8.07715E+01
8753	150	8.07721E+01
1293	316	8.07728E+01
1242	236	8.07733E+01
8841	79	8.07741E+01
1293	398	8.07782E+01
1293	522	8.07914E+01
8841	391	8.08055E+01
1293	120	8.08196E+01
5019	365	8.08302E+01
1293	311	8.08370E+01
4916	572	8.08377E+01
1293	352	8.08457E+01
1293	81	8.08737E+01
1293	157	8.09124E+01
1293	152	8.09861E+01
11440	481	8.09936E+01
8753	489	8.10068E+01
1242	564	8.10089E+01
1293	357	8.10095E+01
1293	115	8.10223E+01
4813	598	8.10306E+01
1293	603	8.10454E+01
5019	572	8.10495E+01
1269	519	8.10506E+01
11362	481	8.10769E+01
4916	556	8.11045E+01
1293	230	8.11108E+01
11440	440	8.12025E+01
11362	325	8.12076E+01
4916	365	8.12188E+01
4813	365	8.12232E+01
11362	440	8.12544E+01
8665	228	8.12581E+01
11362	279	8.12664E+01
4916	245	8.12774E+01
11440	279	8.12947E+01
11440	613	8.13160E+01
8841	598	8.13161E+01
8665	432	8.13170E+01
11440	325	8.13338E+01
5019	556	8.13361E+01
11362	530	8.13500E+01
1293	605	8.13779E+01
1293	393	8.14552E+01
1293	196	8.14774E+01
1293	270	8.14902E+01
11362	285	8.15401E+01
1242	197	8.15485E+01
1269	117	8.15867E+01
4916	614	8.15997E+01
5019	406	8.16049E+01
11440	285	8.16272E+01
1293	518	8.16548E+01
4813	245	8.16686E+01
8753	598	8.16777E+01
11362	240	8.16931E+01
11440	240	8.17275E+01
4813	406	8.17585E+01
8841	309	8.17636E+01
1293	481	8.17677E+01
11440	530	8.17774E+01
8753	432	8.17794E+01
1242	606	8.17919E+01
11440	522	8.18015E+01
1293	121	8.18082E+01
1293	560	8.18091E+01
1293	80	8.18228E+01
1293	190	8.18390E+01
1242	522	8.18476E+01
8665	448	8.18573E+01
8753	572	8.19092E+01
4916	431	8.19168E+01
4916	406	8.19182E+01
11362	522	8.19275E+01
1293	476	8.19276E+01
8665	598	8.19287E+01
1293	564	8.19687E+01
8841	366	8.19880E+01
5019	614	8.20078E+01
8841	113	8.20206E+01
1293	276	8.21127E+01
8665	407	8.21849E+01
1293	158	8.22169E+01
1293	114	8.22179E+01
11362	202	8.22558E+01
8753	228	8.22748E+01
4813	556	8.22821E+01
11440	202	8.22911E+01
1269	192	8.22992E+01
1269	353	8.23222E+01
8665	78	8.23394E+01
1293	602	8.23532E+01
8665	286	8.23650E+01
5019	431	8.23759E+01
1293	236	8.24019E+01
1293	151	8.24141E+01
11440	399	8.25501E+01
8841	432	8.25620E+01
11362	399	8.25797E+01
8665	268	8.26136E+01
8841	150	8.26739E+01
1293	434	8.26967E+01
1269	409	8.27426E+01
4813	431	8.28211E+01
4916	110	8.28338E+01
1293	440	8.28829E+01
8753	286	8.29360E+01
8665	614	8.29657E+01
1269	312	8.30144E+01
4916	514	8.30755E+01
1269	368	8.30757E+01
1293	229	8.30810E+01
1293	310	8.30854E+01
1293	79	8.31093E+01
1293	122	8.31240E+01
1293	606	8.31614E+01
1242	159	8.31657E+01
1293	351	8.32116E+01
1293	523	8.33274E+01
1293	197	8.33396E+01
1293	317	8.33806E+01
5019	514	8.34085E+01
4813	110	8.34191E+01
8753	448	8.34234E+01
8753	407	8.34746E+01
1269	477	8.34787E+01
8753	78	8.35166E+01
5019	110	8.35392E+01
8753	268	8.35570E+01
11440	563	8.35907E+01
4916	226	8.35986E+01
8665	326	8.36177E+01
8841	286	8.37098E+01
1293	399	8.37282E+01
11362	563	8.37719E+01
1293	269	8.37870E+01
11362	489	8.37958E+01
1293	189	8.38218E+01
1293	113	8.38308E+01
1269	394	8.38504E+01
8841	489	8.39089E+01
1293	358	8.39535E+01
8665	188	8.39572E+01
4916	75	8.39611E+01
1293	159	8.39639E+01
8841	228	8.39992E+01
1293	392	8.40709E+01
11362	366	8.40736E+01
1293	559	8.41131E+01
1293	517	8.41410E+01
4813	514	8.41510E+01
11440	489	8.41815E+01
11362	318	8.41962E+01
11440	318	8.42056E+01
4916	307	8.42413E+01
4813	226	8.42438E+01
11440	366	8.42649E+01
5019	226	8.42720E+01
1293	150	8.43321E+01
8665	112	8.43692E+01
8753	326	8.44056E+01
4916	348	8.44433E+01
1242	480	8.44438E+01
1293	601	8.45131E+01
4813	75	8.45397E+01
4813	489	8.45641E+01
1293	475	8.46333E+01
8665	473	8.46500E+01
11362	572	8.46590E+01
5019	75	8.46725E+01
1293	78	8.47370E+01
1293	565	8.47761E+01
4916	186	8.48428E+01
5019	307	8.48602E+01
1293	277	8.49598E+01
4813	307	8.49659E+01
1293	237	8.49698E+01
8753	473	8.49707E+01
5019	348	8.50238E+01
11362	201	8.50247E+01
5019	489	8.50454E+01
8753	188	8.50537E+01
11440	201	8.50610E+01
1293	482	8.50808E+01
4916	489	8.51214E+01
8841	556	8.51369E+01
8841	268	8.51568E+01
8753	556	8.51572E+01
8665	556	8.51924E+01
11440	572	8.52122E+01
4813	348	8.52196E+01
4916	147	8.52489E+01
11362	239	8.52546E+01
11440	239	8.52870E+01
11440	358	8.52988E+01
11362	448	8.53039E+01
1269	231	8.53047E+01
11362	358	8.53123E+01
4813	186	8.54603E+01
8665	531	8.54719E+01
11362	407	8.54844E+01
8841	407	8.55052E+01
8841	473	8.55263E+01
5019	186	8.55433E+01
8753	112	8.55444E+01
8841	78	8.55496E+01
11362	278	8.55552E+01
8841	326	8.55630E+01
11440	278	8.55776E+01
1242	275	8.55832E+01
1293	228	8.56220E+01
11440	448	8.56324E+01
1293	433	8.56566E+01
4916	472	8.57093E+01
8841	572	8.57251E+01
8753	614	8.57302E+01
11440	407	8.57458E+01
8665	149	8.57462E+01
1269	153	8.57512E+01
1293	198	8.57917E+01
4813	147	8.58462E+01
4916	266	8.58550E+01
1293	112	8.58555E+01
8841	448	8.59225E+01
1242	356	8.59319E+01
1293	309	8.59546E+01
5019	147	8.59638E+01
1293	607	8.60720E+01
5019	472	8.61365E+01
4916	389	8.61377E+01
1293	160	8.61763E+01
1293	350	8.62144E+01
1269	271	8.62888E+01
1242	397	8.62892E+01
1293	188	8.63281E+01
11440	604	8.63613E+01
5019	325	8.64140E+01
5019	266	8.65173E+01
4813	266	8.65363E+01
8665	349	8.65667E+01
11362	604	8.66103E+01
11362	286	8.66219E+01
1293	268	8.66688E+01
5019	389	8.66839E+01
4813	472	8.66952E+01
1293	77	8.66969E+01
1269	116	8.66996E+01
1293	149	8.67216E+01
11440	286	8.67226E+01
1293	441	8.67704E+01
11362	326	8.67715E+01
5019	285	8.68195E+01
1312	276	8.68614E+01
4916	325	8.68899E+01
8753	149	8.69004E+01
11440	326	8.69208E+01
8841	188	8.69320E+01
4813	389	8.69748E+01
1312	316	8.69766E+01
1312	236	8.69980E+01
4813	325	8.70031E+01
4916	597	8.70103E+01
1293	318	8.70217E+01
1293	524	8.70936E+01
1293	558	8.71390E+01
1312	275	8.71636E+01
1242	196	8.71873E+01
1242	235	8.71922E+01
5019	597	8.72075E+01
1312	317	8.72549E+01
1312	357	8.73139E+01
1312	235	8.73161E+01
1293	391	8.73185E+01
