GRAM	c2h2	chi_tot
3014	405	2.61028E+01
2908	405	2.63311E+01
3014	446	2.63581E+01
3014	365	2.64345E+01
2802	405	2.65739E+01
2908	446	2.66093E+01
2908	365	2.66966E+01
3014	364	2.67649E+01
3014	487	2.68290E+01
2802	446	2.68402E+01
2802	365	2.69139E+01
2908	364	2.69352E+01
3014	445	2.70014E+01
3014	325	2.70246E+01
2908	487	2.70803E+01
2908	445	2.71771E+01
2802	364	2.71983E+01
2908	325	2.72861E+01
3014	324	2.72886E+01
2802	487	2.73160E+01
3014	406	2.73253E+01
3014	486	2.73494E+01
3014	528	2.74100E+01
2908	324	2.74530E+01
2802	445	2.74800E+01
3014	404	2.74928E+01
2802	325	2.75043E+01
2908	486	2.75368E+01
2908	404	2.76347E+01
2908	406	2.76347E+01
2908	528	2.76494E+01
2802	324	2.77062E+01
2802	406	2.78151E+01
2802	486	2.78605E+01
2802	528	2.79142E+01
2802	404	2.79334E+01
3014	285	2.79609E+01
2908	285	2.81682E+01
3014	569	2.82914E+01
3014	527	2.82970E+01
3014	447	2.83065E+01
2802	285	2.84034E+01
2908	527	2.84839E+01
2908	569	2.85162E+01
2908	447	2.86261E+01
3014	366	2.87565E+01
2802	447	2.87766E+01
3014	488	2.88196E+01
2802	569	2.88406E+01
2802	527	2.88513E+01
3014	529	2.89324E+01
3014	570	2.89867E+01
3014	286	2.90210E+01
2908	366	2.91069E+01
2908	488	2.91258E+01
2908	529	2.92140E+01
2908	570	2.92421E+01
2802	488	2.92634E+01
2802	366	2.92737E+01
2908	286	2.93280E+01
3014	284	2.93408E+01
2802	529	2.93642E+01
3014	326	2.93846E+01
3014	611	2.93985E+01
2802	570	2.94377E+01
2908	284	2.94486E+01
2802	286	2.95363E+01
3014	363	2.96002E+01
2908	611	2.96334E+01
2908	363	2.96759E+01
2802	284	2.97089E+01
2908	326	2.97413E+01
3014	610	2.97684E+01
3014	568	2.99015E+01
2802	611	2.99122E+01
2802	326	2.99215E+01
2802	363	2.99800E+01
3014	323	2.99813E+01
2908	610	2.99824E+01
2908	323	3.00479E+01
2908	568	3.00837E+01
3014	444	3.01836E+01
2908	444	3.02772E+01
2802	323	3.03329E+01
3014	485	3.03803E+01
2802	610	3.04010E+01
2908	485	3.04953E+01
2802	568	3.05229E+01
2802	444	3.06434E+01
2802	485	3.08961E+01
3014	612	3.11225E+01
3014	407	3.12113E+01
5015	486	3.13528E+01
2908	612	3.13658E+01
3014	403	3.13688E+01
5015	527	3.14152E+01
2908	403	3.14202E+01
4912	486	3.14494E+01
3014	245	3.14805E+01
2802	612	3.14904E+01
4912	527	3.15082E+01
5015	569	3.15619E+01
2908	245	3.15629E+01
2908	407	3.15962E+01
3014	526	3.16255E+01
5015	445	3.16538E+01
2802	407	3.17078E+01
4912	445	3.17107E+01
5015	610	3.17308E+01
5015	528	3.17422E+01
2908	526	3.17494E+01
2802	403	3.17679E+01
4912	569	3.17785E+01
2802	245	3.18220E+01
3014	571	3.18797E+01
4912	610	3.19001E+01
5015	568	3.19005E+01
4912	568	3.19715E+01
5015	487	3.19766E+01
4912	528	3.20117E+01
5015	446	3.20789E+01
2908	571	3.21542E+01
5015	405	3.21545E+01
2802	526	3.22063E+01
2802	571	3.22085E+01
4912	487	3.22842E+01
3014	609	3.23428E+01
4912	405	3.23773E+01
4912	446	3.23820E+01
4912	404	3.24948E+01
2908	609	3.25224E+01
5015	404	3.25504E+01
4809	486	3.25546E+01
4809	527	3.26446E+01
5015	611	3.27563E+01
3014	530	3.27701E+01
4809	569	3.27732E+01
4809	445	3.28214E+01
3014	448	3.28259E+01
5015	364	3.28897E+01
3014	283	3.29045E+01
2908	283	3.29137E+01
4912	364	3.29201E+01
4809	528	3.29515E+01
5015	609	3.29942E+01
4809	610	3.29989E+01
4912	611	3.30032E+01
4912	609	3.30437E+01
2802	609	3.30645E+01
2908	530	3.30834E+01
2802	530	3.31082E+01
4912	485	3.31471E+01
4809	568	3.31811E+01
2802	283	3.31972E+01
2908	448	3.32063E+01
4809	487	3.32140E+01
3014	489	3.32541E+01
2802	448	3.32689E+01
5015	485	3.32884E+01
4809	446	3.33402E+01
4809	405	3.33943E+01
4912	526	3.34748E+01
5015	365	3.35043E+01
5015	526	3.35908E+01
4912	444	3.35942E+01
5015	570	3.36017E+01
2908	489	3.36063E+01
2802	489	3.36365E+01
4809	404	3.36412E+01
5015	444	3.38039E+01
3014	367	3.38077E+01
4912	365	3.38285E+01
4809	611	3.38521E+01
3014	567	3.38644E+01
4912	570	3.39260E+01
2908	567	3.39920E+01
4809	364	3.40179E+01
5015	324	3.40652E+01
4912	324	3.40702E+01
2908	367	3.42422E+01
2802	367	3.43540E+01
4809	609	3.43716E+01
5015	406	3.43990E+01
4809	485	3.44130E+01
3014	327	3.45003E+01
4912	363	3.45257E+01
2802	567	3.45305E+01
5015	529	3.45408E+01
4912	567	3.45537E+01
7253	445	3.45796E+01
7163	445	3.46514E+01
5015	567	3.46659E+01
4809	570	3.46879E+01
5015	325	3.46945E+01
2908	362	3.47064E+01
3014	362	3.47268E+01
7253	486	3.47693E+01
4809	526	3.47904E+01
5015	363	3.47977E+01
3014	613	3.47986E+01
4809	365	3.48116E+01
2908	322	3.48237E+01
7253	404	3.48267E+01
4809	444	3.48454E+01
7163	404	3.48490E+01
3014	322	3.48550E+01
7073	445	3.48635E+01
4912	406	3.48838E+01
7163	486	3.48877E+01
2908	327	3.49496E+01
4912	529	3.49536E+01
7163	364	3.49747E+01
7253	364	3.49890E+01
2802	613	3.49963E+01
2908	244	3.50064E+01
4912	325	3.50075E+01
3014	244	3.50204E+01
2908	613	3.50385E+01
2802	362	3.50465E+01
7073	404	3.50473E+01
7253	527	3.50590E+01
2802	327	3.50887E+01
4912	403	3.51099E+01
7073	486	3.51110E+01
5015	447	3.51354E+01
7073	364	3.51363E+01
2802	322	3.51372E+01
5015	488	3.51626E+01
4809	324	3.51708E+01
7253	405	3.52008E+01
7163	405	3.52220E+01
7163	527	3.52438E+01
2802	244	3.52830E+01
7073	405	3.53742E+01
7253	568	3.54265E+01
5015	403	3.54571E+01
7073	527	3.55049E+01
4912	323	3.55713E+01
7253	485	3.55798E+01
7163	324	3.56486E+01
4912	488	3.56527E+01
4912	447	3.56618E+01
4809	529	3.56815E+01
7253	324	3.56936E+01
7163	568	3.57157E+01
4809	363	3.57311E+01
5015	285	3.57532E+01
4809	406	3.57623E+01
7163	485	3.57632E+01
3014	443	3.57679E+01
2908	443	3.57739E+01
7073	324	3.57903E+01
3014	484	3.58357E+01
7253	444	3.58482E+01
2908	484	3.58705E+01
5015	323	3.58775E+01
7253	526	3.58821E+01
4912	285	3.58849E+01
7163	444	3.59427E+01
5015	612	3.59571E+01
4809	567	3.59578E+01
7253	609	3.60024E+01
4809	325	3.60094E+01
7253	446	3.60470E+01
7073	568	3.60667E+01
7163	446	3.60712E+01
4912	284	3.61081E+01
7073	485	3.61220E+01
7073	446	3.61723E+01
7163	526	3.61731E+01
2802	443	3.61940E+01
7253	365	3.62205E+01
7073	444	3.62308E+01
7163	365	3.62324E+01
4912	612	3.62416E+01
5015	284	3.62906E+01
7163	363	3.63303E+01
2802	484	3.63367E+01
4809	403	3.63761E+01
7253	363	3.63843E+01
7073	365	3.63856E+01
4809	488	3.63940E+01
7163	609	3.64474E+01
4809	447	3.64565E+01
7073	363	3.64823E+01
4912	608	3.64857E+01
1308	362	3.64908E+01
1308	322	3.65767E+01
5015	608	3.65986E+01
7073	526	3.66282E+01
7253	567	3.66418E+01
7253	487	3.67080E+01
7163	487	3.67303E+01
7253	610	3.67419E+01
4809	323	3.67654E+01
7253	325	3.67711E+01
7073	487	3.67737E+01
7163	325	3.67805E+01
5015	366	3.67920E+01
4809	612	3.68225E+01
3014	572	3.68299E+01
7253	569	3.68956E+01
4809	285	3.69487E+01
7073	325	3.69515E+01
7073	609	3.69587E+01
7253	528	3.69603E+01
7163	610	3.69616E+01
1308	402	3.69900E+01
7163	569	3.69976E+01
7163	528	3.70016E+01
2802	572	3.70147E+01
7073	528	3.70149E+01
7163	323	3.70302E+01
7073	569	3.70377E+01
7163	285	3.70403E+01
1308	403	3.70475E+01
7253	285	3.70699E+01
7163	567	3.70743E+01
7253	403	3.70969E+01
7163	403	3.71016E+01
7073	610	3.71073E+01
2908	572	3.71128E+01
7073	323	3.71315E+01
7253	323	3.71380E+01
3014	608	3.71714E+01
1308	282	3.71756E+01
7073	285	3.71943E+01
7163	284	3.72139E+01
4809	284	3.72554E+01
4912	484	3.72910E+01
2908	608	3.73028E+01
7073	284	3.73081E+01
1308	443	3.73163E+01
7073	403	3.73201E+01
7253	284	3.73211E+01
3014	525	3.73414E+01
2908	525	3.73924E+01
4912	366	3.73982E+01
1308	321	3.74291E+01
2908	402	3.74858E+01
7186	444	3.74926E+01
7186	403	3.74973E+01
1308	283	3.75002E+01
3014	402	3.75281E+01
1308	363	3.75380E+01
1308	361	3.75677E+01
7096	403	3.76627E+01
5015	286	3.76686E+01
7073	567	3.76723E+01
7096	444	3.76935E+01
5015	484	3.76940E+01
3014	408	3.77423E+01
1308	323	3.77537E+01
7186	485	3.77692E+01
7186	363	3.77922E+01
7276	444	3.78000E+01
4912	525	3.78577E+01
7276	403	3.78699E+01
2802	402	3.78757E+01
4912	443	3.78957E+01
7253	608	3.79019E+01
5015	571	3.79112E+01
2802	525	3.79247E+01
2802	608	3.79505E+01
7096	363	3.79581E+01
5015	326	3.79630E+01
1308	444	3.79652E+01
7096	485	3.79838E+01
4809	608	3.80189E+01
7276	485	3.80351E+01
1308	484	3.80473E+01
7186	526	3.80665E+01
4912	286	3.81144E+01
7186	484	3.81163E+01
7276	363	3.81506E+01
2908	408	3.81965E+01
1308	243	3.82086E+01
7186	443	3.82116E+01
5015	525	3.82131E+01
2802	408	3.82338E+01
4809	366	3.82599E+01
2908	282	3.82773E+01
7276	526	3.82905E+01
7096	526	3.83029E+01
4912	571	3.83069E+01
7253	406	3.83413E+01
7163	406	3.83424E+01
3014	282	3.83647E+01
7186	404	3.83663E+01
7096	484	3.83724E+01
7186	323	3.83869E+01
5015	443	3.83891E+01
7186	567	3.83981E+01
7096	443	3.83999E+01
7276	484	3.84186E+01
7073	406	3.84220E+01
4912	362	3.84326E+01
1308	244	3.84627E+01
7186	525	3.84732E+01
7186	362	3.84974E+01
7163	608	3.85210E+01
4912	283	3.85286E+01
7096	323	3.85385E+01
4912	245	3.85486E+01
7276	567	3.85594E+01
7096	404	3.85696E+01
7096	362	3.85765E+01
4912	326	3.85776E+01
2802	282	3.85821E+01
7276	443	3.85942E+01
1308	281	3.86257E+01
7276	404	3.86456E+01
7096	567	3.86899E+01
7276	525	3.86953E+01
4809	484	3.87020E+01
7276	323	3.87604E+01
1308	485	3.87637E+01
3014	531	3.87902E+01
7096	525	3.88048E+01
5015	245	3.88199E+01
4809	571	3.88204E+01
1308	442	3.88727E+01
7186	608	3.89112E+01
7276	608	3.89742E+01
7276	362	3.89852E+01
5015	362	3.90121E+01
2802	531	3.90155E+01
5015	283	3.90226E+01
1308	401	3.90340E+01
7253	484	3.90649E+01
7186	322	3.90677E+01
1308	525	3.90688E+01
7186	402	3.90724E+01
4809	286	3.90912E+01
7096	322	3.91072E+01
2908	531	3.91256E+01
7096	402	3.91759E+01
7186	566	3.92165E+01
4912	322	3.92639E+01
4809	443	3.92746E+01
7163	484	3.92817E+01
7163	245	3.93042E+01
7096	608	3.93108E+01
7073	608	3.93235E+01
7253	286	3.93305E+01
4809	525	3.93337E+01
5015	407	3.93387E+01
7276	566	3.93414E+01
7186	445	3.93448E+01
7073	245	3.93638E+01
7163	286	3.93738E+01
7253	525	3.93938E+01
1308	404	3.94107E+01
1308	526	3.94220E+01
7253	245	3.94491E+01
7186	283	3.94577E+01
4809	326	3.94758E+01
4912	566	3.94867E+01
7186	364	3.95140E+01
7096	445	3.95236E+01
7096	283	3.95340E+01
1308	242	3.95447E+01
1308	483	3.95469E+01
7276	402	3.95562E+01
7073	286	3.95815E+01
7276	322	3.95893E+01
7276	445	3.96022E+01
7163	283	3.96386E+01
7096	566	3.96521E+01
7073	283	3.96681E+01
7073	611	3.96925E+01
4809	245	3.97103E+01
5015	530	3.97174E+01
7253	443	3.97221E+01
7073	484	3.97312E+01
4809	362	3.97381E+01
7096	364	3.97507E+01
7163	525	3.97521E+01
7276	364	3.97552E+01
4809	283	3.97556E+01
7163	443	3.98146E+01
5015	566	3.98181E+01
7253	283	3.98273E+01
3014	449	3.98365E+01
1308	284	3.98613E+01
5015	322	3.98815E+01
7276	283	3.99184E+01
7186	284	3.99214E+01
7186	609	3.99263E+01
7163	611	3.99805E+01
7186	324	4.00149E+01
3014	490	4.00176E+01
4912	402	4.00204E+01
7253	611	4.00326E+01
7186	486	4.00339E+01
1308	320	4.00450E+01
7096	609	4.00634E+01
4912	407	4.00668E+01
7163	362	4.00874E+01
7276	609	4.01092E+01
7096	284	4.01253E+01
2908	243	4.01411E+01
3014	566	4.01412E+01
7073	443	4.01443E+01
7186	568	4.01471E+01
1308	567	4.01587E+01
7096	486	4.01616E+01
7253	362	4.01933E+01
7073	447	4.02013E+01
2908	566	4.02024E+01
7073	362	4.02132E+01
7276	284	4.02228E+01
7253	366	4.02240E+01
7096	568	4.02276E+01
2802	449	4.02377E+01
4912	530	4.02408E+01
7163	447	4.02459E+01
7276	324	4.02470E+01
7163	366	4.02483E+01
3014	243	4.02487E+01
7186	527	4.02630E+01
7096	324	4.02698E+01
2908	449	4.02701E+01
3014	614	4.02781E+01
2802	614	4.02836E+01
7253	447	4.02940E+01
7276	486	4.02963E+01
2802	490	4.03218E+01
7073	525	4.03456E+01
7096	527	4.03480E+01
7073	366	4.03740E+01
7276	568	4.03923E+01
2908	490	4.04070E+01
7276	607	4.04095E+01
7186	607	4.04109E+01
11060	525	4.04206E+01
2802	243	4.04343E+01
11060	566	4.04368E+01
1308	566	4.04877E+01
2908	614	4.05037E+01
1308	360	4.05115E+01
7073	570	4.05157E+01
7253	566	4.05269E+01
7276	527	4.05290E+01
4809	322	4.05462E+01
11060	484	4.05523E+01
7253	326	4.05651E+01
1308	245	4.05709E+01
7163	326	4.06196E+01
11060	607	4.06482E+01
10978	525	4.06615E+01
5015	402	4.06685E+01
10978	566	4.06707E+01
7163	322	4.06780E+01
7073	322	4.07294E+01
10897	525	4.07316E+01
4809	530	4.07433E+01
10897	566	4.07495E+01
10978	484	4.07951E+01
4809	407	4.07986E+01
5015	448	4.08059E+01
7073	326	4.08078E+01
2802	566	4.08235E+01
7163	570	4.08454E+01
5015	489	4.08457E+01
1308	204	4.08534E+01
7253	322	4.08559E+01
10897	484	4.08676E+01
10978	607	4.08738E+01
11060	608	4.08790E+01
1308	524	4.08818E+01
1308	364	4.09188E+01
11060	443	4.09244E+01
7186	483	4.09329E+01
1308	445	4.09683E+01
7096	282	4.09713E+01
7253	570	4.09713E+01
10897	607	4.09756E+01
7096	607	4.09943E+01
4912	244	4.09987E+01
7186	282	4.10249E+01
7163	566	4.10564E+01
4809	566	4.10630E+01
7073	488	4.10980E+01
7073	529	4.11092E+01
7186	244	4.11211E+01
10897	608	4.11281E+01
10978	608	4.11307E+01
10978	443	4.11598E+01
7096	244	4.11604E+01
7096	483	4.11869E+01
5015	613	4.11891E+01
1308	324	4.11949E+01
11060	567	4.12073E+01
11060	403	4.12107E+01
10897	443	4.12409E+01
1308	608	4.12757E+01
7163	488	4.12770E+01
11060	444	4.12772E+01
7276	483	4.13028E+01
7186	442	4.13128E+01
7186	245	4.13514E+01
7096	361	4.13636E+01
7186	524	4.13728E+01
7253	488	4.13807E+01
7186	361	4.13851E+01
7163	529	4.13941E+01
4809	402	4.13962E+01
11060	526	4.14384E+01
11060	485	4.14533E+01
7096	442	4.14563E+01
10897	567	4.14626E+01
10978	567	4.14737E+01
4912	613	4.14739E+01
10978	403	4.14850E+01
4912	489	4.14894E+01
2908	321	4.14933E+01
7096	245	4.15286E+01
4912	448	4.15311E+01
7253	529	4.15315E+01
10897	403	4.15517E+01
10978	444	4.15673E+01
5015	244	4.15734E+01
1308	280	4.15792E+01
3014	368	4.15949E+01
10897	444	4.16089E+01
7276	244	4.16149E+01
3014	321	4.16215E+01
7276	524	4.16322E+01
7276	282	4.16463E+01
7276	245	4.16788E+01
10898	366	4.16880E+01
10979	447	4.16917E+01
10898	447	4.16972E+01
7096	321	4.17122E+01
10979	366	4.17153E+01
10897	526	4.17156E+01
10978	526	4.17190E+01
10978	485	4.17435E+01
7096	524	4.17443E+01
2908	361	4.17565E+01
10897	485	4.17596E+01
10979	406	4.17677E+01
10898	406	4.17689E+01
4809	613	4.17715E+01
7163	402	4.17796E+01
7186	321	4.17915E+01
7276	442	4.17939E+01
1308	486	4.18009E+01
7073	244	4.18015E+01
7253	402	4.18102E+01
7163	244	4.18184E+01
2802	321	4.18321E+01
7073	566	4.18349E+01
7186	405	4.18505E+01
11061	447	4.18573E+01
3014	361	4.18736E+01
11060	402	4.18782E+01
11061	366	4.19043E+01
11061	406	4.19623E+01
1308	568	4.19700E+01
7073	402	4.19940E+01
11060	362	4.19979E+01
7276	361	4.20123E+01
1308	527	4.20176E+01
4809	489	4.20309E+01
11060	524	4.20366E+01
7253	244	4.20538E+01
7276	405	4.20560E+01
7096	405	4.20655E+01
1308	609	4.20771E+01
10979	488	4.20869E+01
10978	402	4.20916E+01
11060	363	4.20961E+01
10898	488	4.20975E+01
2908	368	4.21086E+01
10898	407	4.21100E+01
2802	361	4.21279E+01
10979	407	4.21440E+01
4809	448	4.21526E+01
2802	368	4.21614E+01
10897	402	4.21821E+01
4912	607	4.21884E+01
1308	241	4.22109E+01
10898	326	4.22183E+01
10978	524	4.22300E+01
4809	244	4.22301E+01
11060	483	4.22302E+01
10978	362	4.22344E+01
11061	488	4.22381E+01
10979	326	4.22625E+01
11061	407	4.22905E+01
11060	565	4.23137E+01
10897	362	4.23194E+01
10897	524	4.23586E+01
10978	363	4.23961E+01
1308	441	4.24076E+01
10978	483	4.24196E+01
7253	607	4.24312E+01
11061	326	4.24657E+01
7276	321	4.24659E+01
10897	363	4.24659E+01
1308	607	4.24982E+01
5015	607	4.25050E+01
10978	565	4.25059E+01
7186	565	4.25079E+01
10979	529	4.25235E+01
10897	483	4.25364E+01
10898	529	4.25484E+01
7096	243	4.26172E+01
7276	565	4.26438E+01
10897	565	4.26560E+01
11061	529	4.26677E+01
7186	285	4.26832E+01
10979	487	4.27122E+01
7186	243	4.27142E+01
10898	487	4.27902E+01
7276	285	4.28283E+01
5015	367	4.28335E+01
10898	367	4.28370E+01
7186	401	4.28476E+01
4912	282	4.28600E+01
7096	401	4.28682E+01
10979	367	4.28863E+01
11060	322	4.28910E+01
1308	565	4.28934E+01
11061	487	4.28972E+01
11060	323	4.29063E+01
1308	400	4.29156E+01
10979	570	4.29387E+01
10979	446	4.29403E+01
10898	446	4.29930E+01
10898	570	4.29943E+01
7096	285	4.30106E+01
7096	565	4.30203E+01
11061	367	4.30215E+01
1308	203	4.30306E+01
11060	442	4.30341E+01
10979	528	4.30446E+01
11060	404	4.30472E+01
11060	606	4.30486E+01
1308	482	4.30689E+01
11061	570	4.30775E+01
10898	327	4.30848E+01
10978	322	4.31285E+01
10979	327	4.31380E+01
11061	446	4.31496E+01
10898	528	4.31574E+01
7163	607	4.31702E+01
10978	323	4.32097E+01
10978	442	4.32105E+01
11061	528	4.32130E+01
10897	322	4.32170E+01
7096	610	4.32366E+01
10978	606	4.32374E+01
10898	448	4.32700E+01
11061	327	4.32815E+01
10897	323	4.32917E+01
10979	448	4.33208E+01
10897	442	4.33218E+01
7276	243	4.33723E+01
10978	404	4.33791E+01
10897	404	4.34150E+01
10897	606	4.34216E+01
10898	365	4.34233E+01
10979	365	4.34338E+01
7186	610	4.34373E+01
10979	611	4.34406E+01
2908	442	4.34438E+01
11061	448	4.34488E+01
7276	401	4.34577E+01
2908	483	4.34802E+01
3014	442	4.35297E+01
3014	483	4.35323E+01
10898	611	4.35490E+01
11061	611	4.35712E+01
5015	282	4.36600E+01
11061	365	4.36805E+01
3014	573	4.36879E+01
4912	483	4.36979E+01
4912	367	4.37072E+01
2802	573	4.37089E+01
10979	569	4.37584E+01
7276	610	4.37933E+01
11060	609	4.38337E+01
7186	365	4.38484E+01
11060	283	4.38554E+01
7186	446	4.38687E+01
4809	607	4.39010E+01
2802	442	4.39086E+01
11061	569	4.39122E+01
10898	569	4.39214E+01
2908	573	4.39691E+01
10897	609	4.39717E+01
7276	365	4.39863E+01
7073	282	4.39885E+01
7096	446	4.39894E+01
2802	483	4.40002E+01
5015	327	4.40054E+01
7163	282	4.40275E+01
10898	286	4.40854E+01
10978	609	4.41001E+01
7276	446	4.41027E+01
11060	361	4.41196E+01
10978	283	4.41288E+01
7096	365	4.41375E+01
1308	319	4.41412E+01
10979	286	4.41476E+01
7096	281	4.41521E+01
4809	282	4.41625E+01
7186	325	4.41748E+01
7073	607	4.41857E+01
10898	325	4.41927E+01
10898	489	4.42119E+01
3014	607	4.42146E+01
1308	405	4.42149E+01
10897	283	4.42222E+01
10979	325	4.42314E+01
7073	407	4.42355E+01
7096	569	4.42546E+01
7163	407	4.42548E+01
7276	325	4.42742E+01
10979	489	4.42797E+01
2908	607	4.42844E+01
10979	405	4.42864E+01
11060	445	4.42871E+01
10978	361	4.42910E+01
7253	407	4.42931E+01
7253	282	4.43003E+01
10898	405	4.43158E+01
7276	606	4.43217E+01
7186	606	4.43320E+01
7186	281	4.43362E+01
5015	572	4.43496E+01
4912	361	4.43707E+01
5015	483	4.43823E+01
10897	361	4.43868E+01
4912	442	4.43909E+01
11061	286	4.43986E+01
11061	489	4.44043E+01
4809	367	4.44416E+01
7186	569	4.44500E+01
11061	325	4.44970E+01
1308	285	4.44988E+01
4912	524	4.45009E+01
7096	325	4.45222E+01
11061	405	4.45341E+01
7073	612	4.45765E+01
10897	445	4.46193E+01
10978	445	4.46268E+01
10898	612	4.46459E+01
11060	364	4.46633E+01
10898	530	4.46802E+01
10979	612	4.46805E+01
1308	523	4.46894E+01
11060	568	4.47206E+01
10898	571	4.47537E+01
10979	530	4.47561E+01
4912	572	4.47824E+01
11060	401	4.48001E+01
11061	612	4.48145E+01
10979	571	4.48206E+01
11060	282	4.48240E+01
7276	569	4.48254E+01
4912	321	4.48608E+01
10979	610	4.48677E+01
1308	610	4.48767E+01
11061	530	4.48843E+01
10897	568	4.48905E+01
4912	327	4.49121E+01
11060	284	4.49349E+01
11060	321	4.49422E+01
7096	528	4.49487E+01
10978	401	4.49500E+01
7096	487	4.49509E+01
11061	571	4.49535E+01
7186	487	4.49556E+01
11061	610	4.50052E+01
10978	568	4.50097E+01
2802	607	4.50182E+01
7096	606	4.50201E+01
10978	364	4.50246E+01
10978	282	4.50309E+01
1308	359	4.50315E+01
4809	572	4.50341E+01
7253	483	4.50471E+01
10897	401	4.50578E+01
7186	528	4.50701E+01
10897	364	4.50741E+01
11060	486	4.50803E+01
10898	610	4.51016E+01
10978	321	4.51135E+01
7276	281	4.51182E+01
5015	524	4.51218E+01
10897	282	4.51234E+01
4912	243	4.51560E+01
5015	442	4.51804E+01
11060	527	4.52034E+01
10897	321	4.52057E+01
2908	281	4.52361E+01
4809	483	4.52376E+01
7276	487	4.52475E+01
2908	524	4.52578E+01
11060	324	4.52579E+01
5015	361	4.52588E+01
7163	483	4.52664E+01
10978	284	4.52749E+01
3014	524	4.52883E+01
10898	408	4.53234E+01
10897	486	4.53584E+01
7163	612	4.53590E+01
10897	284	4.53676E+01
10979	408	4.53996E+01
10978	486	4.54111E+01
3014	281	4.54176E+01
7276	528	4.54178E+01
10897	527	4.54232E+01
7253	524	4.54479E+01
11061	408	4.55030E+01
10978	527	4.55154E+01
2908	401	4.55585E+01
2802	281	4.55603E+01
11060	244	4.55986E+01
7096	242	4.56167E+01
10978	324	4.56261E+01
1308	606	4.56797E+01
3014	401	4.56962E+01
10897	324	4.56985E+01
4809	327	4.57025E+01
7253	612	4.57243E+01
7073	483	4.57628E+01
1308	279	4.57667E+01
4809	361	4.57685E+01
5015	321	4.57863E+01
7163	524	4.58347E+01
7186	242	4.58469E+01
2802	524	4.58511E+01
10978	244	4.58636E+01
4809	442	4.58844E+01
1308	569	4.58956E+01
1308	240	4.59603E+01
10897	244	4.59643E+01
7163	361	4.59748E+01
7186	482	4.59779E+01
7253	442	4.59782E+01
2802	401	4.59837E+01
7073	243	4.59839E+01
5015	243	4.60257E+01
7096	360	4.60296E+01
7163	442	4.60453E+01
7073	361	4.60596E+01
11060	523	4.60599E+01
7096	320	4.60606E+01
7163	243	4.60773E+01
4809	524	4.61174E+01
7253	361	4.61435E+01
7186	360	4.61626E+01
1308	202	4.61728E+01
7096	482	4.61899E+01
10978	523	4.61992E+01
4809	321	4.62255E+01
10979	486	4.62370E+01
11060	482	4.62384E+01
7186	320	4.62634E+01
7073	321	4.62968E+01
7163	321	4.63037E+01
11060	245	4.63681E+01
10978	482	4.63695E+01
10898	486	4.63705E+01
7073	571	4.63711E+01
10897	523	4.63713E+01
7073	442	4.63838E+01
1308	446	4.63936E+01
7253	243	4.64030E+01
10979	527	4.64418E+01
7276	482	4.64436E+01
4809	243	4.64544E+01
11061	486	4.64633E+01
7073	524	4.65115E+01
10897	482	4.65189E+01
7186	441	4.65235E+01
7186	523	4.65457E+01
7253	321	4.65576E+01
7096	441	4.65938E+01
11060	564	4.66208E+01
4912	565	4.66261E+01
10898	527	4.66281E+01
11061	527	4.66430E+01
11060	243	4.66657E+01
7276	242	4.66663E+01
2908	242	4.66711E+01
10978	245	4.66992E+01
10978	564	4.67630E+01
1308	365	4.67847E+01
10897	245	4.68044E+01
3014	409	4.68423E+01
1308	528	4.68434E+01
3014	532	4.68453E+01
10978	243	4.68656E+01
3014	242	4.68689E+01
7276	523	4.68791E+01
10898	368	4.68852E+01
7096	523	4.69054E+01
7073	448	4.69205E+01
7276	360	4.69367E+01
2802	532	4.69399E+01
7253	565	4.69510E+01
4912	401	4.69525E+01
5015	408	4.69596E+01
10897	243	4.69613E+01
10979	368	4.69616E+01
10897	564	4.69664E+01
2802	242	4.69798E+01
11061	368	4.70471E+01
7253	367	4.70729E+01
10979	445	4.70879E+01
1308	325	4.70919E+01
7276	320	4.70931E+01
7163	367	4.70952E+01
7276	441	4.71232E+01
7163	571	4.71238E+01
5015	531	4.71407E+01
7163	448	4.71440E+01
7073	367	4.71742E+01
1308	487	4.71772E+01
10898	445	4.71781E+01
2908	532	4.71935E+01
7253	327	4.72060E+01
5015	565	4.72090E+01
1308	564	4.72136E+01
7096	204	4.72388E+01
7253	448	4.72879E+01
7163	327	4.72956E+01
2802	409	4.73172E+01
11060	441	4.73260E+01
11061	445	4.73470E+01
2908	409	4.73593E+01
10979	568	4.74280E+01
10978	441	4.74403E+01
7073	327	4.74878E+01
7186	204	4.74878E+01
7253	571	4.75141E+01
7163	565	4.75307E+01
10898	285	4.75334E+01
11060	281	4.75498E+01
11060	405	4.75636E+01
10897	441	4.75731E+01
10979	285	4.75996E+01
11061	568	4.76068E+01
10898	449	4.76201E+01
1308	440	4.76315E+01
7073	530	4.76760E+01
10898	568	4.76816E+01
10978	281	4.76912E+01
10979	449	4.77356E+01
4912	531	4.77431E+01
10897	281	4.77814E+01
11061	449	4.78322E+01
11060	605	4.78583E+01
5015	401	4.79064E+01
4912	408	4.79102E+01
11061	285	4.79165E+01
10897	405	4.79467E+01
10979	364	4.79487E+01
10978	405	4.79489E+01
10898	364	4.79496E+01
7276	286	4.79708E+01
7186	286	4.79774E+01
2908	204	4.79831E+01
10978	605	4.80004E+01
7073	489	4.80035E+01
4809	531	4.80087E+01
7186	406	4.80446E+01
7186	564	4.80617E+01
11060	360	4.81630E+01
3014	204	4.81855E+01
10898	613	4.81880E+01
7276	406	4.81969E+01
7096	406	4.82438E+01
10897	605	4.82455E+01
7276	564	4.82535E+01
11061	364	4.82564E+01
10978	360	4.82687E+01
2802	204	4.82816E+01
5015	614	4.83034E+01
7163	530	4.83056E+01
7276	204	4.83151E+01
1308	399	4.83288E+01
11060	285	4.83331E+01
1308	481	4.83426E+01
4809	565	4.83511E+01
10897	360	4.83711E+01
10979	613	4.83810E+01
7096	286	4.84226E+01
7073	565	4.84226E+01
4809	401	4.84278E+01
7096	400	4.84372E+01
7163	489	4.84447E+01
4809	408	4.84883E+01
7186	400	4.85172E+01
11061	613	4.85276E+01
4912	614	4.85546E+01
4809	614	4.85553E+01
2908	565	4.85708E+01
3014	565	4.85867E+01
7096	564	4.85872E+01
7163	401	4.86088E+01
7253	530	4.86536E+01
7253	401	4.86907E+01
7253	489	4.87021E+01
7096	611	4.87306E+01
10978	285	4.87396E+01
11060	320	4.87605E+01
7096	280	4.87844E+01
7073	401	4.87970E+01
4912	281	4.87980E+01
10897	285	4.88297E+01
10898	324	4.88553E+01
10978	320	4.88659E+01
10979	324	4.88920E+01
5015	490	4.89140E+01
10897	320	4.89593E+01
3014	491	4.89705E+01
10898	490	4.89929E+01
10898	572	4.90083E+01
5015	449	4.90145E+01
7186	280	4.90980E+01
10979	609	4.91249E+01
10979	490	4.91492E+01
2802	491	4.91806E+01
10979	572	4.92112E+01
3014	450	4.92184E+01
11061	324	4.92221E+01
11061	490	4.92540E+01
2802	565	4.92574E+01
7276	400	4.92658E+01
11061	609	4.92804E+01
11060	242	4.92819E+01
7186	611	4.93385E+01
11061	572	4.93467E+01
10898	531	4.93816E+01
2908	491	4.93886E+01
10978	242	4.94185E+01
1308	318	4.94304E+01
7253	606	4.94594E+01
10898	609	4.94645E+01
10897	610	4.94814E+01
11060	610	4.94859E+01
10897	242	4.95085E+01
2802	450	4.95642E+01
10979	531	4.95699E+01
1308	611	4.95784E+01
10979	404	4.96361E+01
11060	400	4.96633E+01
4912	490	4.96829E+01
10898	404	4.96862E+01
11061	531	4.96898E+01
2908	450	4.96977E+01
2908	320	4.97426E+01
10978	400	4.97483E+01
10978	610	4.97557E+01
10897	400	4.98675E+01
7096	241	4.98828E+01
11060	365	4.98892E+01
5015	281	4.98960E+01
4912	449	4.99134E+01
7276	611	4.99165E+01
11061	404	4.99415E+01
3014	320	4.99658E+01
7073	281	4.99660E+01
4912	606	5.00049E+01
4809	490	5.00145E+01
7276	280	5.00388E+01
11060	446	5.00584E+01
7163	281	5.00761E+01
1308	201	5.00777E+01
2802	320	5.01038E+01
4809	281	5.01722E+01
11060	325	5.01728E+01
1308	522	5.02343E+01
7186	241	5.02425E+01
7163	606	5.02631E+01
10978	365	5.03089E+01
10897	365	5.03330E+01
4809	449	5.03532E+01
10897	446	5.03757E+01
7253	281	5.04349E+01
10978	446	5.04418E+01
7186	605	5.04593E+01
7276	605	5.04931E+01
2908	360	5.05105E+01
5015	606	5.05629E+01
1308	239	5.05654E+01
10978	325	5.06042E+01
1308	605	5.06556E+01
10897	325	5.06636E+01
7096	570	5.06781E+01
4912	242	5.07231E+01
3014	360	5.07236E+01
1308	358	5.08207E+01
7096	203	5.09069E+01
2802	360	5.09085E+01
7186	366	5.09141E+01
1308	278	5.09306E+01
11060	569	5.09594E+01
7276	366	5.09641E+01
7276	326	5.10127E+01
10897	569	5.10168E+01
7186	326	5.10360E+01
7186	447	5.10820E+01
11060	204	5.11013E+01
7096	447	5.11086E+01
7096	605	5.11765E+01
7186	570	5.12102E+01
7276	241	5.12190E+01
7096	366	5.12359E+01
10978	204	5.12403E+01
10978	569	5.12612E+01
7186	203	5.12813E+01
7276	447	5.13194E+01
10898	409	5.13259E+01
10897	204	5.13331E+01
7073	606	5.14126E+01
10979	409	5.14508E+01
7096	326	5.14632E+01
11060	487	5.14804E+01
11061	409	5.15163E+01
1308	406	5.15232E+01
7073	613	5.15928E+01
7073	242	5.16148E+01
1308	286	5.16182E+01
5015	368	5.16402E+01
10897	487	5.17110E+01
11060	528	5.17222E+01
11060	280	5.17354E+01
7276	570	5.17589E+01
7163	242	5.17840E+01
10978	280	5.18127E+01
1308	570	5.18401E+01
7096	319	5.18442E+01
10978	487	5.18444E+01
10897	528	5.18615E+01
4809	606	5.18696E+01
5015	242	5.18772E+01
10897	280	5.18994E+01
4912	360	5.20235E+01
7096	529	5.20325E+01
4912	320	5.20474E+01
10978	528	5.20570E+01
4809	242	5.20852E+01
4912	482	5.20897E+01
11060	522	5.21627E+01
7186	319	5.21726E+01
7253	242	5.21992E+01
11060	481	5.22413E+01
10978	522	5.22427E+01
7096	359	5.22522E+01
7276	203	5.22602E+01
10978	481	5.23104E+01
7096	488	5.23146E+01
7186	529	5.24126E+01
10897	522	5.24444E+01
10897	481	5.24816E+01
7186	488	5.24959E+01
4912	204	5.25044E+01
7186	359	5.25045E+01
10979	485	5.26606E+01
10979	526	5.27589E+01
4912	368	5.27648E+01
5015	573	5.27690E+01
4912	441	5.27747E+01
7073	408	5.27897E+01
10898	485	5.28371E+01
7276	488	5.28497E+01
7276	529	5.28795E+01
7163	613	5.29231E+01
7186	481	5.29259E+01
7163	408	5.29335E+01
11061	485	5.29354E+01
2908	441	5.29831E+01
11061	526	5.30016E+01
10898	526	5.30032E+01
11060	563	5.30289E+01
7253	408	5.30295E+01
2908	482	5.30478E+01
7096	481	5.30611E+01
5015	482	5.30698E+01
10978	563	5.31144E+01
4912	523	5.31442E+01
7276	319	5.31586E+01
7073	204	5.31623E+01
3014	441	5.31636E+01
11060	241	5.31668E+01
4809	573	5.31852E+01
3014	482	5.31919E+01
1308	563	5.31957E+01
4912	573	5.32069E+01
5015	360	5.32176E+01
10978	241	5.32417E+01
7253	482	5.32465E+01
5015	320	5.32743E+01
2908	606	5.33201E+01
3014	606	5.33245E+01
10897	241	5.33258E+01
10897	563	5.33540E+01
7163	204	5.33630E+01
4809	368	5.33667E+01
10898	284	5.34073E+01
7276	359	5.34303E+01
7163	482	5.34391E+01
11060	440	5.34525E+01
7096	440	5.34785E+01
10979	284	5.34793E+01
2908	280	5.34834E+01
2802	441	5.34839E+01
4809	320	5.34889E+01
10978	440	5.35024E+01
7186	440	5.35052E+01
4809	360	5.35061E+01
7276	481	5.35119E+01
7073	320	5.35198E+01
7163	320	5.35914E+01
2802	482	5.36100E+01
7253	613	5.36379E+01
10897	440	5.36489E+01
7163	360	5.36743E+01
7186	522	5.36756E+01
5015	204	5.36794E+01
7073	360	5.37057E+01
4809	482	5.37416E+01
3014	280	5.37558E+01
7253	523	5.37841E+01
11060	359	5.37965E+01
7253	204	5.38065E+01
1308	529	5.38165E+01
2802	280	5.38251E+01
10978	359	5.38367E+01
4809	204	5.38535E+01
11061	284	5.38630E+01
5015	441	5.38676E+01
7253	360	5.39151E+01
7253	320	5.39260E+01
7073	482	5.39417E+01
10897	359	5.39421E+01
10898	614	5.39592E+01
7096	522	5.39774E+01
10979	567	5.40186E+01
11060	319	5.40305E+01
5015	523	5.40512E+01
10979	444	5.40690E+01
10978	319	5.40711E+01
7276	522	5.41154E+01
2802	606	5.41201E+01
7163	523	5.41624E+01
10897	319	5.41635E+01
10898	444	5.41867E+01
1308	439	5.42161E+01
11061	567	5.42325E+01
1308	447	5.42336E+01
7276	440	5.42400E+01
11060	286	5.42878E+01
7253	441	5.43076E+01
2908	241	5.43106E+01
10979	614	5.43240E+01
7163	441	5.43281E+01
10898	567	5.43444E+01
4809	441	5.43695E+01
11061	444	5.43835E+01
11060	203	5.44423E+01
7073	572	5.44437E+01
11061	614	5.44916E+01
10978	203	5.45233E+01
8836	609	5.45408E+01
1308	200	5.45697E+01
7096	279	5.45809E+01
3014	241	5.45948E+01
10898	450	5.46056E+01
10897	203	5.46086E+01
8836	567	5.46299E+01
2802	241	5.46338E+01
8836	608	5.46408E+01
7073	441	5.46460E+01
11060	604	5.47363E+01
10978	286	5.47597E+01
2908	203	5.47828E+01
10979	450	5.47937E+01
10978	604	5.48238E+01
1308	488	5.48375E+01
10897	286	5.48452E+01
11060	406	5.48584E+01
11061	450	5.48646E+01
7073	523	5.48700E+01
4809	523	5.48811E+01
8836	526	5.49036E+01
1308	398	5.49491E+01
1308	163	5.49519E+01
7186	279	5.50217E+01
1308	480	5.50426E+01
3014	203	5.50664E+01
2908	523	5.50870E+01
10979	363	5.50884E+01
2802	203	5.50932E+01
10898	363	5.50957E+01
10897	604	5.51095E+01
7096	240	5.51558E+01
8836	568	5.51661E+01
3014	523	5.52063E+01
1308	366	5.52227E+01
10897	406	5.52449E+01
10978	406	5.52924E+01
2908	400	5.53068E+01
8836	485	5.53918E+01
11061	363	5.54600E+01
7096	202	5.54665E+01
7096	399	5.55394E+01
3014	400	5.55404E+01
10898	573	5.55515E+01
7186	563	5.55609E+01
4912	400	5.55735E+01
1308	326	5.55822E+01
1308	317	5.56357E+01
7186	240	5.56402E+01
7253	564	5.56608E+01
7163	572	5.56666E+01
4912	564	5.57179E+01
2802	523	5.57270E+01
7186	399	5.57335E+01
2802	400	5.57609E+01
8836	527	5.57775E+01
1308	238	5.58229E+01
7276	563	5.58490E+01
10979	573	5.59022E+01
8748	609	5.59493E+01
7186	202	5.59605E+01
10898	323	5.59862E+01
10979	323	5.60242E+01
4912	280	5.60344E+01
7096	563	5.60422E+01
1308	612	5.60435E+01
11061	573	5.60479E+01
8748	608	5.60625E+01
8748	567	5.61020E+01
11060	399	5.61124E+01
7276	279	5.61183E+01
10978	399	5.61321E+01
8836	444	5.61737E+01
8836	486	5.62208E+01
7073	449	5.62407E+01
7163	564	5.62452E+01
10897	399	5.62573E+01
10898	491	5.62658E+01
10979	608	5.62954E+01
7253	572	5.63535E+01
7096	612	5.63933E+01
11061	323	5.64204E+01
8748	526	5.64393E+01
10898	532	5.64583E+01
10898	245	5.64617E+01
11061	608	5.64807E+01
8836	445	5.64883E+01
10979	491	5.65196E+01
10979	245	5.65635E+01
7073	531	5.65672E+01
5015	564	5.65786E+01
11061	491	5.66111E+01
7276	399	5.66296E+01
8748	568	5.66428E+01
5015	532	5.66661E+01
7163	449	5.66743E+01
10898	608	5.67191E+01
8836	525	5.67347E+01
7276	240	5.67689E+01
7253	368	5.67691E+01
10979	532	5.67695E+01
7163	368	5.67752E+01
8836	566	5.67881E+01
7073	368	5.67883E+01
5015	400	5.68333E+01
1308	277	5.68341E+01
8660	609	5.68543E+01
8836	404	5.68705E+01
11061	532	5.68881E+01
7253	449	5.69360E+01
7186	407	5.69687E+01
11061	245	5.69762E+01
8660	608	5.69825E+01
8748	485	5.69958E+01
8660	567	5.70217E+01
7276	202	5.70853E+01
11060	279	5.70881E+01
7276	407	5.70892E+01
10978	279	5.71030E+01
8836	610	5.71205E+01
7096	407	5.71243E+01
4809	400	5.71381E+01
1308	604	5.71691E+01
10897	279	5.71853E+01
7073	564	5.71865E+01
5015	409	5.71907E+01
1308	521	5.71938E+01
8836	484	5.72457E+01
7163	400	5.72538E+01
7073	280	5.72933E+01
4912	532	5.73177E+01
4809	532	5.73363E+01
8748	527	5.73383E+01
7073	490	5.73634E+01
8660	526	5.73700E+01
7073	400	5.73966E+01
7253	400	5.74010E+01
8836	607	5.74037E+01
4912	241	5.74115E+01
5015	280	5.74201E+01
7186	612	5.74707E+01
7163	280	5.74758E+01
4809	280	5.74761E+01
10897	611	5.75421E+01
4809	564	5.75677E+01
8660	568	5.75719E+01
1308	357	5.75761E+01
7163	531	5.75831E+01
8836	403	5.76092E+01
10979	403	5.76671E+01
11060	611	5.77184E+01
10898	403	5.77305E+01
11060	326	5.78243E+01
8748	444	5.78390E+01
8748	486	5.78725E+01
11060	366	5.78970E+01
7253	280	5.79213E+01
8660	485	5.79375E+01
10978	611	5.79807E+01
11061	403	5.80342E+01
11060	240	5.80555E+01
10978	240	5.80711E+01
7163	490	5.81032E+01
10897	240	5.81489E+01
8836	363	5.81701E+01
7253	531	5.81703E+01
8748	445	5.82249E+01
8748	525	5.82262E+01
8748	566	5.82341E+01
8836	364	5.82557E+01
3136	609	5.82959E+01
8660	527	5.83063E+01
7276	612	5.83149E+01
10978	326	5.83164E+01
4912	409	5.83423E+01
10897	326	5.83593E+01
10897	366	5.83647E+01
10978	366	5.83713E+01
3136	567	5.83726E+01
7073	241	5.84077E+01
8836	569	5.84196E+01
4912	203	5.84214E+01
3136	608	5.84336E+01
8836	443	5.84653E+01
7186	604	5.84656E+01
8748	610	5.84927E+01
7253	490	5.85397E+01
7276	604	5.85917E+01
11060	447	5.86118E+01
7163	241	5.86514E+01
8748	404	5.86690E+01
11060	202	5.86710E+01
10978	202	5.86961E+01
7253	605	5.87263E+01
7096	318	5.87540E+01
4809	409	5.87606E+01
10897	202	5.87742E+01
8660	444	5.87766E+01
8836	405	5.87767E+01
8748	484	5.87856E+01
3136	526	5.87902E+01
8748	607	5.88147E+01
4809	241	5.88344E+01
5015	241	5.88382E+01
2908	564	5.88448E+01
2823	282	5.88479E+01
8660	486	5.88814E+01
10897	447	5.88987E+01
2823	322	5.89270E+01
3014	564	5.89468E+01
10978	447	5.90328E+01
8660	525	5.90926E+01
8660	566	5.91124E+01
1308	162	5.91274E+01
7096	604	5.91440E+01
7253	241	5.91545E+01
7073	203	5.91767E+01
3136	568	5.91817E+01
7186	318	5.92081E+01
5015	491	5.92317E+01
2908	319	5.92458E+01
8660	445	5.92596E+01
2823	362	5.92960E+01
2823	321	5.92995E+01
8748	403	5.93129E+01
8660	610	5.93457E+01
7096	571	5.93538E+01
2823	243	5.93958E+01
8836	528	5.94007E+01
7163	203	5.94508E+01
3136	485	5.94517E+01
1308	199	5.94998E+01
7163	605	5.95411E+01
8836	446	5.95470E+01
3014	319	5.95611E+01
2802	564	5.95797E+01
8836	324	5.95889E+01
8836	323	5.96027E+01
3136	525	5.96087E+01
2823	283	5.96231E+01
2802	319	5.96263E+01
8660	484	5.96382E+01
5015	450	5.96459E+01
3035	282	5.96545E+01
1308	571	5.96644E+01
4912	605	5.96754E+01
8660	404	5.96940E+01
7096	358	5.96959E+01
3035	322	5.97058E+01
8660	607	5.97128E+01
10897	570	5.97388E+01
3136	566	5.98148E+01
8836	487	5.98156E+01
11060	570	5.98196E+01
4809	203	5.98253E+01
11060	480	5.98444E+01
2823	361	5.98446E+01
10978	480	5.98491E+01
5015	203	5.98513E+01
8748	569	5.98801E+01
2823	281	5.98841E+01
11060	521	5.99428E+01
10978	521	5.99598E+01
3136	484	5.99651E+01
7253	203	5.99806E+01
8748	363	5.99866E+01
2823	402	6.00114E+01
10897	480	6.00327E+01
8748	443	6.00455E+01
2823	244	6.00478E+01
3035	362	6.00509E+01
7186	358	6.00722E+01
3035	321	6.00864E+01
4912	491	6.00980E+01
10978	570	6.01244E+01
2929	282	6.01544E+01
10897	521	6.01788E+01
8748	364	6.01799E+01
4809	491	6.02112E+01
8660	403	6.02137E+01
3136	444	6.02186E+01
3035	243	6.02251E+01
2929	322	6.02714E+01
7186	571	6.02775E+01
3136	527	6.03053E+01
3136	610	6.03265E+01
7276	318	6.03492E+01
2823	242	6.03660E+01
10978	318	6.04134E+01
3035	283	6.04146E+01
11060	318	6.04360E+01
8836	362	6.04948E+01
4912	319	6.04962E+01
10897	318	6.05031E+01
5015	605	6.05061E+01
1308	562	6.05161E+01
2929	321	6.05329E+01
7276	327	6.05693E+01
7073	614	6.05735E+01
3035	361	6.05978E+01
11060	488	6.06154E+01
2823	323	6.06210E+01
2929	362	6.06234E+01
2908	359	6.06239E+01
10978	358	6.06509E+01
8748	405	6.06584E+01
11060	358	6.06752E+01
2823	403	6.06767E+01
4912	450	6.06936E+01
2929	243	6.07008E+01
7186	327	6.07039E+01
3035	281	6.07065E+01
7096	201	6.07086E+01
3136	607	6.07197E+01
3035	402	6.07322E+01
7276	367	6.07383E+01
7073	605	6.07486E+01
10897	358	6.07563E+01
7186	367	6.07599E+01
10897	488	6.07797E+01
8836	402	6.07863E+01
8660	569	6.07864E+01
7096	448	6.08291E+01
3136	443	6.08424E+01
3035	244	6.08565E+01
8660	443	6.08697E+01
2823	363	6.09132E+01
11060	529	6.09162E+01
3014	359	6.09314E+01
7186	448	6.09316E+01
4809	450	6.09444E+01
8660	363	6.09445E+01
2823	443	6.09503E+01
10897	529	6.09529E+01
8748	528	6.09677E+01
8836	365	6.09685E+01
10978	488	6.10053E+01
10978	439	6.10111E+01
11060	439	6.10263E+01
2929	283	6.10336E+01
7276	571	6.10387E+01
2802	359	6.10441E+01
4912	359	6.10451E+01
2929	361	6.10512E+01
2929	281	6.10910E+01
7096	367	6.10937E+01
8836	284	6.11089E+01
8836	524	6.11160E+01
11060	562	6.11240E+01
10978	562	6.11477E+01
7276	358	6.11523E+01
10897	439	6.11644E+01
3136	403	6.11919E+01
7096	327	6.11970E+01
7096	239	6.11984E+01
7276	448	6.11985E+01
3035	242	6.12152E+01
10978	529	6.12652E+01
2929	402	6.12674E+01
7096	278	6.12698E+01
8660	364	6.12757E+01
2823	204	6.13118E+01
7186	201	6.13162E+01
3136	486	6.13237E+01
1308	407	6.13291E+01
8748	446	6.13404E+01
7186	480	6.13940E+01
3035	323	6.13948E+01
10897	562	6.14083E+01
3035	403	6.14175E+01
7096	480	6.14241E+01
10898	283	6.14276E+01
2929	244	6.14471E+01
7096	530	6.14711E+01
2823	320	6.14822E+01
8748	323	6.14976E+01
8748	487	6.14981E+01
2823	401	6.14991E+01
8836	565	6.15014E+01
10979	283	6.15071E+01
1308	237	6.15568E+01
2929	242	6.15804E+01
8836	483	6.15972E+01
8748	324	6.16056E+01
3035	443	6.16441E+01
4809	605	6.16643E+01
3035	363	6.16761E+01
7096	439	6.17385E+01
8660	405	6.17945E+01
7186	239	6.18022E+01
1308	438	6.18187E+01
7186	278	6.18340E+01
1289	449	6.18405E+01
1289	408	6.18437E+01
10979	484	6.18794E+01
7186	439	6.18805E+01
2823	442	6.18836E+01
8836	322	6.18895E+01
10979	525	6.19335E+01
8660	528	6.19454E+01
1289	368	6.19557E+01
11061	283	6.19577E+01
3136	445	6.19794E+01
4809	319	6.20089E+01
5015	319	6.20152E+01
2929	403	6.20687E+01
7073	319	6.20714E+01
2929	323	6.20814E+01
10898	484	6.20859E+01
8836	325	6.20992E+01
4912	481	6.21110E+01
7276	480	6.21202E+01
1289	409	6.21359E+01
2823	484	6.21433E+01
7096	489	6.21532E+01
7186	530	6.21582E+01
3035	204	6.21804E+01
8748	362	6.21953E+01
3035	401	6.22091E+01
11061	484	6.22097E+01
7163	319	6.22123E+01
10898	525	6.22201E+01
2929	443	6.22250E+01
11061	525	6.22264E+01
8836	285	6.22394E+01
8836	283	6.22410E+01
3136	569	6.22625E+01
3136	404	6.22651E+01
2823	444	6.22744E+01
3035	320	6.22799E+01
8836	611	6.22990E+01
2823	360	6.23130E+01
2908	202	6.23204E+01
2929	363	6.23676E+01
7186	521	6.23737E+01
8748	402	6.23848E+01
3136	402	6.24147E+01
1289	490	6.24252E+01
8660	446	6.24538E+01
1308	397	6.24549E+01
2823	284	6.24623E+01
8660	323	6.24666E+01
2823	280	6.24682E+01
7163	614	6.24982E+01
1308	316	6.25020E+01
2929	204	6.25384E+01
5015	359	6.25385E+01
8748	524	6.25452E+01
3035	442	6.25492E+01
8660	487	6.25511E+01
7186	489	6.25530E+01
2823	245	6.25779E+01
7096	521	6.25790E+01
7276	201	6.25806E+01
1289	450	6.25938E+01
4809	359	6.26048E+01
2929	320	6.26102E+01
2929	401	6.26273E+01
7253	319	6.26309E+01
3136	524	6.26316E+01
2802	202	6.26422E+01
3136	363	6.26703E+01
3014	202	6.26810E+01
4912	440	6.26820E+01
8836	606	6.26905E+01
2823	241	6.27054E+01
3136	483	6.27074E+01
2908	279	6.27204E+01
8660	324	6.27260E+01
7276	439	6.27630E+01
7276	530	6.27792E+01
2908	240	6.27930E+01
7073	359	6.28052E+01
1308	530	6.28057E+01
3035	484	6.28057E+01
1308	479	6.28154E+01
7163	359	6.28376E+01
8748	565	6.29005E+01
3136	362	6.29042E+01
1289	491	6.29114E+01
7276	521	6.29471E+01
2823	483	6.29661E+01
8748	365	6.29910E+01
7276	489	6.29992E+01
8660	362	6.30079E+01
3035	444	6.30098E+01
2929	442	6.30172E+01
8748	483	6.30576E+01
3035	360	6.30697E+01
7276	239	6.30775E+01
2802	279	6.30779E+01
3014	279	6.30800E+01
7276	278	6.30824E+01
2802	240	6.31296E+01
8836	442	6.31334E+01
1289	367	6.31417E+01
8748	284	6.31494E+01
8660	402	6.31506E+01
7253	359	6.31576E+01
3014	240	6.31596E+01
2823	203	6.31996E+01
3035	284	6.32401E+01
11060	603	6.32511E+01
1308	276	6.32673E+01
10978	603	6.32777E+01
10978	278	6.32855E+01
7253	481	6.32983E+01
3035	280	6.33069E+01
8660	524	6.33221E+01
11060	278	6.33307E+01
1289	532	6.33428E+01
10897	278	6.33626E+01
3035	245	6.33658E+01
3136	565	6.33909E+01
5015	481	6.33946E+01
2929	484	6.34043E+01
2929	360	6.34058E+01
7163	481	6.34381E+01
4912	522	6.34386E+01
8836	406	6.34567E+01
2823	525	6.34687E+01
10979	566	6.34911E+01
8836	245	6.35253E+01
10978	201	6.35461E+01
3035	241	6.35737E+01
11060	201	6.35743E+01
2929	280	6.35803E+01
1308	161	6.35808E+01
3035	483	6.35819E+01
10897	603	6.35860E+01
2823	485	6.35915E+01
7253	614	6.35938E+01
1289	531	6.36129E+01
8748	611	6.36136E+01
10897	201	6.36170E+01
3136	442	6.36533E+01
8748	322	6.36570E+01
10978	239	6.36654E+01
1289	448	6.36830E+01
2823	404	6.36859E+01
2929	444	6.37000E+01
11060	239	6.37068E+01
8660	565	6.37069E+01
10979	443	6.37205E+01
10978	398	6.37310E+01
10897	239	6.37367E+01
11061	566	6.37505E+01
11060	398	6.37761E+01
8660	483	6.38014E+01
7096	398	6.38158E+01
2929	241	6.38333E+01
10898	443	6.38560E+01
10897	398	6.38578E+01
4809	481	6.38590E+01
10898	566	6.38698E+01
7073	481	6.39106E+01
1289	327	6.39218E+01
2929	284	6.39805E+01
7073	409	6.40024E+01
2908	440	6.40288E+01
7253	522	6.40428E+01
8748	606	6.40673E+01
2929	483	6.40739E+01
2929	245	6.40748E+01
5015	440	6.40800E+01
3035	525	6.40851E+01
3035	203	6.40884E+01
11061	443	6.40959E+01
1308	613	6.41158E+01
7186	398	6.41332E+01
8748	283	6.41476E+01
2908	605	6.41518E+01
3136	528	6.41893E+01
8660	284	6.42115E+01
8660	365	6.42155E+01
2908	481	6.42203E+01
8748	325	6.42310E+01
3014	605	6.42410E+01
4912	279	6.42686E+01
7163	440	6.42923E+01
7163	409	6.42950E+01
3014	440	6.43051E+01
1289	407	6.43092E+01
3035	485	6.43180E+01
8836	570	6.43207E+01
7253	440	6.43370E+01
2929	203	6.43475E+01
3136	323	6.43609E+01
4809	440	6.43654E+01
10898	244	6.43678E+01
1289	489	6.43686E+01
1289	573	6.43761E+01
7163	522	6.43785E+01
8660	611	6.43795E+01
8748	285	6.44104E+01
1308	448	6.44167E+01
3136	322	6.44325E+01
3035	404	6.44566E+01
3014	481	6.44594E+01
7253	409	6.44663E+01
3136	611	6.44669E+01
8660	322	6.44710E+01
10979	244	6.44803E+01
2802	440	6.45572E+01
7073	440	6.45638E+01
2823	524	6.45645E+01
7073	573	6.45687E+01
2823	526	6.45993E+01
2823	324	6.46057E+01
7186	562	6.46077E+01
10979	362	6.46096E+01
8748	442	6.46164E+01
10898	362	6.46183E+01
5015	522	6.46456E+01
1308	489	6.46712E+01
2929	525	6.46822E+01
1308	198	6.47450E+01
3136	364	6.47552E+01
2802	481	6.48139E+01
8836	244	6.48217E+01
2823	441	6.48618E+01
2823	400	6.48881E+01
1308	603	6.48928E+01
2823	364	6.48938E+01
8660	606	6.49077E+01
4912	240	6.49521E+01
8836	361	6.49536E+01
