GRAM	c2h2	chi_tot
2458	325	4.43290E+01
2458	365	4.44232E+01
2458	366	4.44463E+01
2458	286	4.44629E+01
2458	326	4.44922E+01
2458	406	4.45011E+01
2458	285	4.45749E+01
2564	325	4.46590E+01
2564	365	4.47451E+01
2564	366	4.47848E+01
2564	286	4.48035E+01
2458	447	4.48234E+01
2564	406	4.48247E+01
2564	326	4.48352E+01
2564	285	4.49059E+01
2458	405	4.49531E+01
2458	407	4.49624E+01
2458	324	4.50388E+01
2458	446	4.51037E+01
2564	447	4.51440E+01
2458	488	4.52295E+01
2564	405	4.52567E+01
2458	364	4.52910E+01
2564	407	4.53083E+01
2564	324	4.53570E+01
2458	367	4.53925E+01
2564	446	4.53990E+01
2458	448	4.54452E+01
2458	284	4.55046E+01
2564	488	4.55394E+01
2670	325	4.55417E+01
2458	487	4.55473E+01
2458	327	4.55653E+01
2564	364	4.55980E+01
2670	365	4.56272E+01
2670	366	4.56405E+01
2458	245	4.56638E+01
2670	286	4.56729E+01
2670	406	4.56902E+01
2670	326	4.56904E+01
2458	529	4.57316E+01
2564	367	4.57494E+01
2458	489	4.57830E+01
2564	448	4.57938E+01
2670	285	4.58032E+01
2564	487	4.58268E+01
2564	284	4.58270E+01
2564	327	4.59224E+01
2564	245	4.59920E+01
2670	447	4.60017E+01
2564	529	4.60206E+01
2458	530	4.60466E+01
2564	489	4.61267E+01
2670	405	4.61477E+01
2670	407	4.61496E+01
2458	528	4.62484E+01
2670	324	4.62677E+01
2458	445	4.62727E+01
2670	446	4.62798E+01
2458	404	4.62879E+01
2458	408	4.63484E+01
2564	530	4.63745E+01
2458	571	4.63838E+01
2670	488	4.63948E+01
2458	570	4.64242E+01
4699	285	4.64695E+01
2564	528	4.65024E+01
2670	364	4.65075E+01
4699	325	4.65412E+01
2564	445	4.65455E+01
2458	323	4.65677E+01
2564	404	4.65737E+01
2670	367	4.65795E+01
2670	448	4.66299E+01
2564	570	4.66801E+01
2564	571	4.66829E+01
4699	365	4.66866E+01
2670	487	4.67030E+01
4699	324	4.67114E+01
2564	408	4.67185E+01
2458	486	4.67369E+01
2670	327	4.67509E+01
2670	284	4.67525E+01
2564	323	4.68754E+01
2670	529	4.68766E+01
4699	286	4.68779E+01
4699	284	4.68879E+01
2670	245	4.69229E+01
4699	245	4.69313E+01
2458	612	4.69569E+01
2458	449	4.69629E+01
2670	489	4.69632E+01
2564	486	4.69895E+01
4699	364	4.69940E+01
2458	363	4.70002E+01
4699	405	4.70391E+01
2458	572	4.71034E+01
2458	531	4.71678E+01
4699	406	4.71720E+01
2458	490	4.71897E+01
2458	283	4.71916E+01
2458	613	4.72046E+01
2458	244	4.72122E+01
2564	612	4.72124E+01
2670	530	4.72143E+01
4699	326	4.72512E+01
2458	569	4.72544E+01
2458	368	4.72744E+01
4699	366	4.72777E+01
2564	363	4.72940E+01
2564	449	4.73421E+01
2670	528	4.73770E+01
4699	446	4.74126E+01
2458	611	4.74256E+01
2564	572	4.74498E+01
2670	445	4.74511E+01
2564	569	4.74718E+01
2670	404	4.74914E+01
2564	283	4.75062E+01
2564	613	4.75112E+01
2670	571	4.75262E+01
2564	244	4.75344E+01
2670	408	4.75370E+01
2670	570	4.75376E+01
2564	531	4.75382E+01
2564	490	4.75702E+01
2458	527	4.76070E+01
2564	611	4.76350E+01
2564	368	4.76511E+01
4699	323	4.77132E+01
4699	447	4.77366E+01
4699	404	4.77988E+01
2670	323	4.78145E+01
2564	527	4.78304E+01
2670	486	4.78884E+01
1406	244	4.79176E+01
4699	487	4.79336E+01
4699	445	4.79853E+01
4699	244	4.80091E+01
2670	612	4.80582E+01
4699	283	4.80771E+01
1406	283	4.81084E+01
2458	614	4.81288E+01
4699	363	4.81560E+01
2670	449	4.81584E+01
1406	243	4.81658E+01
4699	407	4.82223E+01
2670	363	4.82315E+01
4699	488	4.82359E+01
2670	572	4.82815E+01
2458	444	4.82978E+01
2670	569	4.83459E+01
2670	613	4.83472E+01
1406	245	4.83529E+01
2670	531	4.83639E+01
2670	490	4.83899E+01
1406	323	4.84253E+01
1406	282	4.84388E+01
2670	368	4.84569E+01
2458	403	4.84570E+01
2670	283	4.84600E+01
2564	614	4.84907E+01
2670	244	4.84927E+01
2670	611	4.84932E+01
1406	284	4.85043E+01
4699	486	4.85106E+01
2458	573	4.85429E+01
2564	444	4.85513E+01
1406	322	4.85752E+01
4699	528	4.85798E+01
1406	204	4.86298E+01
2458	610	4.86425E+01
2458	409	4.86499E+01
4699	529	4.86959E+01
8459	448	4.86964E+01
2670	527	4.87258E+01
2564	403	4.87276E+01
8459	489	4.87465E+01
8547	448	4.87558E+01
1406	363	4.87714E+01
2458	485	4.87789E+01
4699	367	4.87939E+01
8547	489	4.87960E+01
8459	407	4.88099E+01
2564	610	4.88109E+01
2458	322	4.88477E+01
8459	530	4.88587E+01
4699	327	4.88731E+01
8547	407	4.88897E+01
2458	568	4.88902E+01
8547	530	4.89035E+01
2564	573	4.89405E+01
4699	448	4.89643E+01
8459	367	4.89781E+01
2564	485	4.90084E+01
8459	408	4.90196E+01
1406	242	4.90254E+01
8547	367	4.90402E+01
8459	571	4.90421E+01
2564	409	4.90461E+01
8547	408	4.90490E+01
2458	532	4.90570E+01
1406	324	4.90581E+01
8459	488	4.90728E+01
2564	568	4.90740E+01
1406	362	4.90812E+01
8547	571	4.90841E+01
2564	322	4.91462E+01
8459	447	4.91493E+01
8547	488	4.91682E+01
4699	570	4.92223E+01
8459	529	4.92352E+01
8371	448	4.92438E+01
8459	449	4.92507E+01
8547	447	4.92584E+01
1406	364	4.92611E+01
8547	449	4.92641E+01
8371	489	4.93120E+01
4699	527	4.93139E+01
1406	403	4.93150E+01
2670	614	4.93195E+01
8547	529	4.93229E+01
8371	407	4.93312E+01
2458	450	4.93522E+01
8459	327	4.93545E+01
8459	612	4.93551E+01
1406	404	4.93576E+01
8459	366	4.93895E+01
8547	612	4.93939E+01
2458	243	4.93984E+01
4699	403	4.94088E+01
8459	490	4.94099E+01
4699	569	4.94103E+01
4699	489	4.94108E+01
2458	491	4.94160E+01
8547	490	4.94169E+01
8547	327	4.94185E+01
8459	572	4.94192E+01
8459	613	4.94219E+01
1406	281	4.94243E+01
8547	572	4.94243E+01
8547	613	4.94256E+01
4699	444	4.94284E+01
1406	321	4.94429E+01
8371	530	4.94461E+01
8459	531	4.94474E+01
8547	531	4.94528E+01
2564	532	4.94732E+01
2670	444	4.94830E+01
4699	322	4.94835E+01
2458	362	4.94859E+01
8371	367	4.94944E+01
8547	366	4.95070E+01
2458	282	4.95616E+01
8459	368	4.95625E+01
8371	408	4.95652E+01
8547	368	4.95728E+01
8459	570	4.96049E+01
8459	406	4.96070E+01
8371	488	4.96435E+01
4699	530	4.96462E+01
8371	571	4.96649E+01
2670	403	4.96728E+01
8371	447	4.96828E+01
2670	610	4.96843E+01
1406	285	4.96864E+01
8547	570	4.96875E+01
2564	243	4.97150E+01
8459	326	4.97328E+01
8547	406	4.97407E+01
4699	243	4.97419E+01
2670	573	4.97628E+01
2564	450	4.97642E+01
2564	362	4.97683E+01
1516	244	4.97953E+01
2458	526	4.97979E+01
8371	449	4.98017E+01
1406	203	4.98062E+01
1406	444	4.98113E+01
4699	571	4.98283E+01
2564	491	4.98359E+01
2670	409	4.98433E+01
8371	529	4.98466E+01
8547	326	4.98540E+01
8371	327	4.98560E+01
8371	366	4.98631E+01
2564	282	4.98692E+01
2670	485	4.99319E+01
4699	611	4.99427E+01
4699	485	4.99539E+01
8371	490	4.99575E+01
2670	568	4.99673E+01
4699	282	4.99676E+01
1516	283	4.99810E+01
8371	572	4.99842E+01
2564	526	4.99951E+01
1406	445	4.99952E+01
8371	531	4.99962E+01
1516	243	4.99969E+01
8371	613	5.00260E+01
8371	612	5.00341E+01
1406	402	5.00602E+01
8371	406	5.00956E+01
4699	362	5.01131E+01
2670	322	5.01139E+01
8371	368	5.01151E+01
4699	612	5.01276E+01
1406	361	5.01288E+01
8371	326	5.01812E+01
4699	408	5.01951E+01
8459	611	5.02057E+01
8547	409	5.02185E+01
1406	405	5.02344E+01
8459	409	5.02359E+01
1516	282	5.02608E+01
8371	570	5.02691E+01
1516	245	5.02790E+01
8547	611	5.02832E+01
2670	532	5.02869E+01
1516	323	5.03111E+01
8547	614	5.03295E+01
8459	614	5.03577E+01
8459	487	5.04022E+01
1516	322	5.04054E+01
4699	568	5.04141E+01
1406	241	5.04169E+01
1516	284	5.04296E+01
1406	443	5.04307E+01
1516	204	5.04322E+01
1406	485	5.04399E+01
4699	610	5.05128E+01
1406	325	5.05255E+01
8547	487	5.05474E+01
2670	450	5.05625E+01
1406	486	5.05809E+01
1406	365	5.05977E+01
8459	528	5.06015E+01
8459	446	5.06074E+01
2458	609	5.06255E+01
2670	491	5.06408E+01
1516	363	5.06421E+01
8547	573	5.06623E+01
8459	573	5.06911E+01
2670	243	5.07005E+01
8459	286	5.07311E+01
2670	362	5.07343E+01
8547	528	5.07360E+01
2564	609	5.07589E+01
8547	450	5.07637E+01
8547	446	5.07699E+01
8459	365	5.07731E+01
8459	450	5.07928E+01
8371	409	5.07972E+01
1516	242	5.08118E+01
2670	282	5.08512E+01
8371	614	5.08695E+01
8547	286	5.08872E+01
1516	362	5.08924E+01
4699	526	5.08951E+01
2670	526	5.09135E+01
8547	532	5.09299E+01
8371	611	5.09410E+01
8547	365	5.09493E+01
1406	320	5.09520E+01
8459	532	5.09605E+01
8371	487	5.09656E+01
1406	280	5.09845E+01
8547	491	5.09983E+01
1516	324	5.10017E+01
1406	446	5.10149E+01
4699	613	5.10303E+01
8459	491	5.10303E+01
8459	325	5.10462E+01
4699	449	5.10840E+01
1406	484	5.10936E+01
1626	244	5.11121E+01
8371	446	5.11165E+01
8371	286	5.11255E+01
2458	443	5.11262E+01
8459	569	5.11402E+01
1516	403	5.11432E+01
1406	527	5.11511E+01
8371	573	5.11827E+01
4699	572	5.11929E+01
1516	364	5.11940E+01
1406	526	5.11975E+01
1516	281	5.11978E+01
8371	365	5.11978E+01
1516	321	5.12200E+01
8371	528	5.12220E+01
8547	325	5.12279E+01
4699	368	5.12417E+01
1626	245	5.12466E+01
1516	404	5.12510E+01
8547	569	5.12672E+01
1626	283	5.12744E+01
2458	567	5.13273E+01
8371	450	5.13372E+01
1626	284	5.13555E+01
2564	443	5.13635E+01
8459	405	5.13885E+01
1406	202	5.13927E+01
2458	402	5.13947E+01
4699	531	5.13993E+01
4699	490	5.14346E+01
8371	325	5.14374E+01
1626	323	5.14559E+01
8371	532	5.14572E+01
2564	567	5.14829E+01
4699	204	5.14973E+01
1406	401	5.15288E+01
1406	487	5.15376E+01
8371	491	5.15483E+01
1516	203	5.15688E+01
8547	405	5.15797E+01
2458	204	5.15925E+01
2458	484	5.16314E+01
1516	444	5.16388E+01
2670	609	5.16502E+01
2564	402	5.16524E+01
1626	243	5.16563E+01
1516	285	5.16662E+01
4699	443	5.16956E+01
1406	286	5.17004E+01
1626	324	5.17648E+01
2458	321	5.17983E+01
1406	442	5.18002E+01
1406	568	5.18078E+01
4699	402	5.18091E+01
1626	363	5.18237E+01
1516	402	5.18262E+01
8371	569	5.18284E+01
8371	405	5.18366E+01
1406	360	5.18375E+01
2564	484	5.18418E+01
4699	609	5.18623E+01
1516	361	5.18832E+01
1406	528	5.18879E+01
1516	445	5.18930E+01
2564	204	5.19122E+01
1626	282	5.19155E+01
1626	322	5.19277E+01
4699	321	5.19468E+01
1406	406	5.19753E+01
1626	364	5.19864E+01
8459	610	5.20107E+01
1406	525	5.20139E+01
4699	242	5.20497E+01
2564	321	5.20889E+01
8547	610	5.21311E+01
2458	242	5.21377E+01
1406	567	5.21447E+01
1516	241	5.21604E+01
1516	443	5.21913E+01
1516	405	5.21959E+01
1406	569	5.22149E+01
1626	285	5.22207E+01
1626	404	5.22276E+01
4699	484	5.22288E+01
4699	567	5.22366E+01
1516	485	5.22488E+01
1406	240	5.22577E+01
2670	443	5.23225E+01
8459	285	5.23532E+01
1626	204	5.23884E+01
2670	567	5.23980E+01
2564	242	5.24495E+01
1626	362	5.24602E+01
1516	486	5.24643E+01
4699	281	5.24787E+01
1406	483	5.24978E+01
4477	450	5.25023E+01
4477	409	5.25118E+01
1626	403	5.25121E+01
1516	325	5.25289E+01
2458	281	5.25293E+01
8547	285	5.25716E+01
1516	365	5.25949E+01
4699	614	5.26056E+01
2670	402	5.26258E+01
2458	361	5.26687E+01
1406	609	5.26690E+01
1406	610	5.26776E+01
1516	320	5.26785E+01
8371	285	5.26837E+01
1516	280	5.27118E+01
8459	486	5.27273E+01
1626	405	5.27808E+01
1626	445	5.27822E+01
8371	610	5.27826E+01
2458	525	5.27865E+01
4699	361	5.27912E+01
2670	484	5.27914E+01
1626	242	5.28051E+01
1406	366	5.28129E+01
2564	281	5.28309E+01
1516	484	5.28319E+01
1406	326	5.28646E+01
8393	367	5.28726E+01
1406	447	5.28844E+01
1626	325	5.29085E+01
4477	491	5.29173E+01
1626	444	5.29200E+01
8393	327	5.29210E+01
2670	204	5.29243E+01
8547	486	5.29262E+01
2564	361	5.29414E+01
2564	525	5.29624E+01
8459	527	5.29628E+01
1516	526	5.29701E+01
1516	446	5.29860E+01
1626	365	5.29981E+01
1516	527	5.30014E+01
1406	319	5.30156E+01
4580	450	5.30209E+01
1406	279	5.30337E+01
8459	445	5.30464E+01
4374	409	5.30497E+01
4374	450	5.30503E+01
4580	409	5.30530E+01
8393	407	5.30561E+01
4699	409	5.30753E+01
8459	364	5.30839E+01
2670	321	5.30852E+01
8528	491	5.30906E+01
8528	532	5.31047E+01
1626	321	5.31129E+01
1516	202	5.31172E+01
8547	527	5.31483E+01
8528	450	5.31595E+01
8393	326	5.31732E+01
8393	366	5.31873E+01
1626	281	5.32053E+01
8528	573	5.32141E+01
1406	566	5.32161E+01
8481	367	5.32299E+01
1516	401	5.32361E+01
8459	324	5.32462E+01
4477	368	5.32481E+01
8547	445	5.32661E+01
8371	486	5.32705E+01
4699	573	5.32711E+01
4699	525	5.32965E+01
1406	488	5.33116E+01
1406	201	5.33156E+01
8547	364	5.33220E+01
8481	327	5.33299E+01
8393	408	5.33331E+01
1406	570	5.33539E+01
1406	608	5.33611E+01
1626	486	5.33632E+01
8481	407	5.33642E+01
2458	608	5.33719E+01
1406	611	5.33738E+01
8393	448	5.33811E+01
1406	529	5.34008E+01
4580	491	5.34255E+01
8528	409	5.34283E+01
8371	364	5.34540E+01
8528	490	5.34597E+01
2670	242	5.34617E+01
8440	491	5.34661E+01
2564	608	5.34764E+01
8528	614	5.34848E+01
1626	446	5.34868E+01
8440	532	5.34869E+01
4374	491	5.34905E+01
8547	324	5.34911E+01
1516	442	5.34979E+01
1516	487	5.34989E+01
8371	445	5.35209E+01
8440	450	5.35269E+01
1626	485	5.35357E+01
8528	531	5.35375E+01
1516	360	5.35383E+01
8393	368	5.35561E+01
1406	524	5.35618E+01
8481	366	5.35742E+01
8371	324	5.35761E+01
8371	527	5.35771E+01
1626	402	5.35852E+01
8440	573	5.36043E+01
1516	568	5.36067E+01
8481	326	5.36210E+01
8481	448	5.36247E+01
8481	408	5.36288E+01
1406	400	5.36371E+01
8528	449	5.36580E+01
8459	568	5.36617E+01
4477	532	5.37004E+01
1516	525	5.37134E+01
1516	286	5.37363E+01
8440	409	5.37821E+01
8393	406	5.37852E+01
4374	368	5.37874E+01
8393	447	5.37930E+01
4477	449	5.38044E+01
8393	286	5.38062E+01
8440	490	5.38102E+01
1516	528	5.38198E+01
1626	203	5.38261E+01
1626	361	5.38315E+01
4580	368	5.38373E+01
8547	568	5.38375E+01
2670	281	5.38407E+01
1406	441	5.38440E+01
8528	572	5.38535E+01
1516	567	5.38639E+01
1626	443	5.38653E+01
8393	489	5.38758E+01
8440	614	5.38859E+01
8481	368	5.38902E+01
8440	531	5.38976E+01
2670	525	5.39058E+01
4699	532	5.39118E+01
1626	286	5.39179E+01
2670	361	5.39362E+01
1516	240	5.39603E+01
8393	449	5.39678E+01
4699	203	5.39835E+01
1626	527	5.39881E+01
4699	608	5.39958E+01
8440	449	5.39970E+01
1516	406	5.40070E+01
1626	487	5.40161E+01
8352	491	5.40207E+01
8481	447	5.40399E+01
4477	408	5.40422E+01
8481	489	5.40577E+01
8352	532	5.40632E+01
4699	450	5.40652E+01
8352	450	5.40691E+01
1516	569	5.40979E+01
8459	404	5.41109E+01
8481	406	5.41139E+01
1406	359	5.41165E+01
1516	483	5.41700E+01
8393	488	5.41890E+01
4580	532	5.41990E+01
1626	406	5.42040E+01
8481	449	5.42183E+01
8352	573	5.42224E+01
8440	572	5.42238E+01
4477	490	5.42413E+01
8528	368	5.42657E+01
4699	491	5.42680E+01
8528	408	5.43066E+01
8352	409	5.43081E+01
4374	532	5.43176E+01
8481	286	5.43335E+01
1626	526	5.43383E+01
8371	568	5.43560E+01
8481	488	5.43563E+01
8547	404	5.43631E+01
4580	449	5.43703E+01
8393	325	5.43741E+01
2670	608	5.43887E+01
8352	490	5.43922E+01
4374	449	5.43974E+01
1516	609	5.43990E+01
1626	528	5.44330E+01
8528	613	5.44333E+01
8393	530	5.44520E+01
2458	203	5.44569E+01
1406	239	5.44678E+01
1626	241	5.44771E+01
8393	365	5.44832E+01
1516	610	5.44930E+01
1626	484	5.45098E+01
8371	404	5.45108E+01
8352	531	5.45223E+01
2458	566	5.45349E+01
8393	490	5.45374E+01
8352	449	5.45451E+01
8481	530	5.45646E+01
8352	614	5.45737E+01
1406	482	5.45825E+01
1406	407	5.45928E+01
8440	368	5.45947E+01
8393	409	5.46086E+01
4374	408	5.46179E+01
8440	408	5.46280E+01
4580	408	5.46428E+01
2564	566	5.46680E+01
2458	442	5.46818E+01
1516	319	5.46942E+01
1516	279	5.47171E+01
4699	442	5.47178E+01
1406	612	5.47287E+01
1626	568	5.47425E+01
1406	607	5.47445E+01
8481	490	5.47460E+01
2564	203	5.47729E+01
8459	284	5.47837E+01
4580	490	5.47847E+01
8459	609	5.47894E+01
8440	613	5.48165E+01
8393	529	5.48411E+01
4699	241	5.48455E+01
4699	566	5.48545E+01
1406	163	5.48582E+01
8528	489	5.48606E+01
1516	566	5.48609E+01
8481	325	5.48656E+01
4374	490	5.48666E+01
1626	569	5.48691E+01
1516	366	5.48763E+01
1626	366	5.48930E+01
8481	409	5.49003E+01
8481	365	5.49061E+01
2564	442	5.49062E+01
8352	572	5.49097E+01
4477	573	5.49124E+01
4699	401	5.49208E+01
8569	367	5.49217E+01
8481	529	5.49218E+01
1626	326	5.49266E+01
1516	326	5.49294E+01
1516	447	5.49312E+01
1626	320	5.49327E+01
8547	609	5.49571E+01
8528	530	5.49744E+01
1406	565	5.49853E+01
1516	201	5.50036E+01
8393	531	5.50086E+01
1516	608	5.50110E+01
2458	401	5.50157E+01
4699	320	5.50163E+01
8569	407	5.50412E+01
8371	284	5.50481E+01
1626	447	5.50504E+01
1626	280	5.50615E+01
8569	327	5.50644E+01
8547	284	5.50667E+01
8352	368	5.50854E+01
8393	571	5.51276E+01
8352	408	5.51388E+01
8481	571	5.51547E+01
8481	531	5.51671E+01
8440	489	5.51836E+01
1516	524	5.51932E+01
1406	571	5.51975E+01
8393	446	5.52083E+01
8528	448	5.52108E+01
8569	448	5.52229E+01
8569	408	5.52237E+01
2458	483	5.52260E+01
4477	531	5.52305E+01
2564	401	5.52630E+01
4699	483	5.52741E+01
1516	611	5.52790E+01
1516	400	5.52894E+01
8393	285	5.52976E+01
8440	530	5.53099E+01
4477	367	5.53140E+01
1516	570	5.53250E+01
2458	320	5.53280E+01
2458	241	5.53395E+01
8569	366	5.53522E+01
1516	488	5.53536E+01
1626	567	5.53735E+01
1626	401	5.53795E+01
4580	573	5.53937E+01
1516	529	5.54176E+01
2564	483	5.54212E+01
8459	245	5.54218E+01
4477	327	5.54290E+01
8569	326	5.54418E+01
8393	572	5.54471E+01
1626	525	5.54678E+01
8481	446	5.54689E+01
1626	610	5.54696E+01
8528	571	5.54698E+01
1516	441	5.54830E+01
1406	278	5.54847E+01
8393	487	5.54971E+01
1626	488	5.54979E+01
8569	368	5.55004E+01
8393	405	5.55053E+01
1406	200	5.55095E+01
8440	448	5.55189E+01
4699	280	5.55220E+01
8393	450	5.55267E+01
8481	572	5.55379E+01
1406	318	5.55400E+01
1626	442	5.55618E+01
8371	609	5.55770E+01
8352	613	5.55891E+01
8569	489	5.55911E+01
4374	573	5.55953E+01
1406	448	5.56000E+01
2670	566	5.56072E+01
2564	320	5.56119E+01
2564	241	5.56470E+01
8371	245	5.56474E+01
8481	487	5.56626E+01
1626	202	5.56644E+01
1406	530	5.56666E+01
1626	529	5.56676E+01
8481	570	5.57044E+01
8547	245	5.57213E+01
8569	447	5.57219E+01
8393	570	5.57249E+01
1626	609	5.57312E+01
8569	449	5.57375E+01
1626	570	5.57429E+01
4580	531	5.57533E+01
1516	359	5.57668E+01
1406	523	5.57743E+01
8352	489	5.57811E+01
8481	450	5.57941E+01
2670	203	5.58093E+01
8440	571	5.58179E+01
8528	367	5.58201E+01
1626	360	5.58585E+01
8481	405	5.58628E+01
8481	285	5.58747E+01
8569	406	5.58779E+01
4374	367	5.58842E+01
8481	612	5.58848E+01
1406	489	5.58873E+01
2670	442	5.58935E+01
4374	531	5.59062E+01
1626	611	5.59120E+01
1406	367	5.59213E+01
8481	613	5.59531E+01
8393	613	5.59547E+01
8393	612	5.59657E+01
8352	530	5.59692E+01
8569	488	5.59713E+01
4580	367	5.59739E+01
4374	327	5.59777E+01
2458	280	5.60019E+01
8459	485	5.60169E+01
8569	530	5.60419E+01
8352	448	5.60627E+01
1406	327	5.60956E+01
4699	360	5.61012E+01
4477	448	5.61021E+01
4580	327	5.61059E+01
8440	367	5.61122E+01
1516	239	5.61315E+01
8393	491	5.61351E+01
1516	482	5.61935E+01
8569	490	5.62030E+01
8393	528	5.62068E+01
1626	483	5.62380E+01
8569	286	5.62382E+01
8528	407	5.62445E+01
8459	363	5.62588E+01
2670	401	5.62652E+01
8459	323	5.62664E+01
8481	528	5.62705E+01
8547	485	5.62737E+01
1406	399	5.62853E+01
2564	280	5.62982E+01
8459	526	5.63000E+01
1516	607	5.63204E+01
8528	612	5.63349E+01
8481	491	5.63821E+01
2670	483	5.63983E+01
8569	409	5.64178E+01
8459	444	5.64201E+01
8528	327	5.64451E+01
2458	360	5.64540E+01
4699	524	5.64621E+01
8393	532	5.64642E+01
1406	440	5.64653E+01
8569	529	5.64792E+01
8393	324	5.64810E+01
2458	524	5.65091E+01
1626	407	5.65120E+01
4477	489	5.65235E+01
8371	485	5.65274E+01
1516	163	5.65283E+01
8440	407	5.65310E+01
8371	323	5.65319E+01
8547	526	5.65408E+01
8352	571	5.65559E+01
8547	363	5.65616E+01
1516	565	5.65617E+01
8352	367	5.65685E+01
8371	363	5.65693E+01
8569	531	5.65695E+01
8547	323	5.65771E+01
8569	571	5.65806E+01
4477	407	5.65885E+01
1626	240	5.65886E+01
8393	573	5.66322E+01
2670	320	5.66365E+01
4477	614	5.66517E+01
2564	524	5.66684E+01
8481	532	5.66820E+01
2670	241	5.66852E+01
1516	407	5.66968E+01
8440	612	5.66977E+01
8547	444	5.67006E+01
1406	613	5.67039E+01
1626	608	5.67086E+01
2564	360	5.67189E+01
8393	364	5.67223E+01
4580	448	5.67224E+01
8481	611	5.67259E+01
1516	612	5.67276E+01
8440	327	5.67300E+01
4374	448	5.67370E+01
1626	566	5.67501E+01
4477	572	5.67744E+01
8569	365	5.67745E+01
8569	325	5.67767E+01
8393	614	5.67805E+01
1406	606	5.67809E+01
8481	573	5.68016E+01
4699	202	5.68339E+01
2458	607	5.68502E+01
8371	444	5.68502E+01
1406	358	5.68644E+01
8393	611	5.68677E+01
8481	614	5.68749E+01
8569	572	5.68897E+01
4699	607	5.68899E+01
8371	526	5.68927E+01
2564	607	5.69325E+01
1406	162	5.69703E+01
1406	238	5.69728E+01
8352	407	5.70184E+01
8481	324	5.70202E+01
1626	612	5.70305E+01
4580	614	5.71016E+01
4580	489	5.71105E+01
6714	284	5.71181E+01
1516	278	5.71265E+01
8352	327	5.71510E+01
8459	567	5.71583E+01
1516	200	5.71627E+01
1516	318	5.71735E+01
6714	245	5.71816E+01
8481	364	5.71871E+01
4374	489	5.71971E+01
4374	407	5.71994E+01
8569	570	5.72097E+01
8481	569	5.72263E+01
6714	323	5.72303E+01
8569	450	5.72394E+01
8569	446	5.72397E+01
6804	284	5.72531E+01
1406	481	5.72539E+01
4580	407	5.72545E+01
8569	613	5.72554E+01
1516	571	5.72597E+01
6714	324	5.72603E+01
8569	612	5.72614E+01
4580	572	5.72705E+01
8393	569	5.72772E+01
1626	319	5.72983E+01
8528	488	5.73168E+01
6804	245	5.73297E+01
1626	524	5.73345E+01
2670	280	5.73354E+01
1626	571	5.73375E+01
6714	283	5.73421E+01
1516	523	5.73433E+01
6714	364	5.73463E+01
6714	244	5.73583E+01
8569	487	5.73642E+01
6804	323	5.73680E+01
6804	324	5.73745E+01
1406	564	5.73861E+01
8547	567	5.73875E+01
1626	279	5.73967E+01
2567	409	5.74224E+01
6714	363	5.74224E+01
4374	614	5.74241E+01
2461	409	5.74341E+01
8528	529	5.74491E+01
6804	364	5.74526E+01
1626	448	5.74711E+01
6714	404	5.74914E+01
6804	283	5.75106E+01
4374	572	5.75213E+01
8352	612	5.75374E+01
6804	363	5.75400E+01
6804	244	5.75448E+01
2480	327	5.75742E+01
6804	404	5.75839E+01
8440	488	5.76096E+01
8393	445	5.76104E+01
8393	284	5.76219E+01
5106	323	5.76221E+01
2670	524	5.76386E+01
2461	368	5.76568E+01
2458	202	5.76591E+01
2567	368	5.76625E+01
1626	530	5.76701E+01
4477	530	5.76755E+01
5106	363	5.76779E+01
6714	285	5.76799E+01
1626	367	5.76877E+01
5106	404	5.76921E+01
1406	572	5.77074E+01
8459	403	5.77112E+01
8569	405	5.77182E+01
5106	284	5.77189E+01
1516	448	5.77246E+01
2670	360	5.77424E+01
5106	364	5.77454E+01
8440	529	5.77572E+01
8569	491	5.77675E+01
1516	530	5.77709E+01
5106	283	5.77734E+01
6804	285	5.77837E+01
2673	409	5.77858E+01
6714	445	5.77913E+01
1626	489	5.77947E+01
8393	486	5.78001E+01
1626	400	5.78081E+01
5106	324	5.78104E+01
8528	447	5.78262E+01
1626	201	5.78291E+01
5106	245	5.78350E+01
8371	567	5.78402E+01
1626	327	5.78413E+01
5106	244	5.78543E+01
2670	607	5.78684E+01
2567	450	5.78695E+01
8569	285	5.78696E+01
6804	445	5.78706E+01
5106	445	5.78746E+01
6714	405	5.78778E+01
1516	399	5.78864E+01
2480	367	5.78898E+01
8481	445	5.78950E+01
2461	450	5.79060E+01
8569	528	5.79133E+01
2586	327	5.79171E+01
1406	199	5.79187E+01
1626	441	5.79298E+01
2480	326	5.79349E+01
8459	283	5.79513E+01
8393	245	5.79535E+01
2564	202	5.79718E+01
6714	403	5.79739E+01
8481	486	5.79763E+01
6804	405	5.79807E+01
6714	322	5.79864E+01
1516	489	5.80122E+01
8569	532	5.80143E+01
8547	403	5.80277E+01
4699	240	5.80416E+01
5106	403	5.80437E+01
2673	368	5.80483E+01
1516	440	5.80502E+01
5106	444	5.80512E+01
1516	367	5.80523E+01
8371	403	5.80558E+01
6714	444	5.80559E+01
6804	403	5.80660E+01
1406	408	5.80811E+01
5106	486	5.80820E+01
8569	573	5.80840E+01
8440	447	5.81005E+01
8528	570	5.81033E+01
8569	614	5.81079E+01
6804	444	5.81133E+01
6714	325	5.81361E+01
6714	365	5.81398E+01
6714	486	5.81435E+01
8371	283	5.81479E+01
6804	322	5.81516E+01
5106	405	5.81778E+01
8393	404	5.81803E+01
8569	611	5.81821E+01
5106	322	5.81993E+01
2480	286	5.82004E+01
6714	243	5.82068E+01
6804	486	5.82092E+01
8352	488	5.82103E+01
4699	565	5.82135E+01
2586	367	5.82137E+01
2673	450	5.82198E+01
1516	327	5.82232E+01
6804	325	5.82312E+01
4580	530	5.82319E+01
6804	365	5.82420E+01
2586	326	5.82463E+01
8481	284	5.82514E+01
1406	277	5.82528E+01
5106	485	5.82601E+01
6714	282	5.82851E+01
1516	606	5.82896E+01
8547	283	5.83007E+01
5106	527	5.83104E+01
6714	362	5.83126E+01
2480	368	5.83388E+01
4477	326	5.83509E+01
6714	485	5.83657E+01
4477	366	5.83801E+01
6804	485	5.83870E+01
1626	607	5.83895E+01
5106	362	5.83994E+01
4699	441	5.84017E+01
8528	366	5.84035E+01
2480	366	5.84044E+01
4374	530	5.84053E+01
8459	244	5.84153E+01
6714	446	5.84172E+01
8440	570	5.84265E+01
1406	317	5.84290E+01
5106	285	5.84313E+01
6804	243	5.84321E+01
8352	529	5.84366E+01
1626	359	5.84473E+01
6804	362	5.84481E+01
2458	565	5.84501E+01
1516	358	5.84676E+01
6804	282	5.84889E+01
6714	527	5.85130E+01
6894	284	5.85139E+01
2586	286	5.85161E+01
8481	610	5.85204E+01
5106	243	5.85281E+01
5106	282	5.85295E+01
6804	446	5.85320E+01
8459	608	5.85335E+01
5106	446	5.85503E+01
2480	408	5.85516E+01
6804	527	5.85528E+01
1406	522	5.85589E+01
8393	527	5.85612E+01
2564	565	5.85665E+01
8371	244	5.85735E+01
8481	404	5.85744E+01
6894	324	5.85936E+01
4699	319	5.85956E+01
1516	238	5.85994E+01
1516	162	5.86093E+01
6894	245	5.86099E+01
2480	407	5.86146E+01
8481	527	5.86234E+01
5106	568	5.86273E+01
8352	447	5.86299E+01
5106	526	5.86340E+01
4699	400	5.86451E+01
1626	482	5.86466E+01
8481	245	5.86475E+01
1406	531	5.86493E+01
6894	323	5.86526E+01
8440	366	5.86561E+01
5106	365	5.86564E+01
6894	364	5.86626E+01
2692	327	5.86825E+01
2586	366	5.86933E+01
2586	368	5.86991E+01
8393	610	5.87034E+01
2567	491	5.87364E+01
5106	487	5.87484E+01
8547	608	5.87535E+01
8547	244	5.87795E+01
1626	613	5.87868E+01
6894	404	5.87993E+01
1516	613	5.87995E+01
6894	363	5.88081E+01
2461	491	5.88087E+01
1516	481	5.88089E+01
2567	408	5.88094E+01
5106	528	5.88097E+01
6714	487	5.88111E+01
6804	526	5.88131E+01
8569	569	5.88166E+01
5106	325	5.88223E+01
1626	565	5.88320E+01
6714	526	5.88394E+01
2461	408	5.88407E+01
6894	283	5.88421E+01
5106	569	5.88432E+01
2458	441	5.88650E+01
2586	408	5.88769E+01
6894	244	5.88970E+01
2586	407	5.88997E+01
1516	564	5.89004E+01
2458	240	5.89126E+01
4374	326	5.89241E+01
4477	613	5.89249E+01
6804	568	5.89342E+01
6804	487	5.89387E+01
6714	568	5.89421E+01
8528	326	5.89733E+01
2692	367	5.89740E+01
6894	285	5.89752E+01
5106	610	5.89787E+01
4374	366	5.89791E+01
4699	482	5.90009E+01
4699	279	5.90046E+01
8569	324	5.90250E+01
2670	202	5.90319E+01
5106	443	5.90389E+01
2692	326	5.90423E+01
6894	445	5.90551E+01
1626	239	5.90583E+01
6714	528	5.90620E+01
2567	449	5.90684E+01
8352	366	5.90718E+01
2673	491	5.90785E+01
2564	441	5.90796E+01
6714	286	5.90805E+01
4580	326	5.91073E+01
4580	366	5.91153E+01
5106	609	5.91252E+01
2461	449	5.91301E+01
1406	449	5.91407E+01
8569	364	5.91498E+01
6894	405	5.91520E+01
6804	286	5.91558E+01
6714	443	5.91695E+01
6714	406	5.91712E+01
5106	402	5.91782E+01
6804	528	5.91896E+01
2673	408	5.91981E+01
8352	570	5.91998E+01
5106	567	5.92048E+01
2458	400	5.92154E+01
2564	240	5.92162E+01
8440	326	5.92165E+01
6804	443	5.92185E+01
2480	325	5.92248E+01
8528	406	5.92290E+01
1406	161	5.92329E+01
1406	490	5.92341E+01
8528	611	5.92341E+01
6714	569	5.92507E+01
5106	484	5.92531E+01
1406	614	5.92550E+01
2461	327	5.92551E+01
6714	402	5.92699E+01
2567	327	5.92743E+01
6804	406	5.92949E+01
6756	244	5.93139E+01
2480	448	5.93155E+01
8371	608	5.93155E+01
6894	403	5.93325E+01
2692	286	5.93339E+01
6894	444	5.93350E+01
2458	319	5.93358E+01
6804	569	5.93539E+01
6714	204	5.93623E+01
1406	398	5.93636E+01
6804	402	5.93710E+01
6894	486	5.93737E+01
4580	613	5.93822E+01
6894	325	5.93880E+01
6804	567	5.93934E+01
6894	365	5.93987E+01
1406	605	5.94019E+01
4477	447	5.94030E+01
2480	449	5.94065E+01
6756	245	5.94199E+01
6804	609	5.94203E+01
2692	368	5.94310E+01
8393	323	5.94335E+01
2480	409	5.94372E+01
2673	449	5.94410E+01
6804	484	5.94426E+01
6714	484	5.94483E+01
6756	283	5.94487E+01
2564	400	5.94546E+01
6714	321	5.94561E+01
2458	482	5.94664E+01
5106	321	5.94706E+01
8440	406	5.94778E+01
2692	366	5.94832E+01
6714	610	5.94859E+01
6714	567	5.94868E+01
6894	322	5.95042E+01
6714	609	5.95050E+01
2586	325	5.95061E+01
4477	571	5.95083E+01
6756	284	5.95134E+01
6804	610	5.95319E+01
2670	565	5.95320E+01
5106	204	5.95380E+01
5106	406	5.95383E+01
1516	199	5.95386E+01
2567	367	5.95490E+01
1406	439	5.95531E+01
2461	367	5.95575E+01
6894	485	5.95738E+01
8440	611	5.95738E+01
1626	163	5.95762E+01
5106	611	5.95824E+01
2586	448	5.95839E+01
8352	326	5.95876E+01
6756	323	5.96078E+01
2564	319	5.96142E+01
1626	572	5.96153E+01
2692	408	5.96154E+01
2480	406	5.96331E+01
6804	204	5.96401E+01
6714	242	5.96485E+01
2564	482	5.96505E+01
6804	321	5.96523E+01
2692	407	5.96653E+01
6894	446	5.96889E+01
2673	327	5.96958E+01
6894	527	5.96981E+01
1626	408	5.97009E+01
1406	237	5.97062E+01
2480	285	5.97154E+01
2586	449	5.97204E+01
8481	568	5.97420E+01
5106	525	5.97592E+01
8569	445	5.97594E+01
4374	613	5.97650E+01
8569	486	5.97700E+01
6894	362	5.97788E+01
5106	242	5.97795E+01
4477	488	5.97851E+01
7128	405	5.97965E+01
2586	409	5.98043E+01
8393	568	5.98052E+01
5106	361	5.98408E+01
6714	366	5.98430E+01
5106	570	5.98456E+01
8393	363	5.98481E+01
1516	277	5.98552E+01
6894	243	5.98562E+01
1516	572	5.98635E+01
2480	365	5.98665E+01
1626	523	5.98678E+01
6714	281	5.98687E+01
2586	406	5.98798E+01
2458	279	5.98827E+01
6894	282	5.98921E+01
6756	243	5.98979E+01
6714	326	5.99024E+01
7128	446	5.99085E+01
5106	281	5.99100E+01
6804	242	5.99130E+01
1406	368	5.99181E+01
7128	364	5.99182E+01
8352	406	5.99336E+01
7128	365	5.99355E+01
6756	324	5.99361E+01
4699	359	5.99398E+01
6714	361	5.99468E+01
6756	363	5.99473E+01
6804	366	5.99483E+01
6804	525	5.99498E+01
6714	447	5.99552E+01
5106	286	5.99617E+01
2673	367	5.99627E+01
6894	526	5.99664E+01
6846	244	5.99694E+01
4699	201	5.99723E+01
1406	357	5.99764E+01
6804	326	5.99832E+01
7128	324	5.99899E+01
2567	532	5.99947E+01
2567	490	5.99957E+01
2586	285	6.00043E+01
1516	317	6.00200E+01
6714	525	6.00206E+01
8481	323	6.00241E+01
8459	322	6.00262E+01
4580	571	6.00296E+01
5106	608	6.00306E+01
6846	245	6.00336E+01
7128	445	6.00462E+01
6894	568	6.00529E+01
7218	405	6.00543E+01
7128	487	6.00586E+01
8569	610	6.00621E+01
1516	522	6.00714E+01
4374	447	6.00762E+01
6846	283	6.00782E+01
6756	322	6.00804E+01
4580	447	6.00849E+01
7128	325	6.00923E+01
6894	487	6.00928E+01
2670	441	6.00956E+01
2461	490	6.00987E+01
5106	447	6.00996E+01
6846	284	6.01057E+01
6804	361	6.01060E+01
7218	446	6.01065E+01
6804	281	6.01093E+01
1626	318	6.01135E+01
2461	532	6.01174E+01
6804	447	6.01193E+01
6756	282	6.01204E+01
2586	365	6.01219E+01
1626	278	6.01222E+01
5106	529	6.01306E+01
7128	486	6.01381E+01
4477	406	6.01383E+01
7218	365	6.01550E+01
2480	447	6.01555E+01
7128	285	6.01594E+01
6804	608	6.01653E+01
6756	364	6.01716E+01
2564	279	6.01746E+01
7128	404	6.01815E+01
6846	323	6.01971E+01
7128	528	6.02077E+01
8459	484	6.02128E+01
8459	362	6.02186E+01
8371	322	6.02247E+01
7218	487	6.02312E+01
1626	200	6.02544E+01
1516	408	6.02585E+01
5106	488	6.02675E+01
2670	240	6.02798E+01
6894	286	6.02801E+01
6714	611	6.02818E+01
7218	364	6.02903E+01
2480	489	6.02954E+01
2480	490	6.03029E+01
4699	523	6.03050E+01
4374	571	6.03137E+01
4477	286	6.03147E+01
7128	406	6.03165E+01
7218	325	6.03248E+01
1406	563	6.03251E+01
2673	532	6.03303E+01
2692	325	6.03335E+01
2692	448	6.03347E+01
8569	284	6.03393E+01
6894	528	6.03412E+01
6714	608	6.03509E+01
7128	284	6.03515E+01
2673	490	6.03572E+01
8569	527	6.03572E+01
8481	363	6.03601E+01
6756	404	6.03650E+01
7218	445	6.03662E+01
7218	528	6.03707E+01
6714	488	6.03763E+01
6756	285	6.03776E+01
2586	447	6.03808E+01
7218	324	6.03837E+01
7128	527	6.03857E+01
1406	480	6.04003E+01
7128	569	6.04010E+01
6714	570	6.04038E+01
8547	322	6.04047E+01
2480	450	6.04051E+01
1626	531	6.04054E+01
7218	486	6.04096E+01
4580	488	6.04241E+01
6894	406	6.04294E+01
7218	406	6.04424E+01
2692	449	6.04469E+01
5106	366	6.04496E+01
8352	611	6.04614E+01
8371	362	6.04652E+01
6714	529	6.04841E+01
2670	400	6.04857E+01
6894	443	6.04863E+01
6804	611	6.04870E+01
4699	606	6.04878E+01
7218	285	6.04893E+01
6894	569	6.04943E+01
1406	198	6.04963E+01
6846	324	6.04982E+01
6894	609	6.04993E+01
4374	488	6.05028E+01
6894	567	6.05074E+01
6846	363	6.05092E+01
2692	409	6.05174E+01
8569	404	6.05256E+01
8547	484	6.05316E+01
2586	489	6.05326E+01
6756	403	6.05496E+01
6756	362	6.05510E+01
7218	569	6.05547E+01
5106	566	6.05585E+01
8459	525	6.05635E+01
7218	404	6.05824E+01
6804	488	6.05831E+01
8547	362	6.05889E+01
2586	490	6.05906E+01
6846	243	6.05958E+01
7128	245	6.06158E+01
7218	527	6.06247E+01
6804	570	6.06426E+01
6894	610	6.06455E+01
2670	482	6.06561E+01
8459	443	6.06587E+01
6894	484	6.06635E+01
2670	319	6.06666E+01
2692	406	6.06740E+01
8371	484	6.06785E+01
7128	447	6.06905E+01
6894	402	6.06949E+01
6846	322	6.07011E+01
5106	326	6.07012E+01
8393	283	6.07132E+01
7128	323	6.07149E+01
6804	566	6.07162E+01
6846	364	6.07186E+01
7128	610	6.07186E+01
6804	529	6.07202E+01
6756	204	6.07270E+01
1626	449	6.07297E+01
1626	606	6.07323E+01
2458	359	6.07334E+01
7128	363	6.07578E+01
2586	450	6.07662E+01
1626	399	6.07679E+01
5106	442	6.07751E+01
4374	406	6.07816E+01
7218	447	6.07819E+01
8569	245	6.07822E+01
7128	286	6.07855E+01
6846	282	6.07890E+01
7128	568	6.07991E+01
8528	487	6.08307E+01
1406	573	6.08380E+01
1516	161	6.08420E+01
1516	531	6.08432E+01
8393	244	6.08471E+01
7218	284	6.08476E+01
1516	605	6.08505E+01
7218	610	6.08516E+01
2692	285	6.08538E+01
7128	366	6.08560E+01
7128	611	6.08566E+01
8547	525	6.08641E+01
1626	440	6.08691E+01
6714	566	6.08691E+01
2458	523	6.08708E+01
7128	570	6.08738E+01
4580	406	6.08754E+01
1626	490	6.08771E+01
4374	286	6.08781E+01
7128	488	6.08921E+01
6846	404	6.08924E+01
6756	444	6.09016E+01
5106	612	6.09096E+01
1516	398	6.09175E+01
7128	529	6.09242E+01
7218	366	6.09313E+01
6846	285	6.09352E+01
6756	445	6.09393E+01
2692	365	6.09425E+01
7218	286	6.09523E+01
8393	444	6.09615E+01
8528	528	6.09768E+01
7218	611	6.09827E+01
7218	488	6.09852E+01
2564	359	6.09923E+01
2458	606	6.09951E+01
7218	570	6.09993E+01
8547	443	6.10040E+01
5106	483	6.10067E+01
7218	568	6.10079E+01
4395	285	6.10177E+01
2564	523	6.10185E+01
5106	401	6.10221E+01
7218	529	6.10345E+01
8371	443	6.10354E+01
6894	366	6.10573E+01
6756	405	6.10582E+01
6714	203	6.10610E+01
2564	606	6.10618E+01
5106	203	6.10620E+01
4477	529	6.10655E+01
6714	442	6.10685E+01
7128	326	6.10727E+01
7128	444	6.10746E+01
6894	321	6.10750E+01
8393	485	6.10751E+01
6846	403	6.10801E+01
6894	326	6.10814E+01
4455	450	6.10842E+01
1516	439	6.10884E+01
8440	487	6.10903E+01
6756	242	6.10968E+01
7128	485	6.11156E+01
8371	525	6.11193E+01
6756	325	6.11210E+01
2458	201	6.11213E+01
6804	442	6.11217E+01
6894	525	6.11255E+01
4455	491	6.11270E+01
4580	286	6.11312E+01
6846	362	6.11346E+01
1626	614	6.11364E+01
6894	204	6.11442E+01
7218	326	6.11494E+01
2692	447	6.11577E+01
7218	245	6.11609E+01
4395	245	6.11628E+01
2480	491	6.11671E+01
2480	488	6.11783E+01
2567	407	6.12046E+01
6894	608	6.12292E+01
2670	279	6.12384E+01
2567	448	6.12481E+01
8528	286	6.12533E+01
2461	407	6.12535E+01
8440	528	6.12546E+01
6894	447	6.12581E+01
1406	276	6.12588E+01
7218	323	6.12742E+01
2692	489	6.12745E+01
6756	365	6.12746E+01
8481	485	6.12750E+01
8481	444	6.12801E+01
6756	321	6.12856E+01
7218	363	6.12892E+01
2480	531	6.12904E+01
8481	609	6.12951E+01
1516	237	6.12976E+01
7128	283	6.13045E+01
6714	401	6.13048E+01
2692	490	6.13110E+01
6804	483	6.13204E+01
2461	448	6.13325E+01
6714	483	6.13362E+01
1516	449	6.13445E+01
5106	320	6.13529E+01
4395	284	6.13547E+01
2586	488	6.13678E+01
6804	203	6.13770E+01
1626	368	6.13798E+01
6846	444	6.13893E+01
4395	325	6.13900E+01
6714	407	6.13919E+01
8481	283	6.13971E+01
2480	324	6.14026E+01
6894	242	6.14084E+01
6756	485	6.14228E+01
8569	568	6.14233E+01
6804	401	6.14238E+01
7128	609	6.14256E+01
7128	403	6.14263E+01
2564	201	6.14310E+01
4455	409	6.14436E+01
1516	490	6.14437E+01
6846	445	6.14457E+01
1516	614	6.14500E+01
6756	281	6.14537E+01
7128	526	6.14539E+01
8440	286	6.14651E+01
2692	450	6.14705E+01
4395	324	6.14824E+01
4352	450	6.14833E+01
6846	204	6.14881E+01
8528	446	6.14885E+01
2567	531	6.14936E+01
1626	358	6.14941E+01
8393	609	6.14985E+01
7128	244	6.14996E+01
6894	361	6.15031E+01
6756	486	6.15032E+01
7218	485	6.15045E+01
2586	491	6.15075E+01
4455	532	6.15149E+01
4395	286	6.15242E+01
5106	241	6.15243E+01
7218	444	6.15307E+01
2586	531	6.15350E+01
1516	357	6.15358E+01
2480	530	6.15381E+01
4352	491	6.15404E+01
6804	407	6.15468E+01
1626	564	6.15489E+01
4699	239	6.15538E+01
6714	320	6.15553E+01
6756	402	6.15617E+01
4558	450	6.15771E+01
6894	281	6.15845E+01
8459	566	6.15846E+01
1406	316	6.15893E+01
2480	405	6.15922E+01
6846	405	6.15927E+01
8481	244	6.15950E+01
7218	609	6.15964E+01
6714	241	6.15979E+01
5106	571	6.16101E+01
4558	491	6.16145E+01
1406	160	6.16186E+01
2673	407	6.16201E+01
5106	524	6.16371E+01
1626	481	6.16377E+01
2673	448	6.16449E+01
2461	531	6.16518E+01
6894	611	6.16537E+01
2586	324	6.16550E+01
6846	325	6.16606E+01
4580	529	6.16651E+01
5106	607	6.16782E+01
8352	487	6.16814E+01
6756	443	6.17231E+01
2567	573	6.17250E+01
8440	446	6.17263E+01
2586	530	6.17279E+01
6894	488	6.17386E+01
6804	607	6.17524E+01
8393	403	6.17551E+01
7128	407	6.17685E+01
8352	286	6.17698E+01
8459	282	6.17707E+01
7218	407	6.17751E+01
8528	569	6.17785E+01
1516	563	6.17840E+01
6804	320	6.17854E+01
7218	526	6.17916E+01
5106	407	6.17931E+01
2586	405	6.18027E+01
1406	521	6.18031E+01
1626	238	6.18111E+01
7128	612	6.18135E+01
6846	365	6.18140E+01
6894	570	6.18210E+01
4395	365	6.18283E+01
5106	280	6.18288E+01
6846	242	6.18374E+01
4352	409	6.18376E+01
6894	566	6.18426E+01
4374	529	6.18442E+01
2673	531	6.18461E+01
2480	532	6.18472E+01
6714	612	6.18626E+01
6846	485	6.18675E+01
6756	446	6.18721E+01
8547	566	6.18721E+01
1626	162	6.18861E+01
6894	529	6.18922E+01
8393	526	6.18936E+01
8371	282	6.18986E+01
6804	241	6.19012E+01
1516	480	6.19046E+01
6804	524	6.19133E+01
2461	573	6.19153E+01
6756	361	6.19170E+01
5106	360	6.19175E+01
2480	446	6.19299E+01
8352	528	6.19389E+01
6846	321	6.19412E+01
4558	409	6.19502E+01
4352	532	6.19570E+01
7218	612	6.19627E+01
7218	283	6.19680E+01
8481	526	6.19698E+01
8528	365	6.19774E+01
2480	245	6.19792E+01
7218	403	6.19798E+01
5209	364	6.19820E+01
2461	326	6.19848E+01
6846	486	6.19895E+01
2567	326	6.19944E+01
4558	532	6.19949E+01
8459	243	6.20055E+01
6714	280	6.20060E+01
6714	524	6.20073E+01
6714	607	6.20081E+01
2670	523	6.20169E+01
2670	606	6.20238E+01
4477	612	6.20295E+01
5209	324	6.20319E+01
6756	527	6.20335E+01
2670	359	6.20442E+01
2673	573	6.20533E+01
2480	284	6.20568E+01
6756	526	6.20592E+01
4395	364	6.20661E+01
7128	567	6.20703E+01
8440	569	6.20737E+01
1516	198	6.20844E+01
6756	286	6.20905E+01
8371	243	6.20962E+01
6846	402	6.21051E+01
8459	402	6.21071E+01
6936	245	6.21124E+01
2586	446	6.21146E+01
1516	368	6.21177E+01
5209	404	6.21182E+01
8569	323	6.21255E+01
2692	488	6.21335E+01
5209	405	6.21475E+01
2586	532	6.21496E+01
6936	244	6.21499E+01
6936	284	6.21501E+01
7308	446	6.21524E+01
5209	284	6.21571E+01
6846	281	6.21629E+01
5209	445	6.21635E+01
4395	244	6.21665E+01
7308	405	6.21755E+01
8547	282	6.21878E+01
8440	365	6.21879E+01
4395	326	6.21916E+01
2567	489	6.21927E+01
8481	403	6.21931E+01
7128	571	6.21946E+01
4477	325	6.21999E+01
7308	365	6.22003E+01
7128	322	6.22019E+01
6846	443	6.22059E+01
7218	244	6.22077E+01
2692	491	6.22086E+01
6756	484	6.22099E+01
6756	203	6.22151E+01
6936	283	6.22248E+01
4699	564	6.22254E+01
8352	446	6.22308E+01
8371	566	6.22360E+01
6714	360	6.22393E+01
2480	364	6.22394E+01
7308	487	6.22511E+01
2692	531	6.22521E+01
6804	612	6.22533E+01
5106	530	6.22541E+01
2586	245	6.22584E+01
6936	323	6.22710E+01
6804	280	6.22843E+01
1406	532	6.23030E+01
5209	323	6.23081E+01
4455	573	6.23106E+01
7218	571	6.23188E+01
2586	284	6.23202E+01
2461	489	6.23233E+01
5209	486	6.23415E+01
5209	245	6.23442E+01
7308	406	6.23576E+01
7218	567	6.23611E+01
7308	325	6.23728E+01
6714	571	6.23745E+01
4455	449	6.23797E+01
5209	363	6.23810E+01
8371	402	6.23902E+01
7128	362	6.23920E+01
7308	528	6.23943E+01
4498	285	6.23963E+01
5209	446	6.24007E+01
7128	448	6.24014E+01
7218	448	6.24027E+01
6714	448	6.24081E+01
4477	365	6.24097E+01
6846	446	6.24112E+01
5209	285	6.24145E+01
1406	409	6.24156E+01
8569	363	6.24208E+01
4395	323	6.24234E+01
6804	360	6.24276E+01
5209	365	6.24327E+01
4455	490	6.24343E+01
8547	243	6.24355E+01
2567	366	6.24371E+01
8528	325	6.24435E+01
6894	442	6.24440E+01
2673	326	6.24461E+01
6846	526	6.24504E+01
2461	366	6.24583E+01
2586	364	6.24630E+01
2692	530	6.24639E+01
6936	324	6.24738E+01
6756	487	6.24745E+01
4395	405	6.24751E+01
6714	367	6.24779E+01
4395	283	6.24822E+01
4699	163	6.24837E+01
6846	527	6.24886E+01
8547	402	6.24910E+01
4498	245	6.24952E+01
4395	366	6.25013E+01
2480	572	6.25030E+01
4580	612	6.25056E+01
1406	604	6.25114E+01
4455	368	6.25117E+01
2670	201	6.25138E+01
2692	324	6.25145E+01
7128	530	6.25194E+01
5106	448	6.25252E+01
6846	361	6.25283E+01
1626	573	6.25305E+01
6936	363	6.25554E+01
8352	365	6.25572E+01
7308	364	6.25584E+01
2673	489	6.25759E+01
4699	318	6.25820E+01
5209	325	6.25826E+01
6756	568	6.25830E+01
6894	483	6.25865E+01
6714	327	6.25870E+01
5209	487	6.25908E+01
6804	367	6.25939E+01
7308	569	6.25965E+01
7218	530	6.26004E+01
971	245	6.26034E+01
1406	236	6.26092E+01
7308	486	6.26125E+01
7308	445	6.26129E+01
6846	286	6.26162E+01
5209	527	6.26188E+01
2692	405	6.26269E+01
5106	489	6.26292E+01
2480	529	6.26303E+01
6846	484	6.26307E+01
4699	440	6.26329E+01
7128	489	6.26331E+01
6804	448	6.26351E+01
2480	573	6.26408E+01
5106	565	6.26415E+01
7308	447	6.26418E+01
8440	325	6.26426E+01
7218	367	6.26493E+01
6894	407	6.26521E+01
7308	285	6.26561E+01
6804	327	6.26586E+01
7308	324	6.26599E+01
6756	406	6.26624E+01
5209	283	6.26658E+01
7218	489	6.26669E+01
6936	364	6.26725E+01
4498	284	6.26792E+01
4395	406	6.26792E+01
2586	572	6.26863E+01
7128	367	6.27083E+01
5209	528	6.27230E+01
6714	530	6.27584E+01
1406	397	6.27601E+01
7308	366	6.27630E+01
2586	529	6.27686E+01
2458	239	6.27702E+01
6804	571	6.27720E+01
4558	573	6.27731E+01
4498	325	6.27842E+01
5209	444	6.27933E+01
4374	325	6.27960E+01
5209	244	6.27986E+01
4352	573	6.27994E+01
4352	449	6.28053E+01
6894	401	6.28107E+01
7308	527	6.28142E+01
4498	324	6.28172E+01
6894	607	6.28212E+01
1516	276	6.28240E+01
6714	489	6.28280E+01
6756	241	6.28283E+01
6756	567	6.28297E+01
4699	278	6.28335E+01
7308	488	6.28397E+01
2692	532	6.28500E+01
6936	404	6.28517E+01
6804	565	6.28551E+01
8352	569	6.28645E+01
4699	399	6.28670E+01
6936	322	6.28760E+01
6936	243	6.28776E+01
6936	285	6.28787E+01
5209	569	6.28793E+01
2673	366	6.28801E+01
6756	528	6.28820E+01
4352	490	6.28822E+01
1626	199	6.28845E+01
2586	573	6.28858E+01
7218	327	6.28925E+01
7308	286	6.28930E+01
4352	368	6.29044E+01
4558	449	6.29049E+01
971	244	6.29062E+01
7308	529	6.29127E+01
7308	570	6.29138E+01
7308	610	6.29147E+01
2692	446	6.29195E+01
7308	404	6.29209E+01
5106	613	6.29224E+01
8569	609	6.29286E+01
7218	322	6.29290E+01
4374	612	6.29309E+01
7308	611	6.29337E+01
5209	403	6.29352E+01
4558	490	6.29424E+01
7128	443	6.29438E+01
6756	525	6.29445E+01
7128	282	6.29465E+01
6894	203	6.29482E+01
7128	484	6.29530E+01
5106	202	6.29537E+01
5209	485	6.29564E+01
971	284	6.29572E+01
4498	286	6.29586E+01
8352	325	6.29597E+01
7128	327	6.29643E+01
2480	487	6.29685E+01
1626	522	6.29707E+01
7308	326	6.29761E+01
2458	564	6.29771E+01
4455	408	6.29794E+01
7128	608	6.29831E+01
6846	568	6.29854E+01
1406	438	6.29898E+01
6846	203	6.30175E+01
6846	487	6.30204E+01
4455	531	6.30209E+01
7128	243	6.30221E+01
4374	365	6.30350E+01
5209	568	6.30381E+01
