GRAM	c2h2	chi_tot
7679	402	4.80481E+01
7679	362	4.83832E+01
7679	443	4.84013E+01
7679	361	4.85440E+01
7679	321	4.87244E+01
7679	484	4.90686E+01
7679	322	4.90799E+01
7679	403	4.94545E+01
7679	442	4.95613E+01
7679	282	4.95773E+01
7769	402	4.96554E+01
7679	401	4.98482E+01
7769	443	4.99268E+01
7769	362	4.99600E+01
7679	525	5.00019E+01
7679	281	5.00023E+01
7679	483	5.02117E+01
7769	361	5.02720E+01
7769	321	5.04612E+01
7769	484	5.05124E+01
7679	444	5.05824E+01
7769	322	5.06345E+01
7769	403	5.09626E+01
7679	243	5.11309E+01
7679	320	5.11475E+01
7769	442	5.11578E+01
7769	282	5.11855E+01
7679	242	5.12813E+01
7679	485	5.13056E+01
7769	525	5.13297E+01
7679	566	5.14063E+01
7679	363	5.14253E+01
7769	401	5.15768E+01
7679	360	5.16248E+01
7679	524	5.16561E+01
7769	483	5.16735E+01
7679	526	5.17104E+01
7769	281	5.18162E+01
7679	283	5.19236E+01
7769	444	5.20692E+01
7679	567	5.21384E+01
7679	323	5.25164E+01
7769	566	5.25574E+01
7769	243	5.27200E+01
7769	485	5.27736E+01
7859	402	5.27809E+01
7769	363	5.28662E+01
7679	280	5.28686E+01
7769	524	5.29517E+01
7859	443	5.29632E+01
7679	608	5.30090E+01
7859	362	5.30180E+01
7769	320	5.30719E+01
7769	242	5.30868E+01
7769	526	5.31226E+01
7679	204	5.31851E+01
7769	283	5.33280E+01
7769	567	5.34273E+01
7859	484	5.34518E+01
7679	244	5.34952E+01
7769	360	5.35159E+01
7859	361	5.35261E+01
7679	607	5.35794E+01
7679	241	5.36216E+01
7859	322	5.36348E+01
7859	321	5.36946E+01
7636	446	5.37852E+01
7679	441	5.38314E+01
7769	323	5.38973E+01
7859	403	5.39491E+01
7636	365	5.39527E+01
7636	405	5.39813E+01
7679	565	5.39852E+01
7769	608	5.40859E+01
7859	525	5.41249E+01
7636	406	5.41761E+01
7859	282	5.42215E+01
7726	446	5.42592E+01
7679	404	5.42616E+01
7636	487	5.42748E+01
7859	442	5.42986E+01
7769	607	5.44751E+01
7726	405	5.45426E+01
7679	482	5.45514E+01
7726	365	5.45552E+01
7679	400	5.45633E+01
7816	446	5.45798E+01
7726	487	5.46329E+01
7859	483	5.46609E+01
7726	406	5.47416E+01
7679	203	5.47576E+01
7816	487	5.47869E+01
7636	325	5.48027E+01
7636	447	5.48195E+01
7859	401	5.48619E+01
7769	244	5.48658E+01
7769	280	5.48873E+01
7769	204	5.49566E+01
7816	405	5.49879E+01
7343	403	5.49893E+01
7859	444	5.50303E+01
7816	365	5.50363E+01
7769	565	5.50606E+01
7859	281	5.51149E+01
7859	566	5.51318E+01
7816	406	5.51568E+01
7343	362	5.51585E+01
7343	443	5.51795E+01
7636	488	5.52902E+01
7636	528	5.53376E+01
7726	447	5.53735E+01
7343	484	5.54028E+01
7816	528	5.54133E+01
7726	325	5.54135E+01
7343	444	5.54575E+01
7726	528	5.55109E+01
7769	441	5.55270E+01
7343	402	5.56249E+01
7769	241	5.56393E+01
7679	609	5.56781E+01
7636	364	5.56916E+01
7769	404	5.56957E+01
7343	322	5.56966E+01
7859	243	5.56983E+01
7636	529	5.57008E+01
7859	485	5.57022E+01
7816	447	5.57381E+01
7859	524	5.57419E+01
7859	363	5.57433E+01
7726	488	5.58044E+01
7343	485	5.58862E+01
7816	325	5.58937E+01
7636	366	5.59258E+01
7859	526	5.59681E+01
7679	319	5.60007E+01
7769	482	5.60700E+01
7343	363	5.60722E+01
7816	488	5.60754E+01
7343	525	5.60866E+01
7726	529	5.61021E+01
7859	283	5.61038E+01
7859	567	5.61063E+01
7636	324	5.61460E+01
7343	526	5.61823E+01
7679	568	5.61831E+01
7816	529	5.61899E+01
7679	445	5.62181E+01
7636	285	5.62822E+01
7859	242	5.63433E+01
7726	364	5.63605E+01
7816	570	5.64042E+01
7636	445	5.64144E+01
7769	400	5.64311E+01
7636	570	5.64434E+01
7726	366	5.64829E+01
7859	608	5.64928E+01
7679	523	5.65188E+01
7859	320	5.65446E+01
7343	567	5.65542E+01
7816	569	5.66117E+01
7726	570	5.66239E+01
7859	323	5.66735E+01
7859	607	5.67329E+01
7769	203	5.67387E+01
7679	527	5.67986E+01
7636	486	5.68359E+01
7726	445	5.68440E+01
7726	324	5.68683E+01
7816	366	5.68824E+01
7343	323	5.69200E+01
7816	364	5.69425E+01
7726	285	5.69474E+01
7679	486	5.69764E+01
7859	360	5.69781E+01
7769	609	5.70083E+01
7343	282	5.70294E+01
7726	569	5.70777E+01
7726	486	5.70812E+01
7343	283	5.71194E+01
7636	286	5.71197E+01
7816	611	5.71286E+01
7636	326	5.71378E+01
7816	445	5.71520E+01
7816	486	5.71555E+01
7636	569	5.71898E+01
7679	359	5.72782E+01
7343	566	5.73131E+01
7343	608	5.73285E+01
7679	284	5.73338E+01
7679	606	5.73838E+01
7343	361	5.74587E+01
7816	285	5.74818E+01
7636	404	5.74939E+01
7816	324	5.74979E+01
7343	321	5.75394E+01
7859	244	5.75643E+01
7859	565	5.75842E+01
7726	286	5.76426E+01
7726	326	5.76517E+01
7769	568	5.76722E+01
7769	445	5.77010E+01
7726	611	5.78037E+01
7343	404	5.78181E+01
7679	279	5.78291E+01
7679	240	5.78292E+01
7769	523	5.78313E+01
7679	364	5.78678E+01
7636	611	5.79758E+01
7679	202	5.79856E+01
7816	286	5.79925E+01
7816	326	5.79966E+01
7636	407	5.80351E+01
7726	404	5.80793E+01
7769	319	5.81153E+01
7859	204	5.81406E+01
7769	606	5.81708E+01
7816	527	5.82175E+01
7343	442	5.83050E+01
7769	527	5.83482E+01
7343	483	5.83947E+01
7859	280	5.84489E+01
7726	527	5.84571E+01
7636	527	5.84613E+01
7769	486	5.85124E+01
7769	284	5.85386E+01
7859	404	5.85667E+01
7343	243	5.85779E+01
7816	404	5.85800E+01
7726	407	5.86327E+01
7816	610	5.86654E+01
7679	245	5.86848E+01
7343	244	5.86870E+01
7343	609	5.87950E+01
7859	441	5.87985E+01
7816	612	5.88047E+01
7636	571	5.88663E+01
7636	612	5.88966E+01
7636	284	5.89453E+01
7816	407	5.90429E+01
7726	612	5.91314E+01
7859	482	5.91404E+01
7859	241	5.91708E+01
7769	364	5.91908E+01
7679	324	5.92695E+01
7343	568	5.92865E+01
7343	607	5.92923E+01
7343	445	5.92963E+01
7636	530	5.93282E+01
7769	359	5.93407E+01
7636	448	5.93848E+01
7726	571	5.93921E+01
7816	571	5.94640E+01
7343	524	5.94734E+01
7343	401	5.94877E+01
7859	609	5.96256E+01
7726	610	5.96378E+01
7343	281	5.96580E+01
7636	489	5.96933E+01
7679	564	5.97304E+01
7726	284	5.97614E+01
7343	527	5.98191E+01
7769	245	5.98369E+01
7859	400	5.98935E+01
7343	486	5.99413E+01
5103	402	5.99459E+01
5103	361	5.99624E+01
7726	530	6.00038E+01
7769	279	6.00497E+01
7726	448	6.00530E+01
7769	240	6.00533E+01
7636	610	6.01570E+01
7769	202	6.01696E+01
7859	203	6.01975E+01
7343	284	6.02518E+01
7816	530	6.03170E+01
7816	568	6.03370E+01
7859	606	6.03420E+01
5103	321	6.03963E+01
7726	489	6.04037E+01
7343	364	6.04355E+01
7769	324	6.04879E+01
7816	284	6.04889E+01
7816	448	6.04920E+01
7859	568	6.05095E+01
5103	443	6.05144E+01
7859	445	6.06179E+01
7859	523	6.06601E+01
7769	564	6.07899E+01
5103	362	6.08258E+01
7816	489	6.08270E+01
5103	401	6.08310E+01
7679	440	6.08812E+01
7343	242	6.09119E+01
5103	442	6.09743E+01
7726	568	6.09995E+01
7636	323	6.10190E+01
7636	363	6.10568E+01
7859	284	6.10593E+01
5206	402	6.11582E+01
7636	245	6.11853E+01
5206	361	6.12586E+01
7859	527	6.12902E+01
5103	484	6.13193E+01
7636	568	6.13458E+01
7679	610	6.14619E+01
7859	486	6.14690E+01
5103	281	6.14722E+01
7343	324	6.14804E+01
7343	565	6.15207E+01
7343	245	6.15767E+01
7636	367	6.15930E+01
5103	320	6.16450E+01
5206	321	6.16838E+01
5206	443	6.16846E+01
7679	481	6.17871E+01
7726	363	6.18120E+01
7679	399	6.18302E+01
7859	319	6.18309E+01
7726	323	6.18658E+01
5103	322	6.18917E+01
7859	364	6.19046E+01
5103	360	6.19523E+01
5103	483	6.19889E+01
5206	362	6.19913E+01
7726	245	6.20360E+01
7343	320	6.21113E+01
7726	367	6.21263E+01
5206	401	6.21425E+01
5103	403	6.21565E+01
5206	442	6.21866E+01
7859	245	6.22565E+01
5103	282	6.22697E+01
5206	484	6.24466E+01
7816	367	6.24642E+01
5103	525	6.24804E+01
7343	204	6.25039E+01
7816	363	6.25136E+01
7679	405	6.25557E+01
7679	201	6.26013E+01
7636	613	6.26320E+01
7343	360	6.26495E+01
7816	323	6.26576E+01
7769	440	6.26996E+01
7636	444	6.27390E+01
7816	245	6.27852E+01
5206	281	6.28165E+01
7679	318	6.29162E+01
5206	322	6.30147E+01
7859	359	6.30199E+01
5103	242	6.30492E+01
7859	324	6.30513E+01
7636	485	6.30718E+01
5206	483	6.30993E+01
5206	320	6.31050E+01
5103	280	6.31087E+01
7769	610	6.31139E+01
7726	444	6.31606E+01
7636	327	6.32018E+01
5103	444	6.32383E+01
7726	485	6.32490E+01
7816	485	6.32826E+01
5206	403	6.32980E+01
7859	564	6.33149E+01
7726	613	6.33264E+01
7816	613	6.33929E+01
5206	360	6.33952E+01
7769	481	6.33962E+01
7679	569	6.34163E+01
5206	282	6.34234E+01
7816	444	6.34880E+01
5206	525	6.35254E+01
7343	610	6.35946E+01
7679	239	6.35972E+01
7726	327	6.36347E+01
7816	609	6.36729E+01
5103	485	6.38240E+01
7769	399	6.38511E+01
7859	240	6.38548E+01
7816	327	6.38595E+01
7859	279	6.38725E+01
5103	524	6.38753E+01
7859	202	6.38970E+01
7769	405	6.39431E+01
5103	243	6.41475E+01
5103	241	6.41516E+01
7636	572	6.41763E+01
5103	526	6.41921E+01
7343	405	6.42364E+01
7679	605	6.42692E+01
7679	522	6.43062E+01
5103	566	6.43360E+01
5206	242	6.43742E+01
5103	441	6.43946E+01
5206	444	6.44071E+01
5103	400	6.45296E+01
7679	278	6.45413E+01
7343	441	6.45546E+01
7343	482	6.46289E+01
7343	606	6.46407E+01
5206	280	6.46443E+01
7343	280	6.46467E+01
7636	403	6.46488E+01
7816	526	6.47465E+01
5103	363	6.48183E+01
5103	567	6.48394E+01
5206	524	6.48489E+01
7636	283	6.48609E+01
7726	609	6.48860E+01
7769	201	6.49809E+01
7769	605	6.50176E+01
5206	485	6.50213E+01
11660	362	6.50224E+01
11660	322	6.50320E+01
11731	362	6.50647E+01
11731	322	6.50731E+01
7726	526	6.50821E+01
7726	572	6.50942E+01
7679	358	6.51223E+01
7679	528	6.51603E+01
7769	569	6.51654E+01
7636	526	6.52101E+01
7769	318	6.52207E+01
5206	566	6.52297E+01
5206	243	6.52697E+01
7726	403	6.52856E+01
5103	319	6.52960E+01
7679	446	6.53045E+01
7343	241	6.53409E+01
5206	526	6.53741E+01
5103	204	6.54090E+01
7343	569	6.54140E+01
7636	408	6.54222E+01
11660	282	6.54921E+01
7816	572	6.54978E+01
11731	282	6.55257E+01
11660	402	6.55777E+01
11731	402	6.56074E+01
5103	482	6.56554E+01
5206	241	6.56755E+01
7769	522	6.56799E+01
7636	609	6.56853E+01
5206	441	6.56858E+01
5103	203	6.57683E+01
5103	283	6.58270E+01
7726	283	6.58340E+01
11660	443	6.58522E+01
7816	403	6.58666E+01
5206	363	6.58728E+01
11731	443	6.58881E+01
5206	567	6.59269E+01
7636	531	6.59497E+01
5206	400	6.59644E+01
11660	403	6.59935E+01
7859	610	6.60002E+01
7679	487	6.60135E+01
7769	239	6.60210E+01
7679	285	6.60448E+01
11731	403	6.60546E+01
7726	408	6.60792E+01
7343	203	6.60932E+01
7859	440	6.61245E+01
7343	523	6.61386E+01
11660	321	6.61513E+01
11731	321	6.61791E+01
7343	400	6.62407E+01
11660	283	6.62844E+01
5103	608	6.62960E+01
11731	283	6.63260E+01
5103	323	6.64277E+01
5103	359	6.64571E+01
11660	361	6.64910E+01
11660	243	6.65076E+01
7816	408	6.65088E+01
11731	361	6.65128E+01
11660	484	6.65183E+01
11731	243	6.65374E+01
11731	484	6.65544E+01
7859	481	6.65811E+01
5206	204	6.66899E+01
7343	285	6.66975E+01
7859	405	6.67238E+01
7343	446	6.67282E+01
7816	283	6.67616E+01
5206	283	6.67931E+01
5206	482	6.67985E+01
7769	446	6.68191E+01
5103	565	6.68360E+01
5103	279	6.68366E+01
11660	363	6.68831E+01
7636	244	6.68966E+01
7769	528	6.68990E+01
7343	528	6.69212E+01
5206	319	6.69335E+01
7726	531	6.69410E+01
11731	363	6.69488E+01
7769	278	6.69591E+01
11304	486	6.69880E+01
11304	445	6.70100E+01
11141	486	6.70312E+01
7769	285	6.70570E+01
11222	486	6.70811E+01
11660	323	6.70855E+01
11304	527	6.70968E+01
11141	445	6.71044E+01
11141	527	6.71099E+01
11222	445	6.71324E+01
5103	240	6.71339E+01
11731	323	6.71418E+01
7859	605	6.71634E+01
11222	527	6.71698E+01
5206	608	6.71861E+01
7636	490	6.72363E+01
5206	203	6.72468E+01
11660	244	6.72558E+01
7636	449	6.72737E+01
5103	607	6.72763E+01
11731	244	6.72885E+01
11660	525	6.73109E+01
11731	525	6.73372E+01
11304	568	6.73497E+01
11304	364	6.73540E+01
7769	358	6.73609E+01
11141	568	6.73728E+01
11660	444	6.73928E+01
5206	323	6.73972E+01
11222	568	6.74242E+01
11731	444	6.74723E+01
7859	399	6.75048E+01
7816	531	6.75159E+01
11304	404	6.75312E+01
11660	281	6.75323E+01
7343	487	6.75341E+01
11222	364	6.75366E+01
11141	364	6.75456E+01
11304	405	6.75514E+01
11731	281	6.75591E+01
5206	565	6.76134E+01
5103	404	6.76518E+01
7769	487	6.76614E+01
11141	404	6.76735E+01
11222	404	6.76762E+01
11141	405	6.76791E+01
11222	405	6.77072E+01
7816	567	6.77456E+01
11141	610	6.77565E+01
5103	244	6.77688E+01
5103	202	6.78046E+01
7679	365	6.78118E+01
11304	324	6.78217E+01
11731	442	6.78619E+01
11660	442	6.78639E+01
11222	610	6.79003E+01
7726	244	6.79219E+01
5206	607	6.79298E+01
11304	609	6.79345E+01
11304	610	6.79403E+01
11141	609	6.80216E+01
11222	324	6.80390E+01
11222	609	6.80410E+01
5206	359	6.80590E+01
11141	324	6.80708E+01
7726	449	6.80884E+01
7726	490	6.81798E+01
11731	483	6.81902E+01
11141	569	6.82029E+01
11660	483	6.82031E+01
5103	609	6.82066E+01
7859	569	6.82124E+01
5103	523	6.82273E+01
11660	566	6.82702E+01
11731	566	6.82732E+01
11660	242	6.83129E+01
11731	242	6.83403E+01
5103	568	6.83575E+01
7679	563	6.83599E+01
11222	569	6.83607E+01
11304	446	6.83630E+01
7679	200	6.83659E+01
7343	365	6.83862E+01
11141	446	6.83910E+01
11304	569	6.84044E+01
11823	487	6.84374E+01
11823	446	6.84387E+01
11222	446	6.84644E+01
11660	485	6.84719E+01
7679	163	6.85148E+01
11823	528	6.85251E+01
11891	446	6.85335E+01
11660	401	6.85344E+01
11731	401	6.85369E+01
11891	487	6.85473E+01
7726	567	6.85512E+01
5206	279	6.85619E+01
11731	485	6.85642E+01
7859	522	6.85877E+01
7816	449	6.86302E+01
11891	528	6.86386E+01
11141	528	6.86482E+01
5206	244	6.86863E+01
11823	569	6.87532E+01
5206	404	6.87539E+01
11304	365	6.87585E+01
11141	487	6.87714E+01
7816	490	6.87875E+01
11222	528	6.87950E+01
11304	528	6.88089E+01
11304	487	6.88486E+01
5206	240	6.88516E+01
11304	285	6.88532E+01
11891	569	6.88551E+01
11823	405	6.88658E+01
11222	487	6.88875E+01
7636	614	6.88904E+01
7816	244	6.88936E+01
11823	365	6.89220E+01
11891	405	6.89390E+01
11304	485	6.89408E+01
11141	365	6.89684E+01
7859	201	6.89696E+01
11222	365	6.89714E+01
7343	564	6.89824E+01
11891	365	6.89963E+01
7343	319	6.90314E+01
5103	527	6.90338E+01
7769	365	6.90375E+01
7636	567	6.90688E+01
11222	485	6.90695E+01
11141	485	6.90751E+01
11660	526	6.90779E+01
11222	285	6.91384E+01
11731	526	6.91728E+01
11304	284	6.91742E+01
7636	322	6.91794E+01
7859	318	6.91802E+01
11304	526	6.91805E+01
11731	524	6.91808E+01
5206	523	6.91917E+01
11141	285	6.91999E+01
11304	325	6.92142E+01
11660	524	6.92145E+01
5103	445	6.92574E+01
11222	526	6.93184E+01
11823	406	6.93274E+01
7859	285	6.93302E+01
11141	526	6.93324E+01
11823	610	6.93398E+01
11660	567	6.93686E+01
11222	284	6.93928E+01
11891	610	6.94123E+01
5206	609	6.94218E+01
11891	406	6.94365E+01
11141	284	6.94418E+01
11731	567	6.94522E+01
7769	563	6.94579E+01
11304	444	6.94616E+01
11823	611	6.94735E+01
5206	202	6.94741E+01
11222	325	6.94816E+01
7679	325	6.94938E+01
11823	325	6.94995E+01
11141	325	6.95145E+01
11731	607	6.95449E+01
5103	486	6.95585E+01
11891	325	6.95603E+01
7343	325	6.95682E+01
11660	607	6.95804E+01
11222	444	6.95898E+01
11141	444	6.95984E+01
11304	363	6.96272E+01
11660	608	6.96337E+01
11891	611	6.96461E+01
11660	204	6.96519E+01
11731	204	6.96778E+01
11731	608	6.96892E+01
5206	568	6.97156E+01
7859	446	6.97242E+01
11222	363	6.97705E+01
11141	363	6.97868E+01
7636	362	6.98556E+01
11660	404	6.99762E+01
7859	528	6.99824E+01
11304	323	6.99869E+01
11823	570	6.99895E+01
11823	486	7.00382E+01
11304	567	7.00684E+01
11731	404	7.00730E+01
7859	239	7.00862E+01
7726	614	7.00897E+01
11891	486	7.00914E+01
11660	320	7.01367E+01
7679	611	7.01391E+01
11222	323	7.01481E+01
11731	320	7.01530E+01
7726	322	7.01617E+01
11141	323	7.01753E+01
11891	570	7.01798E+01
11823	447	7.01966E+01
11660	284	7.02056E+01
11222	567	7.02352E+01
11731	284	7.02562E+01
11141	567	7.02752E+01
11823	527	7.03001E+01
7679	439	7.03137E+01
11891	447	7.03403E+01
7343	359	7.03446E+01
11891	527	7.03447E+01
5206	527	7.04180E+01
5103	440	7.04586E+01
5206	445	7.04679E+01
11823	529	7.04871E+01
11823	445	7.05203E+01
7769	325	7.05633E+01
11891	445	7.05708E+01
7816	614	7.05888E+01
11823	488	7.06271E+01
7679	238	7.06455E+01
11304	245	7.06602E+01
11891	529	7.06761E+01
7859	487	7.06845E+01
5103	399	7.06906E+01
7726	362	7.07154E+01
11731	565	7.07765E+01
11891	488	7.07993E+01
11823	366	7.08270E+01
11823	364	7.08281E+01
11823	285	7.08351E+01
7636	368	7.08427E+01
11660	565	7.08432E+01
11660	245	7.08716E+01
11891	285	7.08766E+01
11891	364	7.08783E+01
5206	486	7.08801E+01
11222	245	7.08912E+01
11731	245	7.09078E+01
11823	286	7.09257E+01
11891	366	7.09280E+01
7769	200	7.09331E+01
11141	245	7.09555E+01
11891	286	7.09767E+01
5103	318	7.09877E+01
11660	360	7.10024E+01
11731	360	7.10066E+01
11141	611	7.10126E+01
7859	278	7.10395E+01
7769	163	7.10697E+01
7816	322	7.11269E+01
5103	606	7.11303E+01
11823	568	7.12134E+01
7343	202	7.12256E+01
11304	403	7.12341E+01
11891	568	7.12349E+01
7679	398	7.12481E+01
5103	201	7.12507E+01
7859	358	7.12631E+01
11222	611	7.12966E+01
11823	324	7.13283E+01
11304	406	7.13548E+01
11222	403	7.13566E+01
11141	403	7.13725E+01
11891	324	7.13733E+01
7726	368	7.13738E+01
11823	326	7.14136E+01
11141	406	7.14492E+01
11891	326	7.14919E+01
11222	406	7.15093E+01
11304	611	7.15104E+01
7343	611	7.15209E+01
7343	240	7.15236E+01
7679	480	7.15292E+01
7679	317	7.15323E+01
7816	362	7.15538E+01
7859	365	7.16072E+01
7343	279	7.16241E+01
5206	606	7.16370E+01
7816	368	7.16700E+01
11304	608	7.16823E+01
5103	239	7.16906E+01
5206	440	7.18603E+01
11222	608	7.19056E+01
11141	608	7.19930E+01
5103	481	7.20322E+01
7859	563	7.20337E+01
11304	286	7.20450E+01
11660	280	7.20709E+01
7636	573	7.20849E+01
11731	280	7.20920E+01
5103	364	7.21328E+01
7769	611	7.21759E+01
5103	564	7.21985E+01
11823	404	7.22461E+01
5206	399	7.22680E+01
11660	364	7.22721E+01
7769	439	7.22734E+01
11891	404	7.22870E+01
5103	278	7.23166E+01
7816	608	7.23208E+01
11660	241	7.23439E+01
11731	364	7.23644E+01
11731	241	7.23696E+01
11222	286	7.23924E+01
5103	284	7.24329E+01
11141	286	7.24640E+01
11660	324	7.25505E+01
11141	570	7.25874E+01
11660	445	7.25948E+01
11731	324	7.26242E+01
7636	443	7.26685E+01
7679	277	7.26845E+01
11731	445	7.27235E+01
11304	283	7.27598E+01
5206	318	7.28048E+01
11891	609	7.28614E+01
11660	203	7.28625E+01
11222	570	7.28655E+01
11823	609	7.28798E+01
11731	203	7.28894E+01
11222	283	7.29082E+01
5103	610	7.29086E+01
7859	325	7.29278E+01
5206	564	7.29346E+01
11141	283	7.29426E+01
7636	484	7.29588E+01
11823	612	7.30102E+01
11304	570	7.30512E+01
11731	606	7.30643E+01
5206	364	7.30986E+01
5206	201	7.31037E+01
5103	358	7.31043E+01
7726	484	7.31132E+01
7726	443	7.31175E+01
7816	484	7.31455E+01
11731	441	7.31624E+01
7343	605	7.31698E+01
11660	606	7.31781E+01
11660	441	7.31967E+01
5206	284	7.32165E+01
5206	481	7.32521E+01
7769	480	7.32571E+01
7769	238	7.32609E+01
11891	612	7.32910E+01
11731	482	7.32913E+01
11660	609	7.33201E+01
11660	482	7.33460E+01
11141	447	7.34184E+01
7769	398	7.34314E+01
7726	573	7.34356E+01
11731	609	7.34783E+01
11304	447	7.34803E+01
7816	443	7.34958E+01
11222	447	7.35456E+01
7343	440	7.35495E+01
11823	407	7.35939E+01
5206	239	7.35959E+01
7679	570	7.36202E+01
7636	282	7.37105E+01
7726	608	7.37130E+01
11891	407	7.37425E+01
7343	481	7.37530E+01
11141	529	7.37934E+01
11304	366	7.39228E+01
7679	604	7.39405E+01
7679	162	7.40172E+01
7769	317	7.40240E+01
11222	529	7.40390E+01
11660	486	7.41080E+01
11660	568	7.41212E+01
11141	366	7.41365E+01
11222	366	7.41567E+01
11304	529	7.41607E+01
11141	488	7.41864E+01
7816	573	7.42065E+01
5103	245	7.42213E+01
5206	278	7.42281E+01
5103	324	7.42354E+01
7343	406	7.42593E+01
11731	486	7.42635E+01
11823	284	7.42719E+01
11731	568	7.42952E+01
11891	284	7.43051E+01
11304	326	7.43123E+01
7679	406	7.43185E+01
11222	488	7.43789E+01
11304	244	7.43881E+01
11304	488	7.44119E+01
11660	527	7.45180E+01
5206	610	7.45318E+01
11222	244	7.45426E+01
11731	400	7.45489E+01
11731	523	7.45565E+01
11660	400	7.45695E+01
11141	244	7.45865E+01
11222	326	7.46228E+01
7679	521	7.46307E+01
11660	523	7.46410E+01
11141	326	7.46532E+01
11823	571	7.46630E+01
11731	527	7.46901E+01
11304	484	7.46928E+01
7769	604	7.47147E+01
7636	608	7.47196E+01
7343	570	7.47359E+01
7679	357	7.47714E+01
5103	569	7.47863E+01
11222	484	7.48383E+01
7726	282	7.48452E+01
5206	358	7.48735E+01
11141	484	7.48883E+01
5206	245	7.49341E+01
11891	571	7.49485E+01
7816	525	7.50201E+01
5206	324	7.50648E+01
7679	199	7.50718E+01
11304	525	7.50909E+01
7859	200	7.51754E+01
7636	243	7.52430E+01
7636	402	7.52609E+01
5103	522	7.52676E+01
11222	525	7.52710E+01
7636	532	7.52815E+01
7859	163	7.52869E+01
7769	277	7.52932E+01
11141	525	7.53455E+01
7859	611	7.53850E+01
11304	362	7.53887E+01
7726	525	7.54041E+01
11304	322	7.54698E+01
7343	399	7.54776E+01
11222	362	7.54848E+01
11141	362	7.55036E+01
11823	485	7.55279E+01
11891	485	7.55305E+01
11222	322	7.55694E+01
11141	322	7.55890E+01
7636	525	7.56007E+01
11304	443	7.56325E+01
11823	448	7.56617E+01
7769	570	7.56850E+01
7769	406	7.56877E+01
7343	522	7.57448E+01
11222	443	7.57517E+01
11141	443	7.57881E+01
11891	448	7.58586E+01
5103	200	7.58673E+01
7859	439	7.58709E+01
11891	526	7.59398E+01
11823	530	7.59504E+01
11823	526	7.59567E+01
7726	402	7.59748E+01
7816	282	7.59778E+01
7769	521	7.61034E+01
7636	409	7.61299E+01
7366	442	7.61930E+01
11891	530	7.62210E+01
5206	522	7.62796E+01
11823	245	7.62797E+01
11891	245	7.63053E+01
5103	163	7.63471E+01
7366	483	7.63801E+01
11823	489	7.64119E+01
7366	401	7.64405E+01
7726	243	7.64432E+01
11823	363	7.64475E+01
11823	444	7.64678E+01
11891	363	7.64762E+01
11891	444	7.64790E+01
5206	569	7.64878E+01
7366	361	7.64961E+01
5103	405	7.65172E+01
11823	367	7.65354E+01
7859	480	7.65840E+01
7679	529	7.65954E+01
11304	566	7.66136E+01
7726	532	7.66253E+01
11660	319	7.66357E+01
11731	319	7.66424E+01
11891	489	7.66514E+01
7343	286	7.66585E+01
7816	402	7.66597E+01
11891	367	7.66656E+01
7366	402	7.67098E+01
11823	323	7.67365E+01
7769	162	7.67372E+01
11891	323	7.67675E+01
11731	564	7.68273E+01
11222	566	7.68461E+01
7726	409	7.68722E+01
7366	524	7.68730E+01
7859	604	7.68933E+01
5103	528	7.69141E+01
11660	564	7.69529E+01
11141	566	7.69613E+01
11823	327	7.71347E+01
7769	357	7.71875E+01
7366	321	7.71991E+01
11891	327	7.72322E+01
7366	443	7.72568E+01
7859	398	7.72874E+01
7343	529	7.73086E+01
7816	409	7.73449E+01
11891	567	7.74900E+01
7816	532	7.74940E+01
11660	285	7.74961E+01
11141	612	7.75185E+01
11823	567	7.75402E+01
5103	238	7.75418E+01
11731	285	7.75570E+01
7859	238	7.75831E+01
7366	484	7.76028E+01
11660	405	7.76094E+01
5206	405	7.76132E+01
7343	201	7.76242E+01
7816	243	7.76381E+01
7636	491	7.76447E+01
7366	360	7.76676E+01
7343	447	7.76758E+01
7366	525	7.77082E+01
5103	605	7.77094E+01
7679	447	7.77352E+01
11731	405	7.77459E+01
11660	202	7.77509E+01
11731	202	7.77789E+01
7366	565	7.77846E+01
7366	566	7.77959E+01
7769	199	7.78182E+01
7366	320	7.78712E+01
5206	200	7.78961E+01
7343	318	7.79028E+01
11222	612	7.79569E+01
7366	281	7.81447E+01
5206	605	7.81563E+01
7366	607	7.81924E+01
11731	359	7.81948E+01
11660	359	7.82053E+01
7679	286	7.82239E+01
7859	317	7.82264E+01
7636	450	7.82323E+01
7679	488	7.82523E+01
7366	362	7.82552E+01
7366	441	7.82625E+01
11660	240	7.82759E+01
11731	240	7.83003E+01
5206	163	7.83512E+01
5103	317	7.83642E+01
11304	612	7.83691E+01
7366	482	7.83877E+01
7859	406	7.84044E+01
5103	487	7.84652E+01
11304	402	7.84780E+01
7343	488	7.85239E+01
5206	528	7.85635E+01
11222	402	7.85671E+01
5103	446	7.85720E+01
7769	529	7.85720E+01
11141	402	7.85949E+01
7679	237	7.87274E+01
11660	279	7.87579E+01
11731	279	7.87743E+01
5103	439	7.87862E+01
7726	491	7.88544E+01
7816	566	7.88759E+01
11304	407	7.88920E+01
5103	398	7.89265E+01
11141	407	7.89345E+01
7859	570	7.89896E+01
11222	407	7.90332E+01
7769	286	7.90529E+01
7366	400	7.90993E+01
7859	521	7.91264E+01
7343	239	7.91392E+01
7726	450	7.92231E+01
5103	277	7.92305E+01
11304	607	7.92389E+01
7366	523	7.92902E+01
11304	282	7.92925E+01
7366	282	7.93067E+01
7366	322	7.93114E+01
7769	447	7.93173E+01
7366	606	7.93320E+01
7343	563	7.93605E+01
11222	282	7.93679E+01
11141	282	7.93859E+01
11823	403	7.93920E+01
11891	403	7.94044E+01
7366	280	7.94228E+01
7679	562	7.94783E+01
11222	607	7.95479E+01
7859	277	7.96264E+01
5206	238	7.96276E+01
11823	613	7.96343E+01
7366	242	7.96378E+01
7816	491	7.96759E+01
11141	607	7.97233E+01
7726	566	7.97685E+01
5206	446	7.98677E+01
7816	450	7.98942E+01
7343	366	7.99625E+01
5206	487	7.99643E+01
11891	613	8.00301E+01
7769	488	8.00543E+01
11731	605	8.01063E+01
7343	358	8.01267E+01
5103	563	8.01584E+01
11891	608	8.01719E+01
7679	161	8.01833E+01
7366	403	8.02077E+01
5103	611	8.02147E+01
7343	278	8.02274E+01
11141	571	8.02652E+01
11823	608	8.02709E+01
11660	605	8.02854E+01
7636	321	8.03017E+01
5206	439	8.03238E+01
7366	608	8.03565E+01
5206	317	8.03603E+01
7636	566	8.03921E+01
11660	610	8.04812E+01
7366	241	8.05534E+01
5206	398	8.06609E+01
7769	562	8.06621E+01
11222	571	8.06760E+01
5103	480	8.07500E+01
11304	243	8.07527E+01
11731	610	8.07528E+01
5103	162	8.07994E+01
11222	243	8.08294E+01
11141	243	8.08520E+01
7366	243	8.09082E+01
5206	563	8.09219E+01
11823	283	8.09720E+01
7366	319	8.09726E+01
7366	564	8.09941E+01
11891	283	8.09979E+01
11304	571	8.10255E+01
7859	286	8.10887E+01
7366	567	8.11781E+01
7859	162	8.11842E+01
7679	366	8.12625E+01
7343	326	8.12855E+01
11660	365	8.12904E+01
7859	357	8.13162E+01
5206	277	8.13232E+01
11731	365	8.14121E+01
7366	359	8.14142E+01
7726	321	8.14285E+01
7679	612	8.14329E+01
5103	199	8.14453E+01
11660	446	8.14458E+01
11731	440	8.14558E+01
7679	316	8.15142E+01
11660	440	8.15170E+01
5103	357	8.15176E+01
7769	237	8.15262E+01
11823	408	8.15332E+01
11731	481	8.15548E+01
11660	325	8.15838E+01
11731	446	8.16288E+01
11660	481	8.16442E+01
11731	325	8.16767E+01
7366	444	8.16946E+01
7679	438	8.16993E+01
11891	408	8.17243E+01
7366	204	8.17821E+01
7636	361	8.17922E+01
7859	529	8.18396E+01
7366	526	8.19572E+01
7679	276	8.19734E+01
11141	448	8.20454E+01
5206	480	8.20839E+01
7366	203	8.20856E+01
11304	448	8.22198E+01
11222	448	8.22344E+01
7859	447	8.22425E+01
7366	485	8.22480E+01
7343	612	8.23024E+01
7859	199	8.23062E+01
11141	530	8.23066E+01
5103	285	8.23211E+01
5206	611	8.23216E+01
11660	569	8.23764E+01
7679	397	8.24094E+01
7769	366	8.24127E+01
11823	572	8.24689E+01
7679	198	8.25421E+01
7816	321	8.25761E+01
11731	569	8.26500E+01
11222	530	8.26618E+01
7726	361	8.27723E+01
7366	279	8.27884E+01
11304	367	8.28272E+01
11891	572	8.28555E+01
7613	407	8.28679E+01
5103	365	8.28692E+01
11304	530	8.29105E+01
5206	285	8.29300E+01
5206	162	8.29585E+01
11823	244	8.29593E+01
11891	244	8.29822E+01
11141	367	8.30301E+01
7769	161	8.30616E+01
11222	367	8.30725E+01
11141	489	8.30747E+01
7613	366	8.31222E+01
7366	440	8.31261E+01
11304	327	8.31670E+01
11731	522	8.31792E+01
7859	488	8.31814E+01
7366	363	8.32361E+01
7366	283	8.32443E+01
7679	326	8.32566E+01
7613	447	8.32659E+01
11731	399	8.32759E+01
7703	407	8.32870E+01
11660	522	8.33057E+01
7613	448	8.33106E+01
11660	399	8.33157E+01
7366	481	8.33161E+01
7366	240	8.33277E+01
7859	562	8.33336E+01
7679	479	8.33342E+01
11660	487	8.33447E+01
11222	489	8.33530E+01
7793	447	8.33540E+01
7793	407	8.33724E+01
5206	357	8.34586E+01
11304	489	8.34750E+01
7703	447	8.34965E+01
11660	528	8.35042E+01
11222	327	8.35130E+01
11141	327	8.35371E+01
7703	366	8.35425E+01
11731	487	8.35698E+01
7793	488	8.35728E+01
7366	605	8.36184E+01
7613	406	8.36350E+01
5206	199	8.36419E+01
7793	366	8.36721E+01
7703	448	8.37214E+01
7793	448	8.37381E+01
11731	528	8.37611E+01
7816	361	8.37630E+01
5206	365	8.37705E+01
7769	438	8.38139E+01
7613	489	8.38195E+01
7613	488	8.38391E+01
7613	326	8.38917E+01
7769	612	8.39106E+01
7703	488	8.39304E+01
5103	570	8.39365E+01
11304	321	8.39467E+01
7793	406	8.39477E+01
7703	406	8.39493E+01
11222	321	8.39804E+01
11141	321	8.39897E+01
7366	202	8.40366E+01
7793	489	8.40388E+01
11660	201	8.40476E+01
11731	201	8.40769E+01
11304	483	8.40811E+01
7703	489	8.41664E+01
7613	367	8.41834E+01
7769	316	8.41886E+01
7769	326	8.41930E+01
11222	483	8.42252E+01
7793	530	8.42933E+01
11141	483	8.43084E+01
7366	399	8.43137E+01
7703	326	8.43436E+01
11304	361	8.43442E+01
7793	529	8.43817E+01
11222	361	8.43860E+01
11141	361	8.44027E+01
5103	237	8.44404E+01
7613	530	8.44952E+01
7366	323	8.45171E+01
7793	326	8.45184E+01
7343	604	8.45272E+01
11823	449	8.46230E+01
11823	531	8.46283E+01
5103	521	8.46324E+01
7816	607	8.46456E+01
7703	367	8.46560E+01
7366	522	8.46682E+01
7703	530	8.46815E+01
7366	244	8.46953E+01
11304	524	8.47036E+01
7769	397	8.47607E+01
7769	276	8.47657E+01
7793	571	8.48173E+01
7343	163	8.48180E+01
7793	367	8.48196E+01
11891	484	8.48334E+01
7343	439	8.48473E+01
7859	366	8.48593E+01
11823	484	8.48748E+01
11891	449	8.48769E+01
11222	524	8.49034E+01
11891	531	8.49855E+01
11141	524	8.50247E+01
7343	200	8.50446E+01
7703	529	8.50661E+01
7636	281	8.51240E+01
7769	479	8.52029E+01
7613	529	8.52069E+01
11731	318	8.52760E+01
11660	318	8.52772E+01
11304	442	8.52981E+01
7343	480	8.53273E+01
7613	327	8.53441E+01
11222	442	8.53943E+01
11891	525	8.54385E+01
11141	442	8.54500E+01
7769	198	8.54594E+01
11823	322	8.54664E+01
5103	325	8.54671E+01
11891	322	8.54852E+01
11823	525	8.55089E+01
11823	490	8.55335E+01
11823	362	8.55726E+01
11891	362	8.55828E+01
7703	571	8.56125E+01
7613	571	8.57152E+01
5206	521	8.57407E+01
7613	408	8.57775E+01
7703	327	8.57945E+01
11660	239	8.58010E+01
11731	239	8.58246E+01
7366	609	8.58311E+01
7613	286	8.58340E+01
11891	490	8.58447E+01
7636	242	8.58508E+01
7679	356	8.58595E+01
7613	365	8.58703E+01
7793	570	8.59193E+01
5103	161	8.59352E+01
11823	368	8.59442E+01
7793	327	8.59485E+01
7636	442	8.59770E+01
7679	603	8.59857E+01
7793	612	8.60079E+01
5206	570	8.60479E+01
7859	237	8.60978E+01
11891	368	8.61058E+01
7366	318	8.61281E+01
11731	563	8.61428E+01
7726	607	8.61519E+01
11891	443	8.61549E+01
5206	325	8.61723E+01
11823	443	8.61779E+01
7636	204	8.62378E+01
7703	365	8.62572E+01
7613	325	8.62587E+01
7703	286	8.63139E+01
11660	563	8.63165E+01
7703	408	8.63252E+01
7636	483	8.63296E+01
7793	365	8.63694E+01
7859	326	8.63742E+01
7726	281	8.64226E+01
7726	442	8.64867E+01
7726	483	8.65049E+01
7793	408	8.65184E+01
7679	571	8.65223E+01
7793	286	8.65272E+01
7816	483	8.65747E+01
7793	613	8.66698E+01
5206	237	8.66991E+01
7793	446	8.67148E+01
7703	325	8.67254E+01
7793	487	8.67375E+01
5103	604	8.67390E+01
7343	398	8.67588E+01
7769	603	8.68417E+01
7613	449	8.68484E+01
11304	565	8.68768E+01
7793	572	8.68811E+01
7679	160	8.68997E+01
7613	446	8.69086E+01
7793	325	8.69334E+01
7816	442	8.69460E+01
7613	572	8.69516E+01
11141	613	8.69644E+01
7613	531	8.69695E+01
7343	571	8.69873E+01
7703	446	8.69901E+01
7679	520	8.70358E+01
7703	570	8.70700E+01
10649	320	8.70791E+01
5103	316	8.70952E+01
7613	490	8.71228E+01
7366	563	8.71359E+01
7366	404	8.71372E+01
11222	565	8.71479E+01
5206	604	8.72062E+01
7726	242	8.72242E+01
11660	278	8.72488E+01
11731	278	8.72615E+01
7703	572	8.72843E+01
7636	607	8.72896E+01
7703	487	8.72938E+01
5103	276	8.72942E+01
11141	565	8.73220E+01
7366	358	8.73456E+01
10649	360	8.73524E+01
7366	201	8.73647E+01
7703	612	8.73767E+01
7613	487	8.74210E+01
10733	320	8.74444E+01
7793	531	8.74613E+01
7703	449	8.74682E+01
10649	281	8.74881E+01
7859	612	8.74910E+01
7703	531	8.75211E+01
10649	401	8.75261E+01
7613	570	8.75645E+01
11222	613	8.75693E+01
7703	613	8.75916E+01
10649	280	8.75925E+01
7859	438	8.75995E+01
10649	361	8.76272E+01
7679	236	8.76336E+01
7613	613	8.76368E+01
7726	204	8.76372E+01
7366	239	8.76497E+01
5103	529	8.76550E+01
11891	566	8.76568E+01
7793	449	8.76684E+01
11731	358	8.76916E+01
10733	360	8.77034E+01
11660	358	8.77143E+01
7859	161	8.77315E+01
10649	321	8.77442E+01
7703	490	8.77587E+01
7816	281	8.77634E+01
11823	566	8.77690E+01
7343	407	8.78038E+01
5103	198	8.78060E+01
10733	401	8.78391E+01
10733	281	8.78459E+01
7343	521	8.78503E+01
7793	490	8.78891E+01
7366	278	8.78934E+01
7343	238	8.78976E+01
7613	612	8.79187E+01
7366	568	8.79365E+01
10733	361	8.79370E+01
10733	280	8.79933E+01
7793	528	8.80014E+01
10733	321	8.80664E+01
10649	241	8.81881E+01
7613	405	8.81955E+01
9879	525	8.82010E+01
11304	613	8.82015E+01
9879	566	8.82163E+01
5206	161	8.82425E+01
9879	484	8.82745E+01
11660	286	8.83259E+01
7343	317	8.83395E+01
10649	442	8.83459E+01
10649	242	8.83599E+01
7793	405	8.83635E+01
9879	443	8.83665E+01
11708	320	8.83710E+01
11731	286	8.83983E+01
11304	281	8.84028E+01
11222	281	8.84033E+01
11141	281	8.84037E+01
11638	320	8.84219E+01
7703	405	8.84304E+01
11708	401	8.84515E+01
7769	356	8.84519E+01
7793	611	8.84557E+01
11638	401	8.84691E+01
11708	360	8.85033E+01
9879	607	8.85307E+01
11638	360	8.85444E+01
10733	241	8.86096E+01
11708	361	8.86224E+01
7859	316	8.86314E+01
10733	442	8.86382E+01
7769	520	8.86383E+01
7816	242	8.86416E+01
11638	361	8.86452E+01
11708	281	8.86642E+01
10649	400	8.86867E+01
7859	479	8.86956E+01
9879	402	8.87052E+01
10649	441	8.87152E+01
11638	281	8.87245E+01
5103	406	8.87383E+01
10733	242	8.87404E+01
11708	321	8.87745E+01
11638	321	8.88140E+01
7859	397	8.88271E+01
5103	397	8.88438E+01
11660	406	8.88689E+01
7816	524	8.89045E+01
7703	528	8.89459E+01
7769	571	8.89530E+01
11304	401	8.89585E+01
7613	368	8.89628E+01
5103	438	8.89669E+01
10817	320	8.89709E+01
11222	401	8.90043E+01
10649	319	8.90141E+01
7636	401	8.90264E+01
11823	614	8.90265E+01
11141	401	8.90378E+01
10733	400	8.90386E+01
10733	441	8.90400E+01
11731	406	8.90491E+01
7816	204	8.90749E+01
11708	280	8.90862E+01
11638	442	8.90867E+01
11708	442	8.90925E+01
7859	603	8.91068E+01
9879	608	8.91425E+01
11638	280	8.91517E+01
9879	362	8.92029E+01
10649	483	8.92227E+01
10817	281	8.92505E+01
9879	483	8.92508E+01
5206	316	8.92676E+01
10817	360	8.92882E+01
7726	524	8.92894E+01
7859	276	8.93458E+01
10649	482	8.93573E+01
7613	528	8.93706E+01
11222	242	8.93784E+01
11141	242	8.93792E+01
11304	242	8.93799E+01
9879	524	8.93971E+01
11708	441	8.93998E+01
10733	319	8.94228E+01
11638	441	8.94291E+01
7679	407	8.94392E+01
10817	401	8.94570E+01
10649	402	8.94729E+01
10817	280	8.94755E+01
10649	203	8.94820E+01
11708	242	8.94901E+01
10817	361	8.94967E+01
7636	524	8.95002E+01
7703	368	8.95059E+01
10733	483	8.95078E+01
10817	321	8.95401E+01
11891	614	8.95431E+01
5206	276	8.95619E+01
11638	242	8.95666E+01
5206	529	8.96280E+01
11708	400	8.96280E+01
7366	445	8.96281E+01
7366	527	8.96424E+01
9879	442	8.96577E+01
7613	285	8.96637E+01
10733	482	8.96668E+01
11638	400	8.96704E+01
11708	241	8.97169E+01
7793	368	8.97195E+01
9879	403	8.97205E+01
10733	402	8.97510E+01
11638	483	8.97562E+01
11708	482	8.97563E+01
11638	482	8.97773E+01
11708	483	8.97811E+01
11638	241	8.97942E+01
11304	204	8.98173E+01
11222	204	8.98206E+01
11141	204	8.98257E+01
7726	401	8.98403E+01
10649	359	8.98403E+01
5206	406	8.98620E+01
9879	567	8.98752E+01
5103	612	8.98874E+01
10733	203	8.99226E+01
7769	160	8.99294E+01
10649	279	8.99549E+01
10649	282	8.99699E+01
9879	322	8.99752E+01
11141	408	8.99946E+01
10649	524	9.00069E+01
10817	241	9.00138E+01
11304	408	9.00222E+01
9879	361	9.00312E+01
10649	240	9.00358E+01
10817	242	9.00505E+01
9879	565	9.00733E+01
7613	614	9.00741E+01
11891	402	9.00901E+01
11823	402	9.01023E+01
7343	277	9.01204E+01
7793	614	9.01292E+01
11222	408	9.01381E+01
5206	198	9.01626E+01
7859	198	9.01852E+01
7703	285	9.02016E+01
10649	204	9.02042E+01
7703	611	9.02303E+01
10733	359	9.02343E+01
7366	284	9.02567E+01
11638	524	9.02777E+01
10733	282	9.02842E+01
10733	524	9.02931E+01
10817	442	9.02942E+01
11638	402	9.02979E+01
11708	402	9.03091E+01
11708	524	9.03134E+01
5103	562	9.03490E+01
11731	604	9.03734E+01
7366	486	9.03763E+01
7366	439	9.03784E+01
5103	488	9.03949E+01
10733	279	9.03979E+01
10649	523	9.04067E+01
11708	523	9.04490E+01
11708	319	9.04663E+01
11638	523	9.04697E+01
7793	569	9.04791E+01
9879	444	9.04901E+01
11304	606	9.04902E+01
7793	285	9.04947E+01
10733	240	9.04969E+01
11638	319	9.05269E+01
9879	321	9.05295E+01
9879	526	9.05351E+01
10649	202	9.05569E+01
7703	614	9.05684E+01
11823	282	9.06017E+01
11660	604	9.06052E+01
7769	236	9.06071E+01
10733	204	9.06077E+01
11891	282	9.06214E+01
7679	197	9.06304E+01
7816	401	9.06507E+01
10817	400	9.06547E+01
10817	441	9.06568E+01
5206	438	9.06596E+01
10733	523	9.07085E+01
11638	565	9.07181E+01
7343	530	9.07332E+01
11708	282	9.07355E+01
5206	397	9.07445E+01
7366	604	9.07515E+01
11708	565	9.07531E+01
7366	480	9.07682E+01
11638	282	9.07896E+01
9879	485	9.08026E+01
10649	565	9.08036E+01
7769	407	9.08189E+01
11708	203	9.08294E+01
7679	530	9.08450E+01
11222	606	9.08535E+01
11660	611	9.08561E+01
10649	243	9.08601E+01
9879	282	9.08619E+01
9879	401	9.09110E+01
11638	203	9.09190E+01
11141	572	9.09358E+01
7613	573	9.09793E+01
10649	362	9.09807E+01
10817	319	9.10078E+01
10733	202	9.10331E+01
11708	359	9.10470E+01
11708	204	9.10833E+01
5103	447	9.10853E+01
10733	565	9.10946E+01
11141	606	9.10974E+01
11638	359	9.11038E+01
11638	204	9.11750E+01
10817	483	9.11820E+01
10733	243	9.11985E+01
5206	562	9.11997E+01
7613	611	9.12191E+01
10817	203	9.12360E+01
11731	611	9.12505E+01
10733	362	9.12520E+01
10817	482	9.12647E+01
11638	606	9.12748E+01
10649	443	9.12892E+01
11708	606	9.12957E+01
7366	245	9.13163E+01
10649	322	9.13322E+01
5103	356	9.13394E+01
11891	607	9.13811E+01
10817	402	9.13818E+01
5103	479	9.13899E+01
9879	606	9.13915E+01
11660	163	9.14346E+01
11708	564	9.14637E+01
11731	163	9.14693E+01
11222	572	9.14900E+01
11708	243	9.14923E+01
11638	564	9.14946E+01
11660	200	9.15129E+01
11731	200	9.15437E+01
11823	607	9.15495E+01
10733	443	9.15562E+01
11638	243	9.15676E+01
9879	363	9.15734E+01
7343	357	9.15803E+01
10733	322	9.16124E+01
10817	282	9.16150E+01
5103	160	9.16387E+01
7366	364	9.16432E+01
11708	279	9.16521E+01
7366	398	9.16750E+01
11638	279	9.17218E+01
7343	162	9.17282E+01
11708	362	9.17553E+01
11638	362	9.17569E+01
7703	573	9.17851E+01
7793	573	9.18054E+01
7859	520	9.18086E+01
10817	204	9.18182E+01
7366	200	9.18285E+01
10649	606	9.18352E+01
11708	240	9.18475E+01
10817	359	9.18524E+01
10649	564	9.18835E+01
11638	240	9.19252E+01
7703	569	9.19439E+01
10817	524	9.19468E+01
10817	279	9.19612E+01
7343	448	9.19739E+01
10817	240	9.19971E+01
11638	443	9.20002E+01
11304	572	9.20226E+01
11708	322	9.20281E+01
9879	283	9.20346E+01
11708	443	9.20466E+01
11638	322	9.20544E+01
10649	440	9.21089E+01
5206	488	9.21220E+01
10733	606	9.21310E+01
7679	275	9.21645E+01
7613	409	9.21690E+01
5103	236	9.21757E+01
10733	564	9.21821E+01
7343	562	9.22033E+01
11823	243	9.22443E+01
10817	523	9.22506E+01
9879	243	9.22559E+01
11708	202	9.22607E+01
7366	163	9.22649E+01
11891	243	9.22651E+01
11731	439	9.23383E+01
7613	532	9.23430E+01
11638	202	9.23480E+01
7613	324	9.23668E+01
9879	281	9.23708E+01
10817	243	9.24166E+01
7613	364	9.24196E+01
11660	439	9.24213E+01
10817	202	9.24501E+01
9879	323	9.24609E+01
10733	440	9.24718E+01
10649	484	9.25078E+01
5206	447	9.25085E+01
5206	612	9.25445E+01
7859	571	9.25592E+01
7679	315	9.25661E+01
11731	480	9.25835E+01
7366	521	9.26126E+01
7679	561	9.26145E+01
10649	399	9.26269E+01
11708	440	9.26362E+01
10649	481	9.26584E+01
10817	565	9.26755E+01
7343	489	9.26937E+01
11638	440	9.26955E+01
11660	480	9.27008E+01
10733	484	9.27786E+01
7613	569	9.27801E+01
7703	364	9.27920E+01
10817	362	9.27949E+01
7859	356	9.28086E+01
11708	481	9.28150E+01
7703	324	9.28613E+01
5206	479	9.28671E+01
7703	409	9.28677E+01
11638	481	9.28751E+01
7793	364	9.29038E+01
11708	605	9.29079E+01
11823	409	9.29389E+01
11638	605	9.29612E+01
7366	317	9.29689E+01
11638	607	9.29764E+01
10733	481	9.30005E+01
10733	399	9.30209E+01
10817	322	9.30394E+01
7366	324	9.30580E+01
10649	525	9.30695E+01
11708	607	9.30837E+01
11823	573	9.30963E+01
7769	530	9.31044E+01
11638	484	9.31120E+01
7793	324	9.31144E+01
10649	201	9.31666E+01
11891	409	9.31755E+01
10649	607	9.31778E+01
10649	566	9.31850E+01
7793	409	9.31878E+01
11708	484	9.31897E+01
10649	318	9.32034E+01
7366	238	9.32349E+01
9879	244	9.32606E+01
10817	443	9.32648E+01
9879	609	9.32756E+01
7343	199	9.32760E+01
7703	532	9.32935E+01
7679	448	9.33234E+01
10733	525	9.33528E+01
11638	566	9.33681E+01
5206	356	9.34536E+01
7679	489	9.34599E+01
11708	399	9.34717E+01
7613	491	9.34754E+01
11708	566	9.34794E+01
10733	566	9.34840E+01
9879	482	9.34881E+01
10733	607	9.34912E+01
7859	407	9.34981E+01
11638	525	9.35123E+01
11638	399	9.35353E+01
10817	606	9.35782E+01
11891	573	9.35891E+01
7793	532	9.35900E+01
10649	239	9.36066E+01
7816	565	9.36071E+01
11708	525	9.36129E+01
10817	564	9.36192E+01
7613	450	9.36315E+01
9879	242	9.36515E+01
10733	318	9.36550E+01
10733	201	9.36766E+01
7769	197	9.37103E+01
7793	486	9.37120E+01
9879	360	9.37282E+01
11708	522	9.37396E+01
9879	320	9.37822E+01
11638	522	9.38080E+01
11660	447	9.38277E+01
11660	570	9.38842E+01
11141	531	9.39025E+01
9879	523	9.39095E+01
10649	605	9.39190E+01
7769	561	9.39231E+01
7793	445	9.39366E+01
11660	366	9.39402E+01
7636	320	9.39957E+01
10649	522	9.40373E+01
11141	449	9.40567E+01
10817	440	9.40632E+01
11731	447	9.40698E+01
7679	159	9.40737E+01
9879	441	9.40737E+01
5206	160	9.40875E+01
11731	366	9.40940E+01
10733	239	9.41054E+01
9879	404	9.42024E+01
10733	605	9.42158E+01
10649	278	9.42478E+01
11660	326	9.42524E+01
11731	570	9.42655E+01
11731	398	9.43115E+01
7793	610	9.43141E+01
11222	449	9.43149E+01
7703	445	9.43163E+01
7613	445	9.43506E+01
11304	449	9.43647E+01
10733	522	9.43661E+01
11731	326	9.43664E+01
11660	398	9.43668E+01
11222	531	9.43768E+01
7366	277	9.44115E+01
7703	491	9.44298E+01
7703	486	9.44331E+01
7703	450	9.44862E+01
7366	610	9.44901E+01
7726	565	9.45301E+01
10817	481	9.45390E+01
10817	484	9.45454E+01
5206	236	9.45993E+01
7679	437	9.46048E+01
11660	238	9.46393E+01
10817	399	9.46459E+01
11731	521	9.46525E+01
11731	238	9.46625E+01
11708	318	9.46883E+01
10733	278	9.47314E+01
10649	358	9.47368E+01
7613	486	9.47384E+01
11638	318	9.47570E+01
11304	531	9.47700E+01
10649	403	9.47798E+01
5103	197	9.48000E+01
11660	521	9.48125E+01
7859	160	9.48154E+01
7793	491	9.48433E+01
7793	450	9.48922E+01
7679	396	9.49224E+01
11141	320	9.49889E+01
11222	320	9.49925E+01
7769	448	9.50075E+01
11304	320	9.50280E+01
10733	403	9.50285E+01
7679	613	9.50499E+01
7366	357	9.50683E+01
9879	568	9.50966E+01
9879	204	9.50981E+01
11708	201	9.51073E+01
7343	367	9.51095E+01
7769	275	9.51323E+01
10817	607	9.51364E+01
10817	525	9.51374E+01
10733	358	9.51743E+01
11141	490	9.51771E+01
11638	201	9.51922E+01
7636	565	9.51940E+01
10817	201	9.51980E+01
10817	566	9.52313E+01
9879	564	9.52424E+01
7726	320	9.52733E+01
10817	318	9.53041E+01
11708	563	9.53358E+01
10649	283	9.53458E+01
11304	368	9.53600E+01
7793	527	9.53708E+01
7769	315	9.54170E+01
7859	236	9.54206E+01
11638	563	9.54223E+01
11638	403	9.54507E+01
7769	489	9.54559E+01
10817	605	9.54913E+01
11708	403	9.54949E+01
11141	368	9.55372E+01
11222	490	9.55495E+01
5103	571	9.55679E+01
11708	239	9.55727E+01
11222	368	9.56067E+01
10733	283	9.56169E+01
11708	283	9.56321E+01
7343	613	9.56448E+01
11638	239	9.56504E+01
5103	286	9.56572E+01
11638	283	9.56790E+01
11731	317	9.56907E+01
11660	317	9.56981E+01
10817	239	9.57032E+01
11304	490	9.57760E+01
7366	562	9.58090E+01
11660	529	9.58114E+01
10817	522	9.58167E+01
11708	358	9.58669E+01
5103	520	9.58960E+01
11638	358	9.59369E+01
9879	400	9.59914E+01
10649	244	9.59964E+01
11660	488	9.59993E+01
11708	278	9.60159E+01
11708	244	9.60516E+01
11638	278	9.60889E+01
11222	360	9.60898E+01
11141	360	9.61004E+01
5206	286	9.61012E+01
11304	360	9.61081E+01
11638	244	9.61250E+01
11731	529	9.61600E+01
9879	445	9.61937E+01
10649	563	9.61988E+01
9879	280	9.61997E+01
9879	284	9.62162E+01
11823	532	9.62194E+01
5103	275	9.62644E+01
10733	244	9.62921E+01
11731	488	9.62997E+01
10817	278	9.63792E+01
7703	610	9.64470E+01
9879	527	9.64634E+01
7636	360	9.64825E+01
10733	563	9.65190E+01
7703	527	9.65355E+01
7613	404	9.65673E+01
7859	530	9.65957E+01
7366	162	9.66046E+01
7816	320	9.66107E+01
7793	404	9.66393E+01
7343	327	9.66433E+01
11891	532	9.66677E+01
10817	403	9.66830E+01
7859	561	9.67307E+01
7679	478	9.67397E+01
7703	404	9.67488E+01
11304	482	9.67923E+01
11823	450	9.68206E+01
10817	358	9.68336E+01
10817	283	9.68781E+01
7769	437	9.68831E+01
5103	315	9.68885E+01
11222	482	9.69181E+01
9879	486	9.69384E+01
