GRAM	c2h2	chi_tot
6215	204	3.71194E+01
6120	204	3.73918E+01
6215	244	3.75741E+01
6215	245	3.76737E+01
6215	203	3.77234E+01
6215	243	3.77866E+01
6120	244	3.78687E+01
6120	245	3.79746E+01
6120	203	3.79884E+01
6120	243	3.80750E+01
6215	242	3.82974E+01
6215	202	3.85734E+01
6120	242	3.85796E+01
9497	286	3.86468E+01
9411	286	3.87133E+01
6215	284	3.87605E+01
6215	283	3.87640E+01
6120	202	3.88311E+01
9325	286	3.88509E+01
6120	283	3.90715E+01
6120	284	3.90719E+01
6215	241	3.90932E+01
6215	282	3.91044E+01
6215	285	3.91100E+01
9497	327	3.93051E+01
6120	241	3.93691E+01
6120	282	3.94076E+01
6120	285	3.94251E+01
9411	327	3.95314E+01
6215	201	3.96538E+01
6215	281	3.97672E+01
9325	327	3.97674E+01
6215	163	3.98157E+01
6215	286	3.98305E+01
6120	201	3.99044E+01
6164	286	3.99790E+01
6120	163	4.00505E+01
9411	245	4.00531E+01
6120	281	4.00658E+01
9325	245	4.00947E+01
6215	323	4.01174E+01
9497	245	4.01398E+01
6069	286	4.01482E+01
6215	324	4.01488E+01
6120	286	4.01489E+01
6215	240	4.01616E+01
9497	285	4.02763E+01
9411	285	4.03333E+01
9497	326	4.03929E+01
6120	240	4.04311E+01
6120	323	4.04439E+01
6215	322	4.04531E+01
9325	285	4.04710E+01
6120	324	4.04761E+01
6215	325	4.05642E+01
9411	326	4.06153E+01
6164	245	4.06859E+01
6215	280	4.07393E+01
6120	322	4.07780E+01
6069	245	4.08157E+01
9325	326	4.08571E+01
6120	325	4.08915E+01
6215	200	4.09495E+01
6120	280	4.10332E+01
6215	162	4.10377E+01
9497	368	4.10645E+01
6164	327	4.11137E+01
6215	321	4.11404E+01
6120	200	4.11932E+01
6164	285	4.12007E+01
6120	162	4.12657E+01
6069	327	4.13196E+01
6069	285	4.13679E+01
6215	326	4.13805E+01
6120	321	4.14630E+01
9411	368	4.14632E+01
6215	239	4.14906E+01
6215	364	4.16408E+01
6120	326	4.17070E+01
6215	363	4.17346E+01
6120	239	4.17537E+01
9497	367	4.17596E+01
9325	368	4.18025E+01
6164	326	4.18519E+01
9497	325	4.19186E+01
6215	365	4.19483E+01
6120	364	4.19880E+01
6215	279	4.20092E+01
6069	326	4.20598E+01
6120	363	4.20843E+01
9411	325	4.21352E+01
9411	367	4.21598E+01
6215	320	4.21648E+01
6215	362	4.22147E+01
6120	365	4.22915E+01
6120	279	4.22978E+01
9497	284	4.23093E+01
9411	244	4.23365E+01
9411	284	4.23554E+01
9325	244	4.23737E+01
9325	325	4.23813E+01
6215	161	4.24058E+01
9497	244	4.24381E+01
6215	199	4.24469E+01
6120	320	4.24844E+01
6164	244	4.24896E+01
9325	284	4.24920E+01
9325	367	4.25116E+01
6120	362	4.25656E+01
6215	327	4.26145E+01
6069	244	4.26152E+01
6120	161	4.26271E+01
6215	366	4.26712E+01
6120	199	4.26838E+01
6164	284	4.28004E+01
9497	366	4.29081E+01
6120	327	4.29392E+01
6069	284	4.29654E+01
6120	366	4.30089E+01
6164	325	4.30139E+01
6215	361	4.30662E+01
6215	238	4.30689E+01
6069	325	4.32231E+01
6164	368	4.32284E+01
9497	409	4.32830E+01
9411	366	4.33076E+01
6120	238	4.33256E+01
6215	404	4.33367E+01
6215	405	4.33880E+01
6120	361	4.34171E+01
6069	368	4.34691E+01
6215	319	4.35138E+01
6215	278	4.35663E+01
6164	367	4.36186E+01
9325	366	4.36699E+01
6215	403	4.36937E+01
6120	404	4.37119E+01
9497	408	4.37435E+01
6120	405	4.37555E+01
6215	367	4.38222E+01
6120	319	4.38296E+01
6120	278	4.38494E+01
6215	406	4.38577E+01
6069	367	4.38670E+01
9411	409	4.38712E+01
9497	324	4.38816E+01
6215	160	4.39138E+01
6120	403	4.40743E+01
9411	324	4.40904E+01
6120	160	4.41286E+01
6215	198	4.41354E+01
6120	367	4.41529E+01
6120	406	4.42154E+01
6215	360	4.42750E+01
9325	409	4.43222E+01
9411	408	4.43382E+01
9325	324	4.43392E+01
6120	198	4.43655E+01
6215	402	4.44467E+01
6164	366	4.44572E+01
9497	365	4.45168E+01
6164	324	4.45876E+01
6164	243	4.46164E+01
6120	360	4.46245E+01
6164	204	4.46469E+01
9497	407	4.46567E+01
6069	366	4.47115E+01
6069	204	4.47352E+01
6069	243	4.47376E+01
9497	283	4.47418E+01
6215	407	4.47545E+01
6164	283	4.47648E+01
9411	283	4.47751E+01
6069	324	4.47970E+01
9325	408	4.48090E+01
6120	402	4.48308E+01
6215	237	4.48860E+01
9325	283	4.49096E+01
9411	365	4.49133E+01
6069	283	4.49271E+01
9411	243	4.49781E+01
9325	243	4.50100E+01
9497	243	4.50958E+01
6120	407	4.51003E+01
6215	445	4.51039E+01
6120	237	4.51363E+01
6215	318	4.51759E+01
6215	446	4.51999E+01
9411	407	4.52554E+01
9325	204	4.52729E+01
9325	365	4.52840E+01
9411	204	4.53271E+01
6215	277	4.54006E+01
6215	368	4.54124E+01
6215	444	4.54246E+01
6120	318	4.54872E+01
6120	445	4.55075E+01
6215	159	4.55599E+01
9497	204	4.55690E+01
6215	401	4.55824E+01
6120	446	4.55905E+01
9497	450	4.56231E+01
6120	277	4.56779E+01
6215	447	4.57174E+01
6120	368	4.57345E+01
6164	365	4.57375E+01
9325	407	4.57434E+01
6120	159	4.57685E+01
6164	409	4.57787E+01
6215	359	4.58271E+01
6120	444	4.58384E+01
6120	401	4.59681E+01
6164	408	4.59756E+01
9497	449	4.59863E+01
6069	365	4.59963E+01
6215	197	4.60078E+01
9497	406	4.60363E+01
6069	409	4.60556E+01
6215	408	4.60852E+01
6120	447	4.60920E+01
6215	443	4.61544E+01
6120	359	4.61740E+01
6120	197	4.62313E+01
6069	408	4.62664E+01
9497	323	4.62793E+01
6215	122	4.64112E+01
6120	408	4.64168E+01
9411	450	4.64215E+01
9411	323	4.64782E+01
6164	323	4.65599E+01
6120	443	4.65755E+01
9497	364	4.65892E+01
6120	122	4.66065E+01
6164	407	4.66258E+01
9411	406	4.66363E+01
6215	448	4.66593E+01
9325	323	4.67281E+01
6069	323	4.67688E+01
9497	448	4.67942E+01
9411	449	4.67954E+01
6069	407	4.69283E+01
6215	236	4.69327E+01
6215	486	4.69688E+01
9411	364	4.69801E+01
9325	450	4.69966E+01
6120	448	4.70150E+01
6215	487	4.70202E+01
6164	242	4.70535E+01
6164	282	4.70813E+01
6215	400	4.70862E+01
6164	203	4.70982E+01
9325	406	4.71387E+01
6215	317	4.71399E+01
6069	242	4.71703E+01
6120	236	4.71763E+01
6069	203	4.71813E+01
6069	282	4.72405E+01
6215	442	4.72829E+01
6215	485	4.73331E+01
6215	158	4.73477E+01
9325	364	4.73569E+01
9325	449	4.73974E+01
6120	486	4.74066E+01
6120	487	4.74397E+01
6120	317	4.74461E+01
6164	364	4.74506E+01
6120	400	4.74715E+01
6215	488	4.74875E+01
6215	276	4.75023E+01
6120	158	4.75501E+01
9497	282	4.75686E+01
9411	282	4.75873E+01
9411	448	4.76113E+01
6120	442	4.77085E+01
6215	358	4.77091E+01
6069	364	4.77124E+01
9325	282	4.77185E+01
6164	406	4.77282E+01
6120	276	4.77732E+01
6120	485	4.77855E+01
6215	409	4.78563E+01
1095	203	4.78839E+01
6120	488	4.78849E+01
9497	405	4.78930E+01
9497	491	4.79537E+01
9411	242	4.79700E+01
6215	121	4.79736E+01
1095	204	4.79833E+01
9325	242	4.79958E+01
1095	202	4.80237E+01
6215	449	4.80280E+01
6069	406	4.80401E+01
6120	358	4.80522E+01
6215	196	4.80613E+01
9497	447	4.80645E+01
9497	242	4.81052E+01
985	203	4.81099E+01
6215	484	4.81100E+01
1205	203	4.81270E+01
1095	163	4.81599E+01
6120	121	4.81635E+01
6120	409	4.81713E+01
985	204	4.81999E+01
1205	204	4.82182E+01
9325	448	4.82371E+01
985	202	4.82586E+01
1205	202	4.82746E+01
6120	196	4.82782E+01
9325	203	4.83072E+01
9497	490	4.83252E+01
6120	449	4.83618E+01
9411	203	4.83691E+01
6215	489	4.83693E+01
1095	201	4.83883E+01
985	163	4.84040E+01
1205	163	4.84247E+01
6164	450	4.84894E+01
9411	405	4.84912E+01
6120	484	4.85734E+01
9497	203	4.86304E+01
6164	449	4.86305E+01
985	201	4.86319E+01
1205	201	4.86469E+01
1095	242	4.86660E+01
1095	162	4.87215E+01
6120	489	4.87410E+01
1095	241	4.87422E+01
6215	441	4.87964E+01
6069	450	4.88079E+01
1095	243	4.88614E+01
6215	528	4.88623E+01
9411	447	4.88862E+01
985	242	4.88915E+01
1205	242	4.89045E+01
6164	322	4.89176E+01
6215	527	4.89258E+01
6215	399	4.89427E+01
1095	200	4.89639E+01
6069	449	4.89696E+01
985	162	4.89719E+01
985	241	4.89793E+01
9411	491	4.89852E+01
1205	241	4.89885E+01
1205	162	4.89932E+01
9325	405	4.90051E+01
985	243	4.90751E+01
1095	240	4.90779E+01
1205	243	4.90921E+01
9497	322	4.91078E+01
6069	322	4.91250E+01
9497	363	4.91251E+01
9497	489	4.91321E+01
6215	235	4.92010E+01
6215	529	4.92049E+01
985	200	4.92160E+01
6164	448	4.92194E+01
6120	441	4.92238E+01
1205	200	4.92301E+01
6164	405	4.92799E+01
6215	157	4.92848E+01
6215	483	4.92922E+01
9411	322	4.92943E+01
6120	528	4.93191E+01
6120	399	4.93258E+01
985	240	4.93261E+01
1205	240	4.93318E+01
1095	244	4.93418E+01
9411	490	4.93708E+01
6215	316	4.93946E+01
6215	526	4.93987E+01
6120	527	4.94057E+01
1095	161	4.94310E+01
6120	235	4.94379E+01
6120	157	4.94812E+01
9411	363	4.95076E+01
9325	447	4.95323E+01
985	244	4.95432E+01
9325	322	4.95434E+01
1205	244	4.95644E+01
6069	448	4.95760E+01
6164	363	4.95853E+01
6069	405	4.95990E+01
6120	529	4.96344E+01
1095	239	4.96617E+01
6215	490	4.96654E+01
6215	120	4.96752E+01
1095	281	4.96843E+01
985	161	4.96874E+01
6120	316	4.96948E+01
9325	491	4.97005E+01
1205	161	4.97094E+01
1095	282	4.97283E+01
6164	281	4.97376E+01
1095	199	4.97379E+01
6120	483	4.97628E+01
6164	241	4.97872E+01
6164	202	4.97951E+01
9497	446	4.98136E+01
6215	450	4.98278E+01
6069	363	4.98485E+01
6120	120	4.98597E+01
6215	275	4.98608E+01
6069	202	4.98732E+01
9325	363	4.98881E+01
6069	281	4.98933E+01
6120	526	4.98971E+01
6069	241	4.98995E+01
6215	357	4.99073E+01
985	239	4.99205E+01
1205	239	4.99232E+01
985	281	4.99244E+01
1205	281	4.99246E+01
1095	280	4.99311E+01
6215	530	4.99498E+01
985	282	4.99540E+01
1205	282	4.99613E+01
985	199	4.99980E+01
6120	490	5.00079E+01
1205	199	5.00113E+01
1095	283	5.00772E+01
9325	490	5.01194E+01
1095	245	5.01222E+01
6120	275	5.01251E+01
6120	450	5.01367E+01
1205	280	5.01787E+01
985	280	5.01850E+01
9411	489	5.01884E+01
9497	404	5.02335E+01
6120	357	5.02455E+01
9497	532	5.02553E+01
6164	447	5.02579E+01
6215	525	5.02811E+01
1095	160	5.02812E+01
985	283	5.02879E+01
6215	195	5.02963E+01
1205	283	5.03029E+01
985	245	5.03111E+01
1205	245	5.03367E+01
6120	530	5.03474E+01
9497	488	5.03936E+01
1095	279	5.04564E+01
1095	238	5.04829E+01
6120	195	5.05067E+01
985	160	5.05435E+01
1205	160	5.05662E+01
6069	447	5.06291E+01
9411	446	5.06365E+01
6215	440	5.06783E+01
1095	198	5.06994E+01
1205	279	5.07113E+01
9497	531	5.07114E+01
985	279	5.07236E+01
1095	284	5.07471E+01
1205	238	5.07518E+01
985	238	5.07519E+01
6215	569	5.07742E+01
9497	281	5.07839E+01
9411	281	5.07860E+01
6120	525	5.07934E+01
9411	404	5.08265E+01
6215	482	5.08674E+01
1095	321	5.08881E+01
1095	322	5.08945E+01
9325	281	5.09126E+01
6215	570	5.09403E+01
985	284	5.09424E+01
1205	284	5.09655E+01
9325	489	5.09667E+01
985	198	5.09671E+01
1205	198	5.09799E+01
6215	568	5.10033E+01
6215	531	5.10952E+01
6120	440	5.11050E+01
1205	322	5.11262E+01
1205	321	5.11264E+01
985	322	5.11327E+01
6215	398	5.11352E+01
985	321	5.11436E+01
1095	320	5.11959E+01
1095	323	5.12309E+01
1095	278	5.12494E+01
1095	159	5.12689E+01
6164	404	5.12749E+01
6164	491	5.12773E+01
6120	569	5.12790E+01
9325	446	5.12994E+01
9411	241	5.13013E+01
9325	241	5.13202E+01
6120	482	5.13418E+01
9325	404	5.13488E+01
6215	491	5.13799E+01
6215	156	5.13818E+01
6120	570	5.14132E+01
1205	320	5.14409E+01
985	323	5.14511E+01
9497	241	5.14556E+01
1205	323	5.14562E+01
6120	531	5.14568E+01
9411	488	5.14569E+01
985	320	5.14678E+01
6164	490	5.14682E+01
6215	571	5.14959E+01
1205	278	5.15116E+01
6120	398	5.15144E+01
985	278	5.15292E+01
6215	119	5.15297E+01
1095	237	5.15313E+01
6120	568	5.15348E+01
985	159	5.15367E+01
9411	532	5.15441E+01
1205	159	5.15602E+01
1095	122	5.15645E+01
6215	524	5.15677E+01
6120	156	5.15722E+01
9497	530	5.15949E+01
6069	404	5.15990E+01
9325	202	5.16207E+01
6215	567	5.16326E+01
6069	491	5.16473E+01
6164	321	5.16477E+01
6215	234	5.16845E+01
6120	491	5.16894E+01
9411	202	5.16908E+01
6120	119	5.17088E+01
6164	446	5.17480E+01
1095	285	5.17561E+01
1095	319	5.18038E+01
1205	237	5.18076E+01
985	237	5.18100E+01
985	122	5.18318E+01
1095	197	5.18405E+01
6069	321	5.18528E+01
1205	122	5.18626E+01
6069	490	5.18648E+01
6120	234	5.19144E+01
1095	324	5.19150E+01
6215	315	5.19271E+01
6120	571	5.19320E+01
985	285	5.19356E+01
1205	285	5.19672E+01
9497	202	5.19724E+01
9411	531	5.20162E+01
1205	319	5.20556E+01
9497	445	5.20557E+01
6120	524	5.20895E+01
985	319	5.20913E+01
6164	489	5.20971E+01
985	197	5.21155E+01
985	324	5.21165E+01
9497	362	5.21225E+01
1205	197	5.21280E+01
6164	362	5.21293E+01
9497	487	5.21307E+01
6069	446	5.21308E+01
1205	324	5.21341E+01
6120	567	5.21855E+01
1095	362	5.21967E+01
6120	315	5.22206E+01
9325	488	5.22609E+01
1095	277	5.23005E+01
9497	321	5.23622E+01
1095	361	5.23640E+01
1095	363	5.23742E+01
6069	362	5.23925E+01
1095	158	5.23949E+01
6215	356	5.24071E+01
9325	532	5.24183E+01
1205	362	5.24288E+01
6215	572	5.24388E+01
985	362	5.24618E+01
6215	274	5.24648E+01
9411	362	5.24934E+01
6069	489	5.25167E+01
9411	321	5.25337E+01
1095	121	5.25515E+01
9497	573	5.25567E+01
1205	277	5.25700E+01
985	277	5.25921E+01
1205	363	5.26009E+01
1205	361	5.26019E+01
985	363	5.26185E+01
6215	532	5.26460E+01
985	361	5.26487E+01
6215	566	5.26637E+01
985	158	5.26681E+01
1205	158	5.26923E+01
1095	318	5.26995E+01
6215	194	5.27157E+01
6164	201	5.27187E+01
6164	280	5.27217E+01
6120	274	5.27221E+01
6120	356	5.27392E+01
6215	611	5.27693E+01
9325	321	5.27803E+01
6069	201	5.27918E+01
1095	236	5.27979E+01
6164	240	5.28035E+01
6215	610	5.28131E+01
6215	481	5.28188E+01
985	121	5.28227E+01
6120	572	5.28332E+01
1205	121	5.28548E+01
1095	360	5.28601E+01
6069	280	5.28736E+01
9325	362	5.28752E+01
9411	445	5.28758E+01
6215	439	5.29096E+01
6069	240	5.29111E+01
9411	530	5.29118E+01
1095	364	5.29132E+01
6120	194	5.29195E+01
9497	529	5.29257E+01
9325	531	5.29294E+01
1205	318	5.29582E+01
1095	325	5.29657E+01
6120	532	5.29672E+01
985	318	5.30016E+01
9497	403	5.30615E+01
1205	236	5.30814E+01
985	236	5.30856E+01
6215	612	5.31029E+01
1205	360	5.31040E+01
1095	286	5.31246E+01
1205	364	5.31349E+01
985	364	5.31359E+01
985	325	5.31478E+01
9497	572	5.31516E+01
1095	196	5.31566E+01
985	360	5.31633E+01
6164	488	5.31669E+01
1205	325	5.31787E+01
9411	487	5.31967E+01
6120	566	5.32326E+01
6215	609	5.32407E+01
6215	523	5.32474E+01
985	286	5.32878E+01
6120	481	5.32936E+01
6120	611	5.32987E+01
1205	286	5.33284E+01
6120	439	5.33332E+01
6120	610	5.33776E+01
985	196	5.34386E+01
1205	196	5.34509E+01
6215	118	5.35499E+01
9325	445	5.35515E+01
6120	612	5.35916E+01
1095	276	5.36001E+01
6069	488	5.36060E+01
9411	403	5.36457E+01
6215	397	5.36459E+01
6215	155	5.36500E+01
1095	157	5.36639E+01
1095	120	5.36659E+01
1095	359	5.36696E+01
6164	445	5.36897E+01
1095	403	5.36959E+01
6164	403	5.37051E+01
6120	118	5.37235E+01
6120	523	5.37742E+01
6215	573	5.37744E+01
1095	402	5.37995E+01
6215	613	5.38114E+01
1095	365	5.38309E+01
6120	609	5.38343E+01
6120	155	5.38343E+01
6164	163	5.38404E+01
9325	530	5.38597E+01
1095	317	5.38717E+01
1205	276	5.38770E+01
6069	163	5.38872E+01
985	276	5.39029E+01
1205	359	5.39198E+01
1205	403	5.39238E+01
985	120	5.39411E+01
985	157	5.39422E+01
1095	404	5.39570E+01
1205	157	5.39674E+01
1205	120	5.39744E+01
985	403	5.39804E+01
985	359	5.39901E+01
6120	397	5.40194E+01
9325	487	5.40222E+01
985	365	5.40307E+01
1205	402	5.40320E+01
6069	403	5.40320E+01
1205	365	5.40479E+01
6215	608	5.40576E+01
6069	445	5.40812E+01
6215	565	5.40923E+01
985	402	5.41067E+01
6120	573	5.41219E+01
9411	573	5.41269E+01
1205	317	5.41375E+01
6164	532	5.41612E+01
9497	571	5.41679E+01
9325	403	5.41730E+01
1205	404	5.41809E+01
985	317	5.41875E+01
985	404	5.42174E+01
9411	529	5.42505E+01
1095	401	5.42526E+01
6120	613	5.42538E+01
1095	235	5.42748E+01
9497	486	5.43632E+01
9411	280	5.43644E+01
6215	233	5.43769E+01
9497	280	5.43811E+01
1095	326	5.44024E+01
6164	531	5.44756E+01
9325	280	5.44850E+01
1205	401	5.44900E+01
985	326	5.45644E+01
1205	235	5.45655E+01
985	235	5.45710E+01
985	401	5.45809E+01
6069	532	5.45958E+01
1095	405	5.45968E+01
6191	286	5.45970E+01
6120	233	5.45998E+01
1205	326	5.46095E+01
6096	286	5.46135E+01
1095	195	5.46467E+01
6120	565	5.46717E+01
6120	608	5.46741E+01
6164	487	5.46829E+01
6215	314	5.47227E+01
9497	528	5.47278E+01
6164	320	5.47380E+01
9411	572	5.47383E+01
1095	358	5.47782E+01
9497	444	5.48014E+01
1205	405	5.48174E+01
985	405	5.48317E+01
6215	614	5.48998E+01
9497	614	5.49015E+01
1095	119	5.49190E+01
985	195	5.49352E+01
6069	320	5.49400E+01
6069	531	5.49423E+01
1205	195	5.49477E+01
9411	240	5.49597E+01
9325	240	5.49709E+01
6120	314	5.50089E+01
6191	327	5.50142E+01
1205	358	5.50350E+01
1095	400	5.50388E+01
6164	361	5.50700E+01
1095	156	5.50836E+01
6096	327	5.51051E+01
985	358	5.51147E+01
6215	480	5.51250E+01
9497	240	5.51347E+01
6069	487	5.51378E+01
1095	275	5.51392E+01
1095	366	5.51434E+01
9325	573	5.51806E+01
6215	355	5.51915E+01
9325	201	5.51938E+01
985	119	5.51980E+01
6164	530	5.52173E+01
9325	529	5.52284E+01
1205	119	5.52328E+01
6215	607	5.52654E+01
9411	201	5.52724E+01
1205	400	5.52818E+01
6120	614	5.52902E+01
6215	273	5.53021E+01
6215	522	5.53026E+01
1095	316	5.53099E+01
1095	444	5.53127E+01
985	366	5.53195E+01
6215	193	5.53227E+01
6069	361	5.53318E+01
1205	366	5.53561E+01
985	156	5.53669E+01
985	400	5.53868E+01
1205	156	5.53931E+01
1205	275	5.54234E+01
9411	486	5.54274E+01
1095	443	5.54287E+01
985	275	5.54523E+01
6215	438	5.54687E+01
6120	355	5.55163E+01
6120	193	5.55199E+01
1205	444	5.55370E+01
6120	273	5.55519E+01
1095	445	5.55687E+01
9497	201	5.55752E+01
9497	361	5.55786E+01
1205	316	5.55829E+01
6120	480	5.55969E+01
9411	444	5.56142E+01
9497	570	5.56264E+01
985	444	5.56276E+01
1095	406	5.56279E+01
985	316	5.56383E+01
1205	443	5.56561E+01
9497	613	5.56735E+01
6069	530	5.57118E+01
6215	117	5.57452E+01
9411	571	5.57667E+01
985	443	5.57689E+01
1205	445	5.57906E+01
6120	522	5.58300E+01
9325	572	5.58353E+01
985	406	5.58360E+01
1205	406	5.58457E+01
6164	200	5.58510E+01
985	445	5.58566E+01
6120	438	5.58867E+01
6120	607	5.58986E+01
1095	442	5.59042E+01
6215	564	5.59071E+01
6120	117	5.59134E+01
6069	200	5.59191E+01
9411	361	5.59345E+01
1095	234	5.59560E+01
6164	279	5.60225E+01
9497	320	5.60379E+01
9411	528	5.60556E+01
6164	444	5.60803E+01
6164	239	5.60886E+01
6215	154	5.60985E+01
1205	442	5.61356E+01
1095	399	5.61417E+01
6069	279	5.61699E+01
1095	357	5.61723E+01
6069	239	5.61914E+01
9411	320	5.61916E+01
1095	446	5.62066E+01
1095	327	5.62446E+01
1205	234	5.62538E+01
985	234	5.62602E+01
985	442	5.62678E+01
9325	486	5.62695E+01
6120	154	5.62767E+01
9325	444	5.62985E+01
1095	194	5.63123E+01
9325	361	5.63147E+01
1095	118	5.63221E+01
9497	402	5.63783E+01
985	327	5.63858E+01
6164	529	5.63895E+01
1205	399	5.63907E+01
1205	446	5.64268E+01
9325	320	5.64335E+01
1205	357	5.64360E+01
1205	327	5.64460E+01
6215	396	5.64542E+01
985	446	5.64655E+01
6069	444	5.64775E+01
6120	564	5.64917E+01
985	399	5.65076E+01
985	357	5.65235E+01
6164	402	5.65601E+01
985	118	5.66048E+01
985	194	5.66070E+01
1205	194	5.66199E+01
1205	118	5.66411E+01
6164	486	5.66500E+01
1095	155	5.66630E+01
6164	162	5.67099E+01
6096	245	5.67192E+01
1095	441	5.67239E+01
6069	162	5.67520E+01
9411	614	5.67767E+01
6191	245	5.67772E+01
9325	163	5.68110E+01
6120	396	5.68203E+01
6215	606	5.68593E+01
9497	612	5.68631E+01
1095	367	5.68660E+01
6069	402	5.68876E+01
9325	571	5.69020E+01
6069	529	5.69075E+01
1095	274	5.69083E+01
9411	402	5.69494E+01
985	155	5.69510E+01
1205	441	5.69600E+01
9411	163	5.69601E+01
1205	155	5.69784E+01
6191	368	5.69796E+01
1095	315	5.70031E+01
985	367	5.70174E+01
9497	527	5.70256E+01
1095	485	5.70334E+01
9325	528	5.70584E+01
1095	407	5.70613E+01
1205	367	5.70749E+01
6191	326	5.70769E+01
6191	285	5.70882E+01
6096	285	5.70954E+01
9497	485	5.71084E+01
985	441	5.71089E+01
6069	486	5.71169E+01
6096	368	5.71451E+01
6096	326	5.71610E+01
6164	573	5.71982E+01
1205	274	5.71997E+01
1095	486	5.72062E+01
1095	484	5.72298E+01
985	274	5.72308E+01
9411	570	5.72323E+01
1095	447	5.72336E+01
985	407	5.72413E+01
1205	485	5.72534E+01
6215	232	5.72712E+01
1205	407	5.72771E+01
1205	315	5.72834E+01
985	315	5.73430E+01
9497	163	5.73642E+01
985	485	5.73907E+01
1205	486	5.74253E+01
1205	484	5.74517E+01
1205	447	5.74532E+01
985	447	5.74619E+01
9325	402	5.74783E+01
6120	232	5.74869E+01
6120	606	5.75029E+01
985	486	5.75340E+01
1095	398	5.75446E+01
9497	569	5.75532E+01
9411	613	5.75640E+01
985	484	5.76143E+01
6164	572	5.76850E+01
6215	521	5.77093E+01
6069	573	5.77133E+01
1095	487	5.77541E+01
6215	479	5.77601E+01
6215	313	5.77636E+01
1095	483	5.77858E+01
1205	398	5.77999E+01
1095	233	5.78363E+01
1095	356	5.78387E+01
1095	440	5.78703E+01
1095	117	5.78844E+01
985	398	5.79267E+01
1205	487	5.79734E+01
6164	528	5.79994E+01
1205	483	5.80106E+01
9325	614	5.80309E+01
6120	313	5.80416E+01
985	487	5.80502E+01
9497	443	5.80578E+01
6215	563	5.80886E+01
1205	356	5.81095E+01
1205	440	5.81118E+01
6215	192	5.81177E+01
6215	116	5.81204E+01
1205	233	5.81412E+01
985	233	5.81479E+01
1095	193	5.81561E+01
9411	485	5.81655E+01
985	117	5.81709E+01
6164	319	5.81773E+01
985	483	5.81952E+01
985	356	5.82031E+01
1205	117	5.82086E+01
6120	479	5.82260E+01
6120	521	5.82333E+01
6069	572	5.82364E+01
6215	354	5.82395E+01
985	440	5.82747E+01
6120	116	5.82830E+01
6120	192	5.83082E+01
9411	279	5.83150E+01
6215	437	5.83299E+01
9411	527	5.83509E+01
9497	279	5.83528E+01
6215	272	5.83579E+01
6069	319	5.83753E+01
6164	360	5.83950E+01
9325	570	5.84007E+01
1095	154	5.84102E+01
9325	279	5.84281E+01
985	193	5.84567E+01
1205	193	5.84702E+01
9497	611	5.84924E+01
6069	528	5.85366E+01
6120	354	5.85558E+01
6164	571	5.85887E+01
6120	272	5.85998E+01
6069	360	5.86540E+01
1095	448	5.86557E+01
6120	563	5.86732E+01
1095	488	5.86804E+01
1095	482	5.86876E+01
985	154	5.87028E+01
1205	154	5.87314E+01
6215	153	5.87318E+01
6120	437	5.87401E+01
6191	367	5.87502E+01
9411	612	5.87639E+01
6215	605	5.88261E+01
985	448	5.88517E+01
9411	443	5.88583E+01
9325	613	5.88645E+01
1205	448	5.88757E+01
1095	526	5.88845E+01
1095	273	5.88973E+01
1205	488	5.89011E+01
6120	153	5.89039E+01
1095	408	5.89068E+01
6096	367	5.89126E+01
6164	443	5.89136E+01
1095	527	5.89144E+01
1205	482	5.89163E+01
9411	239	5.89322E+01
9325	239	5.89347E+01
1095	314	5.89394E+01
985	488	5.89426E+01
9325	200	5.90067E+01
1095	368	5.90127E+01
9325	485	5.90191E+01
985	408	5.90572E+01
6164	485	5.90703E+01
9411	200	5.90942E+01
1205	526	5.90987E+01
985	482	5.91194E+01
1205	408	5.91212E+01
1205	527	5.91290E+01
9497	239	5.91294E+01
985	368	5.91384E+01
9411	569	5.91606E+01
6069	571	5.91715E+01
6164	199	5.91767E+01
1205	273	5.91961E+01
1095	525	5.92142E+01
1205	368	5.92183E+01
1205	314	5.92270E+01
985	273	5.92284E+01
1095	397	5.92306E+01
6069	199	5.92399E+01
985	314	5.92895E+01
985	527	5.92953E+01
985	526	5.92965E+01
1095	528	5.93072E+01
1096	286	5.93082E+01
6069	443	5.93135E+01
1095	439	5.93246E+01
9325	527	5.93731E+01
9497	200	5.94191E+01
1205	525	5.94291E+01
6120	605	5.94738E+01
9497	360	5.94901E+01
1205	397	5.94927E+01
1206	286	5.95186E+01
1205	528	5.95236E+01
6215	395	5.95347E+01
6191	325	5.95357E+01
6069	485	5.95455E+01
9325	443	5.95469E+01
1205	439	5.95719E+01
986	286	5.96065E+01
1095	116	5.96115E+01
6096	325	5.96124E+01
985	397	5.96271E+01
6164	278	5.96287E+01
6164	238	5.96294E+01
6215	81	5.96325E+01
985	525	5.96544E+01
985	528	5.96545E+01
6164	161	5.97092E+01
6069	238	5.97272E+01
985	439	5.97461E+01
6069	161	5.97467E+01
6096	244	5.97559E+01
1095	355	5.97631E+01
6069	278	5.97713E+01
6120	81	5.97861E+01
6191	244	5.98241E+01
9411	360	5.98271E+01
6164	401	5.98280E+01
9497	526	5.98415E+01
6191	409	5.98621E+01
6120	395	5.98918E+01
1095	524	5.98958E+01
985	116	5.99017E+01
1095	232	5.99106E+01
6164	570	5.99123E+01
1095	481	5.99177E+01
1205	116	5.99411E+01
6096	284	5.99468E+01
6191	284	5.99489E+01
9497	568	5.99764E+01
1095	489	5.99874E+01
1205	355	6.00411E+01
6164	527	6.00552E+01
1095	529	6.00635E+01
6096	409	6.01048E+01
9325	612	6.01051E+01
1205	524	6.01128E+01
9497	319	6.01301E+01
985	355	6.01391E+01
1205	481	6.01512E+01
6069	401	6.01541E+01
1095	192	6.01796E+01
9497	401	6.01830E+01
9325	360	6.02029E+01
1205	489	6.02108E+01
985	489	6.02137E+01
1205	232	6.02224E+01
985	232	6.02289E+01
1096	327	6.02381E+01
9411	319	6.02628E+01
1205	529	6.02831E+01
9325	162	6.03275E+01
1095	153	6.03304E+01
9325	569	6.03561E+01
6215	231	6.03571E+01
985	524	6.03614E+01
985	481	6.03694E+01
985	529	6.03746E+01
9497	484	6.03791E+01
9411	611	6.03977E+01
1206	327	6.04118E+01
6215	520	6.04375E+01
1095	81	6.04454E+01
6164	614	6.04506E+01
1095	449	6.04787E+01
9411	162	6.04850E+01
985	192	6.04855E+01
9325	319	6.04979E+01
1205	192	6.05002E+01
6069	570	6.05216E+01
6120	231	6.05652E+01
9497	610	6.05894E+01
986	327	6.05978E+01
6069	527	6.06070E+01
6215	562	6.06100E+01
985	153	6.06274E+01
985	449	6.06407E+01
1205	153	6.06575E+01
6215	115	6.06731E+01
6215	478	6.06937E+01
1205	449	6.07001E+01
985	81	6.07350E+01
9411	401	6.07365E+01
1095	568	6.07591E+01
1205	81	6.07808E+01
6120	115	6.08302E+01
9497	162	6.09099E+01
1095	567	6.09114E+01
1095	523	6.09165E+01
6191	366	6.09268E+01
6120	520	6.09543E+01
1095	569	6.09544E+01
1205	568	6.09665E+01
1096	245	6.10228E+01
6215	312	6.10273E+01
6069	614	6.10632E+01
1095	438	6.10662E+01
6096	366	6.10851E+01
1095	272	6.10950E+01
6215	191	6.10954E+01
1095	313	6.11045E+01
1205	567	6.11174E+01
1205	523	6.11369E+01
6164	613	6.11404E+01
6215	604	6.11440E+01
6120	478	6.11506E+01
9411	526	6.11582E+01
1205	569	6.11649E+01
1095	409	6.11739E+01
1095	396	6.11818E+01
1095	530	6.11837E+01
6120	562	6.11896E+01
985	568	6.12064E+01
9325	401	6.12632E+01
986	245	6.12740E+01
1206	245	6.12758E+01
6120	191	6.12791E+01
985	409	6.12933E+01
6120	312	6.12964E+01
1205	438	6.13201E+01
985	569	6.13673E+01
1205	409	6.13878E+01
985	567	6.13902E+01
1205	313	6.13997E+01
1205	272	6.14011E+01
985	523	6.14046E+01
1205	530	6.14081E+01
1095	566	6.14093E+01
9411	484	6.14232E+01
985	272	6.14338E+01
1205	396	6.14512E+01
1095	480	6.14553E+01
985	530	6.14561E+01
6215	436	6.14630E+01
985	313	6.14637E+01
6191	408	6.14804E+01
1095	570	6.14969E+01
985	438	6.15026E+01
1095	115	6.15042E+01
6215	353	6.15247E+01
6215	152	6.15470E+01
9411	568	6.15787E+01
985	396	6.15908E+01
6215	271	6.16139E+01
1205	566	6.16153E+01
6164	569	6.16643E+01
1095	490	6.16789E+01
1205	480	6.16944E+01
1205	570	6.17121E+01
6120	152	6.17130E+01
6096	408	6.17245E+01
9325	611	6.17734E+01
6120	604	6.17897E+01
6069	613	6.17923E+01
985	115	6.17979E+01
9497	442	6.18277E+01
1096	285	6.18291E+01
6120	353	6.18315E+01
1205	115	6.18390E+01
6120	271	6.18475E+01
6120	436	6.18632E+01
985	490	6.18672E+01
985	570	6.18723E+01
1205	490	6.19063E+01
985	566	6.19162E+01
985	480	6.19241E+01
1095	354	6.19284E+01
6164	484	6.19420E+01
6164	318	6.19544E+01
1206	285	6.20543E+01
6215	80	6.20580E+01
6164	359	6.20918E+01
986	285	6.21340E+01
6069	318	6.21476E+01
1095	231	6.21712E+01
6164	442	6.21800E+01
9325	526	6.21936E+01
6120	80	6.22067E+01
1205	354	6.22140E+01
6164	612	6.22364E+01
1095	565	6.22455E+01
1095	522	6.22585E+01
1095	80	6.22702E+01
9325	484	6.22829E+01
6069	569	6.22951E+01
985	354	6.23145E+01
6069	359	6.23466E+01
1096	326	6.23725E+01
1095	191	6.23798E+01
1095	571	6.23861E+01
6191	324	6.23930E+01
6069	484	6.24215E+01
1095	152	6.24233E+01
1205	565	6.24532E+01
6096	324	6.24618E+01
1205	522	6.24833E+01
1205	231	6.24900E+01
9411	610	6.24926E+01
985	231	6.24956E+01
1206	326	6.25610E+01
6164	526	6.25627E+01
985	80	6.25629E+01
6069	442	6.25796E+01
1205	571	6.26079E+01
1205	80	6.26103E+01
9411	442	6.26106E+01
9411	278	6.26295E+01
1095	531	6.26708E+01
6164	198	6.26857E+01
985	191	6.26908E+01
9497	278	6.26908E+01
1205	191	6.27068E+01
1095	450	6.27108E+01
985	571	6.27212E+01
985	152	6.27244E+01
9325	278	6.27335E+01
986	326	6.27405E+01
6069	198	6.27440E+01
1205	152	6.27562E+01
985	522	6.27660E+01
985	565	6.27772E+01
1095	610	6.27807E+01
9325	568	6.27949E+01
1096	368	6.28028E+01
1095	609	6.28051E+01
6164	160	6.28346E+01
985	450	6.28367E+01
6215	394	6.28568E+01
6069	160	6.28677E+01
1205	531	6.29016E+01
985	531	6.29021E+01
9497	567	6.29217E+01
6069	612	6.29222E+01
1205	450	6.29347E+01
1206	368	6.29444E+01
1205	610	6.29818E+01
1205	609	6.30023E+01
9325	199	6.30432E+01
1095	437	6.30729E+01
1095	611	6.30866E+01
6069	526	6.31245E+01
6096	243	6.31269E+01
9411	199	6.31399E+01
1095	608	6.31602E+01
6096	283	6.31664E+01
6191	283	6.31780E+01
9497	609	6.31844E+01
9497	525	6.31930E+01
9325	238	6.31990E+01
6120	394	6.32033E+01
6191	243	6.32052E+01
9411	238	6.32060E+01
986	368	6.32391E+01
6096	204	6.32670E+01
985	610	6.32732E+01
1095	479	6.32765E+01
1205	611	6.32935E+01
9325	442	6.32986E+01
6191	450	6.33189E+01
985	609	6.33316E+01
1205	437	6.33339E+01
1205	608	6.33554E+01
1095	395	6.33776E+01
6215	114	6.33935E+01
6191	204	6.33984E+01
1095	564	6.34074E+01
6164	237	6.34147E+01
9497	238	6.34270E+01
6215	561	6.34376E+01
6215	519	6.34524E+01
1095	312	6.34812E+01
1095	271	6.34873E+01
9497	199	6.34877E+01
6164	400	6.34952E+01
6191	407	6.35000E+01
6069	237	6.35073E+01
6191	365	6.35195E+01
985	437	6.35217E+01
1205	479	6.35221E+01
6164	277	6.35292E+01
985	611	6.35416E+01
6120	114	6.35451E+01
1095	114	6.35567E+01
1205	564	6.36181E+01
6215	230	6.36183E+01
1095	572	6.36251E+01
6096	450	6.36449E+01
1205	395	6.36545E+01
6069	277	6.36665E+01
6096	365	6.36726E+01
985	608	6.37172E+01
1095	612	6.37222E+01
6164	611	6.37425E+01
6096	407	6.37440E+01
985	479	6.37598E+01
1095	491	6.37635E+01
6215	603	6.37828E+01
1205	312	6.37840E+01
985	395	6.37970E+01
1205	271	6.38007E+01
6069	400	6.38177E+01
6120	230	6.38188E+01
985	271	6.38327E+01
1095	607	6.38434E+01
985	312	6.38481E+01
9497	359	6.38523E+01
985	114	6.38539E+01
6164	568	6.38551E+01
1205	572	6.38553E+01
6215	477	6.38905E+01
9325	610	6.38960E+01
1205	114	6.38968E+01
1095	521	6.38991E+01
985	491	6.39113E+01
985	572	6.39168E+01
1205	612	6.39369E+01
6120	519	6.39583E+01
985	564	6.39605E+01
9325	161	6.39931E+01
1205	491	6.39964E+01
6120	561	6.40077E+01
1205	607	6.40383E+01
1096	244	6.40606E+01
1205	521	6.41294E+01
985	612	6.41364E+01
9411	161	6.41589E+01
9411	359	6.41663E+01
9497	483	6.41825E+01
1095	79	6.42388E+01
6215	190	6.42420E+01
1095	353	6.43142E+01
986	244	6.43170E+01
1206	244	6.43280E+01
6120	477	6.43358E+01
6120	190	6.44187E+01
6120	603	6.44208E+01
985	521	6.44228E+01
985	607	6.44272E+01
6069	611	6.44564E+01
9497	400	6.44719E+01
6215	311	6.44855E+01
9411	525	6.44942E+01
6069	568	6.45020E+01
9411	567	6.45119E+01
6215	151	6.45316E+01
1095	532	6.45346E+01
985	79	6.45346E+01
9325	359	6.45346E+01
1205	79	6.45836E+01
9497	161	6.46051E+01
1095	230	6.46062E+01
1205	353	6.46075E+01
6215	79	6.46326E+01
9497	318	6.46327E+01
1095	151	6.46807E+01
1096	367	6.46872E+01
1095	613	6.46908E+01
6120	151	6.46914E+01
1096	284	6.47044E+01
985	353	6.47085E+01
985	532	6.47218E+01
9411	318	6.47410E+01
6120	311	6.47450E+01
1095	190	6.47472E+01
1205	532	6.47736E+01
6120	79	6.47764E+01
6215	435	6.48327E+01
1206	367	6.48430E+01
1095	606	6.48471E+01
1095	563	6.48760E+01
1096	325	6.48837E+01
6191	449	6.49030E+01
1205	613	6.49154E+01
1205	230	6.49318E+01
985	230	6.49360E+01
1206	284	6.49443E+01
9325	318	6.49670E+01
985	151	6.49859E+01
9411	400	6.50028E+01
6215	352	6.50145E+01
986	284	6.50158E+01
1205	151	6.50195E+01
1205	606	6.50435E+01
6215	270	6.50460E+01
985	613	6.50606E+01
985	190	6.50628E+01
9411	609	6.50780E+01
1205	190	6.50804E+01
1206	325	6.50869E+01
1205	563	6.50911E+01
986	367	6.51334E+01
9411	483	6.52072E+01
6120	435	6.52208E+01
1095	573	6.52243E+01
6096	449	6.52351E+01
6164	483	6.52579E+01
986	325	6.52597E+01
6120	270	6.52708E+01
6120	352	6.53106E+01
1095	436	6.53196E+01
1095	478	6.53549E+01
985	563	6.54468E+01
985	606	6.54539E+01
1205	573	6.54649E+01
985	573	6.54692E+01
6164	525	6.55232E+01
9325	400	6.55232E+01
9325	525	6.55362E+01
1205	436	6.55882E+01
1205	478	6.56077E+01
6191	323	6.56491E+01
6164	610	6.56681E+01
6096	323	6.57095E+01
6069	483	6.57379E+01
9325	567	6.57415E+01
1095	113	6.57565E+01
985	436	6.57783E+01
1095	394	6.57934E+01
1095	520	6.58116E+01
985	478	6.58498E+01
6164	441	6.58657E+01
6191	406	6.59377E+01
1095	614	6.60030E+01
1095	311	6.60472E+01
1205	520	6.60484E+01
1095	270	6.60553E+01
6164	317	6.60570E+01
985	113	6.60571E+01
9325	483	6.60669E+01
1205	394	6.60781E+01
6164	159	6.60895E+01
6069	525	6.60902E+01
1205	113	6.61018E+01
9497	441	6.61095E+01
6069	159	6.61182E+01
6164	358	6.61465E+01
1095	605	6.61573E+01
6096	406	6.61799E+01
985	394	6.62210E+01
1205	614	6.62400E+01
6069	317	6.62444E+01
6069	441	6.62622E+01
6215	113	6.62636E+01
9497	608	6.63052E+01
985	614	6.63247E+01
1095	78	6.63343E+01
985	520	6.63482E+01
1205	605	6.63569E+01
1205	311	6.63576E+01
6164	197	6.63735E+01
1205	270	6.63760E+01
6215	393	6.63836E+01
6069	358	6.63957E+01
6069	610	6.64042E+01
985	270	6.64064E+01
1096	409	6.64080E+01
6120	113	6.64096E+01
9497	566	6.64097E+01
985	311	6.64205E+01
6069	197	6.64269E+01
6164	567	6.64926E+01
9325	609	6.65015E+01
1206	409	6.65201E+01
6215	560	6.65328E+01
6191	364	6.65339E+01
1095	562	6.66267E+01
985	78	6.66331E+01
6096	364	6.66807E+01
1205	78	6.66837E+01
6215	602	6.67058E+01
6215	518	6.67146E+01
6120	393	6.67181E+01
6096	282	6.67517E+01
6191	282	6.67730E+01
985	605	6.67830E+01
6096	242	6.68259E+01
1205	562	6.68475E+01
9411	441	6.68686E+01
6191	448	6.68771E+01
1095	352	6.68945E+01
6191	242	6.69142E+01
986	409	6.69370E+01
1096	366	6.69542E+01
6096	203	6.69576E+01
6215	229	6.70317E+01
1095	150	6.70857E+01
6120	560	6.70892E+01
9497	524	6.70906E+01
6191	203	6.70989E+01
1206	366	6.71242E+01
6069	567	6.71500E+01
1096	204	6.71811E+01
1205	352	6.71957E+01
1095	229	6.71976E+01
6191	491	6.72009E+01
6120	518	6.72063E+01
985	562	6.72115E+01
6096	448	6.72132E+01
6120	229	6.72243E+01
1095	189	6.72641E+01
9325	198	6.72927E+01
985	352	6.72954E+01
9411	277	6.72981E+01
6215	476	6.73112E+01
6120	602	6.73308E+01
6215	78	6.73330E+01
9497	277	6.73854E+01
9325	277	6.73915E+01
985	150	6.73946E+01
986	204	6.73990E+01
9411	198	6.73990E+01
986	366	6.74099E+01
1096	243	6.74210E+01
1205	150	6.74301E+01
6164	236	6.74346E+01
6120	78	6.74719E+01
1206	204	6.74846E+01
6069	236	6.75218E+01
1205	229	6.75299E+01
985	229	6.75320E+01
6215	189	6.75340E+01
6164	399	6.75459E+01
9325	441	6.75510E+01
985	189	6.75839E+01
1205	189	6.76036E+01
6096	491	6.76202E+01
1095	477	6.76614E+01
6215	150	6.76620E+01
986	243	6.76825E+01
1206	243	6.77027E+01
6120	189	6.77038E+01
6164	276	6.77118E+01
6120	476	6.77422E+01
9325	237	6.77522E+01
1095	604	6.77534E+01
9411	237	6.77697E+01
9497	198	6.77706E+01
1096	324	6.77749E+01
1095	435	6.77777E+01
9325	160	6.78041E+01
6120	150	6.78156E+01
6069	276	6.78432E+01
6069	399	6.78628E+01
1205	477	6.79220E+01
1096	283	6.79333E+01
1205	604	6.79577E+01
1095	519	6.79661E+01
9411	160	6.79784E+01
9411	566	6.79797E+01
1206	324	6.79927E+01
9497	237	6.80161E+01
6164	609	6.80242E+01
1205	435	6.80545E+01
1095	112	6.80836E+01
6215	310	6.81031E+01
986	324	6.81584E+01
985	477	6.81649E+01
1096	408	6.81782E+01
9411	608	6.81809E+01
1206	283	6.81879E+01
6164	122	6.81931E+01
6069	122	6.82041E+01
1205	519	6.82104E+01
985	435	6.82439E+01
986	283	6.82510E+01
1206	408	6.83037E+01
6120	310	6.83523E+01
9411	524	6.83686E+01
985	112	6.83874E+01
985	604	6.83938E+01
6215	434	6.83985E+01
1095	393	6.83999E+01
1205	112	6.84340E+01
9497	160	6.84461E+01
985	519	6.85122E+01
9497	482	6.85187E+01
1095	77	6.85314E+01
6215	269	6.86228E+01
1095	561	6.86301E+01
9497	358	6.86575E+01
6215	351	6.86694E+01
1205	393	6.86929E+01
986	408	6.87186E+01
6120	434	6.87726E+01
1095	269	6.87744E+01
1095	310	6.87747E+01
6069	609	6.87764E+01
6191	405	6.88061E+01
985	77	6.88331E+01
985	393	6.88337E+01
6191	490	6.88375E+01
6120	269	6.88386E+01
1205	561	6.88578E+01
1205	77	6.88853E+01
6164	524	6.89313E+01
9411	358	6.89440E+01
6120	351	6.89539E+01
6164	482	6.90050E+01
6096	405	6.90448E+01
1205	310	6.90927E+01
1205	269	6.91023E+01
985	269	6.91301E+01
985	310	6.91529E+01
9325	566	6.92147E+01
985	561	6.92252E+01
9497	399	6.92377E+01
6215	112	6.92565E+01
6191	447	6.92616E+01
6096	490	6.92672E+01
9325	358	6.93016E+01
6191	322	6.93020E+01
6096	322	6.93532E+01
6120	112	6.93971E+01
9325	524	6.94100E+01
6069	482	6.94817E+01
6164	158	6.94834E+01
6069	524	6.94986E+01
6069	158	6.95079E+01
9411	482	6.95167E+01
9497	317	6.95364E+01
6164	566	6.95794E+01
6096	447	6.95995E+01
1095	603	6.96085E+01
1095	149	6.96123E+01
1096	365	6.96144E+01
9325	608	6.96160E+01
9411	317	6.96167E+01
1095	351	6.96381E+01
9411	399	6.97404E+01
1206	365	6.97987E+01
1205	603	6.98190E+01
9325	317	6.98312E+01
6215	559	6.98534E+01
6215	601	6.98715E+01
1095	188	6.99054E+01
1095	228	6.99204E+01
985	149	6.99246E+01
1205	351	6.99474E+01
6164	440	6.99533E+01
1205	149	6.99622E+01
6191	363	6.99715E+01
9497	607	6.99734E+01
985	351	7.00439E+01
6215	392	7.00721E+01
986	365	7.00789E+01
6096	363	7.01107E+01
6215	77	7.01272E+01
1095	476	7.01641E+01
6215	517	7.01815E+01
985	188	7.02288E+01
6164	196	7.02412E+01
6069	566	7.02416E+01
9325	399	7.02504E+01
1205	188	7.02509E+01
985	228	7.02588E+01
1205	228	7.02593E+01
985	603	7.02594E+01
6120	77	7.02613E+01
6069	196	7.02897E+01
1096	407	7.03227E+01
1095	518	7.03302E+01
6069	440	7.03439E+01
9325	482	7.03703E+01
6120	559	7.03922E+01
6120	392	7.03932E+01
1095	434	7.04151E+01
1205	476	7.04332E+01
9497	565	7.04522E+01
1206	407	7.04616E+01
6164	316	7.04705E+01
6120	601	7.04789E+01
1095	111	7.05102E+01
6164	357	7.05431E+01
6215	228	7.05658E+01
1205	518	7.05828E+01
6069	316	7.06513E+01
6120	517	7.06560E+01
985	476	7.06731E+01
6096	281	7.06982E+01
1205	434	7.07004E+01
6191	281	7.07295E+01
1096	450	7.07419E+01
6120	228	7.07503E+01
6069	357	7.07854E+01
1095	76	7.07980E+01
985	111	7.08171E+01
6164	608	7.08193E+01
1206	450	7.08254E+01
1096	203	7.08392E+01
6096	241	7.08432E+01
6191	489	7.08514E+01
1095	560	7.08540E+01
1205	111	7.08655E+01
986	407	7.08738E+01
985	518	7.08825E+01
985	434	7.08861E+01
9497	440	7.08956E+01
6215	149	7.09046E+01
6096	202	7.09071E+01
6215	475	7.09120E+01
6215	188	7.09396E+01
6191	241	7.09415E+01
1096	323	7.10464E+01
6120	149	7.10522E+01
6191	202	7.10581E+01
986	203	7.10610E+01
1205	560	7.10897E+01
1096	242	7.10979E+01
6120	188	7.11024E+01
985	76	7.11025E+01
6164	121	7.11343E+01
6069	121	7.11416E+01
1206	203	7.11563E+01
1205	76	7.11563E+01
1095	392	7.11633E+01
1206	323	7.12788E+01
6096	489	7.12889E+01
6120	475	7.13265E+01
986	242	7.13642E+01
986	450	7.13811E+01
1206	242	7.13938E+01
986	323	7.14370E+01
985	560	7.14554E+01
6191	532	7.14619E+01
1205	392	7.14647E+01
1096	282	7.15136E+01
9497	523	7.15353E+01
6069	608	7.15812E+01
985	392	7.16011E+01
1095	268	7.16131E+01
9411	440	7.16242E+01
1095	309	7.16298E+01
6164	235	7.16810E+01
1095	602	7.16915E+01
9325	197	7.17515E+01
6069	235	7.17626E+01
9325	159	7.17646E+01
1206	282	7.17826E+01
9411	607	7.18218E+01
986	282	7.18371E+01
6215	309	7.18378E+01
9411	197	7.18677E+01
1205	602	7.19096E+01
9411	159	7.19474E+01
1205	268	7.19480E+01
1205	309	7.19554E+01
6164	398	7.19612E+01
985	268	7.19724E+01
6096	532	7.19877E+01
9411	565	7.19929E+01
985	309	7.20116E+01
6191	446	7.20747E+01
6120	309	7.20763E+01
6191	404	7.21129E+01
6215	433	7.21145E+01
6164	275	7.21628E+01
1095	148	7.22264E+01
9497	197	7.22640E+01
6069	398	7.22707E+01
6069	275	7.22880E+01
9325	440	7.22957E+01
6215	268	7.23054E+01
9411	276	7.23086E+01
6215	111	7.23374E+01
6096	404	7.23461E+01
985	602	7.23486E+01
9325	276	7.23898E+01
6096	446	7.24120E+01
9497	276	7.24247E+01
9497	159	7.24371E+01
6215	350	7.24439E+01
6120	111	7.24727E+01
6120	433	7.24730E+01
1096	449	7.25086E+01
1095	350	7.25089E+01
6120	268	7.25118E+01
985	148	7.25420E+01
1205	148	7.25818E+01
9325	236	7.25846E+01
1206	449	7.26044E+01
9411	236	7.26133E+01
1095	187	7.26391E+01
1096	364	7.26735E+01
6120	350	7.27160E+01
1095	227	7.27426E+01
6164	523	7.27737E+01
9411	523	7.27815E+01
1205	350	7.28262E+01
1095	475	7.28284E+01
1096	406	7.28581E+01
1095	517	7.28698E+01
1206	364	7.28722E+01
9497	236	7.28869E+01
985	350	7.29178E+01
985	187	7.29659E+01
6215	76	7.29759E+01
1205	187	7.29905E+01
1095	110	7.30011E+01
1206	406	7.30107E+01
6164	157	7.30316E+01
6069	157	7.30518E+01
985	227	7.30843E+01
1205	227	7.30880E+01
1095	75	7.30970E+01
6120	76	7.31054E+01
1205	475	7.31065E+01
6164	565	7.31103E+01
1205	517	7.31315E+01
986	364	7.31461E+01
986	449	7.31604E+01
6164	481	7.31639E+01
1095	433	7.31958E+01
6191	531	7.32089E+01
9325	565	7.32248E+01
6215	600	7.32355E+01
9325	607	7.32592E+01
1095	559	7.32640E+01
6191	488	7.32648E+01
985	110	7.33110E+01
6069	523	7.33367E+01
985	475	7.33401E+01
6191	321	7.33484E+01
6215	558	7.33541E+01
1205	110	7.33613E+01
9497	481	7.33796E+01
6096	321	7.33898E+01
985	75	7.34041E+01
986	406	7.34191E+01
985	517	7.34249E+01
1205	75	7.34595E+01
1205	433	7.34900E+01
1205	559	7.35086E+01
6069	481	7.36337E+01
985	433	7.36692E+01
6096	488	7.37073E+01
6096	531	7.37485E+01
6069	565	7.37716E+01
6215	516	7.38068E+01
9325	523	7.38147E+01
6120	600	7.38209E+01
6191	362	7.38313E+01
985	559	7.38680E+01
6120	558	7.38719E+01
6215	391	7.38744E+01
9497	357	7.38932E+01
6096	362	7.39617E+01
1095	601	7.39685E+01
1095	391	7.40457E+01
6164	607	7.40558E+01
9411	357	7.41473E+01
6120	391	7.41810E+01
6215	227	7.41810E+01
1205	601	7.41954E+01
9497	606	7.42001E+01
6215	148	7.42176E+01
6164	120	7.42356E+01
6069	120	7.42392E+01
6120	516	7.42615E+01
6164	195	7.42936E+01
6069	195	7.43371E+01
9411	481	7.43430E+01
1205	391	7.43556E+01
6120	227	7.43575E+01
6120	148	7.43591E+01
6215	187	7.44193E+01
6164	439	7.44207E+01
9497	398	7.44674E+01
985	391	7.44854E+01
9325	357	7.44908E+01
1095	267	7.45336E+01
1095	308	7.45739E+01
6120	187	7.45752E+01
985	601	7.46276E+01
1096	448	7.46347E+01
9325	122	7.46381E+01
6215	474	7.46453E+01
1096	322	7.46963E+01
1206	448	7.47431E+01
1096	202	7.47478E+01
6069	439	7.48027E+01
6069	607	7.48207E+01
9497	316	7.48272E+01
9411	122	7.48687E+01
1205	267	7.48754E+01
9411	316	7.48758E+01
1095	147	7.48889E+01
985	267	7.48955E+01
1205	308	7.49070E+01
9411	398	7.49358E+01
1206	322	7.49434E+01
985	308	7.49581E+01
986	202	7.49734E+01
6096	280	7.50001E+01
6120	474	7.50412E+01
6191	280	7.50417E+01
9497	564	7.50494E+01
9325	316	7.50764E+01
1206	202	7.50782E+01
1096	241	7.50819E+01
986	322	7.50933E+01
6096	201	7.50960E+01
6096	240	7.51666E+01
6164	315	7.51770E+01
9325	481	7.51837E+01
985	147	7.52074E+01
1205	147	7.52494E+01
6191	201	7.52565E+01
6164	356	7.52622E+01
6191	240	7.52749E+01
986	448	7.52980E+01
6191	530	7.53218E+01
6191	445	7.53308E+01
6069	315	7.53503E+01
986	241	7.53528E+01
1095	74	7.53891E+01
1206	241	7.53918E+01
1095	186	7.54278E+01
9325	398	7.54310E+01
9497	122	7.54314E+01
1096	281	7.54410E+01
6215	110	7.54633E+01
1095	349	7.54668E+01
6069	356	7.54962E+01
1095	109	7.55155E+01
1095	516	7.55486E+01
6120	110	7.55934E+01
1095	474	7.56170E+01
1095	226	7.56256E+01
6215	308	7.56423E+01
6096	445	7.56649E+01
1096	491	7.56783E+01
985	74	7.56987E+01
1206	281	7.57244E+01
1206	491	7.57321E+01
1205	74	7.57555E+01
985	186	7.57574E+01
986	281	7.57698E+01
1205	186	7.57849E+01
1205	349	7.57922E+01
1096	405	7.57969E+01
1205	516	7.58199E+01
1095	558	7.58243E+01
985	109	7.58281E+01
6215	75	7.58350E+01
6191	403	7.58619E+01
