GRAM	c2h2	chi_tot
1273	286	1.91062E+01
1273	285	1.96188E+01
1273	284	2.06462E+01
1273	335	2.10857E+01
1273	334	2.13110E+01
1273	336	2.14643E+01
1273	333	2.21645E+01
1273	283	2.22095E+01
1273	337	2.24248E+01
1273	375	2.34184E+01
1273	374	2.34828E+01
1273	332	2.36741E+01
1273	338	2.39475E+01
1273	376	2.40449E+01
1273	373	2.42713E+01
1273	282	2.43365E+01
1273	377	2.53327E+01
1273	234	2.54602E+01
1273	425	2.57525E+01
1273	372	2.58219E+01
1273	331	2.58740E+01
1273	426	2.59682E+01
1273	424	2.63266E+01
1273	427	2.69335E+01
1273	281	2.70634E+01
1273	378	2.72557E+01
1273	423	2.77365E+01
1273	371	2.81789E+01
1273	465	2.82106E+01
1273	466	2.82207E+01
1273	233	2.83610E+01
1273	428	2.86116E+01
1273	330	2.88068E+01
1273	467	2.90357E+01
1273	464	2.90568E+01
1273	379	2.97916E+01
1273	422	3.00332E+01
1273	280	3.04350E+01
1273	557	3.04518E+01
1273	468	3.06065E+01
1273	558	3.06766E+01
1273	463	3.08144E+01
1273	429	3.09679E+01
1273	556	3.10877E+01
1273	370	3.13921E+01
1273	559	3.16994E+01
1273	232	3.18068E+01
1273	329	3.25220E+01
1273	555	3.26473E+01
1273	601	3.26845E+01
1273	602	3.27966E+01
1273	469	3.28842E+01
1273	380	3.29210E+01
1273	421	3.32704E+01
1273	600	3.34217E+01
8803	338	3.34504E+01
1273	560	3.34580E+01
8715	338	3.35043E+01
8627	338	3.35280E+01
1273	462	3.35405E+01
1273	603	3.36844E+01
1273	430	3.39687E+01
1273	279	3.45037E+01
1273	643	3.46771E+01
8803	337	3.47185E+01
8715	337	3.47898E+01
8627	337	3.48248E+01
1273	642	3.49356E+01
1255	338	3.49582E+01
1273	599	3.50807E+01
1273	644	3.51685E+01
1273	554	3.51934E+01
1273	604	3.52751E+01
1273	369	3.55128E+01
1273	470	3.58196E+01
8803	379	3.58260E+01
8715	379	3.58365E+01
8627	379	3.58390E+01
1273	231	3.58475E+01
1273	561	3.58897E+01
8803	378	3.59330E+01
8715	378	3.59926E+01
8627	378	3.60224E+01
1273	641	3.60248E+01
1273	645	3.63316E+01
8627	380	3.63342E+01
8715	380	3.63609E+01
1255	337	3.63697E+01
8803	380	3.64034E+01
1273	685	3.65448E+01
8803	336	3.66193E+01
1273	684	3.66274E+01
8715	336	3.67060E+01
8803	377	3.67459E+01
8627	336	3.67512E+01
8715	377	3.68508E+01
8627	377	3.69059E+01
1255	379	3.69099E+01
1273	328	3.70719E+01
1273	686	3.71100E+01
1255	380	3.71334E+01
1273	461	3.72900E+01
1255	378	3.73492E+01
1273	683	3.74385E+01
1273	605	3.74979E+01
1273	420	3.74990E+01
1273	431	3.75806E+01
1273	598	3.77324E+01
1273	640	3.80251E+01
1273	646	3.80921E+01
1273	727	3.81202E+01
1273	687	3.82480E+01
1273	726	3.82527E+01
8803	376	3.82912E+01
1255	336	3.84003E+01
8715	376	3.84373E+01
1255	377	3.84718E+01
8627	376	3.85159E+01
1273	728	3.85448E+01
1273	553	3.87855E+01
8803	286	3.88686E+01
8803	429	3.88865E+01
8715	286	3.88932E+01
8715	429	3.88984E+01
8627	286	3.89084E+01
8627	429	3.89097E+01
1273	562	3.89334E+01
1273	725	3.90175E+01
8803	428	3.90545E+01
1273	682	3.90623E+01
8715	428	3.91519E+01
8803	335	3.91760E+01
8627	428	3.92087E+01
8715	335	3.92759E+01
1273	278	3.93227E+01
8627	335	3.93302E+01
1273	471	3.93640E+01
8627	430	3.93675E+01
8715	430	3.94048E+01
1273	729	3.94581E+01
1273	769	3.94791E+01
8803	430	3.94844E+01
1273	770	3.96307E+01
1273	768	3.98083E+01
1273	688	3.98905E+01
1255	429	3.99838E+01
1255	430	4.00086E+01
8803	427	4.00273E+01
1252	234	4.00664E+01
1273	771	4.02022E+01
8715	427	4.02039E+01
1273	606	4.02866E+01
1255	376	4.03029E+01
8627	427	4.03031E+01
1273	647	4.03826E+01
1255	286	4.04909E+01
1273	724	4.04958E+01
1273	230	4.05335E+01
8627	431	4.05456E+01
1273	368	4.05868E+01
1252	233	4.05872E+01
8803	375	4.06003E+01
8715	431	4.06343E+01
1273	812	4.06393E+01
1273	767	4.06865E+01
1255	428	4.06914E+01
1255	431	4.07316E+01
8715	375	4.07835E+01
1273	730	4.07987E+01
8803	431	4.08111E+01
1273	813	4.08147E+01
1273	811	4.08289E+01
1294	234	4.08390E+01
8627	375	4.08833E+01
1294	233	4.09160E+01
1273	639	4.10141E+01
1255	335	4.10723E+01
1252	282	4.10962E+01
1273	772	4.11394E+01
1252	281	4.11882E+01
1273	814	4.13077E+01
1273	810	4.14369E+01
1273	597	4.14413E+01
1294	232	4.14424E+01
1252	283	4.15367E+01
1252	232	4.15728E+01
1273	681	4.15835E+01
1273	432	4.17693E+01
8803	426	4.18458E+01
1252	280	4.18465E+01
8715	469	4.18766E+01
1294	281	4.18774E+01
8627	469	4.18806E+01
8803	468	4.18930E+01
8803	469	4.18998E+01
1273	689	4.19764E+01
8715	468	4.20015E+01
1294	280	4.20501E+01
8627	468	4.20740E+01
8715	426	4.20949E+01
1273	460	4.21083E+01
1255	432	4.21190E+01
1255	427	4.21676E+01
1273	766	4.21887E+01
8627	426	4.22331E+01
8803	285	4.22429E+01
1294	282	4.22538E+01
8715	285	4.22650E+01
8627	285	4.22813E+01
1273	773	4.23949E+01
8627	432	4.24079E+01
8803	334	4.24143E+01
1294	231	4.24569E+01
1252	284	4.24829E+01
8627	470	4.24839E+01
1273	327	4.25027E+01
1273	731	4.25122E+01
1273	809	4.25242E+01
8715	334	4.25251E+01
1273	563	4.25319E+01
8715	432	4.25507E+01
8715	470	4.25527E+01
8627	334	4.25874E+01
1252	331	4.26243E+01
1252	330	4.26391E+01
8803	470	4.27157E+01
8803	467	4.27532E+01
1273	419	4.27590E+01
1273	723	4.27724E+01
1294	279	4.28101E+01
8803	432	4.28299E+01
1255	470	4.28621E+01
1255	375	4.28726E+01
1255	469	4.28870E+01
8715	467	4.29846E+01
1252	231	4.30636E+01
1252	279	4.31113E+01
8627	467	4.31211E+01
1273	648	4.31427E+01
1294	283	4.31483E+01
1252	332	4.32649E+01
1294	330	4.32965E+01
1252	329	4.33476E+01
1273	472	4.34706E+01
1273	552	4.34725E+01
1294	329	4.35053E+01
1255	471	4.35496E+01
1273	607	4.35819E+01
1255	468	4.36758E+01
8803	374	4.37082E+01
1294	331	4.37585E+01
8627	471	4.38283E+01
1255	285	4.38745E+01
1252	285	4.39139E+01
8715	374	4.39242E+01
8715	471	4.39735E+01
1294	230	4.40021E+01
8627	374	4.40432E+01
8825	285	4.41187E+01
1273	808	4.41583E+01
1294	278	4.42009E+01
8803	471	4.42837E+01
8825	284	4.43247E+01
1252	371	4.43422E+01
1252	370	4.43759E+01
1273	765	4.43950E+01
1255	334	4.44107E+01
8825	286	4.44204E+01
1294	328	4.44264E+01
1255	426	4.44507E+01
1273	690	4.44515E+01
8737	285	4.44616E+01
1252	333	4.45297E+01
8803	560	4.45320E+01
1294	284	4.45360E+01
8803	466	4.45393E+01
8715	560	4.45422E+01
1273	732	4.45509E+01
8803	425	4.45543E+01
8649	285	4.45717E+01
8627	560	4.45780E+01
8737	284	4.46549E+01
8649	284	4.47627E+01
8737	286	4.47747E+01
1252	328	4.47932E+01
8803	559	4.48004E+01
1294	332	4.48553E+01
8715	425	4.48688E+01
8627	561	4.48790E+01
8715	466	4.48838E+01
8649	286	4.48864E+01
1255	472	4.49003E+01
1294	370	4.49264E+01
1273	277	4.49389E+01
8715	561	4.49404E+01
8715	559	4.49896E+01
1252	278	4.50280E+01
8627	425	4.50426E+01
8825	283	4.50583E+01
1273	638	4.50599E+01
1252	372	4.50772E+01
8627	466	4.50796E+01
1273	680	4.50827E+01
1252	230	4.51040E+01
8627	559	4.51173E+01
8803	561	4.51197E+01
1252	369	4.52224E+01
1255	467	4.52814E+01
1294	369	4.52844E+01
1294	371	4.53502E+01
8737	283	4.53744E+01
1255	561	4.54131E+01
8649	283	4.54794E+01
1255	562	4.56226E+01
1252	286	4.58135E+01
8627	472	4.58605E+01
1273	229	4.59088E+01
1273	722	4.59329E+01
1255	560	4.59339E+01
8627	562	4.59467E+01
8803	558	4.60020E+01
8825	333	4.60399E+01
8715	472	4.60854E+01
1294	327	4.61034E+01
8715	562	4.61100E+01
1294	229	4.61204E+01
1252	421	4.61309E+01
8803	284	4.61926E+01
8825	334	4.62035E+01
8715	284	4.62113E+01
1255	374	4.62147E+01
8627	284	4.62283E+01
1273	596	4.62585E+01
1294	277	4.62665E+01
1252	422	4.62729E+01
1273	649	4.63197E+01
8825	282	4.63454E+01
8715	558	4.63585E+01
8803	333	4.63628E+01
8737	333	4.63813E+01
1252	334	4.63924E+01
1294	285	4.63972E+01
1273	807	4.64128E+01
1294	368	4.64673E+01
8715	333	4.64822E+01
8803	562	4.64878E+01
8649	333	4.64953E+01
1255	563	4.64996E+01
1294	372	4.65136E+01
8825	332	4.65297E+01
1252	373	4.65407E+01
8737	334	4.65408E+01
8803	472	4.65495E+01
8627	333	4.65515E+01
1294	333	4.65577E+01
8627	558	4.65721E+01
1273	564	4.66342E+01
1273	367	4.66447E+01
8737	282	4.66460E+01
8649	334	4.66481E+01
1294	421	4.66880E+01
8649	282	4.67475E+01
1255	473	4.68680E+01
8737	332	4.68722E+01
1252	420	4.68869E+01
8825	234	4.69044E+01
1252	368	4.69258E+01
8715	604	4.69854E+01
8649	332	4.69916E+01
8825	335	4.69936E+01
8627	604	4.69956E+01
1294	420	4.70042E+01
1252	327	4.70203E+01
8803	604	4.70619E+01
8803	603	4.70893E+01
8737	234	4.71552E+01
1294	422	4.72294E+01
8649	234	4.72345E+01
8715	603	4.72491E+01
1255	559	4.72522E+01
1252	423	4.72651E+01
1273	691	4.72683E+01
8803	465	4.73112E+01
8737	335	4.73241E+01
1273	608	4.73325E+01
8627	603	4.73794E+01
1273	764	4.73890E+01
8649	335	4.74234E+01
8627	605	4.74258E+01
8715	605	4.75415E+01
1255	425	4.75824E+01
1252	277	4.76414E+01
8803	373	4.76545E+01
1255	605	4.76964E+01
8825	331	4.77050E+01
8627	563	4.77123E+01
1252	229	4.77366E+01
1255	466	4.77574E+01
8715	465	4.77586E+01
1255	606	4.77770E+01
1255	284	4.78250E+01
8803	605	4.78658E+01
8715	373	4.78989E+01
8715	563	4.79814E+01
1252	462	4.79846E+01
1255	564	4.79876E+01
8627	465	4.80085E+01
1273	459	4.80222E+01
8627	373	4.80349E+01
8803	602	4.80389E+01
8737	331	4.80458E+01
1273	473	4.80950E+01
8825	373	4.81374E+01
1252	461	4.81466E+01
8649	331	4.81691E+01
8803	424	4.82021E+01
8803	557	4.82143E+01
8825	281	4.82196E+01
1294	419	4.82204E+01
1255	604	4.83083E+01
1294	373	4.83786E+01
8825	336	4.83863E+01
8715	602	4.84218E+01
8825	372	4.84380E+01
1255	333	4.84436E+01
8737	373	4.84765E+01
1255	607	4.84825E+01
8737	281	4.85030E+01
1294	367	4.85127E+01
1294	461	4.85146E+01
8627	473	4.85309E+01
8803	563	4.85658E+01
1294	326	4.85739E+01
8715	424	4.85749E+01
1294	423	4.85820E+01
1252	419	4.85842E+01
8627	606	4.85870E+01
8649	373	4.85922E+01
8649	281	4.86003E+01
8825	374	4.86054E+01
8627	602	4.86653E+01
1294	462	4.86892E+01
1252	374	4.86973E+01
8737	336	4.87072E+01
1294	286	4.87170E+01
8715	557	4.87250E+01
1252	463	4.87560E+01
8627	424	4.87806E+01
8649	336	4.87971E+01
8737	372	4.88035E+01
1252	335	4.88302E+01
8715	606	4.88335E+01
8715	473	4.88384E+01
1294	334	4.88414E+01
1273	326	4.88448E+01
1294	228	4.88471E+01
8737	374	4.89129E+01
8649	372	4.89377E+01
8649	374	4.90076E+01
8627	557	4.90180E+01
1294	276	4.90441E+01
1252	424	4.90604E+01
8715	645	4.90646E+01
1273	418	4.90705E+01
8627	645	4.90805E+01
8825	233	4.90900E+01
8803	645	4.91764E+01
8803	644	4.92500E+01
1294	460	4.92690E+01
1273	551	4.92838E+01
1252	460	4.92907E+01
8737	233	4.93182E+01
8627	646	4.93600E+01
1273	806	4.93657E+01
8649	233	4.93901E+01
8803	606	4.94151E+01
8715	644	4.94298E+01
1255	558	4.94371E+01
1255	647	4.94604E+01
8803	473	4.94621E+01
8715	646	4.94973E+01
1252	367	4.95231E+01
8825	371	4.95502E+01
8627	644	4.95925E+01
8825	330	4.96058E+01
1273	679	4.96285E+01
1255	603	4.96876E+01
1294	463	4.97457E+01
1255	608	4.97550E+01
1255	648	4.97556E+01
1255	646	4.97604E+01
8825	375	4.98048E+01
1252	553	4.98400E+01
1273	650	4.98671E+01
8803	646	4.99128E+01
8737	371	4.99366E+01
8737	330	4.99417E+01
1252	554	4.99511E+01
8803	601	5.00040E+01
1255	565	5.00375E+01
1273	721	5.00566E+01
1252	326	5.00657E+01
8649	330	5.00675E+01
8737	375	5.00757E+01
8649	371	5.00867E+01
8627	564	5.01146E+01
8649	375	5.01468E+01
1273	637	5.02133E+01
8803	643	5.02326E+01
1294	553	5.02649E+01
8627	647	5.03439E+01
8825	337	5.03596E+01
1255	373	5.03675E+01
1294	418	5.03686E+01
8825	423	5.03841E+01
8627	607	5.04046E+01
1252	464	5.04080E+01
8715	564	5.04931E+01
8825	424	5.04988E+01
1255	649	5.05861E+01
8715	601	5.05948E+01
1294	554	5.05952E+01
8715	647	5.06396E+01
8737	337	5.06685E+01
8715	643	5.06894E+01
1294	424	5.07006E+01
8825	280	5.07225E+01
1255	645	5.07244E+01
1252	552	5.07421E+01
8803	283	5.07455E+01
8649	337	5.07478E+01
8737	423	5.07525E+01
8715	283	5.07597E+01
8627	283	5.07768E+01
8715	607	5.07861E+01
8737	424	5.08033E+01
1255	689	5.08061E+01
8627	687	5.08438E+01
8715	686	5.08454E+01
1294	552	5.08814E+01
8649	423	5.08920E+01
8649	424	5.09050E+01
8803	686	5.09087E+01
1294	374	5.09114E+01
8627	686	5.09141E+01
8627	601	5.09438E+01
8715	687	5.09532E+01
8737	280	5.09872E+01
1252	276	5.09875E+01
1294	459	5.09894E+01
8627	643	5.09915E+01
1252	228	5.09962E+01
1252	555	5.10216E+01
8803	332	5.10563E+01
1255	690	5.10591E+01
1255	688	5.10691E+01
8649	280	5.10796E+01
8803	464	5.11322E+01
1255	465	5.11597E+01
8825	422	5.11772E+01
8715	332	5.11818E+01
1273	565	5.11957E+01
8803	685	5.12447E+01
1273	763	5.12531E+01
1252	418	5.12541E+01
8627	332	5.12569E+01
8803	564	5.12907E+01
8803	647	5.13687E+01
8803	687	5.13719E+01
1273	276	5.13820E+01
1294	366	5.14430E+01
1252	459	5.14538E+01
8627	688	5.14632E+01
8825	425	5.14700E+01
1273	609	5.14937E+01
8803	556	5.15144E+01
1252	375	5.15152E+01
8825	370	5.15224E+01
8715	685	5.15240E+01
1255	609	5.15444E+01
8737	422	5.16008E+01
1255	424	5.16100E+01
1252	425	5.16149E+01
1252	597	5.16318E+01
1294	464	5.16333E+01
8803	607	5.16333E+01
8715	464	5.16717E+01
1294	335	5.16844E+01
8737	425	5.17023E+01
8825	376	5.17024E+01
1252	598	5.17325E+01
1255	731	5.17407E+01
8715	688	5.17563E+01
8649	425	5.17621E+01
8627	685	5.17639E+01
8649	422	5.17737E+01
1255	691	5.17749E+01
1255	732	5.17971E+01
8825	232	5.18000E+01
1294	555	5.18209E+01
1252	336	5.18218E+01
1294	325	5.18599E+01
1255	650	5.18999E+01
1255	687	5.19098E+01
1255	602	5.19140E+01
8737	370	5.19240E+01
8737	376	5.19318E+01
8627	648	5.19549E+01
8627	464	5.19702E+01
8649	376	5.19770E+01
1273	228	5.20026E+01
8737	232	5.20045E+01
1294	597	5.20449E+01
8649	232	5.20686E+01
8649	370	5.20871E+01
1255	730	5.21379E+01
8627	728	5.21562E+01
8715	556	5.21653E+01
8715	728	5.21765E+01
1294	227	5.22042E+01
1273	595	5.22119E+01
8803	642	5.22285E+01
1294	598	5.22448E+01
8825	329	5.22793E+01
8627	729	5.22846E+01
1255	283	5.23697E+01
8715	648	5.24133E+01
1255	644	5.24302E+01
8803	727	5.24424E+01
1255	773	5.24735E+01
8803	684	5.24837E+01
1294	551	5.24844E+01
8803	372	5.24861E+01
8803	728	5.24862E+01
8715	729	5.25107E+01
8627	556	5.25305E+01
8715	727	5.25344E+01
8803	688	5.25406E+01
1294	275	5.25542E+01
1255	557	5.25582E+01
1252	596	5.25644E+01
8737	329	5.26070E+01
8825	463	5.26106E+01
1294	142	5.26477E+01
8825	464	5.26762E+01
8627	689	5.26930E+01
1252	551	5.26982E+01
8627	727	5.27142E+01
8649	329	5.27337E+01
8715	372	5.27544E+01
1294	596	5.27972E+01
1252	599	5.28078E+01
8627	608	5.28148E+01
8803	423	5.28460E+01
1252	465	5.28881E+01
8825	338	5.28941E+01
8627	372	5.29050E+01
8825	421	5.29327E+01
8715	642	5.29452E+01
8737	464	5.29636E+01
1252	556	5.29924E+01
8737	463	5.30047E+01
8627	730	5.30179E+01
1252	366	5.30350E+01
1255	729	5.30435E+01
8649	464	5.30656E+01
8803	600	5.30781E+01
8715	684	5.30896E+01
1273	805	5.30969E+01
8627	565	5.31001E+01
1255	772	5.31012E+01
8627	770	5.31383E+01
8649	463	5.31662E+01
8715	689	5.31741E+01
8737	338	5.31883E+01
8803	726	5.31984E+01
1255	332	5.32048E+01
8715	770	5.32255E+01
8803	729	5.32331E+01
8825	426	5.32521E+01
8649	338	5.32557E+01
8715	423	5.32695E+01
8627	771	5.33001E+01
1252	639	5.33336E+01
8715	608	5.33350E+01
1294	599	5.33418E+01
8627	642	5.33779E+01
1255	686	5.33978E+01
8737	421	5.34024E+01
8737	426	5.34041E+01
8649	426	5.34180E+01
8715	769	5.34483E+01
8715	730	5.34545E+01
1294	417	5.34617E+01
8803	648	5.34642E+01
1252	638	5.34820E+01
8627	684	5.34926E+01
8627	423	5.35032E+01
8803	769	5.35218E+01
1294	425	5.35434E+01
8825	462	5.35569E+01
8627	769	5.35860E+01
8715	565	5.35910E+01
8649	421	5.36041E+01
8715	771	5.36172E+01
8715	726	5.36783E+01
1273	366	5.36913E+01
8825	465	5.36934E+01
1294	458	5.36946E+01
8803	770	5.37526E+01
1294	639	5.37630E+01
8627	812	5.38469E+01
8715	600	5.38596E+01
8737	465	5.38617E+01
1294	556	5.38855E+01
8649	465	5.38980E+01
8825	279	5.39034E+01
1294	638	5.39227E+01
8627	813	5.39351E+01
1252	325	5.39491E+01
8715	812	5.39652E+01
8627	772	5.39984E+01
8803	768	5.40020E+01
8737	462	5.40447E+01
8627	726	5.40507E+01
1294	375	5.40817E+01
8627	649	5.41266E+01
8737	279	5.41473E+01
1252	640	5.41642E+01
8715	811	5.41779E+01
1255	771	5.41819E+01
1255	814	5.41848E+01
8649	279	5.42340E+01
8649	462	5.42591E+01
8825	377	5.42685E+01
8627	731	5.42849E+01
1294	465	5.43019E+01
8715	813	5.43033E+01
8627	811	5.43054E+01
8627	600	5.43055E+01
8803	689	5.43323E+01
8803	811	5.43682E+01
8715	768	5.43705E+01
8825	369	5.44054E+01
8737	377	5.44518E+01
8803	608	5.44545E+01
8627	690	5.44638E+01
8649	377	5.44686E+01
1294	640	5.44915E+01
8627	814	5.45039E+01
1255	728	5.45195E+01
1294	595	5.45424E+01
8715	772	5.45490E+01
1252	595	5.45729E+01
8803	730	5.45978E+01
8803	771	5.46067E+01
8803	565	5.46080E+01
1252	458	5.46535E+01
8803	812	5.46535E+01
8825	555	5.46701E+01
1252	637	5.46721E+01
8803	810	5.47201E+01
8627	768	5.47266E+01
8803	683	5.47372E+01
8715	649	5.47512E+01
1252	600	5.47903E+01
8737	369	5.48164E+01
8803	725	5.48619E+01
1252	426	5.48900E+01
1252	227	5.49023E+01
1252	417	5.49074E+01
1252	680	5.49151E+01
8715	731	5.49355E+01
1255	643	5.49625E+01
1252	376	5.49653E+01
8649	369	5.49897E+01
8737	555	5.50085E+01
8715	810	5.50181E+01
1294	637	5.50278E+01
1273	458	5.50310E+01
1294	336	5.50666E+01
1255	601	5.50692E+01
8825	231	5.50812E+01
1252	275	5.50844E+01
1294	550	5.50943E+01
8825	554	5.51067E+01
8715	814	5.51250E+01
8715	690	5.51364E+01
8649	555	5.51504E+01
8627	773	5.51690E+01
1273	720	5.52064E+01
1294	365	5.52571E+01
8737	231	5.52608E+01
1273	678	5.52663E+01
1294	600	5.52731E+01
8825	556	5.52873E+01
8803	767	5.52935E+01
1252	681	5.53033E+01
8649	231	5.53168E+01
8803	641	5.53444E+01
1252	337	5.53478E+01
1255	372	5.53766E+01
8627	810	5.53859E+01
1294	680	5.54053E+01
8737	556	5.54592E+01
8803	813	5.54968E+01
1255	813	5.54982E+01
1252	679	5.55025E+01
8649	556	5.55116E+01
1252	142	5.55233E+01
1255	464	5.55475E+01
8825	461	5.55748E+01
1294	681	5.55881E+01
8737	554	5.55942E+01
8825	466	5.56052E+01
8649	466	5.56075E+01
1255	685	5.56117E+01
8737	466	5.56427E+01
8715	683	5.56508E+01
8825	420	5.57038E+01
8715	725	5.57123E+01
1252	550	5.57280E+01
8627	609	5.57629E+01
1255	770	5.57715E+01
8825	328	5.57761E+01
8803	809	5.58005E+01
1252	557	5.58032E+01
8825	427	5.58044E+01
8649	554	5.58168E+01
8649	427	5.58326E+01
8737	427	5.58684E+01
1252	641	5.58993E+01
8803	282	5.59379E+01
8715	282	5.59464E+01
8715	773	5.59559E+01
1294	324	5.59574E+01
8627	282	5.59633E+01
8803	555	5.59801E+01
8803	772	5.60074E+01
8627	732	5.60234E+01
1294	641	5.60402E+01
1273	762	5.60605E+01
8803	463	5.60697E+01
8715	767	5.60885E+01
8737	328	5.60921E+01
1294	679	5.60940E+01
1273	325	5.61009E+01
8803	649	5.61305E+01
8737	461	5.61424E+01
1252	466	5.61474E+01
1294	226	5.61928E+01
8627	683	5.62071E+01
8737	420	5.62100E+01
8649	328	5.62182E+01
1273	550	5.62192E+01
8627	725	5.62682E+01
8715	641	5.63012E+01
1294	141	5.63132E+01
8649	461	5.64028E+01
1273	417	5.64246E+01
8715	609	5.64247E+01
8649	420	5.64359E+01
1273	636	5.64970E+01
1252	722	5.65014E+01
8803	731	5.65059E+01
8803	331	5.65395E+01
1294	682	5.65722E+01
8715	809	5.65736E+01
1255	423	5.65880E+01
1252	682	5.65885E+01
1255	727	5.66363E+01
8627	767	5.66548E+01
8825	553	5.66649E+01
8715	331	5.66688E+01
8803	690	5.66748E+01
1255	556	5.66857E+01
8715	463	5.66898E+01
1252	721	5.67004E+01
8627	691	5.67152E+01
1294	557	5.67323E+01
8627	331	5.67484E+01
8715	555	5.67559E+01
8825	599	5.67812E+01
1294	274	5.67923E+01
8627	650	5.68010E+01
8803	814	5.68282E+01
8649	557	5.68327E+01
8627	641	5.68544E+01
8737	557	5.68779E+01
8825	557	5.68887E+01
8715	732	5.68907E+01
1252	636	5.69455E+01
1294	722	5.69813E+01
8825	598	5.69887E+01
8627	463	5.70313E+01
8737	599	5.70702E+01
1294	426	5.70734E+01
1294	636	5.71171E+01
1252	678	5.71282E+01
8627	809	5.71744E+01
8627	555	5.71857E+01
1252	723	5.71900E+01
8649	599	5.72008E+01
1255	812	5.72698E+01
8737	553	5.72829E+01
1294	723	5.72831E+01
1294	594	5.72986E+01
8803	599	5.73531E+01
1294	457	5.73775E+01
1252	365	5.74568E+01
1294	721	5.74601E+01
8825	378	5.74770E+01
1294	416	5.74861E+01
8737	598	5.74861E+01
8803	766	5.75075E+01
1255	282	5.75445E+01
8803	724	5.75495E+01
8649	553	5.75767E+01
8715	691	5.75820E+01
8715	650	5.75948E+01
8649	378	5.75958E+01
8737	378	5.76095E+01
1252	601	5.76097E+01
8825	600	5.76583E+01
1252	594	5.76754E+01
1273	804	5.76821E+01
1294	466	5.77049E+01
1294	678	5.77098E+01
8803	808	5.77133E+01
8737	600	5.77170E+01
8649	600	5.77265E+01
8649	598	5.77267E+01
8825	278	5.78137E+01
8803	609	5.78224E+01
1294	376	5.78615E+01
1252	720	5.78651E+01
8803	773	5.78876E+01
1255	769	5.79324E+01
1294	601	5.79733E+01
1252	764	5.80267E+01
1252	763	5.80317E+01
8737	278	5.80350E+01
8649	278	5.81152E+01
8803	682	5.81215E+01
8649	467	5.81414E+01
8825	368	5.82470E+01
8737	467	5.82538E+01
8803	371	5.82593E+01
1294	683	5.82812E+01
1294	724	5.82889E+01
8715	599	5.83064E+01
1294	642	5.83365E+01
8825	467	5.83580E+01
8825	597	5.83591E+01
1255	642	5.84106E+01
1252	642	5.84594E+01
1294	764	5.85435E+01
8715	371	5.85466E+01
8803	422	5.85489E+01
1255	684	5.86385E+01
1273	275	5.86541E+01
8737	368	5.86611E+01
1252	324	5.86623E+01
1252	724	5.86779E+01
1252	683	5.86846E+01
1294	549	5.87042E+01
8627	371	5.87096E+01
8715	766	5.87098E+01
8825	460	5.87165E+01
8825	640	5.87225E+01
1255	331	5.87384E+01
8715	724	5.87492E+01
1294	765	5.87858E+01
1294	720	5.87871E+01
1252	765	5.88120E+01
1273	227	5.88213E+01
8627	599	5.88396E+01
8649	368	5.88415E+01
1252	427	5.88505E+01
1252	457	5.88794E+01
8803	732	5.88927E+01
1252	762	5.89137E+01
8715	808	5.89442E+01
8825	639	5.89548E+01
8649	428	5.89685E+01
1294	337	5.89690E+01
8825	230	5.89821E+01
1294	763	5.89863E+01
8737	640	5.90007E+01
8715	422	5.90152E+01
1252	377	5.90214E+01
8737	597	5.90408E+01
8649	558	5.90462E+01
8737	428	5.90578E+01
8825	428	5.90890E+01
8737	230	5.91356E+01
8649	640	5.91447E+01
8649	230	5.91829E+01
8737	558	5.91967E+01
8649	601	5.92238E+01
1255	600	5.92355E+01
8627	422	5.92732E+01
1273	594	5.92969E+01
8803	650	5.93080E+01
8715	682	5.93203E+01
8737	601	5.93456E+01
8737	460	5.93494E+01
1252	805	5.93734E+01
8649	597	5.93793E+01
1252	338	5.93910E+01
1252	558	5.93947E+01
1252	806	5.94025E+01
8825	552	5.94042E+01
8825	558	5.94051E+01
1252	226	5.94525E+01
1255	726	5.94729E+01
8627	766	5.94760E+01
8627	724	5.94775E+01
8737	639	5.95002E+01
8803	691	5.95056E+01
1252	416	5.95261E+01
8825	419	5.95356E+01
8825	601	5.95368E+01
1255	811	5.95560E+01
8649	641	5.95721E+01
8737	641	5.95803E+01
8825	641	5.95957E+01
1294	766	5.96367E+01
8649	460	5.96483E+01
8803	640	5.96863E+01
1252	141	5.96942E+01
8627	808	5.97686E+01
8649	639	5.97830E+01
1252	549	5.98216E+01
1252	677	5.98298E+01
1294	725	5.99203E+01
1294	364	5.99228E+01
1252	274	5.99230E+01
8627	682	6.00182E+01
1252	719	6.00541E+01
8737	419	6.00682E+01
1294	806	6.01103E+01
1252	807	6.01269E+01
1252	804	6.01271E+01
8737	552	6.01325E+01
1252	467	6.01400E+01
8825	327	6.01435E+01
8627	234	6.01622E+01
1294	807	6.01682E+01
1294	762	6.01870E+01
8715	234	6.01879E+01
1294	635	6.02033E+01
8803	234	6.02662E+01
1294	677	6.02858E+01
1252	766	6.02975E+01
1294	558	6.03054E+01
8649	419	6.03130E+01
1252	635	6.03156E+01
1273	142	6.03235E+01
8825	638	6.03819E+01
8737	327	6.04441E+01
1294	140	6.04720E+01
8825	681	6.04871E+01
8649	552	6.04873E+01
8649	327	6.05677E+01
8803	807	6.05730E+01
1294	684	6.06374E+01
1294	805	6.06469E+01
1255	768	6.07354E+01
1252	761	6.07454E+01
1294	808	6.07487E+01
8803	765	6.07645E+01
1294	225	6.07882E+01
8737	681	6.08213E+01
1294	323	6.08299E+01
8715	640	6.08606E+01
1252	725	6.08751E+01
8825	596	6.09592E+01
8825	680	6.09637E+01
8649	642	6.09735E+01
1255	463	6.09844E+01
1294	719	6.10118E+01
8649	681	6.10172E+01
1294	767	6.10217E+01
1294	593	6.10548E+01
8737	682	6.11135E+01
8649	682	6.11286E+01
8825	682	6.11321E+01
8737	642	6.11459E+01
8737	638	6.11649E+01
1252	602	6.11948E+01
1294	427	6.12571E+01
1255	371	6.12962E+01
8825	379	6.13052E+01
1294	643	6.13066E+01
8649	379	6.13361E+01
1294	602	6.13763E+01
8737	379	6.13826E+01
8803	723	6.13839E+01
1273	719	6.14185E+01
8649	468	6.14486E+01
1252	808	6.14602E+01
8825	642	6.14779E+01
1255	234	6.14842E+01
1252	684	6.15048E+01
8627	640	6.15228E+01
8649	638	6.15713E+01
8649	602	6.16116E+01
8737	680	6.16198E+01
8737	468	6.16434E+01
8803	554	6.16882E+01
1273	365	6.16969E+01
1294	273	6.17212E+01
1252	803	6.17441E+01
1252	643	6.17634E+01
1294	809	6.17838E+01
1294	467	6.17986E+01
8737	596	6.17991E+01
8803	281	6.18176E+01
8715	281	6.18194E+01
8627	281	6.18354E+01
1294	804	6.18499E+01
1252	593	6.18581E+01
1273	761	6.18637E+01
8737	602	6.18737E+01
1255	555	6.18904E+01
8825	468	6.18998E+01
8649	680	6.19806E+01
1294	456	6.19988E+01
1273	677	6.20097E+01
8649	559	6.20856E+01
1294	726	6.21015E+01
8825	722	6.21868E+01
8803	462	6.21927E+01
1294	761	6.22059E+01
8649	683	6.22140E+01
8649	596	6.22220E+01
1294	377	6.22257E+01
8715	807	6.22398E+01
8825	602	6.23326E+01
8737	559	6.23483E+01
8715	765	6.23501E+01
8737	683	6.23935E+01
1294	415	6.23951E+01
1252	767	6.23958E+01
1255	810	6.24200E+01
8825	723	6.24223E+01
8737	723	6.24945E+01
8825	277	6.25002E+01
1255	683	6.25709E+01
8715	554	6.25726E+01
1255	422	6.25765E+01
8649	723	6.25853E+01
8825	679	6.26593E+01
8737	722	6.26643E+01
8737	277	6.26968E+01
1252	364	6.27507E+01
8803	681	6.27531E+01
8825	559	6.27679E+01
8649	277	6.27695E+01
8649	429	6.27898E+01
8825	683	6.27914E+01
1255	641	6.28653E+01
8803	330	6.28689E+01
1294	768	6.28706E+01
8715	462	6.28814E+01
8715	723	6.29072E+01
8803	598	6.29178E+01
8737	429	6.29360E+01
8649	722	6.29606E+01
8715	330	6.29994E+01
8825	459	6.30180E+01
8627	554	6.30587E+01
8825	429	6.30695E+01
8825	637	6.30765E+01
8825	367	6.30821E+01
8627	330	6.30823E+01
8825	721	6.30880E+01
1273	457	6.30972E+01
1255	725	6.31171E+01
1273	803	6.31837E+01
8649	724	6.31868E+01
1294	810	6.32100E+01
8649	643	6.32554E+01
8627	462	6.32597E+01
1294	548	6.32745E+01
8627	807	6.32760E+01
1252	718	6.32965E+01
8627	765	6.33037E+01
8737	724	6.33172E+01
1252	809	6.33206E+01
8825	551	6.33660E+01
1294	338	6.33750E+01
1255	281	6.33969E+01
1252	428	6.34638E+01
8737	367	6.34927E+01
8825	229	6.35460E+01
1294	685	6.35656E+01
1252	760	6.35763E+01
8737	679	6.36017E+01
8737	643	6.36022E+01
1252	676	6.36126E+01
1252	378	6.36606E+01
8825	764	6.36676E+01
8737	229	6.36723E+01
8649	367	6.36769E+01
8825	724	6.36805E+01
1252	726	6.36948E+01
8737	459	6.37005E+01
1252	559	6.37080E+01
8649	229	6.37104E+01
1294	803	6.37842E+01
8627	723	6.37947E+01
1294	676	6.38265E+01
1273	635	6.38973E+01
1294	568	6.39079E+01
8737	721	6.39348E+01
8737	764	6.39396E+01
8825	763	6.39835E+01
8715	598	6.40220E+01
8649	459	6.40301E+01
8737	637	6.40644E+01
1252	456	6.40866E+01
8649	679	6.41093E+01
1294	718	6.41584E+01
8649	765	6.41586E+01
1252	323	6.41628E+01
8649	764	6.41652E+01
8649	684	6.41710E+01
8737	765	6.41761E+01
8737	551	6.41832E+01
8715	681	6.42108E+01
1273	324	6.42374E+01
1273	549	6.42409E+01
1255	767	6.42604E+01
1294	634	6.42679E+01
8825	643	6.42710E+01
1252	802	6.42876E+01
1252	140	6.43646E+01
8825	765	6.43874E+01
8649	721	6.44180E+01
8825	418	6.44554E+01
1255	599	6.44935E+01
8803	806	6.45027E+01
1294	559	6.45493E+01
8737	684	6.45567E+01
8649	637	6.45778E+01
8649	551	6.45882E+01
1252	225	6.46169E+01
8627	598	6.46319E+01
8649	725	6.46565E+01
8737	763	6.47042E+01
1252	634	6.47612E+01
1294	727	6.47615E+01
1273	416	6.47752E+01
8649	603	6.48085E+01
1252	468	6.48209E+01
8825	595	6.48334E+01
1294	644	6.48782E+01
1252	548	6.49341E+01
1252	685	6.49646E+01
1294	811	6.49693E+01
8737	418	6.50037E+01
8737	725	6.50213E+01
8649	766	6.50242E+01
1252	768	6.50249E+01
8803	370	6.50369E+01
8627	681	6.50369E+01
1252	415	6.50577E+01
8825	805	6.50706E+01
1294	760	6.50828E+01
1294	139	6.50835E+01
1255	330	6.50998E+01
1294	769	6.51185E+01
8825	806	6.51486E+01
8649	763	6.51548E+01
8803	764	6.51911E+01
8737	806	6.52145E+01
8737	603	6.52188E+01
8825	720	6.52264E+01
8649	418	6.52622E+01
8737	766	6.52996E+01
8715	370	6.53383E+01
8803	639	6.53550E+01
8825	684	6.53563E+01
1294	363	6.53733E+01
8803	421	6.53758E+01
8649	806	6.53774E+01
8825	326	6.54150E+01
1294	603	6.54159E+01
8825	762	6.54512E+01
1252	568	6.54563E+01
1252	273	6.54602E+01
1252	603	6.54741E+01
8649	469	6.54773E+01
8627	370	6.55112E+01
8649	807	6.55566E+01
1252	810	6.56324E+01
8825	678	6.56493E+01
8737	805	6.56577E+01
8649	380	6.56693E+01
8737	807	6.56701E+01
8737	326	6.56964E+01
1252	644	6.57317E+01
8825	380	6.57330E+01
8737	380	6.57508E+01
8737	469	6.57593E+01
1294	592	6.57665E+01
8737	595	6.58034E+01
8649	326	6.58158E+01
8825	725	6.58450E+01
8715	421	6.58766E+01
8649	560	6.58833E+01
1255	809	6.59336E+01
1294	224	6.59360E+01
8627	233	6.59468E+01
8825	603	6.59611E+01
8715	233	6.59755E+01
8825	766	6.60224E+01
8825	804	6.60453E+01
1294	428	6.60633E+01
8803	233	6.60642E+01
8649	805	6.60800E+01
8627	421	6.61547E+01
8825	807	6.61575E+01
8825	469	6.61774E+01
8737	560	6.62644E+01
8649	595	6.62965E+01
8649	644	6.63252E+01
1273	226	6.63419E+01
8737	720	6.64005E+01
1294	322	6.64050E+01
8803	722	6.64883E+01
1294	802	6.64995E+01
8649	808	6.65086E+01
1294	468	6.65404E+01
8715	806	6.65780E+01
8737	762	6.65788E+01
8649	767	6.66542E+01
1273	274	6.67209E+01
8715	639	6.67213E+01
8737	678	6.68383E+01
8737	644	6.68554E+01
8649	726	6.68900E+01
8649	685	6.68997E+01
8825	560	6.69077E+01
8737	808	6.69122E+01
1294	686	6.69948E+01
1294	812	6.70095E+01
8649	720	6.70491E+01
1252	727	6.70558E+01
1252	592	6.70709E+01
8825	636	6.70838E+01
8737	804	6.71136E+01
8715	764	6.71306E+01
1273	141	6.71446E+01
1294	378	6.71522E+01
8737	767	6.71995E+01
1255	233	6.72139E+01
8649	762	6.72328E+01
8649	430	6.72609E+01
1294	272	6.72687E+01
1252	759	6.74238E+01
8737	430	6.74675E+01
1273	593	6.74691E+01
8649	678	6.74722E+01
8627	639	6.74797E+01
1294	455	6.74837E+01
8737	726	6.74998E+01
8737	685	6.75013E+01
1255	682	6.75047E+01
1255	462	6.75345E+01
1252	717	6.75869E+01
1255	724	6.76631E+01
1294	770	6.77063E+01
8825	430	6.77099E+01
8649	804	6.77743E+01
1252	801	6.77939E+01
8627	806	6.78115E+01
1294	728	6.78347E+01
8825	644	6.78780E+01
8825	808	6.79782E+01
8825	276	6.79953E+01
1294	414	6.81062E+01
1252	769	6.81092E+01
8649	809	6.81310E+01
8737	276	6.81650E+01
8825	761	6.81686E+01
8825	803	6.81856E+01
1255	370	6.81876E+01
1294	717	6.82203E+01
8649	276	6.82294E+01
8737	636	6.82410E+01
1255	554	6.82417E+01
8627	764	6.82563E+01
1294	675	6.83035E+01
8715	722	6.83050E+01
1252	811	6.83266E+01
1255	640	6.84162E+01
8715	280	6.84381E+01
8803	280	6.84442E+01
1252	675	6.84454E+01
8627	280	6.84528E+01
8825	767	6.84561E+01
8825	458	6.84891E+01
8825	550	6.85635E+01
1255	766	6.85952E+01
8825	719	6.86751E+01
1252	560	6.86837E+01
1273	760	6.86847E+01
1273	718	6.86932E+01
1252	429	6.86979E+01
8803	553	6.87093E+01
8825	685	6.87212E+01
1294	547	6.87304E+01
8649	604	6.87333E+01
8803	680	6.87425E+01
8825	228	6.88037E+01
8825	726	6.88042E+01
1294	759	6.88293E+01
8737	809	6.88352E+01
1252	363	6.88429E+01
8649	636	6.88432E+01
1252	379	6.88635E+01
8737	228	6.89014E+01
8825	366	6.89226E+01
8649	228	6.89300E+01
8649	768	6.89479E+01
1294	645	6.89816E+01
1252	686	6.89843E+01
8737	458	6.92051E+01
1294	633	6.92585E+01
1294	813	6.92841E+01
8737	604	6.92990E+01
8737	366	6.93228E+01
8627	722	6.93360E+01
1294	567	6.93887E+01
1294	560	6.94082E+01
8737	550	6.94472E+01
1252	139	6.94889E+01
8649	366	6.95076E+01
8649	458	6.95571E+01
8803	461	6.95649E+01
8803	805	6.96302E+01
1255	421	6.96375E+01
1273	802	6.96396E+01
8737	761	6.96541E+01
8715	553	6.96846E+01
8737	803	6.96867E+01
8737	768	6.97726E+01
8649	727	6.97891E+01
1273	676	6.98332E+01
8803	597	6.98509E+01
8649	550	6.98908E+01
8825	677	6.99756E+01
1255	280	6.99857E+01
8825	594	6.99941E+01
1294	801	7.00219E+01
1294	604	7.00268E+01
1294	138	7.00837E+01
8649	645	7.00934E+01
8803	329	7.01091E+01
8737	719	7.01292E+01
1252	469	7.01439E+01
8649	470	7.01742E+01
1255	808	7.01774E+01
1252	455	7.01926E+01
8627	553	7.02182E+01
1252	633	7.02238E+01
8715	329	7.02381E+01
1252	645	7.02876E+01
8649	686	7.03054E+01
8715	461	7.03095E+01
8627	329	7.03231E+01
8649	810	7.03295E+01
1252	224	7.03346E+01
8825	604	7.03382E+01
8649	561	7.03709E+01
1252	322	7.03710E+01
1252	604	7.03772E+01
8715	680	7.04287E+01
8825	417	7.04635E+01
8649	761	7.04863E+01
8825	809	7.04993E+01
8737	470	7.05479E+01
8649	803	7.05607E+01
1294	771	7.05804E+01
1273	364	7.05917E+01
8737	727	7.06525E+01
8627	461	7.07182E+01
8737	645	7.08144E+01
1294	687	7.08592E+01
8737	561	7.08761E+01
1252	728	7.08832E+01
8803	763	7.09129E+01
8649	719	7.09188E+01
1255	598	7.09199E+01
1252	547	7.09828E+01
8737	417	7.10164E+01
8737	594	7.10645E+01
8715	597	7.10833E+01
8737	686	7.11308E+01
8825	470	7.11364E+01
1294	729	7.12613E+01
8649	417	7.12831E+01
1252	812	7.13410E+01
8737	810	7.13424E+01
1294	591	7.13544E+01
8737	677	7.13676E+01
8627	680	7.13676E+01
1252	414	7.14116E+01
1294	429	7.14610E+01
1294	362	7.15065E+01
1252	567	7.15215E+01
1294	223	7.15523E+01
1252	770	7.15796E+01
8825	768	7.15805E+01
8825	802	7.15816E+01
8825	325	7.15997E+01
8649	594	7.16127E+01
1252	272	7.16162E+01
1294	814	7.17531E+01
8825	561	7.17539E+01
8627	597	7.17584E+01
8649	769	7.18128E+01
8737	325	7.18579E+01
1294	469	7.18861E+01
8649	325	7.19712E+01
8715	805	7.20801E+01
8649	677	7.21057E+01
1273	456	7.21414E+01
8825	760	7.22014E+01
8825	645	7.22054E+01
1252	800	7.22650E+01
1252	758	7.22681E+01
8649	431	7.23460E+01
1255	329	7.23521E+01
1273	634	7.23601E+01
8627	232	7.23733E+01
8715	232	7.24051E+01
8825	635	7.24114E+01
8803	638	7.24379E+01
8825	727	7.24537E+01
8803	232	7.25047E+01
1294	321	7.25761E+01
8737	431	7.26161E+01
1294	379	7.26222E+01
8825	686	7.27862E+01
1252	716	7.28810E+01
8803	369	7.28812E+01
8737	769	7.29242E+01
8825	431	7.29736E+01
8803	721	7.29774E+01
8649	811	7.30188E+01
1294	716	7.31570E+01
8715	763	7.31714E+01
1273	323	7.31783E+01
8715	369	7.31915E+01
1255	723	7.32083E+01
1252	591	7.32262E+01
8649	728	7.32637E+01
1273	548	7.32687E+01
8649	605	7.33074E+01
1294	271	7.33287E+01
8627	369	7.33717E+01
8803	420	7.33847E+01
1294	758	7.34253E+01
8737	802	7.34585E+01
8825	718	7.34687E+01
1252	687	7.34903E+01
8627	805	7.34933E+01
1255	681	7.35346E+01
1294	646	7.35515E+01
1255	232	7.35800E+01
8825	810	7.36190E+01
1294	674	7.36542E+01
1294	772	7.36933E+01
8737	635	7.37002E+01
1294	454	7.37229E+01
1255	765	7.38339E+01
8715	420	7.39114E+01
8715	638	7.39679E+01
8737	760	7.39891E+01
8737	605	7.40343E+01
1273	415	7.40345E+01
1273	568	7.40714E+01
8627	420	7.42052E+01
1252	674	7.42583E+01
1252	561	7.42613E+01
8649	687	7.43008E+01
8825	275	7.43062E+01
8737	811	7.43463E+01
1294	800	7.43482E+01
8649	635	7.43720E+01
8737	728	7.43874E+01
8737	275	7.44470E+01
8627	763	7.44510E+01
8649	646	7.44760E+01
1273	140	7.44932E+01
8649	275	7.45020E+01
1294	413	7.45025E+01
1273	225	7.45069E+01
8649	802	7.45165E+01
1252	430	7.45208E+01
1252	380	7.46115E+01
1252	813	7.46209E+01
8825	227	7.47654E+01
8627	638	7.48080E+01
1294	561	7.48252E+01
8737	227	7.48335E+01
8649	227	7.48521E+01
1294	546	7.49639E+01
8649	760	7.49711E+01
8825	549	7.49726E+01
1294	730	7.49869E+01
1252	138	7.49970E+01
8715	721	7.50519E+01
1294	632	7.50883E+01
1294	688	7.50991E+01
8825	457	7.51043E+01
1252	729	7.51086E+01
1294	605	7.51460E+01
1255	639	7.51468E+01
8737	718	7.51506E+01
8649	770	7.51658E+01
1255	807	7.52385E+01
1255	461	7.52566E+01
8825	769	7.52966E+01
8737	687	7.53565E+01
1252	646	7.53593E+01
1252	771	7.53739E+01
8825	605	7.53819E+01
1294	137	7.53872E+01
8737	646	7.53940E+01
8649	562	7.54811E+01
8649	471	7.54862E+01
1273	273	7.55061E+01
1252	362	7.56227E+01
8825	676	7.56378E+01
1294	566	7.56466E+01
8825	365	7.57479E+01
1255	553	7.58021E+01
1252	605	7.58355E+01
8737	457	7.58371E+01
8715	279	7.58692E+01
8627	279	7.58819E+01
8803	279	7.58845E+01
8737	549	7.58996E+01
8737	471	7.59555E+01
8649	718	7.60547E+01
1252	470	7.60613E+01
8803	804	7.60787E+01
1255	369	7.61106E+01
8737	562	7.61152E+01
8649	812	7.61238E+01
8737	365	7.61310E+01
8803	679	7.61814E+01
8649	457	7.62032E+01
8627	721	7.62082E+01
8825	142	7.62264E+01
8649	142	7.62493E+01
8737	142	7.62509E+01
8825	801	7.62861E+01
8649	365	7.63128E+01
8649	549	7.63701E+01
8825	593	7.64131E+01
1273	759	7.65077E+01
1252	223	7.65144E+01
8737	770	7.65691E+01
1252	632	7.66070E+01
1273	592	7.66420E+01
8825	728	7.66979E+01
8825	471	7.67223E+01
1273	717	7.69903E+01
1294	773	7.70042E+01
1273	801	7.70542E+01
1252	454	7.70785E+01
8803	552	7.70975E+01
8825	646	7.71650E+01
1252	321	7.71718E+01
8737	676	7.71864E+01
8649	729	7.72324E+01
8825	562	7.72370E+01
8825	811	7.72456E+01
1255	279	7.73769E+01
1294	430	7.74192E+01
8825	687	7.74594E+01
8825	416	7.75246E+01
1294	222	7.75266E+01
8737	593	7.75531E+01
8825	759	7.75719E+01
1252	799	7.76648E+01
1294	590	7.77067E+01
8737	812	7.77698E+01
1294	470	7.77901E+01
1255	420	7.78256E+01
1252	546	7.78494E+01
8649	676	7.80051E+01
8649	432	7.80078E+01
8803	762	7.80424E+01
1252	757	7.80503E+01
8715	679	7.80620E+01
8737	416	7.80711E+01
1252	814	7.81190E+01
8649	593	7.81407E+01
8715	552	7.81452E+01
1294	361	7.81885E+01
8803	596	7.82118E+01
8803	460	7.82351E+01
1252	271	7.82767E+01
8803	328	7.83239E+01
8649	416	7.83402E+01
8737	432	7.83442E+01
1252	566	7.84086E+01
1252	688	7.84156E+01
8715	328	7.84485E+01
8649	606	7.84568E+01
1252	413	7.84614E+01
8737	801	7.84744E+01
1294	647	7.85286E+01
8627	328	7.85342E+01
1255	597	7.85821E+01
1294	380	7.86174E+01
8737	729	7.86216E+01
1273	675	7.86697E+01
8825	324	7.86723E+01
8627	552	7.87168E+01
8649	688	7.88068E+01
1294	757	7.88167E+01
8825	432	7.88226E+01
8715	804	7.88625E+01
1294	715	7.88939E+01
8737	324	7.89035E+01
8649	771	7.89326E+01
1294	731	7.89633E+01
8649	324	7.90088E+01
8715	460	7.90220E+01
8825	634	7.90228E+01
11444	338	7.90811E+01
1252	715	7.90959E+01
8627	679	7.90963E+01
11366	338	7.91043E+01
1294	320	7.92082E+01
8737	606	7.93498E+01
8649	647	7.93961E+01
1252	772	7.94372E+01
1294	799	7.94431E+01
8627	460	7.94543E+01
8627	231	7.95031E+01
8825	770	7.95155E+01
11444	337	7.95257E+01
8715	231	7.95382E+01
8715	596	7.95477E+01
11366	337	7.95523E+01
8649	813	7.95787E+01
8825	717	7.95949E+01
8737	759	7.96008E+01
8803	231	7.96495E+01
1294	689	7.96605E+01
1252	730	7.96701E+01
8649	801	7.96835E+01
1294	270	7.97681E+01
1294	673	7.97820E+01
1255	722	7.98485E+01
1255	764	8.00727E+01
8737	688	8.00978E+01
1252	590	8.02010E+01
1273	363	8.02640E+01
8627	596	8.02755E+01
1252	562	8.03811E+01
8737	634	8.04043E+01
8627	804	8.04342E+01
8737	647	8.05161E+01
1255	328	8.05573E+01
1294	453	8.05778E+01
8715	762	8.05783E+01
11444	336	8.05953E+01
11366	336	8.06249E+01
8737	771	8.06315E+01
1255	231	8.06440E+01
8649	759	8.07014E+01
1294	606	8.07144E+01
1294	562	8.07444E+01
1255	680	8.07477E+01
1252	137	8.07972E+01
1252	647	8.08811E+01
1294	136	8.08930E+01
1252	431	8.08986E+01
8803	720	8.09414E+01
1252	673	8.09440E+01
8803	637	8.09961E+01
8825	606	8.10155E+01
8649	634	8.11259E+01
8649	563	8.11508E+01
1255	806	8.12091E+01
8825	812	8.12984E+01
8649	472	8.13620E+01
8825	274	8.14064E+01
8825	226	8.14142E+01
1294	412	8.14385E+01
8737	717	8.14491E+01
8825	729	8.14506E+01
8737	226	8.14518E+01
8649	226	8.14600E+01
11444	286	8.14821E+01
11366	286	8.15065E+01
8737	274	8.15163E+01
8737	813	8.15456E+01
8649	274	8.15611E+01
8649	730	8.16226E+01
1294	631	8.16388E+01
1252	606	8.17849E+01
1273	633	8.17887E+01
1294	545	8.18375E+01
8803	368	8.18425E+01
8737	563	8.19179E+01
8737	472	8.19304E+01
8627	762	8.19905E+01
1273	455	8.20415E+01
11444	377	8.21174E+01
11366	377	8.21433E+01
8715	368	8.21563E+01
11444	378	8.22443E+01
11366	378	8.22624E+01
8649	141	8.22660E+01
8737	141	8.22773E+01
8825	141	8.22806E+01
1273	139	8.22957E+01
8825	800	8.23047E+01
11444	335	8.23128E+01
8627	368	8.23411E+01
11366	335	8.23451E+01
8649	717	8.24398E+01
1252	471	8.25242E+01
8825	548	8.25259E+01
8825	675	8.25881E+01
8803	419	8.26166E+01
8825	688	8.26575E+01
8715	637	8.26588E+01
8825	647	8.26768E+01
11444	376	8.27149E+01
11366	376	8.27481E+01
8825	456	8.27962E+01
1273	322	8.28051E+01
8825	568	8.28132E+01
8825	472	8.28824E+01
1294	381	8.29130E+01
1252	361	8.29469E+01
1252	222	8.30379E+01
8649	772	8.30486E+01
11444	379	8.30690E+01
11366	379	8.30786E+01
1255	638	8.31274E+01
1294	732	8.31489E+01
8715	419	8.31600E+01
1273	547	8.31802E+01
1273	224	8.32217E+01
8715	720	8.32330E+01
8737	730	8.32809E+01
8825	563	8.32919E+01
8649	814	8.33270E+01
8627	419	8.34649E+01
8737	548	8.34729E+01
8825	364	8.34990E+01
8737	456	8.35292E+01
8627	637	8.35649E+01
1252	689	8.36996E+01
1252	773	8.37221E+01
1294	221	8.37292E+01
8649	689	8.37529E+01
1252	631	8.37799E+01
8737	568	8.38275E+01
8737	364	8.38581E+01
1294	648	8.38600E+01
8649	456	8.39008E+01
1294	431	8.39051E+01
1252	798	8.39181E+01
8803	803	8.39525E+01
8649	548	8.39585E+01
1273	567	8.40123E+01
8825	592	8.40170E+01
8649	364	8.40336E+01
11444	375	8.40680E+01
1273	414	8.40718E+01
11366	375	8.41078E+01
8649	607	8.41155E+01
11444	285	8.41249E+01
11366	285	8.41494E+01
8825	771	8.41583E+01
8715	278	8.41768E+01
8627	278	8.41869E+01
1255	460	8.41937E+01
8803	278	8.42028E+01
1294	471	8.42060E+01
8737	675	8.42455E+01
8825	758	8.42520E+01
8649	568	8.43494E+01
1252	320	8.44212E+01
8627	720	8.44939E+01
1294	690	8.44953E+01
1252	731	8.45128E+01
11444	380	8.45692E+01
11366	380	8.45697E+01
1252	453	8.45950E+01
1255	552	8.46180E+01
1252	756	8.46727E+01
1294	589	8.46834E+01
11444	334	8.47039E+01
8737	800	8.47340E+01
11366	334	8.47385E+01
8649	648	8.47860E+01
1273	272	8.48904E+01
1294	756	8.49166E+01
8737	772	8.50456E+01
1255	368	8.51135E+01
11444	427	8.51192E+01
8649	675	8.51206E+01
8803	678	8.51283E+01
11366	427	8.51490E+01
8737	607	8.51788E+01
8737	592	8.51958E+01
11444	428	8.52165E+01
11366	428	8.52329E+01
1294	798	8.52386E+01
1294	360	8.52622E+01
1273	758	8.52755E+01
8737	689	8.52831E+01
1252	270	8.53001E+01
1294	714	8.53242E+01
1252	545	8.53849E+01
1273	800	8.53928E+01
8825	415	8.55622E+01
8737	814	8.56161E+01
1255	278	8.56340E+01
8825	813	8.57074E+01
8649	592	8.58071E+01
11444	426	8.58604E+01
11366	426	8.59027E+01
1252	412	8.60516E+01
8649	800	8.60587E+01
8737	415	8.60912E+01
11444	429	8.61109E+01
1252	714	8.61116E+01
8737	648	8.61120E+01
11366	429	8.61128E+01
1294	319	8.61466E+01
11444	374	8.62116E+01
1273	716	8.62277E+01
11366	374	8.62574E+01
8649	415	8.63572E+01
8649	731	8.63706E+01
1294	269	8.64385E+01
8737	758	8.64574E+01
1294	135	8.64932E+01
1294	672	8.65606E+01
8825	323	8.65671E+01
8825	730	8.66349E+01
8803	761	8.66619E+01
1294	607	8.66793E+01
1273	591	8.66882E+01
8737	323	8.67679E+01
1252	136	8.67824E+01
1252	648	8.67949E+01
8825	633	8.68350E+01
8649	323	8.68633E+01
8803	551	8.68788E+01
1252	563	8.69868E+01
8825	716	8.69907E+01
8715	803	8.70218E+01
1294	563	8.71133E+01
8715	678	8.71652E+01
8825	607	8.71705E+01
1255	419	8.71782E+01
8649	564	8.73241E+01
11444	284	8.73353E+01
11366	284	8.73597E+01
8627	230	8.73947E+01
1255	763	8.74038E+01
8715	230	8.74334E+01
8649	773	8.74585E+01
11444	425	8.74848E+01
1255	596	8.75272E+01
11366	425	8.75384E+01
8803	230	8.75570E+01
8803	327	8.75637E+01
8649	758	8.76440E+01
1255	721	8.76686E+01
8715	327	8.76809E+01
11366	430	8.77488E+01
8649	473	8.77535E+01
11444	430	8.77622E+01
8627	327	8.77658E+01
1252	432	8.77958E+01
11444	333	8.77967E+01
11366	333	8.78333E+01
1252	589	8.78422E+01
1252	381	8.78876E+01
1294	452	8.78888E+01
11444	467	8.79369E+01
11366	467	8.79651E+01
