GRAM	c2h2	chi_tot
1087	0	3.94005E+03
1087	1	3.94006E+03
1087	143	3.94008E+03
1087	2	3.94008E+03
1087	144	3.94010E+03
1087	3	3.94011E+03
1087	474	3.94012E+03
1087	145	3.94013E+03
1087	4	3.94013E+03
1087	475	3.94015E+03
1087	41	3.94016E+03
1087	146	3.94016E+03
1087	5	3.94017E+03
1087	515	3.94017E+03
1087	92	3.94018E+03
1087	184	3.94019E+03
1087	476	3.94020E+03
1087	42	3.94020E+03
1087	382	3.94020E+03
1087	6	3.94020E+03
1087	236	3.94020E+03
1087	147	3.94021E+03
1087	288	3.94021E+03
1087	516	3.94022E+03
1087	93	3.94023E+03
1087	185	3.94025E+03
1087	7	3.94025E+03
1087	477	3.94025E+03
1087	43	3.94025E+03
1087	148	3.94026E+03
1087	383	3.94026E+03
1087	237	3.94026E+03
1087	289	3.94027E+03
1087	517	3.94028E+03
1087	94	3.94029E+03
1087	8	3.94030E+03
1087	186	3.94031E+03
1087	478	3.94031E+03
1087	149	3.94032E+03
1087	44	3.94032E+03
1087	384	3.94033E+03
1087	238	3.94033E+03
1087	290	3.94034E+03
1087	9	3.94035E+03
1087	518	3.94036E+03
1087	95	3.94036E+03
1087	150	3.94039E+03
1087	479	3.94039E+03
1087	187	3.94040E+03
1087	45	3.94041E+03
1087	10	3.94042E+03
1087	385	3.94042E+03
1087	239	3.94042E+03
1087	291	3.94043E+03
1087	519	3.94045E+03
1087	96	3.94046E+03
1087	151	3.94047E+03
1087	11	3.94049E+03
1087	480	3.94049E+03
1087	188	3.94050E+03
1087	46	3.94051E+03
1087	386	3.94053E+03
1087	240	3.94053E+03
1087	292	3.94055E+03
1087	12	3.94056E+03
1087	152	3.94057E+03
1087	520	3.94057E+03
1087	97	3.94058E+03
1087	481	3.94061E+03
1087	189	3.94063E+03
1087	47	3.94064E+03
1087	13	3.94064E+03
1087	387	3.94067E+03
1087	241	3.94067E+03
1087	153	3.94067E+03
1087	293	3.94069E+03
977	0	3.94070E+03
977	1	3.94071E+03
977	143	3.94072E+03
1087	98	3.94072E+03
977	2	3.94073E+03
1087	521	3.94073E+03
1087	14	3.94073E+03
977	144	3.94075E+03
977	3	3.94075E+03
1087	482	3.94075E+03
1087	774	3.94076E+03
977	474	3.94077E+03
977	145	3.94078E+03
977	4	3.94078E+03
1087	190	3.94079E+03
1087	154	3.94079E+03
1087	48	3.94079E+03
977	475	3.94080E+03
977	41	3.94080E+03
977	146	3.94081E+03
977	5	3.94081E+03
977	515	3.94082E+03
977	92	3.94082E+03
1087	15	3.94082E+03
977	184	3.94084E+03
977	476	3.94084E+03
1087	242	3.94084E+03
1087	388	3.94084E+03
977	42	3.94085E+03
977	382	3.94085E+03
977	6	3.94085E+03
977	236	3.94085E+03
977	147	3.94085E+03
977	288	3.94086E+03
977	516	3.94086E+03
977	93	3.94087E+03
1087	294	3.94087E+03
977	185	3.94089E+03
977	7	3.94089E+03
977	477	3.94090E+03
977	43	3.94090E+03
977	148	3.94090E+03
977	383	3.94090E+03
1087	99	3.94090E+03
1087	733	3.94090E+03
977	237	3.94091E+03
1087	483	3.94091E+03
977	289	3.94092E+03
1087	522	3.94092E+03
1197	0	3.94092E+03
1087	16	3.94092E+03
977	517	3.94093E+03
977	94	3.94093E+03
1087	155	3.94093E+03
977	8	3.94094E+03
1197	1	3.94094E+03
1197	143	3.94095E+03
1087	775	3.94095E+03
1197	2	3.94095E+03
977	186	3.94096E+03
977	478	3.94096E+03
977	149	3.94096E+03
977	44	3.94097E+03
977	384	3.94097E+03
1197	144	3.94097E+03
977	238	3.94098E+03
1197	3	3.94098E+03
1087	49	3.94098E+03
977	290	3.94099E+03
1197	474	3.94099E+03
1087	191	3.94099E+03
977	9	3.94100E+03
977	518	3.94100E+03
1197	145	3.94100E+03
1197	4	3.94100E+03
977	95	3.94101E+03
1197	475	3.94102E+03
1087	17	3.94103E+03
1197	41	3.94103E+03
1197	146	3.94103E+03
977	150	3.94104E+03
977	479	3.94104E+03
977	187	3.94104E+03
1197	5	3.94104E+03
1197	515	3.94104E+03
977	45	3.94105E+03
1197	92	3.94105E+03
977	10	3.94106E+03
977	385	3.94106E+03
1087	243	3.94106E+03
1197	184	3.94106E+03
1087	389	3.94106E+03
977	239	3.94107E+03
1197	476	3.94107E+03
1197	42	3.94107E+03
1087	692	3.94107E+03
1197	382	3.94107E+03
1087	156	3.94107E+03
1197	6	3.94107E+03
977	291	3.94108E+03
1197	236	3.94108E+03
1197	147	3.94108E+03
1197	288	3.94108E+03
1197	516	3.94109E+03
977	519	3.94110E+03
1087	295	3.94110E+03
1197	93	3.94110E+03
977	96	3.94111E+03
1087	484	3.94111E+03
977	151	3.94112E+03
1197	185	3.94112E+03
1197	7	3.94112E+03
1197	477	3.94112E+03
1087	100	3.94112E+03
977	11	3.94113E+03
1197	43	3.94113E+03
1197	148	3.94113E+03
1197	383	3.94113E+03
1197	237	3.94113E+03
977	480	3.94114E+03
1087	18	3.94114E+03
1197	289	3.94114E+03
1087	734	3.94114E+03
977	188	3.94115E+03
1197	517	3.94115E+03
977	46	3.94116E+03
1087	523	3.94116E+03
1197	94	3.94116E+03
1197	8	3.94117E+03
977	386	3.94118E+03
977	240	3.94118E+03
1197	186	3.94118E+03
1197	478	3.94119E+03
1197	149	3.94119E+03
1197	44	3.94119E+03
977	292	3.94120E+03
1197	384	3.94120E+03
1197	238	3.94120E+03
1087	776	3.94120E+03
977	12	3.94121E+03
977	152	3.94121E+03
1087	50	3.94121E+03
1197	290	3.94121E+03
977	520	3.94122E+03
1197	9	3.94122E+03
977	97	3.94123E+03
1197	518	3.94123E+03
1087	157	3.94123E+03
1087	192	3.94123E+03
1197	95	3.94124E+03
977	481	3.94125E+03
1087	651	3.94125E+03
1087	19	3.94125E+03
1197	150	3.94126E+03
1197	479	3.94127E+03
1197	187	3.94127E+03
977	189	3.94128E+03
1197	45	3.94128E+03
977	47	3.94129E+03
977	13	3.94129E+03
1197	10	3.94129E+03
1197	385	3.94129E+03
1197	239	3.94129E+03
1197	291	3.94131E+03
977	387	3.94132E+03
977	241	3.94132E+03
977	153	3.94132E+03
1087	244	3.94132E+03
1197	519	3.94132E+03
1087	485	3.94133E+03
1197	96	3.94133E+03
977	293	3.94134E+03
1087	390	3.94134E+03
1197	151	3.94134E+03
1087	693	3.94135E+03
1197	11	3.94136E+03
1197	480	3.94136E+03
977	521	3.94137E+03
977	98	3.94137E+03
1197	188	3.94137E+03
1087	296	3.94137E+03
977	14	3.94138E+03
1087	20	3.94138E+03
1197	46	3.94138E+03
977	774	3.94139E+03
977	482	3.94139E+03
1087	101	3.94139E+03
1087	158	3.94140E+03
1197	386	3.94140E+03
1197	240	3.94140E+03
1197	292	3.94142E+03
1197	12	3.94143E+03
977	190	3.94144E+03
977	154	3.94144E+03
977	48	3.94144E+03
1197	152	3.94144E+03
1087	735	3.94144E+03
1197	520	3.94145E+03
1087	610	3.94145E+03
1197	97	3.94145E+03
1087	524	3.94146E+03
977	15	3.94147E+03
1197	481	3.94148E+03
1087	51	3.94148E+03
977	388	3.94149E+03
977	242	3.94149E+03
1087	21	3.94150E+03
1197	189	3.94150E+03
1197	47	3.94151E+03
1197	13	3.94151E+03
977	294	3.94152E+03
1087	777	3.94152E+03
1087	193	3.94153E+03
977	733	3.94154E+03
1197	387	3.94154E+03
1197	241	3.94154E+03
1197	153	3.94154E+03
977	99	3.94155E+03
977	522	3.94156E+03
977	483	3.94156E+03
1197	293	3.94156E+03
977	16	3.94157E+03
977	155	3.94157E+03
1087	159	3.94157E+03
1087	652	3.94158E+03
1087	486	3.94158E+03
977	775	3.94159E+03
1197	98	3.94160E+03
1197	521	3.94160E+03
1197	14	3.94160E+03
1197	482	3.94162E+03
977	49	3.94163E+03
1197	774	3.94163E+03
1087	22	3.94163E+03
977	191	3.94164E+03
1087	569	3.94164E+03
1087	245	3.94165E+03
1197	190	3.94166E+03
977	17	3.94167E+03
1197	154	3.94167E+03
1197	48	3.94167E+03
1087	391	3.94168E+03
1197	15	3.94169E+03
1087	694	3.94170E+03
1087	102	3.94170E+03
977	243	3.94171E+03
977	692	3.94171E+03
977	389	3.94171E+03
977	156	3.94172E+03
1197	242	3.94172E+03
1197	388	3.94172E+03
1087	297	3.94172E+03
977	295	3.94174E+03
1197	294	3.94174E+03
977	484	3.94175E+03
1087	160	3.94176E+03
1087	23	3.94176E+03
977	100	3.94177E+03
1197	99	3.94177E+03
977	734	3.94178E+03
977	18	3.94178E+03
1197	733	3.94178E+03
1197	483	3.94178E+03
1197	522	3.94179E+03
1197	16	3.94179E+03
1087	52	3.94179E+03
977	523	3.94180E+03
1197	155	3.94180E+03
1087	736	3.94181E+03
1087	611	3.94182E+03
1197	775	3.94183E+03
1087	525	3.94183E+03
977	776	3.94184E+03
1197	49	3.94185E+03
977	50	3.94186E+03
1197	191	3.94186E+03
1087	487	3.94187E+03
977	157	3.94188E+03
977	192	3.94188E+03
977	651	3.94189E+03
1087	24	3.94189E+03
1087	194	3.94189E+03
977	19	3.94190E+03
1197	17	3.94190E+03
1087	778	3.94191E+03
1197	243	3.94193E+03
1197	389	3.94194E+03
1197	156	3.94194E+03
1197	692	3.94195E+03
1087	161	3.94195E+03
977	244	3.94197E+03
1197	295	3.94197E+03
977	485	3.94198E+03
977	390	3.94198E+03
1197	484	3.94198E+03
977	693	3.94199E+03
1087	653	3.94199E+03
1087	433	3.94199E+03
1197	100	3.94199E+03
1197	18	3.94201E+03
977	296	3.94202E+03
977	20	3.94202E+03
1197	734	3.94202E+03
1087	25	3.94202E+03
977	101	3.94203E+03
1197	523	3.94203E+03
977	158	3.94204E+03
1087	246	3.94205E+03
977	735	3.94207E+03
1087	570	3.94207E+03
1087	103	3.94208E+03
1197	776	3.94208E+03
1197	50	3.94208E+03
977	610	3.94209E+03
977	524	3.94210E+03
1197	157	3.94210E+03
1197	192	3.94211E+03
1087	392	3.94211E+03
1197	19	3.94212E+03
977	51	3.94213E+03
1197	651	3.94213E+03
1087	162	3.94214E+03
1087	298	3.94214E+03
1087	695	3.94214E+03
1087	26	3.94214E+03
977	777	3.94215E+03
977	21	3.94215E+03
1087	53	3.94216E+03
1087	340	3.94216E+03
977	193	3.94218E+03
1087	488	3.94218E+03
1197	244	3.94219E+03
1197	485	3.94220E+03
1197	390	3.94221E+03
977	652	3.94222E+03
977	159	3.94222E+03
977	486	3.94223E+03
1197	693	3.94223E+03
1197	296	3.94225E+03
1197	20	3.94225E+03
1197	101	3.94226E+03
1087	27	3.94226E+03
1197	158	3.94227E+03
977	22	3.94228E+03
977	569	3.94228E+03
1087	737	3.94228E+03
977	245	3.94229E+03
1087	612	3.94229E+03
1087	526	3.94230E+03
1197	735	3.94232E+03
1197	610	3.94232E+03
1087	195	3.94232E+03
977	391	3.94233E+03
1197	524	3.94233E+03
977	694	3.94234E+03
1087	163	3.94234E+03
977	102	3.94235E+03
1197	51	3.94235E+03
977	297	3.94236E+03
1197	21	3.94237E+03
1087	28	3.94238E+03
977	160	3.94240E+03
1197	777	3.94240E+03
1197	193	3.94240E+03
1087	779	3.94240E+03
977	23	3.94241E+03
977	52	3.94244E+03
977	736	3.94244E+03
1197	159	3.94244E+03
1197	486	3.94245E+03
1197	652	3.94245E+03
977	611	3.94246E+03
977	525	3.94247E+03
1087	434	3.94250E+03
1087	654	3.94250E+03
1197	22	3.94250E+03
1087	29	3.94250E+03
977	487	3.94251E+03
1197	569	3.94252E+03
1197	245	3.94252E+03
1087	489	3.94252E+03
1087	104	3.94252E+03
1087	247	3.94253E+03
977	778	3.94254E+03
977	24	3.94254E+03
977	194	3.94254E+03
1087	164	3.94254E+03
1197	391	3.94255E+03
1087	54	3.94257E+03
1197	102	3.94257E+03
1197	694	3.94258E+03
977	161	3.94259E+03
1197	297	3.94259E+03
1087	571	3.94259E+03
977	653	3.94262E+03
1087	30	3.94262E+03
977	433	3.94263E+03
1197	160	3.94263E+03
1197	23	3.94263E+03
1087	393	3.94264E+03
977	25	3.94266E+03
1087	299	3.94266E+03
1197	52	3.94266E+03
977	246	3.94269E+03
1197	736	3.94269E+03
1087	696	3.94269E+03
977	570	3.94270E+03
1197	611	3.94270E+03
1087	341	3.94270E+03
1197	525	3.94270E+03
977	103	3.94273E+03
1197	487	3.94274E+03
1087	31	3.94274E+03
977	392	3.94275E+03
1087	165	3.94275E+03
1197	24	3.94276E+03
1197	194	3.94276E+03
977	695	3.94277E+03
977	298	3.94279E+03
977	162	3.94279E+03
977	26	3.94279E+03
1197	778	3.94279E+03
977	53	3.94281E+03
977	340	3.94281E+03
1197	161	3.94282E+03
977	488	3.94283E+03
1087	196	3.94284E+03
1197	653	3.94286E+03
1197	433	3.94286E+03
1087	738	3.94287E+03
1087	32	3.94287E+03
1087	613	3.94288E+03
1087	527	3.94288E+03
1087	490	3.94288E+03
1197	25	3.94289E+03
977	737	3.94291E+03
977	27	3.94291E+03
977	612	3.94292E+03
1197	246	3.94292E+03
977	526	3.94294E+03
1197	570	3.94294E+03
1197	103	3.94295E+03
1087	166	3.94295E+03
977	195	3.94297E+03
1197	392	3.94298E+03
977	163	3.94299E+03
1087	33	3.94300E+03
1197	162	3.94301E+03
1197	298	3.94301E+03
1197	26	3.94301E+03
977	779	3.94302E+03
1197	695	3.94302E+03
1087	780	3.94302E+03
977	28	3.94303E+03
1087	105	3.94303E+03
1197	53	3.94303E+03
1087	55	3.94303E+03
1197	340	3.94303E+03
1197	488	3.94305E+03
1087	248	3.94311E+03
1087	435	3.94312E+03
977	654	3.94313E+03
1087	34	3.94313E+03
1197	27	3.94313E+03
977	434	3.94314E+03
1087	655	3.94314E+03
977	29	3.94315E+03
1197	737	3.94316E+03
1087	167	3.94316E+03
977	489	3.94317E+03
977	104	3.94317E+03
977	247	3.94317E+03
1197	612	3.94317E+03
1197	526	3.94317E+03
977	164	3.94319E+03
1197	195	3.94319E+03
1197	163	3.94321E+03
977	54	3.94322E+03
977	571	3.94323E+03
1087	572	3.94325E+03
1197	28	3.94325E+03
1087	35	3.94326E+03
977	30	3.94327E+03
1087	491	3.94327E+03
977	393	3.94328E+03
1197	779	3.94328E+03
1087	300	3.94329E+03
1087	394	3.94329E+03
977	299	3.94330E+03
977	696	3.94332E+03
977	341	3.94334E+03
1087	342	3.94335E+03
1197	434	3.94337E+03
1197	29	3.94337E+03
1197	654	3.94338E+03
1087	168	3.94338E+03
1087	697	3.94338E+03
977	31	3.94339E+03
977	165	3.94339E+03
1197	489	3.94339E+03
1197	104	3.94339E+03
1197	247	3.94340E+03
1087	36	3.94341E+03
1197	164	3.94341E+03
1087	197	3.94344E+03
1197	54	3.94344E+03
1197	571	3.94347E+03
977	196	3.94348E+03
977	738	3.94349E+03
1197	30	3.94349E+03
977	613	3.94351E+03
977	32	3.94351E+03
1197	393	3.94351E+03
977	527	3.94352E+03
977	490	3.94353E+03
1197	299	3.94353E+03
1087	56	3.94354E+03
1087	37	3.94355E+03
1197	341	3.94357E+03
1197	696	3.94357E+03
1087	169	3.94359E+03
977	166	3.94360E+03
1087	739	3.94360E+03
1087	106	3.94361E+03
1087	614	3.94361E+03
1087	528	3.94361E+03
1197	31	3.94361E+03
1197	165	3.94362E+03
977	780	3.94363E+03
977	33	3.94364E+03
977	105	3.94367E+03
1087	492	3.94367E+03
977	55	3.94368E+03
1087	38	3.94369E+03
1197	196	3.94371E+03
1197	32	3.94374E+03
977	248	3.94375E+03
1197	738	3.94375E+03
1197	613	3.94375E+03
1197	490	3.94375E+03
977	435	3.94376E+03
977	655	3.94376E+03
1197	527	3.94376E+03
977	34	3.94377E+03
1087	781	3.94379E+03
1087	249	3.94380E+03
977	167	3.94381E+03
1087	170	3.94381E+03
1197	166	3.94382E+03
1087	39	3.94384E+03
1197	33	3.94387E+03
977	572	3.94389E+03
1197	105	3.94390E+03
1087	436	3.94390E+03
1197	780	3.94390E+03
1197	55	3.94390E+03
977	35	3.94391E+03
977	491	3.94392E+03
977	394	3.94393E+03
977	300	3.94393E+03
1087	656	3.94393E+03
1197	248	3.94398E+03
1087	40	3.94398E+03
977	342	3.94400E+03
977	697	3.94400E+03
1197	34	3.94400E+03
1197	435	3.94400E+03
977	168	3.94402E+03
1197	655	3.94402E+03
1197	167	3.94403E+03
1087	171	3.94404E+03
977	36	3.94405E+03
1087	301	3.94405E+03
1087	573	3.94407E+03
977	197	3.94409E+03
1087	57	3.94409E+03
1087	493	3.94409E+03
1087	395	3.94410E+03
1197	572	3.94413E+03
1197	35	3.94413E+03
1087	198	3.94414E+03
1197	491	3.94414E+03
1087	343	3.94415E+03
1197	300	3.94416E+03
1197	394	3.94416E+03
977	56	3.94419E+03
977	37	3.94419E+03
977	739	3.94421E+03
1197	342	3.94422E+03
977	614	3.94423E+03
977	169	3.94424E+03
977	528	3.94424E+03
1087	698	3.94424E+03
977	106	3.94425E+03
1197	168	3.94425E+03
1087	107	3.94425E+03
1197	697	3.94426E+03
1087	172	3.94427E+03
1197	36	3.94427E+03
1197	197	3.94431E+03
977	492	3.94432E+03
977	38	3.94434E+03
977	781	3.94439E+03
1197	56	3.94441E+03
1197	37	3.94442E+03
977	249	3.94444E+03
977	170	3.94446E+03
1197	169	3.94446E+03
977	39	3.94448E+03
1197	106	3.94448E+03
1197	739	3.94448E+03
1197	528	3.94448E+03
1197	614	3.94448E+03
1087	173	3.94450E+03
1087	529	3.94451E+03
1087	740	3.94451E+03
1087	615	3.94451E+03
1087	494	3.94452E+03
977	436	3.94454E+03
1197	492	3.94454E+03
977	656	3.94456E+03
1197	38	3.94456E+03
1087	250	3.94461E+03
977	40	3.94463E+03
1197	249	3.94467E+03
1087	58	3.94467E+03
1197	781	3.94467E+03
977	171	3.94468E+03
1197	170	3.94468E+03
977	301	3.94469E+03
977	573	3.94470E+03
1197	39	3.94471E+03
977	57	3.94473E+03
977	395	3.94474E+03
977	493	3.94474E+03
1087	782	3.94475E+03
1087	174	3.94475E+03
977	198	3.94478E+03
1197	436	3.94478E+03
977	343	3.94480E+03
1197	656	3.94481E+03
977	698	3.94485E+03
1197	40	3.94485E+03
1087	437	3.94486E+03
977	107	3.94490E+03
977	172	3.94491E+03
1197	171	3.94491E+03
1197	301	3.94492E+03
1087	657	3.94492E+03
1087	199	3.94493E+03
1197	573	3.94495E+03
1087	495	3.94495E+03
1197	57	3.94496E+03
1197	493	3.94496E+03
1087	302	3.94496E+03
1087	108	3.94496E+03
1197	395	3.94497E+03
1087	175	3.94500E+03
1197	198	3.94501E+03
1197	343	3.94503E+03
1087	396	3.94508E+03
1087	574	3.94509E+03
977	740	3.94511E+03
1197	698	3.94512E+03
1197	107	3.94512E+03
1087	344	3.94512E+03
977	615	3.94514E+03
977	529	3.94514E+03
1197	172	3.94514E+03
977	173	3.94515E+03
977	494	3.94517E+03
977	250	3.94526E+03
1087	176	3.94526E+03
1087	59	3.94528E+03
1087	699	3.94530E+03
977	58	3.94531E+03
977	782	3.94534E+03
1197	173	3.94537E+03
1197	529	3.94538E+03
1197	494	3.94539E+03
1197	740	3.94539E+03
1087	496	3.94539E+03
1197	615	3.94539E+03
977	174	3.94540E+03
1197	250	3.94548E+03
977	437	3.94549E+03
1087	177	3.94552E+03
977	657	3.94554E+03
1197	58	3.94554E+03
1087	251	3.94556E+03
977	199	3.94558E+03
977	495	3.94560E+03
977	302	3.94560E+03
977	108	3.94561E+03
1087	530	3.94561E+03
1197	174	3.94562E+03
1197	782	3.94564E+03
1087	741	3.94564E+03
1087	616	3.94564E+03
977	175	3.94565E+03
977	574	3.94571E+03
977	396	3.94572E+03
1197	437	3.94573E+03
1087	109	3.94574E+03
977	344	3.94576E+03
1087	178	3.94578E+03
1197	199	3.94580E+03
1197	657	3.94581E+03
1197	495	3.94582E+03
1087	200	3.94583E+03
1197	302	3.94583E+03
1087	497	3.94583E+03
1197	108	3.94583E+03
1197	175	3.94587E+03
977	176	3.94590E+03
977	699	3.94590E+03
1087	60	3.94591E+03
977	59	3.94592E+03
1087	783	3.94593E+03
1197	396	3.94595E+03
1197	574	3.94597E+03
1197	344	3.94600E+03
1087	438	3.94603E+03
977	496	3.94604E+03
1087	179	3.94604E+03
1087	303	3.94604E+03
1197	176	3.94613E+03
1197	59	3.94615E+03
1087	658	3.94615E+03
977	177	3.94616E+03
1197	699	3.94619E+03
977	251	3.94621E+03
977	741	3.94623E+03
977	530	3.94624E+03
977	616	3.94626E+03
1197	496	3.94626E+03
1087	498	3.94627E+03
1087	397	3.94628E+03
1087	345	3.94629E+03
1087	180	3.94630E+03
1087	575	3.94634E+03
977	109	3.94639E+03
1197	177	3.94639E+03
977	178	3.94642E+03
1197	251	3.94643E+03
977	200	3.94648E+03
977	497	3.94648E+03
1197	530	3.94649E+03
977	783	3.94651E+03
1197	616	3.94652E+03
1197	741	3.94653E+03
1087	181	3.94655E+03
977	60	3.94656E+03
1087	61	3.94656E+03
1087	110	3.94657E+03
1197	109	3.94661E+03
1087	700	3.94662E+03
1197	178	3.94665E+03
1087	252	3.94665E+03
977	438	3.94666E+03
977	179	3.94668E+03
977	303	3.94669E+03
1197	200	3.94670E+03
1197	497	3.94670E+03
1087	499	3.94671E+03
977	658	3.94676E+03
1197	60	3.94678E+03
1087	182	3.94681E+03
1087	201	3.94683E+03
1197	783	3.94683E+03
977	397	3.94691E+03
1197	179	3.94691E+03
1197	438	3.94691E+03
1197	303	3.94691E+03
977	498	3.94692E+03
977	345	3.94693E+03
977	180	3.94694E+03
977	575	3.94696E+03
1087	531	3.94698E+03
1087	617	3.94703E+03
1197	658	3.94704E+03
1087	742	3.94704E+03
1087	183	3.94707E+03
1197	498	3.94714E+03
1087	500	3.94714E+03
1197	397	3.94715E+03
1197	345	3.94716E+03
1197	180	3.94717E+03
977	181	3.94720E+03
977	61	3.94720E+03
977	700	3.94721E+03
977	110	3.94722E+03
1087	62	3.94722E+03
1197	575	3.94722E+03
977	252	3.94730E+03
1087	304	3.94731E+03
977	499	3.94736E+03
1087	784	3.94740E+03
1197	181	3.94742E+03
1197	61	3.94743E+03
1197	110	3.94744E+03
977	182	3.94746E+03
1087	111	3.94746E+03
1087	439	3.94746E+03
977	201	3.94747E+03
1197	700	3.94751E+03
1197	252	3.94752E+03
1087	501	3.94757E+03
1197	499	3.94758E+03
977	531	3.94760E+03
977	742	3.94762E+03
977	617	3.94764E+03
1087	659	3.94767E+03
1197	182	3.94768E+03
1087	346	3.94768E+03
1197	201	3.94770E+03
977	183	3.94772E+03
1087	398	3.94773E+03
977	500	3.94779E+03
1197	531	3.94785E+03
977	62	3.94787E+03
1087	576	3.94788E+03
1087	63	3.94790E+03
1087	253	3.94790E+03
1197	617	3.94791E+03
1087	202	3.94793E+03
1197	742	3.94793E+03
1197	183	3.94794E+03
977	304	3.94795E+03
977	784	3.94797E+03
1087	502	3.94799E+03
1197	500	3.94801E+03
977	439	3.94809E+03
1197	62	3.94809E+03
977	111	3.94810E+03
1197	304	3.94818E+03
977	501	3.94822E+03
1087	701	3.94825E+03
977	659	3.94826E+03
1197	784	3.94830E+03
977	346	3.94832E+03
1197	111	3.94833E+03
1197	439	3.94834E+03
977	398	3.94836E+03
1087	112	3.94839E+03
1087	503	3.94841E+03
1197	501	3.94844E+03
977	576	3.94850E+03
977	63	3.94854E+03
977	253	3.94854E+03
1197	659	3.94856E+03
1197	346	3.94856E+03
977	202	3.94857E+03
1087	64	3.94858E+03
1197	398	3.94860E+03
977	502	3.94864E+03
1087	532	3.94864E+03
1087	618	3.94874E+03
1197	63	3.94876E+03
1087	743	3.94876E+03
1197	576	3.94876E+03
1197	253	3.94877E+03
1087	305	3.94879E+03
1197	202	3.94880E+03
1087	504	3.94882E+03
977	701	3.94883E+03
1197	502	3.94886E+03
977	112	3.94904E+03
977	503	3.94906E+03
1087	203	3.94913E+03
1197	701	3.94914E+03
1087	440	3.94920E+03
1087	785	3.94921E+03
977	64	3.94923E+03
1087	505	3.94923E+03
977	532	3.94926E+03
1197	112	3.94926E+03
1197	503	3.94928E+03
1087	65	3.94928E+03
1087	254	3.94931E+03
977	743	3.94933E+03
1087	347	3.94933E+03
977	618	3.94934E+03
1087	113	3.94937E+03
977	305	3.94943E+03
1197	64	3.94945E+03
1087	399	3.94946E+03
977	504	3.94947E+03
1197	532	3.94952E+03
1087	660	3.94953E+03
1197	618	3.94963E+03
1087	506	3.94964E+03
1197	305	3.94966E+03
1197	743	3.94967E+03
1197	504	3.94969E+03
977	785	3.94975E+03
977	203	3.94977E+03
1087	577	3.94977E+03
977	440	3.94982E+03
977	505	3.94988E+03
977	65	3.94993E+03
977	254	3.94995E+03
977	347	3.94997E+03
1087	66	3.94999E+03
1197	203	3.95000E+03
977	113	3.95002E+03
1087	507	3.95005E+03
1197	440	3.95007E+03
977	399	3.95009E+03
1197	505	3.95010E+03
977	660	3.95011E+03
1197	785	3.95012E+03
1197	65	3.95015E+03
1197	254	3.95017E+03
1197	347	3.95020E+03
1197	113	3.95024E+03
1087	702	3.95025E+03
977	506	3.95029E+03
1197	399	3.95033E+03
977	577	3.95037E+03
1087	114	3.95040E+03
1197	660	3.95042E+03
1087	204	3.95043E+03
1087	508	3.95045E+03
1087	306	3.95049E+03
1197	506	3.95051E+03
977	66	3.95064E+03
1197	577	3.95065E+03
1087	533	3.95065E+03
977	507	3.95069E+03
1087	67	3.95072E+03
977	702	3.95081E+03
1087	619	3.95083E+03
1087	509	3.95086E+03
1197	66	3.95086E+03
1087	255	3.95088E+03
1087	744	3.95088E+03
1197	507	3.95091E+03
977	114	3.95104E+03
977	204	3.95107E+03
977	508	3.95110E+03
977	306	3.95113E+03
1197	702	3.95115E+03
977	533	3.95126E+03
1087	510	3.95126E+03
1197	114	3.95126E+03
1087	348	3.95126E+03
1087	441	3.95128E+03
1197	204	3.95130E+03
1197	508	3.95132E+03
1197	306	3.95136E+03
977	67	3.95137E+03
977	619	3.95141E+03
977	744	3.95142E+03
1087	786	3.95143E+03
1087	115	3.95146E+03
1087	68	3.95147E+03
977	509	3.95150E+03
977	255	3.95152E+03
1087	400	3.95152E+03
1197	533	3.95153E+03
1197	67	3.95159E+03
1087	511	3.95167E+03
1197	619	3.95172E+03
1197	509	3.95172E+03
1197	255	3.95175E+03
1197	744	3.95179E+03
1087	661	3.95180E+03
1087	205	3.95183E+03
977	348	3.95190E+03
977	441	3.95190E+03
977	510	3.95191E+03
977	786	3.95194E+03
1087	578	3.95205E+03
1087	512	3.95209E+03
977	115	3.95211E+03
977	68	3.95212E+03
1197	510	3.95213E+03
977	400	3.95214E+03
1197	348	3.95214E+03
1197	441	3.95216E+03
1087	69	3.95225E+03
977	511	3.95232E+03
1197	115	3.95233E+03
1197	68	3.95234E+03
1197	786	3.95235E+03
977	661	3.95237E+03
1197	400	3.95239E+03
1087	307	3.95244E+03
977	205	3.95247E+03
1087	513	3.95251E+03
1197	511	3.95254E+03
1087	116	3.95257E+03
1087	256	3.95263E+03
977	578	3.95264E+03
1087	703	3.95268E+03
1197	205	3.95270E+03
1197	661	3.95270E+03
977	512	3.95273E+03
977	69	3.95289E+03
1197	578	3.95294E+03
1087	514	3.95294E+03
1197	512	3.95295E+03
1087	70	3.95304E+03
977	307	3.95308E+03
1087	534	3.95308E+03
1197	69	3.95311E+03
977	513	3.95315E+03
977	116	3.95321E+03
977	703	3.95323E+03
977	256	3.95327E+03
1197	307	3.95331E+03
1087	206	3.95333E+03
1087	620	3.95336E+03
1197	513	3.95338E+03
1197	116	3.95344E+03
1087	745	3.95346E+03
1197	256	3.95350E+03
1087	349	3.95351E+03
977	514	3.95359E+03
1197	703	3.95359E+03
977	534	3.95368E+03
977	70	3.95368E+03
1087	117	3.95372E+03
1087	442	3.95377E+03
1197	514	3.95381E+03
1087	71	3.95386E+03
1197	70	3.95391E+03
977	620	3.95393E+03
1087	401	3.95395E+03
1197	534	3.95396E+03
977	206	3.95398E+03
977	745	3.95398E+03
1087	787	3.95412E+03
977	349	3.95414E+03
1197	206	3.95420E+03
1197	620	3.95425E+03
977	117	3.95436E+03
977	442	3.95438E+03
1197	745	3.95438E+03
1197	349	3.95439E+03
977	71	3.95450E+03
1087	662	3.95456E+03
977	401	3.95457E+03
1087	257	3.95457E+03
1197	117	3.95459E+03
977	787	3.95461E+03
1197	442	3.95465E+03
1087	308	3.95466E+03
1087	72	3.95470E+03
1197	71	3.95472E+03
1087	579	3.95481E+03
1197	401	3.95483E+03
1087	118	3.95492E+03
1087	207	3.95494E+03
1197	787	3.95505E+03
977	662	3.95511E+03
977	257	3.95521E+03
977	308	3.95529E+03
977	72	3.95534E+03
977	579	3.95539E+03
1197	257	3.95544E+03
1197	662	3.95546E+03
1197	308	3.95553E+03
977	118	3.95556E+03
1087	73	3.95556E+03
1197	72	3.95556E+03
977	207	3.95559E+03
1087	704	3.95564E+03
1197	579	3.95570E+03
1197	118	3.95578E+03
1197	207	3.95581E+03
1087	535	3.95598E+03
1087	350	3.95612E+03
977	704	3.95616E+03
1087	119	3.95617E+03
977	73	3.95621E+03
1087	621	3.95641E+03
1197	73	3.95643E+03
1087	74	3.95644E+03
1197	704	3.95655E+03
977	535	3.95658E+03
1087	746	3.95658E+03
1087	208	3.95668E+03
1087	443	3.95671E+03
1087	258	3.95672E+03
977	350	3.95674E+03
1087	402	3.95680E+03
977	119	3.95682E+03
1197	535	3.95687E+03
977	621	3.95697E+03
1197	350	3.95699E+03
1197	119	3.95704E+03
977	746	3.95706E+03
977	74	3.95709E+03
1087	309	3.95717E+03
1197	74	3.95731E+03
1197	621	3.95731E+03
977	443	3.95732E+03
977	208	3.95732E+03
1087	75	3.95734E+03
977	258	3.95736E+03
1087	788	3.95738E+03
977	402	3.95742E+03
1087	120	3.95748E+03
1197	746	3.95751E+03
1197	208	3.95754E+03
1197	258	3.95759E+03
1197	443	3.95759E+03
1197	402	3.95768E+03
977	309	3.95780E+03
977	788	3.95782E+03
1087	663	3.95788E+03
977	75	3.95799E+03
1197	309	3.95804E+03
1087	580	3.95810E+03
977	120	3.95813E+03
1197	75	3.95821E+03
1087	76	3.95825E+03
1197	788	3.95832E+03
1197	120	3.95835E+03
977	663	3.95841E+03
1087	209	3.95856E+03
977	580	3.95867E+03
1197	663	3.95879E+03
1087	121	3.95887E+03
977	76	3.95890E+03
1197	580	3.95900E+03
1087	259	3.95911E+03
1197	76	3.95912E+03
1087	351	3.95912E+03
1087	77	3.95918E+03
1087	705	3.95919E+03
977	209	3.95920E+03
1197	209	3.95942E+03
1087	536	3.95943E+03
977	121	3.95951E+03
977	705	3.95968E+03
1197	121	3.95973E+03
977	351	3.95974E+03
977	259	3.95974E+03
977	77	3.95982E+03
1197	259	3.95997E+03
1197	351	3.95999E+03
977	536	3.96001E+03
1087	310	3.96002E+03
1197	77	3.96004E+03
1087	622	3.96007E+03
1197	705	3.96012E+03
1087	78	3.96012E+03
1087	403	3.96013E+03
1087	444	3.96018E+03
1197	536	3.96032E+03
1087	747	3.96032E+03
1087	122	3.96034E+03
977	622	3.96060E+03
1087	210	3.96060E+03
977	310	3.96065E+03
977	403	3.96073E+03
977	78	3.96077E+03
977	747	3.96077E+03
977	444	3.96077E+03
1197	310	3.96089E+03
1197	622	3.96097E+03
977	122	3.96099E+03
1197	78	3.96099E+03
1197	403	3.96100E+03
1197	444	3.96106E+03
1087	79	3.96109E+03
1197	122	3.96121E+03
977	210	3.96124E+03
1197	747	3.96126E+03
1087	789	3.96127E+03
1197	210	3.96146E+03
977	789	3.96167E+03
977	79	3.96173E+03
1087	260	3.96176E+03
1087	664	3.96185E+03
1087	123	3.96192E+03
1197	79	3.96195E+03
1087	581	3.96201E+03
1087	80	3.96208E+03
1197	789	3.96223E+03
977	664	3.96234E+03
977	260	3.96240E+03
977	581	3.96256E+03
977	123	3.96256E+03
1087	352	3.96257E+03
1197	260	3.96262E+03
977	80	3.96272E+03
1197	664	3.96277E+03
1197	123	3.96278E+03
1087	211	3.96285E+03
1197	581	3.96291E+03
1197	80	3.96294E+03
1087	81	3.96310E+03
977	352	3.96318E+03
1087	311	3.96325E+03
1087	706	3.96342E+03
1197	352	3.96344E+03
977	211	3.96349E+03
1087	537	3.96349E+03
1087	124	3.96363E+03
1197	211	3.96371E+03
977	81	3.96374E+03
977	706	3.96387E+03
977	311	3.96388E+03
1197	81	3.96396E+03
1087	404	3.96398E+03
977	537	3.96406E+03
1197	311	3.96412E+03
1087	82	3.96416E+03
1087	445	3.96424E+03
977	124	3.96427E+03
1197	706	3.96436E+03
1197	537	3.96439E+03
1087	623	3.96440E+03
1197	124	3.96449E+03
977	404	3.96458E+03
1087	261	3.96473E+03
1087	748	3.96477E+03
977	82	3.96480E+03
977	445	3.96482E+03
1197	404	3.96486E+03
977	623	3.96491E+03
1197	82	3.96502E+03
1197	445	3.96512E+03
977	748	3.96517E+03
1087	83	3.96527E+03
1197	623	3.96531E+03
1087	212	3.96534E+03
977	261	3.96536E+03
1087	125	3.96549E+03
1197	261	3.96559E+03
1197	748	3.96573E+03
1087	790	3.96588E+03
977	83	3.96591E+03
977	212	3.96598E+03
977	125	3.96613E+03
1197	83	3.96613E+03
1197	212	3.96620E+03
977	790	3.96622E+03
1197	125	3.96635E+03
1087	84	3.96644E+03
1087	353	3.96652E+03
1087	665	3.96655E+03
1087	582	3.96662E+03
1197	790	3.96686E+03
1087	312	3.96691E+03
977	665	3.96701E+03
977	84	3.96709E+03
977	353	3.96713E+03
977	582	3.96715E+03
1197	84	3.96730E+03
1197	353	3.96739E+03
1197	665	3.96748E+03
977	312	3.96753E+03
1197	582	3.96753E+03
1087	126	3.96754E+03
1087	85	3.96770E+03
1197	312	3.96778E+03
1087	262	3.96807E+03
1087	213	3.96813E+03
977	126	3.96818E+03
1087	538	3.96825E+03
977	85	3.96834E+03
1197	126	3.96840E+03
1087	707	3.96842E+03
1087	405	3.96845E+03
1197	85	3.96856E+03
977	262	3.96870E+03
977	213	3.96877E+03
977	538	3.96879E+03
977	707	3.96883E+03
1197	262	3.96893E+03
1087	446	3.96896E+03
1197	213	3.96899E+03
977	405	3.96904E+03
1087	86	3.96905E+03
1197	538	3.96915E+03
1197	405	3.96933E+03
1197	707	3.96937E+03
1087	624	3.96950E+03
977	446	3.96952E+03
977	86	3.96970E+03
1087	127	3.96983E+03
1197	446	3.96985E+03
1197	86	3.96991E+03
977	624	3.96997E+03
1087	749	3.97001E+03
977	749	3.97035E+03
1197	624	3.97042E+03
977	127	3.97047E+03
1087	87	3.97053E+03
1197	127	3.97069E+03
1197	749	3.97099E+03
1087	354	3.97105E+03
1087	313	3.97107E+03
977	87	3.97118E+03
1087	214	3.97127E+03
1087	791	3.97129E+03
1197	87	3.97139E+03
977	791	3.97156E+03
977	354	3.97166E+03
977	313	3.97169E+03
1087	263	3.97185E+03
977	214	3.97190E+03
1197	354	3.97193E+03
1197	313	3.97194E+03
1087	583	3.97202E+03
1087	666	3.97206E+03
1197	214	3.97213E+03
1087	88	3.97216E+03
1197	791	3.97229E+03
1087	128	3.97239E+03
977	666	3.97248E+03
977	263	3.97248E+03
977	583	3.97252E+03
1197	263	3.97271E+03
977	88	3.97280E+03
1197	583	3.97293E+03
1197	666	3.97300E+03
1197	88	3.97302E+03
977	128	3.97303E+03
1197	128	3.97325E+03
1087	406	3.97359E+03
1087	539	3.97378E+03
1087	89	3.97396E+03
977	406	3.97417E+03
1087	708	3.97427E+03
977	539	3.97431E+03
1087	447	3.97442E+03
1197	406	3.97447E+03
977	89	3.97461E+03
977	708	3.97462E+03
1197	539	3.97469E+03
1087	215	3.97482E+03
1197	89	3.97482E+03
977	447	3.97498E+03
1197	708	3.97524E+03
1087	129	3.97528E+03
1197	447	3.97532E+03
1087	625	3.97544E+03
977	215	3.97546E+03
1197	215	3.97568E+03
1087	314	3.97582E+03
977	625	3.97589E+03
977	129	3.97592E+03
1087	90	3.97597E+03
1087	750	3.97611E+03
1197	129	3.97614E+03
1087	264	3.97615E+03
1087	355	3.97624E+03
1197	625	3.97638E+03
977	750	3.97639E+03
977	314	3.97643E+03
977	90	3.97661E+03
1197	314	3.97668E+03
977	264	3.97678E+03
1197	90	3.97683E+03
977	355	3.97684E+03
1197	264	3.97701E+03
1197	750	3.97711E+03
1197	355	3.97712E+03
1087	792	3.97756E+03
977	792	3.97776E+03
1087	91	3.97822E+03
1087	584	3.97828E+03
1087	667	3.97846E+03
1087	130	3.97856E+03
1197	792	3.97859E+03
1087	235	3.97861E+03
977	584	3.97875E+03
977	667	3.97884E+03
1087	216	3.97885E+03
977	91	3.97886E+03
1197	91	3.97907E+03
977	130	3.97920E+03
1197	584	3.97920E+03
977	235	3.97925E+03
1197	130	3.97941E+03
1197	667	3.97942E+03
1197	235	3.97947E+03
977	216	3.97949E+03
1087	407	3.97949E+03
1197	216	3.97971E+03
977	407	3.98006E+03
1087	540	3.98018E+03
1197	407	3.98038E+03
977	540	3.98068E+03
1087	448	3.98072E+03
1087	265	3.98104E+03
1087	709	3.98104E+03
1197	540	3.98109E+03
1087	315	3.98122E+03
977	448	3.98125E+03
977	709	3.98133E+03
1197	448	3.98162E+03
977	265	3.98166E+03
977	315	3.98183E+03
1197	265	3.98190E+03
1197	709	3.98203E+03
1197	315	3.98209E+03
1087	356	3.98217E+03
1087	131	3.98227E+03
1087	626	3.98232E+03
977	626	3.98272E+03
977	356	3.98276E+03
977	131	3.98291E+03
1197	356	3.98304E+03
1197	131	3.98312E+03
1087	751	3.98314E+03
1197	626	3.98327E+03
977	751	3.98334E+03
1087	217	3.98344E+03
977	217	3.98407E+03
1197	751	3.98416E+03
1197	217	3.98430E+03
1087	793	3.98475E+03
977	793	3.98485E+03
1087	585	3.98548E+03
1197	793	3.98581E+03
1087	668	3.98584E+03
977	585	3.98592E+03
977	668	3.98616E+03
1087	408	3.98624E+03
1197	585	3.98642E+03
1087	132	3.98646E+03
1087	266	3.98660E+03
977	408	3.98680E+03
1197	668	3.98681E+03
977	132	3.98710E+03
1197	408	3.98713E+03
977	266	3.98723E+03
1197	132	3.98731E+03
1087	316	3.98738E+03
1197	266	3.98747E+03
1087	541	3.98752E+03
1087	449	3.98793E+03
977	316	3.98798E+03
977	541	3.98799E+03
1197	316	3.98824E+03
1197	541	3.98843E+03
977	449	3.98844E+03
1087	218	3.98864E+03
1087	710	3.98879E+03
1197	449	3.98883E+03
1087	357	3.98892E+03
977	710	3.98901E+03
977	218	3.98928E+03
977	357	3.98950E+03
1197	218	3.98950E+03
1197	357	3.98979E+03
1197	710	3.98980E+03
1087	627	3.99020E+03
977	627	3.99055E+03
1087	752	3.99114E+03
1197	627	3.99116E+03
1087	133	3.99117E+03
977	752	3.99125E+03
977	133	3.99181E+03
1197	133	3.99203E+03
1197	752	3.99219E+03
977	794	3.99288E+03
1087	794	3.99288E+03
1087	267	3.99292E+03
977	267	3.99354E+03
1087	586	3.99370E+03
1197	267	3.99378E+03
1087	409	3.99392E+03
1197	794	3.99398E+03
977	586	3.99409E+03
1087	669	3.99423E+03
1087	317	3.99436E+03
977	409	3.99446E+03
977	669	3.99449E+03
1087	219	3.99452E+03
1087	287	3.99464E+03
1197	586	3.99465E+03
1197	409	3.99481E+03
977	317	3.99496E+03
977	219	3.99515E+03
1197	317	3.99523E+03
1197	669	3.99523E+03
977	287	3.99526E+03
1197	219	3.99538E+03
1197	287	3.99551E+03
1087	542	3.99586E+03
1087	450	3.99611E+03
977	542	3.99630E+03
1087	134	3.99645E+03
1087	358	3.99656E+03
977	450	3.99660E+03
1197	542	3.99679E+03
1197	450	3.99702E+03
977	134	3.99709E+03
977	358	3.99713E+03
1197	134	3.99730E+03
1197	358	3.99744E+03
1087	711	3.99755E+03
977	711	3.99769E+03
1197	711	3.99859E+03
1087	628	3.99911E+03
977	628	3.99941E+03
1087	268	4.00004E+03
1197	628	4.00009E+03
1087	753	4.00012E+03
977	753	4.00014E+03
977	268	4.00066E+03
1197	268	4.00090E+03
1087	220	4.00112E+03
1197	753	4.00121E+03
977	220	4.00175E+03
977	795	4.00184E+03
1087	795	4.00196E+03
1197	220	4.00198E+03
1087	318	4.00223E+03
1087	135	4.00230E+03
1087	410	4.00258E+03
977	318	4.00282E+03
977	135	4.00294E+03
1087	587	4.00298E+03
977	410	4.00310E+03
1197	795	4.00310E+03
1197	318	4.00310E+03
1197	135	4.00315E+03
977	587	4.00332E+03
1197	410	4.00347E+03
1087	670	4.00367E+03
977	670	4.00385E+03
1197	587	4.00393E+03
1197	670	4.00469E+03
1087	359	4.00517E+03
1087	543	4.00526E+03
1087	451	4.00533E+03
977	543	4.00566E+03
977	359	4.00573E+03
977	451	4.00579E+03
1197	359	4.00605E+03
1197	543	4.00620E+03
1197	451	4.00625E+03
1087	712	4.00733E+03
977	712	4.00738E+03
1087	269	4.00800E+03
1197	712	4.00840E+03
1087	221	4.00846E+03
977	269	4.00862E+03
1087	136	4.00873E+03
1197	269	4.00886E+03
1087	339	4.00901E+03
977	221	4.00909E+03
1087	629	4.00910E+03
1197	221	4.00932E+03
977	629	4.00933E+03
977	136	4.00937E+03
977	339	4.00958E+03
1197	136	4.00958E+03
1197	339	4.00988E+03
977	754	4.00999E+03
1087	754	4.01009E+03
1197	629	4.01010E+03
1087	319	4.01103E+03
1197	754	4.01121E+03
977	319	4.01162E+03
977	796	4.01169E+03
1197	319	4.01190E+03
1087	796	4.01195E+03
1087	411	4.01227E+03
977	411	4.01276E+03
1197	796	4.01313E+03
1197	411	4.01317E+03
1087	588	4.01332E+03
977	588	4.01362E+03
1087	671	4.01415E+03
977	671	4.01425E+03
1197	588	4.01430E+03
1087	360	4.01478E+03
1197	671	4.01520E+03
977	360	4.01532E+03
1087	452	4.01561E+03
1197	360	4.01566E+03
1087	544	4.01573E+03
1087	137	4.01574E+03
977	452	4.01604E+03
977	544	4.01609E+03
977	137	4.01638E+03
1197	452	4.01653E+03
1087	222	4.01654E+03
1197	137	4.01659E+03
1197	544	4.01668E+03
1087	270	4.01682E+03
977	222	4.01717E+03
1197	222	4.01739E+03
977	270	4.01743E+03
1197	270	4.01768E+03
977	713	4.01806E+03
1087	713	4.01811E+03
1197	713	4.01921E+03
1087	381	4.01944E+03
977	381	4.01995E+03
1087	630	4.02014E+03
977	630	4.02030E+03
1197	381	4.02033E+03
977	755	4.02076E+03
1087	320	4.02077E+03
1087	755	4.02098E+03
1197	630	4.02116E+03
977	320	4.02135E+03
1197	320	4.02164E+03
1197	755	4.02214E+03
977	797	4.02239E+03
1087	797	4.02278E+03
1087	412	4.02299E+03
1087	138	4.02329E+03
977	412	4.02346E+03
1197	412	4.02389E+03
977	138	4.02393E+03
1197	797	4.02402E+03
1197	138	4.02414E+03
1087	589	4.02473E+03
977	589	4.02496E+03
1087	223	4.02533E+03
1087	361	4.02537E+03
1087	672	4.02564E+03
977	672	4.02565E+03
1197	589	4.02572E+03
977	361	4.02590E+03
977	223	4.02595E+03
1197	223	4.02618E+03
1197	361	4.02626E+03
1087	271	4.02647E+03
1197	672	4.02671E+03
1087	453	4.02693E+03
977	271	4.02708E+03
1087	545	4.02725E+03
977	453	4.02733E+03
1197	271	4.02733E+03
977	545	4.02757E+03
1197	453	4.02786E+03
1197	545	4.02821E+03
977	714	4.02966E+03
1087	714	4.02982E+03
1197	714	4.03096E+03
1087	139	4.03134E+03
1087	321	4.03143E+03
977	139	4.03197E+03
977	321	4.03199E+03
1087	631	4.03218E+03
1197	139	4.03219E+03
977	631	4.03227E+03
1197	321	4.03230E+03
977	756	4.03237E+03
1087	756	4.03272E+03
1197	631	4.03323E+03
977	798	4.03383E+03
1197	756	4.03393E+03
1087	798	4.03438E+03
1087	413	4.03472E+03
1087	224	4.03477E+03
977	413	4.03517E+03
977	224	4.03540E+03
1197	224	4.03562E+03
1197	413	4.03563E+03
1197	798	4.03567E+03
1087	272	4.03692E+03
1087	362	4.03693E+03
1087	590	4.03714E+03
977	590	4.03731E+03
977	362	4.03744E+03
977	272	4.03752E+03
1197	272	4.03778E+03
1197	362	4.03782E+03
977	673	4.03797E+03
1087	673	4.03805E+03
1197	590	4.03815E+03
1197	673	4.03916E+03
1087	454	4.03926E+03
1087	566	4.03928E+03
977	566	4.03951E+03
977	454	4.03962E+03
1087	546	4.03978E+03
1087	140	4.03983E+03
977	546	4.04004E+03
1197	454	4.04021E+03
1197	566	4.04026E+03
977	140	4.04047E+03
1197	140	4.04068E+03
1197	546	4.04076E+03
977	715	4.04210E+03
1087	715	4.04238E+03
1087	322	4.04294E+03
977	322	4.04350E+03
1197	715	4.04355E+03
1197	322	4.04381E+03
977	757	4.04472E+03
1087	225	4.04481E+03
1087	632	4.04515E+03
977	632	4.04516E+03
1087	757	4.04521E+03
977	225	4.04543E+03
1197	225	4.04566E+03
977	799	4.04592E+03
1197	632	4.04622E+03
1197	757	4.04647E+03
1087	799	4.04663E+03
1087	414	4.04739E+03
977	414	4.04781E+03
1197	799	4.04797E+03
1087	273	4.04809E+03
1197	414	4.04831E+03
977	273	4.04869E+03
1087	141	4.04871E+03
1197	273	4.04895E+03
977	141	4.04934E+03
1087	363	4.04937E+03
1197	141	4.04955E+03
977	363	4.04987E+03
1197	363	4.05027E+03
1087	591	4.05047E+03
977	591	4.05057E+03
977	674	4.05112E+03
1087	674	4.05130E+03
1197	591	4.05150E+03
1197	674	4.05245E+03
1087	455	4.05252E+03
1087	567	4.05272E+03
977	455	4.05284E+03
977	567	4.05290E+03
1087	547	4.05323E+03
977	547	4.05344E+03
1197	455	4.05348E+03
1197	567	4.05373E+03
1197	547	4.05422E+03
1087	323	4.05523E+03
977	716	4.05526E+03
1087	226	4.05537E+03
1087	716	4.05566E+03
977	323	4.05577E+03
977	226	4.05599E+03
1197	323	4.05610E+03
1197	226	4.05622E+03
1197	716	4.05689E+03
977	758	4.05769E+03
1087	142	4.05791E+03
1087	758	4.05833E+03
977	800	4.05851E+03
977	142	4.05854E+03
1197	142	4.05875E+03
977	633	4.05886E+03
1087	633	4.05894E+03
1087	800	4.05940E+03
1197	758	4.05964E+03
1087	274	4.05989E+03
1197	633	4.06004E+03
977	274	4.06048E+03
1197	274	4.06075E+03
1197	800	4.06080E+03
1087	415	4.06091E+03
977	415	4.06130E+03
1197	415	4.06184E+03
1087	364	4.06261E+03
977	364	4.06308E+03
1197	364	4.06351E+03
1087	592	4.06461E+03
977	592	4.06464E+03
977	675	4.06497E+03
1087	675	4.06527E+03
1197	592	4.06567E+03
1087	227	4.06637E+03
1197	675	4.06645E+03
1087	456	4.06661E+03
977	456	4.06688E+03
1087	568	4.06697E+03
977	227	4.06698E+03
977	568	4.06709E+03
1197	227	4.06721E+03
1087	548	4.06749E+03
1197	456	4.06757E+03
977	548	4.06764E+03
1197	568	4.06800E+03
1087	324	4.06819E+03
1197	548	4.06850E+03
977	324	4.06872E+03
977	717	4.06902E+03
1197	324	4.06906E+03
1087	717	4.06956E+03
1197	717	4.07082E+03
977	759	4.07115E+03
977	801	4.07150E+03
1087	759	4.07194E+03
1087	275	4.07222E+03
1087	801	4.07256E+03
977	275	4.07280E+03
1197	275	4.07308E+03
977	634	4.07325E+03
1197	759	4.07331E+03
1087	634	4.07343E+03
1197	801	4.07403E+03
1197	634	4.07456E+03
1087	416	4.07516E+03
977	416	4.07552E+03
1197	416	4.07609E+03
1087	365	4.07651E+03
977	365	4.07696E+03
1197	365	4.07741E+03
1087	228	4.07771E+03
977	228	4.07832E+03
1197	228	4.07855E+03
977	593	4.07939E+03
977	676	4.07939E+03
1087	593	4.07944E+03
1087	676	4.07981E+03
1197	593	4.08052E+03
1197	676	4.08103E+03
1087	457	4.08138E+03
977	457	4.08161E+03
1087	325	4.08169E+03
977	325	4.08221E+03
1197	457	4.08236E+03
1087	549	4.08242E+03
977	549	4.08252E+03
1197	325	4.08256E+03
977	718	4.08324E+03
1197	549	4.08345E+03
1087	718	4.08391E+03
977	802	4.08473E+03
977	760	4.08496E+03
1087	276	4.08496E+03
1197	718	4.08523E+03
977	276	4.08554E+03
1197	276	4.08582E+03
1087	760	4.08591E+03
1087	802	4.08598E+03
1197	760	4.08733E+03
1197	802	4.08751E+03
977	635	4.08820E+03
1087	635	4.08847E+03
1087	229	4.08931E+03
1197	635	4.08964E+03
977	229	4.08993E+03
1087	417	4.08999E+03
1197	229	4.09015E+03
977	417	4.09032E+03
1197	417	4.09094E+03
1087	366	4.09095E+03
977	366	4.09138E+03
1197	366	4.09185E+03
977	677	4.09425E+03
977	594	4.09467E+03
1087	677	4.09479E+03
1087	594	4.09480E+03
1087	326	4.09561E+03
1197	594	4.09591E+03
1197	677	4.09605E+03
977	326	4.09612E+03
1197	326	4.09649E+03
1087	458	4.09670E+03
977	458	4.09688E+03
1197	458	4.09769E+03
977	719	4.09778E+03
1087	550	4.09790E+03
977	550	4.09793E+03
1087	277	4.09800E+03
977	803	4.09809E+03
977	277	4.09857E+03
1087	719	4.09860E+03
1197	277	4.09885E+03
1197	550	4.09895E+03
977	761	4.09899E+03
1087	803	4.09953E+03
1197	719	4.09996E+03
1087	761	4.10011E+03
1087	230	4.10110E+03
1197	803	4.10113E+03
1197	761	4.10159E+03
977	230	4.10171E+03
1197	230	4.10194E+03
977	636	4.10355E+03
1087	636	4.10393E+03
1197	636	4.10513E+03
1087	418	4.10528E+03
977	418	4.10557E+03
1087	367	4.10577E+03
977	367	4.10618E+03
1197	418	4.10623E+03
1197	367	4.10668E+03
977	678	4.10941E+03
1087	327	4.10982E+03
1087	678	4.11007E+03
977	327	4.11031E+03
977	595	4.11036E+03
1087	595	4.11057E+03
1197	327	4.11070E+03
1087	278	4.11123E+03
1197	678	4.11137E+03
977	804	4.11148E+03
1197	595	4.11170E+03
977	278	4.11179E+03
1197	278	4.11208E+03
1087	459	4.11242E+03
977	720	4.11252E+03
977	459	4.11256E+03
1087	231	4.11300E+03
1087	804	4.11310E+03
977	762	4.11313E+03
1197	459	4.11343E+03
1087	720	4.11348E+03
977	231	4.11361E+03
977	551	4.11373E+03
1087	551	4.11377E+03
1197	231	4.11384E+03
1087	762	4.11441E+03
1197	804	4.11476E+03
1197	551	4.11483E+03
1197	720	4.11490E+03
1197	762	4.11595E+03
977	637	4.11919E+03
1087	637	4.11967E+03
1087	419	4.12087E+03
1087	368	4.12087E+03
1197	637	4.12091E+03
977	419	4.12113E+03
977	368	4.12125E+03
1197	368	4.12178E+03
