GRAM	c2h2	chi_tot
9153	380	2.76597E+02
9153	432	2.76711E+02
9153	338	2.76759E+02
9153	379	2.76766E+02
9153	431	2.76854E+02
9153	378	2.76903E+02
9153	337	2.76926E+02
9153	473	2.76931E+02
9153	430	2.76957E+02
9153	377	2.77014E+02
9153	429	2.77034E+02
9153	336	2.77060E+02
9153	472	2.77066E+02
9153	286	2.77076E+02
9153	428	2.77094E+02
9153	376	2.77108E+02
9153	565	2.77131E+02
9153	427	2.77146E+02
9153	471	2.77147E+02
9153	335	2.77168E+02
9153	375	2.77188E+02
9153	285	2.77188E+02
7463	609	2.77192E+02
9153	470	2.77192E+02
9153	426	2.77195E+02
9153	469	2.77215E+02
7463	650	2.77216E+02
9153	468	2.77227E+02
9153	467	2.77238E+02
9153	425	2.77243E+02
9153	466	2.77253E+02
9153	334	2.77257E+02
9153	374	2.77258E+02
9153	564	2.77272E+02
9153	465	2.77276E+02
9153	284	2.77278E+02
9153	609	2.77282E+02
9153	234	2.77290E+02
9153	424	2.77293E+02
9153	464	2.77309E+02
9153	557	2.77320E+02
9153	373	2.77322E+02
9153	558	2.77327E+02
9153	556	2.77328E+02
9153	333	2.77330E+02
9153	559	2.77343E+02
9153	423	2.77347E+02
9153	563	2.77348E+02
9153	555	2.77351E+02
9153	283	2.77352E+02
9153	463	2.77354E+02
9153	560	2.77364E+02
9153	233	2.77372E+02
9153	562	2.77378E+02
9153	600	2.77379E+02
9153	561	2.77379E+02
9153	372	2.77382E+02
9153	599	2.77384E+02
9153	650	2.77391E+02
9153	601	2.77392E+02
9153	554	2.77393E+02
9153	332	2.77393E+02
9153	422	2.77406E+02
9153	462	2.77410E+02
9153	598	2.77411E+02
9153	282	2.77416E+02
9153	602	2.77420E+02
9153	608	2.77429E+02
9153	640	2.77433E+02
7463	691	2.77439E+02
9153	641	2.77439E+02
9153	371	2.77442E+02
9153	232	2.77449E+02
9153	639	2.77450E+02
7463	565	2.77451E+02
9153	331	2.77451E+02
9153	553	2.77453E+02
9153	603	2.77457E+02
9153	597	2.77460E+02
9153	642	2.77464E+02
9153	691	2.77470E+02
9153	421	2.77472E+02
9153	281	2.77474E+02
9153	461	2.77480E+02
9153	681	2.77487E+02
9153	638	2.77492E+02
9153	604	2.77495E+02
9153	682	2.77496E+02
9153	680	2.77500E+02
9153	643	2.77504E+02
9153	370	2.77505E+02
9153	607	2.77506E+02
9153	330	2.77507E+02
9153	231	2.77524E+02
9153	605	2.77524E+02
9153	683	2.77526E+02
9153	732	2.77527E+02
9153	552	2.77530E+02
9153	280	2.77531E+02
9153	596	2.77531E+02
9153	606	2.77533E+02
9153	649	2.77538E+02
9153	679	2.77539E+02
9153	722	2.77540E+02
9153	420	2.77547E+02
9153	723	2.77548E+02
9153	644	2.77551E+02
9153	721	2.77555E+02
9153	637	2.77558E+02
9153	460	2.77563E+02
9153	329	2.77566E+02
9153	773	2.77568E+02
9153	684	2.77569E+02
9153	369	2.77573E+02
9153	724	2.77575E+02
9153	279	2.77590E+02
9153	763	2.77593E+02
9153	764	2.77594E+02
9153	645	2.77597E+02
9153	720	2.77597E+02
9153	814	2.77598E+02
9153	230	2.77600E+02
9153	678	2.77605E+02
9153	690	2.77612E+02
9153	762	2.77614E+02
9153	765	2.77615E+02
9153	725	2.77616E+02
9153	648	2.77616E+02
9153	685	2.77618E+02
9153	595	2.77623E+02
9153	551	2.77624E+02
9153	328	2.77630E+02
9153	646	2.77631E+02
9153	419	2.77632E+02
9153	805	2.77639E+02
9153	647	2.77642E+02
9153	804	2.77647E+02
9153	368	2.77649E+02
9153	636	2.77649E+02
9153	766	2.77649E+02
9153	806	2.77651E+02
9153	278	2.77655E+02
9153	731	2.77658E+02
9153	459	2.77659E+02
9153	761	2.77662E+02
9153	726	2.77663E+02
9153	719	2.77665E+02
9153	686	2.77665E+02
9153	807	2.77676E+02
9153	803	2.77678E+02
9153	229	2.77681E+02
9153	142	2.77681E+02
9153	772	2.77687E+02
9153	689	2.77687E+02
9153	767	2.77691E+02
9153	677	2.77696E+02
9153	687	2.77700E+02
9153	327	2.77703E+02
9153	813	2.77703E+02
9153	727	2.77707E+02
9153	808	2.77709E+02
9153	688	2.77712E+02
9153	418	2.77728E+02
9153	730	2.77728E+02
9153	277	2.77729E+02
9153	768	2.77731E+02
9153	594	2.77734E+02
9153	367	2.77735E+02
9153	802	2.77735E+02
9153	550	2.77735E+02
9153	760	2.77737E+02
9153	728	2.77741E+02
9153	809	2.77743E+02
9153	771	2.77750E+02
9153	729	2.77752E+02
9153	812	2.77759E+02
9153	718	2.77759E+02
9153	635	2.77760E+02
9153	769	2.77761E+02
9153	228	2.77768E+02
9153	810	2.77768E+02
9153	458	2.77768E+02
9153	770	2.77771E+02
9153	811	2.77777E+02
9153	326	2.77786E+02
9153	141	2.77801E+02
7463	732	2.77809E+02
9153	676	2.77810E+02
9153	276	2.77813E+02
9153	801	2.77818E+02
9153	366	2.77833E+02
9153	417	2.77836E+02
9153	759	2.77837E+02
9153	549	2.77861E+02
9153	227	2.77862E+02
9153	593	2.77862E+02
9153	717	2.77878E+02
9153	325	2.77882E+02
9153	457	2.77891E+02
9153	634	2.77891E+02
9153	275	2.77907E+02
9153	140	2.77923E+02
9153	800	2.77926E+02
9153	365	2.77943E+02
9153	675	2.77944E+02
9153	416	2.77957E+02
9153	758	2.77961E+02
9153	226	2.77964E+02
9153	324	2.77990E+02
9153	568	2.77998E+02
9153	548	2.78000E+02
9153	592	2.78005E+02
9153	274	2.78013E+02
9153	716	2.78017E+02
9153	456	2.78026E+02
9153	633	2.78039E+02
9153	139	2.78046E+02
9153	799	2.78058E+02
9153	364	2.78065E+02
9153	225	2.78075E+02
7463	649	2.78082E+02
9153	415	2.78089E+02
7463	608	2.78091E+02
9153	674	2.78096E+02
9153	757	2.78106E+02
9153	323	2.78109E+02
9153	273	2.78129E+02
7463	473	2.78136E+02
9153	567	2.78151E+02
9153	547	2.78151E+02
9153	591	2.78161E+02
9153	138	2.78172E+02
9153	455	2.78172E+02
9153	715	2.78173E+02
9153	224	2.78192E+02
9153	363	2.78198E+02
9153	632	2.78199E+02
9153	798	2.78209E+02
9153	414	2.78232E+02
9153	322	2.78238E+02
9153	272	2.78254E+02
9153	673	2.78262E+02
9153	756	2.78268E+02
7463	690	2.78275E+02
7463	773	2.78291E+02
9153	137	2.78298E+02
9153	546	2.78311E+02
9153	566	2.78313E+02
9153	223	2.78316E+02
9153	590	2.78327E+02
9153	454	2.78328E+02
9153	362	2.78340E+02
9153	714	2.78344E+02
9153	631	2.78370E+02
9153	321	2.78375E+02
9153	797	2.78376E+02
9153	413	2.78383E+02
9153	271	2.78385E+02
7463	564	2.78389E+02
9153	136	2.78425E+02
9153	672	2.78437E+02
9153	755	2.78443E+02
9153	222	2.78443E+02
9153	545	2.78479E+02
9153	361	2.78489E+02
9153	453	2.78490E+02
9153	589	2.78500E+02
9153	320	2.78518E+02
9153	270	2.78521E+02
9153	713	2.78524E+02
9153	412	2.78541E+02
9153	630	2.78549E+02
9153	135	2.78551E+02
9153	796	2.78556E+02
9153	221	2.78573E+02
9153	381	2.78584E+02
7463	731	2.78616E+02
9153	671	2.78620E+02
9153	754	2.78627E+02
9153	360	2.78642E+02
9153	544	2.78651E+02
9153	452	2.78657E+02
9153	269	2.78660E+02
9153	319	2.78664E+02
9153	134	2.78673E+02
9153	588	2.78678E+02
9153	411	2.78702E+02
9153	220	2.78703E+02
9153	712	2.78711E+02
9153	339	2.78717E+02
9153	629	2.78732E+02
9153	795	2.78743E+02
9153	133	2.78792E+02
9153	359	2.78797E+02
9153	268	2.78798E+02
9153	670	2.78807E+02
9153	318	2.78811E+02
9153	753	2.78816E+02
9153	451	2.78826E+02
9153	543	2.78826E+02
9153	219	2.78831E+02
7463	814	2.78858E+02
9153	587	2.78858E+02
9153	410	2.78864E+02
9153	91	2.78882E+02
9153	711	2.78900E+02
9153	132	2.78905E+02
7463	648	2.78914E+02
9153	628	2.78916E+02
9153	287	2.78927E+02
9153	267	2.78933E+02
9153	794	2.78933E+02
9153	358	2.78951E+02
9153	218	2.78954E+02
7463	607	2.78957E+02
9153	317	2.78957E+02
9153	90	2.78984E+02
9153	450	2.78994E+02
9153	669	2.78994E+02
9153	542	2.79000E+02
9153	752	2.79007E+02
9153	131	2.79012E+02
9153	409	2.79025E+02
9153	586	2.79037E+02
9153	266	2.79065E+02
7463	772	2.79070E+02
9153	217	2.79072E+02
9153	89	2.79075E+02
7463	689	2.79079E+02
9153	710	2.79089E+02
9153	627	2.79098E+02
9153	316	2.79099E+02
9153	357	2.79103E+02
9153	130	2.79112E+02
7463	472	2.79121E+02
9153	793	2.79124E+02
9153	88	2.79156E+02
9153	449	2.79160E+02
9153	541	2.79172E+02
9153	668	2.79178E+02
9153	408	2.79183E+02
9153	216	2.79184E+02
9153	265	2.79192E+02
9153	751	2.79195E+02
9153	129	2.79205E+02
9153	585	2.79213E+02
9153	235	2.79222E+02
9153	87	2.79228E+02
9153	315	2.79236E+02
9153	356	2.79250E+02
9153	709	2.79273E+02
9153	626	2.79276E+02
9153	215	2.79289E+02
9153	128	2.79290E+02
9153	86	2.79292E+02
7463	563	2.79296E+02
9153	792	2.79309E+02
9153	264	2.79313E+02
9153	448	2.79320E+02
9153	407	2.79336E+02
9153	540	2.79339E+02
9153	85	2.79349E+02
9153	667	2.79357E+02
9153	314	2.79368E+02
9153	127	2.79370E+02
9153	750	2.79377E+02
9153	584	2.79383E+02
9153	214	2.79388E+02
9153	355	2.79391E+02
7463	730	2.79396E+02
9153	84	2.79399E+02
9153	263	2.79427E+02
9153	126	2.79443E+02
9153	83	2.79444E+02
9153	625	2.79448E+02
9153	708	2.79450E+02
9153	447	2.79475E+02
9153	213	2.79480E+02
7463	432	2.79481E+02
9153	406	2.79482E+02
9153	82	2.79485E+02
9153	791	2.79488E+02
9153	313	2.79492E+02
9153	539	2.79498E+02
9153	125	2.79509E+02
9153	81	2.79522E+02
9153	354	2.79526E+02
9153	666	2.79527E+02
9153	262	2.79535E+02
9153	583	2.79545E+02
9153	749	2.79551E+02
9153	80	2.79557E+02
9153	212	2.79567E+02
9153	124	2.79571E+02
9153	79	2.79589E+02
9153	624	2.79610E+02
9153	312	2.79610E+02
7463	813	2.79612E+02
9153	707	2.79617E+02
9153	78	2.79620E+02
9153	405	2.79621E+02
9153	446	2.79622E+02
9153	123	2.79628E+02
9153	261	2.79636E+02
9153	211	2.79648E+02
9153	538	2.79649E+02
9153	77	2.79650E+02
9153	353	2.79654E+02
9153	790	2.79656E+02
9153	76	2.79679E+02
9153	122	2.79681E+02
9153	665	2.79687E+02
9153	514	2.79697E+02
9153	582	2.79697E+02
9153	75	2.79708E+02
9153	748	2.79713E+02
9153	513	2.79720E+02
9153	311	2.79722E+02
9153	210	2.79724E+02
9153	260	2.79731E+02
7463	647	2.79732E+02
9153	121	2.79732E+02
9153	74	2.79736E+02
9153	512	2.79742E+02
9153	404	2.79752E+02
9153	445	2.79759E+02
9153	623	2.79761E+02
9153	511	2.79763E+02
9153	73	2.79765E+02
9153	706	2.79773E+02
9153	352	2.79774E+02
9153	120	2.79780E+02
9153	510	2.79785E+02
9153	537	2.79790E+02
9153	72	2.79794E+02
9153	209	2.79795E+02
9153	509	2.79807E+02
7463	606	2.79809E+02
9153	789	2.79811E+02
9153	259	2.79821E+02
9153	71	2.79823E+02
9153	119	2.79827E+02
9153	310	2.79827E+02
7463	771	2.79828E+02
9153	508	2.79830E+02
9153	664	2.79835E+02
9153	581	2.79839E+02
9153	70	2.79852E+02
9153	507	2.79852E+02
9153	747	2.79862E+02
9153	208	2.79864E+02
7463	688	2.79870E+02
9153	118	2.79873E+02
9153	403	2.79875E+02
9153	506	2.79875E+02
9153	183	2.79881E+02
9153	69	2.79882E+02
9153	351	2.79887E+02
9153	444	2.79887E+02
9153	505	2.79899E+02
9153	182	2.79899E+02
9153	622	2.79901E+02
9153	258	2.79906E+02
9153	68	2.79914E+02
9153	705	2.79916E+02
9153	181	2.79917E+02
9153	117	2.79919E+02
9153	536	2.79920E+02
9153	504	2.79922E+02
9153	309	2.79926E+02
9153	207	2.79929E+02
9153	180	2.79935E+02
9153	67	2.79947E+02
9153	503	2.79947E+02
9153	179	2.79953E+02
9153	788	2.79953E+02
9153	116	2.79964E+02
9153	580	2.79969E+02
9153	178	2.79970E+02
9153	663	2.79971E+02
9153	502	2.79972E+02
9153	66	2.79980E+02
9153	257	2.79988E+02
9153	402	2.79988E+02
9153	177	2.79988E+02
9153	350	2.79993E+02
9153	206	2.79993E+02
9153	501	2.79997E+02
9153	746	2.79998E+02
9153	443	2.80005E+02
9153	176	2.80007E+02
9153	115	2.80010E+02
9153	65	2.80016E+02
9153	308	2.80020E+02
9153	500	2.80024E+02
9153	175	2.80025E+02
9153	621	2.80027E+02
9153	40	2.80029E+02
9153	535	2.80040E+02
9153	704	2.80045E+02
9153	174	2.80045E+02
9153	39	2.80045E+02
9153	499	2.80052E+02
9153	64	2.80052E+02
9153	205	2.80055E+02
9153	114	2.80056E+02
9153	38	2.80062E+02
9153	173	2.80065E+02
9153	256	2.80065E+02
9153	37	2.80079E+02
7463	471	2.80080E+02
9153	787	2.80080E+02
9153	498	2.80080E+02
9153	172	2.80085E+02
9153	579	2.80087E+02
9153	63	2.80090E+02
9153	349	2.80090E+02
9153	662	2.80092E+02
9153	401	2.80093E+02
9153	36	2.80097E+02
9153	113	2.80103E+02
9153	171	2.80106E+02
9153	307	2.80107E+02
9153	497	2.80110E+02
9153	442	2.80113E+02
9153	35	2.80114E+02
9153	204	2.80115E+02
9153	745	2.80119E+02
9153	170	2.80127E+02
9153	62	2.80130E+02
9153	34	2.80132E+02
9153	255	2.80139E+02
9153	620	2.80141E+02
9153	496	2.80142E+02
9153	534	2.80147E+02
9153	169	2.80149E+02
9153	33	2.80150E+02
9153	112	2.80151E+02
9153	703	2.80160E+02
7463	729	2.80165E+02
9153	32	2.80168E+02
9153	61	2.80171E+02
9153	168	2.80172E+02
9153	495	2.80175E+02
9153	203	2.80175E+02
9153	348	2.80180E+02
9153	31	2.80186E+02
9153	400	2.80188E+02
9153	306	2.80188E+02
7463	562	2.80192E+02
9153	578	2.80192E+02
9153	786	2.80193E+02
9153	167	2.80195E+02
9153	111	2.80199E+02
9153	661	2.80200E+02
9153	30	2.80204E+02
9153	494	2.80209E+02
9153	254	2.80209E+02
9153	441	2.80210E+02
9153	60	2.80213E+02
9153	166	2.80219E+02
9153	29	2.80222E+02
9153	744	2.80226E+02
9153	202	2.80233E+02
9153	28	2.80240E+02
9153	619	2.80242E+02
9153	533	2.80244E+02
9153	493	2.80244E+02
9153	165	2.80244E+02
9153	110	2.80249E+02
9153	59	2.80256E+02
9153	27	2.80259E+02
9153	702	2.80261E+02
9153	347	2.80262E+02
9153	305	2.80264E+02
9153	164	2.80271E+02
9153	399	2.80274E+02
9153	253	2.80276E+02
9153	26	2.80278E+02
9153	492	2.80281E+02
9153	577	2.80285E+02
9153	201	2.80290E+02
9153	785	2.80291E+02
9153	660	2.80295E+02
9153	440	2.80297E+02
9153	109	2.80298E+02
9153	25	2.80298E+02
9153	163	2.80299E+02
9153	58	2.80300E+02
9153	491	2.80318E+02
9153	24	2.80319E+02
9153	743	2.80319E+02
9153	162	2.80328E+02
9153	532	2.80329E+02
9153	618	2.80331E+02
9153	304	2.80333E+02
9153	346	2.80337E+02
9153	252	2.80338E+02
9153	23	2.80341E+02
9153	57	2.80345E+02
9153	200	2.80345E+02
9153	108	2.80347E+02
9153	701	2.80348E+02
7463	812	2.80350E+02
9153	398	2.80351E+02
9153	490	2.80357E+02
9153	161	2.80358E+02
9153	22	2.80363E+02
9153	576	2.80367E+02
9153	439	2.80374E+02
9153	784	2.80375E+02
9153	659	2.80377E+02
9153	21	2.80386E+02
9153	160	2.80388E+02
9153	56	2.80389E+02
9153	107	2.80395E+02
9153	489	2.80395E+02
9153	251	2.80396E+02
9153	303	2.80396E+02
9153	199	2.80397E+02
9153	742	2.80399E+02
9153	531	2.80403E+02
9153	345	2.80403E+02
9153	617	2.80407E+02
9153	20	2.80410E+02
9153	397	2.80419E+02
9153	159	2.80419E+02
9153	700	2.80423E+02
9153	55	2.80433E+02
9153	488	2.80434E+02
9153	19	2.80434E+02
9153	575	2.80437E+02
9153	438	2.80441E+02
9153	106	2.80441E+02
9153	198	2.80446E+02
9153	783	2.80447E+02
9153	658	2.80448E+02
9153	250	2.80449E+02
9153	158	2.80450E+02
9153	302	2.80453E+02
9153	18	2.80459E+02
9153	344	2.80463E+02
9153	741	2.80467E+02
9153	530	2.80467E+02
9153	487	2.80471E+02
9153	616	2.80472E+02
9153	54	2.80475E+02
9153	396	2.80478E+02
9153	157	2.80481E+02
9153	17	2.80484E+02
9153	105	2.80485E+02
9153	699	2.80487E+02
9153	197	2.80492E+02
9153	574	2.80497E+02
9153	249	2.80497E+02
9153	437	2.80498E+02
9153	301	2.80504E+02
9153	657	2.80507E+02
9153	782	2.80507E+02
9153	486	2.80508E+02
9153	16	2.80508E+02
9153	156	2.80511E+02
7463	431	2.80513E+02
9153	343	2.80514E+02
9153	53	2.80514E+02
9153	529	2.80522E+02
9153	740	2.80524E+02
9153	104	2.80525E+02
9153	615	2.80527E+02
9153	395	2.80529E+02
9153	15	2.80532E+02
9153	196	2.80534E+02
9153	155	2.80540E+02
9153	698	2.80540E+02
9153	248	2.80541E+02
9153	485	2.80542E+02
9153	436	2.80547E+02
9153	573	2.80548E+02
9153	300	2.80549E+02
9153	52	2.80551E+02
7463	646	2.80552E+02
9153	14	2.80555E+02
9153	656	2.80557E+02
9153	781	2.80558E+02
9153	342	2.80559E+02
9153	103	2.80562E+02
9153	154	2.80567E+02
9153	528	2.80568E+02
9153	739	2.80571E+02
9153	195	2.80571E+02
9153	394	2.80573E+02
9153	614	2.80573E+02
9153	484	2.80575E+02
9153	13	2.80577E+02
9153	247	2.80579E+02
7463	770	2.80580E+02
9153	697	2.80585E+02
9153	51	2.80585E+02
9153	299	2.80587E+02
9153	435	2.80589E+02
9153	572	2.80590E+02
9153	153	2.80594E+02
9153	102	2.80596E+02
9153	341	2.80597E+02
9153	12	2.80598E+02
9153	655	2.80598E+02
9153	780	2.80599E+02
9153	483	2.80604E+02
9153	194	2.80605E+02
9153	527	2.80607E+02
9153	393	2.80609E+02
9153	738	2.80610E+02
9153	613	2.80612E+02
9153	246	2.80612E+02
9153	50	2.80615E+02
9153	11	2.80618E+02
9153	152	2.80618E+02
9153	298	2.80620E+02
9153	696	2.80621E+02
9153	434	2.80624E+02
9153	571	2.80625E+02
9153	101	2.80625E+02
9153	340	2.80629E+02
9153	482	2.80631E+02
9153	654	2.80632E+02
9153	779	2.80633E+02
9153	193	2.80634E+02
9153	10	2.80636E+02
9153	526	2.80639E+02
9153	392	2.80640E+02
9153	151	2.80640E+02
9153	245	2.80641E+02
9153	49	2.80641E+02
9153	737	2.80642E+02
9153	612	2.80643E+02
9153	297	2.80648E+02
9153	100	2.80651E+02
9153	695	2.80651E+02
9153	433	2.80652E+02
9153	9	2.80654E+02
9153	570	2.80654E+02
9153	481	2.80654E+02
9153	192	2.80659E+02
9153	653	2.80660E+02
9153	150	2.80661E+02
9153	778	2.80661E+02
7463	605	2.80663E+02
9153	48	2.80664E+02
7463	687	2.80665E+02
9153	525	2.80665E+02
9153	244	2.80665E+02
9153	391	2.80666E+02
9153	736	2.80668E+02
9153	611	2.80669E+02
9153	8	2.80670E+02
9153	296	2.80672E+02
9153	99	2.80673E+02
9153	480	2.80675E+02
9153	694	2.80675E+02
9153	569	2.80678E+02
9153	149	2.80679E+02
9153	191	2.80680E+02
9153	652	2.80683E+02
9153	777	2.80684E+02
9153	47	2.80684E+02
9153	7	2.80685E+02
9153	243	2.80686E+02
9153	524	2.80686E+02
9153	390	2.80687E+02
9153	735	2.80689E+02
9153	610	2.80690E+02
9153	295	2.80691E+02
9153	98	2.80691E+02
9153	479	2.80693E+02
9153	148	2.80695E+02
9153	693	2.80695E+02
9153	190	2.80697E+02
9153	6	2.80698E+02
9153	46	2.80701E+02
9153	651	2.80701E+02
9153	776	2.80702E+02
9153	242	2.80702E+02
9153	523	2.80704E+02
9153	389	2.80704E+02
9153	734	2.80706E+02
9153	97	2.80707E+02
9153	294	2.80707E+02
9153	478	2.80708E+02
9153	147	2.80709E+02
9153	5	2.80710E+02
9153	692	2.80711E+02
9153	189	2.80712E+02
9153	45	2.80715E+02
9153	241	2.80716E+02
9153	775	2.80716E+02
9153	522	2.80718E+02
9153	388	2.80718E+02
9153	96	2.80720E+02
9153	4	2.80720E+02
9153	477	2.80720E+02
9153	733	2.80720E+02
9153	146	2.80720E+02
9153	293	2.80721E+02
9153	188	2.80724E+02
9153	44	2.80726E+02
9153	240	2.80728E+02
9153	774	2.80728E+02
9153	3	2.80729E+02
9153	387	2.80729E+02
9153	521	2.80729E+02
9153	145	2.80730E+02
9153	476	2.80730E+02
9153	95	2.80730E+02
9153	292	2.80731E+02
9153	187	2.80734E+02
9153	43	2.80736E+02
9153	239	2.80737E+02
9153	2	2.80737E+02
9153	386	2.80738E+02
9153	520	2.80739E+02
9153	144	2.80739E+02
9153	475	2.80739E+02
9153	94	2.80739E+02
9153	291	2.80740E+02
9153	186	2.80742E+02
9153	42	2.80743E+02
9153	1	2.80744E+02
9153	238	2.80744E+02
9153	143	2.80745E+02
9153	385	2.80746E+02
9153	519	2.80746E+02
9153	474	2.80746E+02
9153	93	2.80746E+02
9153	290	2.80747E+02
9153	185	2.80749E+02
9153	41	2.80749E+02
9153	0	2.80749E+02
9153	237	2.80751E+02
9153	384	2.80752E+02
9153	518	2.80752E+02
9153	92	2.80752E+02
9153	289	2.80752E+02
9153	184	2.80754E+02
9153	236	2.80755E+02
9153	383	2.80756E+02
9153	517	2.80756E+02
9153	288	2.80757E+02
9153	382	2.80760E+02
9153	516	2.80760E+02
9153	515	2.80763E+02
7463	728	2.80941E+02
7463	470	2.81026E+02
7463	811	2.81088E+02
7463	561	2.81090E+02
7463	769	2.81341E+02
7463	645	2.81387E+02
7463	686	2.81476E+02
7463	430	2.81514E+02
7463	604	2.81531E+02
7463	727	2.81734E+02
7463	380	2.81757E+02
7463	810	2.81839E+02
7463	469	2.81969E+02
7463	560	2.81998E+02
7463	768	2.82123E+02
7463	644	2.82248E+02
7463	685	2.82313E+02
7463	603	2.82421E+02
7463	429	2.82491E+02
7463	726	2.82557E+02
7463	809	2.82614E+02
7463	379	2.82770E+02
7463	468	2.82912E+02
7463	559	2.82922E+02
7463	767	2.82936E+02
7463	643	2.83140E+02
7463	684	2.83186E+02
7463	602	2.83339E+02
7463	725	2.83416E+02
7463	808	2.83422E+02
7463	428	2.83446E+02
7463	378	2.83730E+02
7463	766	2.83788E+02
7463	467	2.83857E+02
7463	558	2.83864E+02
7463	642	2.84067E+02
7463	683	2.84097E+02
7463	807	2.84270E+02
7463	601	2.84284E+02
7463	724	2.84317E+02
7463	427	2.84381E+02
7463	377	2.84642E+02
7463	765	2.84682E+02
7463	466	2.84802E+02
7463	338	2.84814E+02
7463	557	2.84820E+02
7463	641	2.85028E+02
7463	682	2.85048E+02
7463	806	2.85162E+02
7463	600	2.85255E+02
7463	723	2.85260E+02
7463	426	2.85295E+02
7463	376	2.85513E+02
7463	764	2.85621E+02
7463	337	2.85644E+02
7463	465	2.85744E+02
7463	556	2.85789E+02
7463	640	2.86020E+02
7463	681	2.86036E+02
7463	805	2.86099E+02
7463	425	2.86188E+02
7463	722	2.86243E+02
7463	599	2.86246E+02
7463	375	2.86345E+02
7463	336	2.86418E+02
7463	763	2.86601E+02
7463	464	2.86680E+02
7463	555	2.86764E+02
7463	639	2.87037E+02
7463	680	2.87055E+02
7463	424	2.87062E+02
7463	804	2.87078E+02
7463	374	2.87144E+02
7463	335	2.87146E+02
7463	598	2.87251E+02
7463	721	2.87262E+02
7463	463	2.87607E+02
7463	762	2.87619E+02
7463	554	2.87740E+02
7463	334	2.87837E+02
7463	286	2.87843E+02
7463	373	2.87915E+02
7463	423	2.87916E+02
7463	638	2.88070E+02
7463	803	2.88094E+02
7463	679	2.88098E+02
7463	597	2.88264E+02
7463	720	2.88309E+02
7463	285	2.88441E+02
7463	333	2.88500E+02
7463	462	2.88524E+02
7463	372	2.88664E+02
7463	761	2.88666E+02
7463	553	2.88712E+02
7463	422	2.88754E+02
7463	284	2.89014E+02
7463	637	2.89111E+02
7463	802	2.89139E+02
7463	332	2.89143E+02
7463	678	2.89155E+02
7463	596	2.89276E+02
7463	719	2.89373E+02
7463	371	2.89397E+02
7463	461	2.89428E+02
7463	283	2.89569E+02
7463	421	2.89577E+02
7463	552	2.89676E+02
7463	760	2.89732E+02
7463	331	2.89772E+02
7463	282	2.90111E+02
7463	370	2.90119E+02
7463	636	2.90151E+02
7463	801	2.90202E+02
7463	677	2.90214E+02
7463	595	2.90281E+02
7463	460	2.90320E+02
7463	420	2.90388E+02
7463	330	2.90395E+02
7463	718	2.90442E+02
7463	234	2.90626E+02
7463	551	2.90627E+02
7463	281	2.90648E+02
7463	759	2.90804E+02
7463	369	2.90834E+02
7463	329	2.91015E+02
7463	233	2.91102E+02
7463	635	2.91179E+02
7463	280	2.91183E+02
7463	419	2.91188E+02
7463	459	2.91197E+02
7463	676	2.91266E+02
7463	800	2.91272E+02
7463	594	2.91272E+02
7463	717	2.91505E+02
7463	368	2.91544E+02
7463	550	2.91562E+02
7463	232	2.91574E+02
7463	328	2.91637E+02
7463	279	2.91721E+02
7463	758	2.91870E+02
7463	418	2.91979E+02
7463	231	2.92048E+02
7463	458	2.92060E+02
7463	634	2.92188E+02
7463	593	2.92242E+02
7463	367	2.92253E+02
7463	327	2.92262E+02
7463	278	2.92265E+02
7463	675	2.92298E+02
7463	799	2.92334E+02
7463	549	2.92478E+02
7463	230	2.92526E+02
7463	716	2.92550E+02
7463	417	2.92760E+02
7463	277	2.92816E+02
7463	326	2.92891E+02
7463	457	2.92907E+02
7463	757	2.92917E+02
7463	366	2.92958E+02
7463	229	2.93011E+02
7463	633	2.93169E+02
7463	592	2.93185E+02
7463	568	2.93296E+02
7463	674	2.93303E+02
7463	548	2.93370E+02
7463	276	2.93374E+02
7463	798	2.93377E+02
7463	228	2.93504E+02
7463	325	2.93523E+02
7463	416	2.93529E+02
7463	715	2.93567E+02
7463	365	2.93659E+02
7463	456	2.93734E+02
7440	184	2.93774E+02
7440	236	2.93774E+02
7440	92	2.93774E+02
7440	288	2.93774E+02
7440	41	2.93774E+02
7440	382	2.93774E+02
7440	185	2.93774E+02
7440	515	2.93774E+02
7440	237	2.93774E+02
7440	93	2.93774E+02
7440	0	2.93775E+02
7440	289	2.93775E+02
7440	42	2.93775E+02
7440	474	2.93775E+02
7440	383	2.93775E+02
7440	186	2.93775E+02
7440	516	2.93775E+02
7440	94	2.93775E+02
7440	238	2.93775E+02
7440	1	2.93775E+02
7440	143	2.93775E+02
7440	290	2.93775E+02
7440	43	2.93775E+02
7440	475	2.93776E+02
7440	384	2.93776E+02
7440	517	2.93776E+02
7440	187	2.93776E+02
7440	239	2.93776E+02
7440	95	2.93776E+02
7440	2	2.93776E+02
7440	144	2.93776E+02
7440	291	2.93776E+02
7440	44	2.93776E+02
7440	476	2.93776E+02
7440	385	2.93776E+02
7440	188	2.93777E+02
7440	518	2.93777E+02
7440	96	2.93777E+02
7440	240	2.93777E+02
7440	3	2.93777E+02
7440	145	2.93777E+02
7440	292	2.93777E+02
7440	45	2.93777E+02
7440	477	2.93777E+02
7440	386	2.93777E+02
7440	189	2.93778E+02
7440	519	2.93778E+02
7440	4	2.93778E+02
7440	97	2.93778E+02
7440	241	2.93778E+02
7440	146	2.93778E+02
7440	293	2.93778E+02
7440	46	2.93779E+02
7440	478	2.93779E+02
7440	387	2.93779E+02
7440	5	2.93779E+02
7440	190	2.93779E+02
7440	520	2.93779E+02
7440	98	2.93779E+02
7440	147	2.93779E+02
7440	242	2.93779E+02
7440	294	2.93780E+02
7440	47	2.93780E+02
7440	479	2.93780E+02
7440	6	2.93780E+02
7440	388	2.93781E+02
7440	191	2.93781E+02
7440	521	2.93781E+02
7440	148	2.93781E+02
7440	99	2.93781E+02
7440	243	2.93781E+02
7440	295	2.93782E+02
7440	48	2.93782E+02
7440	480	2.93782E+02
7440	7	2.93782E+02
7440	389	2.93783E+02
7440	192	2.93783E+02
7440	149	2.93783E+02
7440	100	2.93783E+02
7440	522	2.93783E+02
7440	244	2.93783E+02
7440	296	2.93784E+02
7440	8	2.93784E+02
7440	481	2.93784E+02
7440	49	2.93784E+02
7440	150	2.93785E+02
7440	390	2.93785E+02
7440	193	2.93785E+02
7440	101	2.93786E+02
7440	523	2.93786E+02
7440	245	2.93786E+02
7440	9	2.93786E+02
7440	482	2.93787E+02
7440	297	2.93787E+02
7440	50	2.93787E+02
7440	774	2.93788E+02
7440	151	2.93788E+02
7440	194	2.93789E+02
7440	102	2.93789E+02
7440	391	2.93789E+02
7440	733	2.93789E+02
7440	10	2.93789E+02
7440	524	2.93789E+02
7440	246	2.93790E+02
7440	483	2.93790E+02
7440	51	2.93790E+02
7440	692	2.93791E+02
7440	298	2.93791E+02
7440	152	2.93791E+02
7440	775	2.93792E+02
7440	651	2.93792E+02
7440	340	2.93792E+02
7440	11	2.93792E+02
7440	103	2.93793E+02
7440	195	2.93793E+02
7440	610	2.93793E+02
7440	392	2.93793E+02
7440	569	2.93794E+02
7440	734	2.93794E+02
7440	433	2.93794E+02
7440	525	2.93794E+02
7440	247	2.93794E+02
7440	484	2.93794E+02
7440	52	2.93795E+02
7440	153	2.93795E+02
7440	693	2.93795E+02
7440	299	2.93796E+02
7440	12	2.93796E+02
7440	776	2.93797E+02
7440	652	2.93797E+02
7440	104	2.93797E+02
7440	341	2.93797E+02
7440	196	2.93797E+02
7440	611	2.93798E+02
7440	485	2.93798E+02
7440	393	2.93799E+02
7440	154	2.93799E+02
7440	570	2.93799E+02
7440	735	2.93799E+02
7440	248	2.93799E+02
7440	53	2.93799E+02
7440	434	2.93799E+02
7440	526	2.93799E+02
7440	13	2.93800E+02
7440	694	2.93801E+02
7440	300	2.93802E+02
7440	105	2.93803E+02
7440	777	2.93803E+02
7440	197	2.93803E+02
7440	653	2.93803E+02
7440	486	2.93804E+02
7440	155	2.93804E+02
7440	342	2.93804E+02
7440	14	2.93804E+02
7440	54	2.93805E+02
7440	612	2.93805E+02
7440	394	2.93805E+02
7440	249	2.93806E+02
7440	571	2.93806E+02
7440	736	2.93806E+02
7440	435	2.93806E+02
7440	527	2.93807E+02
7440	15	2.93808E+02
7440	156	2.93809E+02
7440	695	2.93809E+02
7440	106	2.93809E+02
7440	301	2.93809E+02
7440	487	2.93809E+02
7440	198	2.93810E+02
7440	55	2.93811E+02
7440	778	2.93811E+02
7440	654	2.93811E+02
7440	343	2.93812E+02
7440	16	2.93813E+02
7440	613	2.93813E+02
7440	250	2.93814E+02
7440	395	2.93814E+02
7440	157	2.93814E+02
7440	737	2.93815E+02
7440	572	2.93815E+02
7440	488	2.93815E+02
7440	436	2.93815E+02
7440	528	2.93815E+02
7440	107	2.93816E+02
7440	56	2.93818E+02
7440	302	2.93818E+02
7440	199	2.93818E+02
7440	696	2.93818E+02
7440	17	2.93818E+02
7440	158	2.93820E+02
7440	779	2.93821E+02
7440	655	2.93821E+02
7440	489	2.93822E+02
7440	344	2.93822E+02
7440	251	2.93823E+02
7440	18	2.93823E+02
7440	108	2.93824E+02
7440	614	2.93824E+02
7463	142	2.93824E+02
7440	396	2.93825E+02
7440	57	2.93825E+02
7440	738	2.93826E+02
7440	573	2.93826E+02
7440	159	2.93826E+02
7440	437	2.93826E+02
7440	529	2.93827E+02
7440	200	2.93827E+02
7440	490	2.93829E+02
7440	19	2.93829E+02
7440	303	2.93829E+02
7440	697	2.93830E+02
7440	160	2.93832E+02
7440	109	2.93833E+02
7440	58	2.93833E+02
7440	780	2.93834E+02
7440	20	2.93834E+02
7440	345	2.93834E+02
7440	656	2.93834E+02
7440	252	2.93834E+02
7440	491	2.93836E+02
7440	615	2.93837E+02
7440	201	2.93838E+02
7440	397	2.93838E+02
7440	161	2.93838E+02
7440	21	2.93839E+02
7440	739	2.93840E+02
7440	574	2.93840E+02
7440	438	2.93840E+02
7440	530	2.93841E+02
7440	59	2.93841E+02
7440	304	2.93842E+02
7440	110	2.93842E+02
7440	492	2.93843E+02
7440	22	2.93844E+02
7440	162	2.93845E+02
7440	698	2.93845E+02
7440	253	2.93848E+02
7440	346	2.93849E+02
7440	23	2.93849E+02
7440	781	2.93850E+02
7440	60	2.93850E+02
7440	202	2.93850E+02
7440	657	2.93850E+02
7440	493	2.93851E+02
7440	163	2.93851E+02
7440	111	2.93853E+02
7440	24	2.93854E+02
7440	616	2.93854E+02
7440	398	2.93855E+02
7440	164	2.93857E+02
7440	740	2.93857E+02
7440	575	2.93857E+02
7440	439	2.93858E+02
7440	494	2.93858E+02
7440	305	2.93858E+02
7440	531	2.93858E+02
7440	61	2.93859E+02
7440	25	2.93859E+02
7440	165	2.93863E+02
7440	254	2.93863E+02
7440	112	2.93864E+02
7440	203	2.93864E+02
7440	26	2.93864E+02
7440	699	2.93864E+02
7440	495	2.93866E+02
7440	347	2.93868E+02
7440	62	2.93868E+02
7440	166	2.93868E+02
7440	27	2.93868E+02
7440	782	2.93870E+02
7440	658	2.93870E+02
7440	28	2.93873E+02
7440	496	2.93873E+02
7440	167	2.93873E+02
7440	399	2.93875E+02
7440	113	2.93875E+02
7440	617	2.93876E+02
7440	63	2.93877E+02
7440	29	2.93877E+02
7440	306	2.93877E+02
7440	168	2.93878E+02
7440	741	2.93879E+02
7440	204	2.93879E+02
7440	576	2.93879E+02
7440	440	2.93879E+02
7440	497	2.93880E+02
7440	532	2.93880E+02
7440	255	2.93881E+02
7440	30	2.93881E+02
7440	169	2.93883E+02
7440	31	2.93885E+02
7440	64	2.93886E+02
7440	498	2.93887E+02
7440	114	2.93888E+02
7440	700	2.93888E+02
7440	170	2.93888E+02
7440	32	2.93889E+02
7440	348	2.93890E+02
7440	171	2.93893E+02
7440	33	2.93893E+02
7440	499	2.93894E+02
7440	783	2.93895E+02
7440	65	2.93895E+02
7440	659	2.93896E+02
7440	205	2.93896E+02
7440	34	2.93897E+02
7440	172	2.93898E+02
7440	400	2.93900E+02
7440	307	2.93900E+02
7440	115	2.93900E+02
7440	500	2.93901E+02
7440	35	2.93901E+02
7440	618	2.93902E+02
7440	256	2.93902E+02
7440	173	2.93903E+02
7440	36	2.93905E+02
7440	66	2.93905E+02
7440	441	2.93906E+02
7440	577	2.93906E+02
7440	742	2.93906E+02
7440	501	2.93907E+02
7440	174	2.93907E+02
7440	533	2.93908E+02
7440	37	2.93908E+02
7440	38	2.93912E+02
7440	175	2.93912E+02
7440	502	2.93914E+02
7440	67	2.93914E+02
7440	116	2.93914E+02
7440	206	2.93915E+02
7440	39	2.93915E+02
7440	176	2.93917E+02
7440	349	2.93917E+02
7440	701	2.93917E+02
7440	40	2.93917E+02
7440	503	2.93920E+02
7440	177	2.93921E+02
7440	68	2.93923E+02
7440	178	2.93925E+02
7440	257	2.93926E+02
7440	504	2.93926E+02
7440	784	2.93926E+02
7440	308	2.93927E+02
7440	660	2.93927E+02
7440	117	2.93928E+02
7440	179	2.93929E+02
7440	401	2.93930E+02
7440	69	2.93932E+02
7440	505	2.93932E+02
7440	180	2.93933E+02
7440	619	2.93935E+02
7440	207	2.93935E+02
7463	756	2.93936E+02
7440	181	2.93937E+02
7463	275	2.93938E+02
7440	506	2.93938E+02
7440	442	2.93938E+02
7440	578	2.93940E+02
7440	743	2.93941E+02
7440	182	2.93941E+02
7440	70	2.93941E+02
7440	534	2.93941E+02
7440	118	2.93944E+02
7440	507	2.93944E+02
7440	183	2.93944E+02
7440	350	2.93950E+02
7440	71	2.93950E+02
7440	508	2.93950E+02
7440	258	2.93953E+02
7440	702	2.93954E+02
7440	509	2.93956E+02
7440	208	2.93958E+02
7440	309	2.93959E+02
7440	72	2.93959E+02
7440	119	2.93960E+02
7440	510	2.93961E+02
7440	785	2.93966E+02
7440	511	2.93966E+02
7440	661	2.93966E+02
7440	402	2.93967E+02
7440	73	2.93968E+02
7440	512	2.93971E+02
7440	620	2.93976E+02
7440	513	2.93976E+02
7440	74	2.93977E+02
7440	120	2.93978E+02
7440	443	2.93978E+02
7440	514	2.93981E+02
7440	579	2.93982E+02
7440	535	2.93983E+02
7440	744	2.93983E+02
7440	209	2.93984E+02
7440	259	2.93984E+02
7440	75	2.93987E+02
7440	351	2.93988E+02
7440	310	2.93995E+02
7440	76	2.93997E+02
7440	121	2.93997E+02
7440	703	2.94000E+02
7463	227	2.94003E+02
7440	77	2.94007E+02
7440	403	2.94011E+02
7440	210	2.94012E+02
7440	786	2.94014E+02
7440	662	2.94015E+02
7440	122	2.94018E+02
7440	78	2.94018E+02
7440	260	2.94020E+02
7440	444	2.94026E+02
7440	621	2.94026E+02
7440	79	2.94029E+02
7440	580	2.94033E+02
7440	352	2.94033E+02
7440	536	2.94033E+02
7440	745	2.94036E+02
7440	311	2.94037E+02
7440	123	2.94041E+02
7440	80	2.94041E+02
7440	211	2.94044E+02
7440	81	2.94053E+02
7440	704	2.94057E+02
7440	261	2.94060E+02
7440	404	2.94063E+02
7440	82	2.94066E+02
7440	124	2.94066E+02
7440	787	2.94075E+02
7440	663	2.94075E+02
7440	83	2.94080E+02
7440	212	2.94080E+02
7440	445	2.94084E+02
7440	353	2.94086E+02
7440	312	2.94086E+02
7440	622	2.94088E+02
7440	125	2.94094E+02
7440	84	2.94094E+02
7440	537	2.94094E+02
7440	581	2.94095E+02
7463	591	2.94098E+02
7440	746	2.94102E+02
7440	262	2.94106E+02
7440	85	2.94110E+02
7463	632	2.94117E+02
7440	213	2.94120E+02
7440	405	2.94126E+02
7440	126	2.94126E+02
7440	705	2.94127E+02
7440	86	2.94127E+02
7440	313	2.94142E+02
7440	87	2.94145E+02
7440	354	2.94148E+02
7440	664	2.94148E+02
7440	788	2.94149E+02
7440	446	2.94153E+02
7463	324	2.94154E+02
7440	263	2.94158E+02
7440	127	2.94162E+02
7440	623	2.94164E+02
7440	88	2.94165E+02
7440	214	2.94165E+02
7440	538	2.94168E+02
7440	582	2.94171E+02
7463	567	2.94176E+02
7440	747	2.94182E+02
7440	89	2.94186E+02
7440	406	2.94199E+02
7440	128	2.94201E+02
7440	314	2.94207E+02
7440	90	2.94208E+02
7440	706	2.94212E+02
7440	215	2.94216E+02
7440	264	2.94217E+02
7440	355	2.94220E+02
7440	91	2.94231E+02
7463	547	2.94234E+02
7440	447	2.94235E+02
7440	665	2.94237E+02
7440	789	2.94240E+02
7440	129	2.94246E+02
7440	624	2.94255E+02
7440	539	2.94256E+02
7440	235	2.94259E+02
7440	583	2.94262E+02
7440	216	2.94273E+02
7463	673	2.94274E+02
7440	748	2.94280E+02
7440	315	2.94282E+02
7463	415	2.94285E+02
7440	265	2.94285E+02
7440	407	2.94285E+02
7463	141	2.94289E+02
7440	130	2.94296E+02
7440	356	2.94304E+02
7440	707	2.94316E+02
7440	448	2.94333E+02
7440	217	2.94339E+02
7440	666	2.94345E+02
7440	790	2.94351E+02
7463	364	2.94352E+02
7440	131	2.94353E+02
7440	540	2.94361E+02
7440	266	2.94363E+02
7440	625	2.94364E+02
7440	316	2.94369E+02
7440	584	2.94371E+02
7440	408	2.94386E+02
7463	797	2.94388E+02
7440	749	2.94399E+02
7440	357	2.94402E+02
7440	218	2.94413E+02
7440	132	2.94417E+02
7440	708	2.94441E+02
7440	449	2.94447E+02
7440	267	2.94451E+02
7440	317	2.94468E+02
7440	287	2.94472E+02
7440	667	2.94474E+02
7440	541	2.94485E+02
7440	791	2.94485E+02
7440	133	2.94489E+02
7440	626	2.94495E+02
7440	219	2.94498E+02
7440	585	2.94500E+02
7440	409	2.94504E+02
7463	274	2.94505E+02
7463	226	2.94508E+02
7440	358	2.94515E+02
7463	455	2.94538E+02
7440	750	2.94541E+02
7463	714	2.94547E+02
7440	268	2.94553E+02
7440	134	2.94570E+02
7440	450	2.94581E+02
7440	318	2.94583E+02
7440	709	2.94590E+02
7440	220	2.94594E+02
7440	668	2.94628E+02
7440	542	2.94630E+02
7440	410	2.94641E+02
7440	792	2.94645E+02
7440	359	2.94646E+02
7440	627	2.94650E+02
7440	586	2.94652E+02
7440	135	2.94660E+02
7440	269	2.94668E+02
7440	339	2.94692E+02
7440	221	2.94702E+02
7440	751	2.94710E+02
7440	319	2.94714E+02
7440	451	2.94737E+02
7463	140	2.94756E+02
7440	136	2.94759E+02
7440	710	2.94767E+02
7463	323	2.94781E+02
7440	360	2.94796E+02
7440	270	2.94798E+02
7440	411	2.94799E+02
7440	543	2.94800E+02
7440	669	2.94809E+02
7440	222	2.94824E+02
7440	587	2.94830E+02
7440	628	2.94832E+02
7440	793	2.94834E+02
7440	320	2.94863E+02
7440	137	2.94868E+02
7440	381	2.94893E+02
7440	752	2.94910E+02
7463	755	2.94917E+02
7440	452	2.94917E+02
7440	271	2.94946E+02
7440	223	2.94959E+02
7440	361	2.94968E+02
7440	711	2.94974E+02
7463	590	2.94975E+02
7440	412	2.94980E+02
7440	138	2.94986E+02
7440	544	2.94996E+02
7463	225	2.95016E+02
7440	670	2.95020E+02
7463	414	2.95022E+02
7463	566	2.95023E+02
7463	631	2.95026E+02
7440	321	2.95032E+02
7463	363	2.95033E+02
7440	588	2.95037E+02
7440	629	2.95043E+02
7440	794	2.95057E+02
7463	546	2.95066E+02
7463	273	2.95071E+02
7440	224	2.95107E+02
7440	272	2.95111E+02
7440	139	2.95111E+02
7440	453	2.95123E+02
7440	753	2.95144E+02
7440	362	2.95162E+02
7440	413	2.95187E+02
7463	672	2.95202E+02
7440	712	2.95216E+02
7440	545	2.95221E+02
7440	322	2.95221E+02
7463	139	2.95223E+02
7440	140	2.95243E+02
7440	671	2.95266E+02
7440	225	2.95269E+02
7440	589	2.95274E+02
7440	630	2.95287E+02
7440	273	2.95294E+02
7440	795	2.95315E+02
7463	454	2.95316E+02
7440	454	2.95358E+02
7463	796	2.95360E+02
7440	141	2.95379E+02
7440	363	2.95381E+02
7463	322	2.95399E+02
7440	754	2.95414E+02
7440	414	2.95420E+02
7440	323	2.95433E+02
7440	226	2.95444E+02
7440	546	2.95477E+02
7463	713	2.95484E+02
7440	713	2.95494E+02
7440	274	2.95495E+02
7440	566	2.95503E+02
7440	142	2.95518E+02
7463	224	2.95522E+02
7440	590	2.95545E+02
7440	672	2.95548E+02
7440	631	2.95567E+02
7440	796	2.95613E+02
7440	455	2.95623E+02
7440	364	2.95625E+02
7440	227	2.95630E+02
7463	272	2.95631E+02
7440	324	2.95666E+02
7440	415	2.95681E+02
7463	138	2.95688E+02
7463	362	2.95698E+02
7440	275	2.95713E+02
7440	755	2.95724E+02
7463	413	2.95736E+02
7440	547	2.95766E+02
7440	567	2.95798E+02
7440	714	2.95812E+02
7463	589	2.95812E+02
7440	228	2.95827E+02
7463	754	2.95851E+02
7440	591	2.95852E+02
7463	545	2.95864E+02
7440	673	2.95868E+02
7440	632	2.95884E+02
7463	630	2.95892E+02
7440	365	2.95893E+02
7440	456	2.95919E+02
7440	325	2.95920E+02
7440	276	2.95947E+02
7440	797	2.95951E+02
7440	416	2.95970E+02
7463	321	2.96004E+02
7463	223	2.96024E+02
7440	229	2.96031E+02
7463	453	2.96062E+02
7440	756	2.96075E+02
7463	671	2.96085E+02
7440	548	2.96090E+02
7440	568	2.96128E+02
7463	137	2.96146E+02
7440	715	2.96171E+02
7463	271	2.96180E+02
7440	366	2.96185E+02
7440	326	2.96194E+02
7440	277	2.96196E+02
7440	592	2.96196E+02
7440	674	2.96229E+02
7440	633	2.96240E+02
7440	230	2.96242E+02
7440	457	2.96245E+02
7463	795	2.96282E+02
7440	417	2.96286E+02
7440	798	2.96332E+02
7463	361	2.96342E+02
7463	712	2.96372E+02
7463	412	2.96423E+02
7440	549	2.96448E+02
7440	231	2.96455E+02
7440	278	2.96455E+02
7440	757	2.96469E+02
7440	327	2.96485E+02
7440	367	2.96498E+02
7463	222	2.96516E+02
7440	716	2.96573E+02
7440	593	2.96578E+02
7463	320	2.96590E+02
7463	136	2.96593E+02
7440	458	2.96603E+02
7463	588	2.96607E+02
7463	544	2.96623E+02
7440	418	2.96628E+02
7440	675	2.96632E+02
7440	634	2.96637E+02
7463	381	2.96668E+02
7440	232	2.96669E+02
7463	629	2.96712E+02
7463	270	2.96714E+02
7440	279	2.96724E+02
7463	753	2.96733E+02
7440	799	2.96755E+02
7463	452	2.96775E+02
7440	328	2.96790E+02
7440	368	2.96832E+02
7440	550	2.96841E+02
7440	233	2.96882E+02
7440	758	2.96906E+02
7463	670	2.96917E+02
7463	360	2.96961E+02
7440	459	2.96991E+02
7463	221	2.96994E+02
7440	419	2.96995E+02
7440	594	2.96998E+02
7440	280	2.96999E+02
7440	717	2.97018E+02
7463	135	2.97025E+02
7440	635	2.97075E+02
7440	676	2.97078E+02
7463	411	2.97079E+02
7440	234	2.97092E+02
7440	329	2.97107E+02
7463	794	2.97148E+02
7463	319	2.97155E+02
7440	369	2.97183E+02
7463	711	2.97206E+02
7440	800	2.97220E+02
7463	269	2.97229E+02
7440	551	2.97270E+02
7440	281	2.97277E+02
7463	339	2.97303E+02
7463	543	2.97341E+02
7463	587	2.97357E+02
7440	759	2.97385E+02
7440	420	2.97385E+02
7440	460	2.97409E+02
7440	330	2.97432E+02
7463	134	2.97438E+02
7463	451	2.97451E+02
7463	220	2.97454E+02
7440	595	2.97458E+02
7463	628	2.97481E+02
7440	718	2.97505E+02
7440	370	2.97549E+02
7463	359	2.97552E+02
7440	636	2.97555E+02
7440	282	2.97556E+02
7463	752	2.97557E+02
7440	677	2.97567E+02
7463	318	2.97695E+02
7463	669	2.97696E+02
7463	410	2.97702E+02
7463	268	2.97722E+02
7440	801	2.97724E+02
7440	552	2.97733E+02
7440	331	2.97763E+02
7440	421	2.97797E+02
7463	133	2.97828E+02
7440	283	2.97833E+02
7440	461	2.97855E+02
7463	219	2.97891E+02
7440	760	2.97904E+02
7440	371	2.97928E+02
7463	793	2.97954E+02
7440	596	2.97956E+02
7463	710	2.97982E+02
7463	542	2.98016E+02
7440	719	2.98033E+02
7463	586	2.98059E+02
7440	637	2.98075E+02
7463	450	2.98087E+02
7440	678	2.98096E+02
7440	332	2.98097E+02
7440	284	2.98104E+02
7463	358	2.98111E+02
7463	287	2.98138E+02
7463	267	2.98188E+02
7463	132	2.98194E+02
7463	627	2.98199E+02
7463	317	2.98207E+02
7440	553	2.98230E+02
7440	422	2.98230E+02
7440	802	2.98262E+02
7463	409	2.98289E+02
7463	218	2.98303E+02
7440	372	2.98319E+02
7463	751	2.98321E+02
7440	462	2.98330E+02
7440	285	2.98367E+02
7463	668	2.98418E+02
7440	333	2.98433E+02
7463	91	2.98452E+02
7440	761	2.98458E+02
7440	597	2.98491E+02
7463	131	2.98534E+02
7440	720	2.98598E+02
7440	286	2.98618E+02
7463	266	2.98627E+02
7440	638	2.98632E+02
7463	357	2.98637E+02
7463	541	2.98646E+02
7440	679	2.98662E+02
7463	449	2.98683E+02
7440	423	2.98683E+02
7463	217	2.98687E+02
7463	316	2.98689E+02
7463	792	2.98695E+02
7463	709	2.98697E+02
7463	585	2.98711E+02
7463	90	2.98714E+02
7440	373	2.98721E+02
7440	554	2.98760E+02
7440	334	2.98770E+02
7440	803	2.98830E+02
7440	463	2.98833E+02
7463	408	2.98839E+02
7463	130	2.98848E+02
7463	626	2.98862E+02
7463	89	2.98951E+02
7463	750	2.99020E+02
7463	265	2.99038E+02
7440	762	2.99043E+02
7463	216	2.99044E+02
7440	598	2.99060E+02
7463	667	2.99081E+02
7440	335	2.99105E+02
7463	356	2.99129E+02
7440	374	2.99133E+02
7463	129	2.99138E+02
7463	315	2.99139E+02
7463	235	2.99149E+02
7440	424	2.99157E+02
7463	88	2.99165E+02
7440	721	2.99194E+02
7440	639	2.99223E+02
7463	540	2.99229E+02
7463	448	2.99237E+02
7440	680	2.99261E+02
7463	584	2.99313E+02
7440	555	2.99321E+02
7463	708	2.99350E+02
7463	407	2.99352E+02
7463	87	2.99357E+02
7440	464	2.99362E+02
7463	791	2.99370E+02
7463	215	2.99374E+02
7463	128	2.99403E+02
7440	804	2.99420E+02
7463	264	2.99420E+02
7440	336	2.99439E+02
7463	625	2.99471E+02
7463	86	2.99529E+02
7440	375	2.99556E+02
7463	314	2.99557E+02
7463	355	2.99587E+02
7463	127	2.99645E+02
7440	425	2.99650E+02
7440	763	2.99650E+02
7463	749	2.99654E+02
7440	599	2.99660E+02
7463	214	2.99678E+02
7463	85	2.99683E+02
7463	666	2.99685E+02
7463	447	2.99748E+02
7463	539	2.99766E+02
7440	337	2.99768E+02
7463	263	2.99775E+02
7440	722	2.99814E+02
7463	84	2.99822E+02
7463	406	2.99826E+02
7440	640	2.99843E+02
7463	583	2.99863E+02
7463	126	2.99866E+02
7440	681	2.99887E+02
7440	556	2.99910E+02
7440	465	2.99917E+02
7463	707	2.99941E+02
7463	313	2.99946E+02
7463	83	2.99947E+02
7463	213	2.99960E+02
7463	790	2.99977E+02
7440	376	2.99990E+02
7463	354	3.00011E+02
7463	624	3.00023E+02
7440	805	3.00024E+02
7463	82	3.00061E+02
7463	125	3.00069E+02
7440	338	3.00092E+02
7463	262	3.00103E+02
7440	426	3.00162E+02
7463	81	3.00165E+02
7463	446	3.00218E+02
7463	212	3.00220E+02
7463	748	3.00222E+02
7463	665	3.00230E+02
7463	124	3.00254E+02
7463	538	3.00256E+02
7463	80	3.00263E+02
7463	405	3.00263E+02
7440	764	3.00272E+02
7440	600	3.00286E+02
7463	312	3.00306E+02
7463	79	3.00356E+02
7463	582	3.00362E+02
7463	353	3.00403E+02
7463	261	3.00407E+02
7463	123	3.00424E+02
7440	377	3.00433E+02
7463	78	3.00444E+02
7440	723	3.00450E+02
7463	211	3.00462E+02
7463	706	3.00470E+02
7440	641	3.00486E+02
7440	466	3.00494E+02
7463	789	3.00517E+02
7463	623	3.00521E+02
7440	557	3.00523E+02
7463	77	3.00529E+02
7440	682	3.00530E+02
7463	122	3.00582E+02
7463	76	3.00612E+02
7440	806	3.00633E+02
7463	311	3.00639E+02
7463	445	3.00647E+02
7463	404	3.00665E+02
7463	210	3.00686E+02
7463	514	3.00689E+02
7463	260	3.00689E+02
7440	427	3.00692E+02
7463	75	3.00694E+02
7463	537	3.00700E+02
7463	664	3.00718E+02
7463	747	3.00727E+02
7463	121	3.00730E+02
7463	513	3.00746E+02
7463	352	3.00765E+02
7463	74	3.00774E+02
7463	512	3.00804E+02
7463	581	3.00811E+02
7463	73	3.00855E+02
7463	511	3.00862E+02
7463	120	3.00871E+02
7440	378	3.00883E+02
7463	209	3.00896E+02
7440	765	3.00900E+02
7463	510	3.00921E+02
7440	601	3.00931E+02
7463	72	3.00935E+02
7463	705	3.00938E+02
7463	310	3.00948E+02
7463	259	3.00952E+02
7463	622	3.00965E+02
7463	509	3.00980E+02
7463	788	3.00992E+02
7463	119	3.01007E+02
7463	71	3.01016E+02
7463	403	3.01031E+02
7463	444	3.01035E+02
7463	508	3.01039E+02
7440	467	3.01090E+02
7463	208	3.01093E+02
7440	724	3.01093E+02
7463	351	3.01097E+02
7463	70	3.01098E+02
7463	536	3.01100E+02
7463	507	3.01100E+02
7463	118	3.01138E+02
7440	642	3.01142E+02
7463	663	3.01149E+02
7440	558	3.01155E+02
7463	506	3.01162E+02
7463	746	3.01172E+02
7463	183	3.01173E+02
7463	69	3.01182E+02
