GRAM	c2h2	chi_tot
9735	515	8.30722E+01
9735	516	8.30859E+01
9735	382	8.30887E+01
9735	517	8.31030E+01
9735	288	8.31062E+01
9735	383	8.31065E+01
9735	236	8.31149E+01
9735	184	8.31236E+01
9735	518	8.31245E+01
9735	289	8.31283E+01
9735	384	8.31288E+01
9735	92	8.31326E+01
9735	237	8.31391E+01
9735	0	8.31406E+01
9735	41	8.31421E+01
9735	185	8.31498E+01
9735	519	8.31513E+01
9735	474	8.31527E+01
9735	143	8.31540E+01
9735	290	8.31558E+01
9735	385	8.31567E+01
9735	93	8.31608E+01
9735	1	8.31678E+01
9735	238	8.31691E+01
9735	42	8.31725E+01
9735	186	8.31823E+01
9735	520	8.31849E+01
9735	475	8.31852E+01
9735	144	8.31857E+01
9735	291	8.31901E+01
9735	386	8.31914E+01
9735	94	8.31958E+01
9735	2	8.32000E+01
9735	239	8.32064E+01
9735	43	8.32101E+01
9735	774	8.32136E+01
9735	187	8.32226E+01
9735	145	8.32239E+01
9735	476	8.32250E+01
9735	521	8.32268E+01
9735	292	8.32327E+01
9735	387	8.32347E+01
9735	3	8.32376E+01
9735	95	8.32390E+01
9735	733	8.32502E+01
9735	240	8.32525E+01
9735	44	8.32561E+01
9735	775	8.32629E+01
9735	146	8.32697E+01
9735	188	8.32721E+01
9735	477	8.32735E+01
9735	522	8.32790E+01
9735	4	8.32812E+01
9735	293	8.32853E+01
9735	388	8.32884E+01
9735	96	8.32919E+01
9735	692	8.32926E+01
9735	734	8.33085E+01
9735	241	8.33093E+01
9735	45	8.33124E+01
9735	147	8.33239E+01
9735	776	8.33244E+01
9735	5	8.33310E+01
9735	478	8.33321E+01
9735	189	8.33327E+01
9735	651	8.33414E+01
9735	523	8.33439E+01
9735	294	8.33500E+01
9735	389	8.33549E+01
9735	97	8.33563E+01
9735	693	8.33613E+01
9735	242	8.33787E+01
9735	46	8.33804E+01
9735	735	8.33811E+01
9735	6	8.33870E+01
9735	148	8.33871E+01
9735	610	8.33965E+01
9735	777	8.34009E+01
9735	479	8.34021E+01
9735	190	8.34065E+01
9735	652	8.34218E+01
9735	524	8.34242E+01
9735	295	8.34292E+01
9735	98	8.34342E+01
9735	390	8.34368E+01
9735	694	8.34466E+01
9735	7	8.34494E+01
9735	569	8.34575E+01
9735	149	8.34601E+01
9735	47	8.34622E+01
9735	243	8.34632E+01
9735	736	8.34712E+01
9735	480	8.34850E+01
9735	611	8.34898E+01
9735	191	8.34955E+01
9735	778	8.34958E+01
9735	8	8.35182E+01
9735	653	8.35213E+01
9735	525	8.35232E+01
9735	296	8.35257E+01
9735	99	8.35276E+01
9735	391	8.35373E+01
9735	150	8.35430E+01
9735	695	8.35521E+01
9735	48	8.35593E+01
9735	570	8.35647E+01
9735	244	8.35651E+01
9735	481	8.35818E+01
9735	737	8.35826E+01
9735	433	8.35917E+01
9735	9	8.35932E+01
9735	192	8.36020E+01
9735	612	8.36048E+01
9735	779	8.36131E+01
9735	151	8.36357E+01
9735	100	8.36383E+01
9735	297	8.36421E+01
9735	654	8.36439E+01
9735	526	8.36448E+01
9735	392	8.36598E+01
9735	49	8.36732E+01
9735	10	8.36743E+01
9735	696	8.36822E+01
9735	245	8.36868E+01
9735	482	8.36935E+01
9735	571	8.36963E+01
9735	738	8.37199E+01
9735	340	8.37241E+01
9735	434	8.37273E+01
9735	193	8.37279E+01
9735	152	8.37381E+01
9735	613	8.37461E+01
9735	780	8.37574E+01
9735	11	8.37614E+01
9735	101	8.37679E+01
9735	298	8.37814E+01
9735	527	8.37932E+01
9735	655	8.37944E+01
9735	50	8.38052E+01
9735	393	8.38081E+01
9735	483	8.38202E+01
9735	246	8.38308E+01
9735	697	8.38416E+01
9735	153	8.38494E+01
9735	12	8.38542E+01
9735	572	8.38569E+01
9735	194	8.38750E+01
9735	341	8.38824E+01
9735	739	8.38880E+01
9735	435	8.38916E+01
9735	102	8.39174E+01
9735	614	8.39184E+01
9735	781	8.39341E+01
9735	299	8.39464E+01
9735	13	8.39524E+01
9735	51	8.39556E+01
9735	484	8.39618E+01
9735	154	8.39690E+01
9735	528	8.39730E+01
9735	656	8.39780E+01
9735	394	8.39861E+01
9735	247	8.39990E+01
9735	698	8.40359E+01
9735	195	8.40443E+01
9735	573	8.40516E+01
9735	14	8.40556E+01
9735	342	8.40703E+01
9735	103	8.40873E+01
9735	436	8.40890E+01
9735	740	8.40928E+01
9735	155	8.40958E+01
9735	485	8.41172E+01
9735	52	8.41243E+01
9735	615	8.41273E+01
9735	300	8.41395E+01
9735	782	8.41491E+01
9735	15	8.41633E+01
9735	529	8.41893E+01
9735	248	8.41929E+01
9735	395	8.41977E+01
9735	657	8.42003E+01
9735	156	8.42286E+01
9735	196	8.42363E+01
9758	515	8.42613E+01
9758	516	8.42708E+01
9735	699	8.42711E+01
9758	382	8.42729E+01
9735	16	8.42745E+01
9735	104	8.42773E+01
9758	517	8.42827E+01
9735	486	8.42850E+01
9758	288	8.42852E+01
9758	383	8.42853E+01
9735	574	8.42858E+01
9735	343	8.42910E+01
9758	236	8.42913E+01
9758	184	8.42975E+01
9758	518	8.42977E+01
9758	289	8.43006E+01
9758	384	8.43009E+01
9758	92	8.43039E+01
9758	237	8.43083E+01
9758	0	8.43089E+01
9735	53	8.43103E+01
9758	41	8.43108E+01
9758	185	8.43159E+01
9758	519	8.43165E+01
9758	474	8.43183E+01
9758	143	8.43187E+01
9758	290	8.43199E+01
9758	385	8.43204E+01
9758	93	8.43238E+01
9735	437	8.43242E+01
9758	1	8.43278E+01
9758	238	8.43294E+01
9758	42	8.43322E+01
9758	186	8.43388E+01
9758	520	8.43400E+01
9735	741	8.43404E+01
9758	144	8.43410E+01
9758	475	8.43412E+01
9758	291	8.43440E+01
9758	386	8.43447E+01
9758	94	8.43484E+01
9758	2	8.43503E+01
9758	239	8.43555E+01
9758	43	8.43587E+01
9758	774	8.43594E+01
9735	301	8.43629E+01
9735	157	8.43661E+01
9758	187	8.43670E+01
9758	145	8.43678E+01
9758	521	8.43693E+01
9758	476	8.43693E+01
9758	292	8.43738E+01
9758	387	8.43750E+01
9758	3	8.43767E+01
9735	616	8.43784E+01
9758	95	8.43788E+01
9758	733	8.43850E+01
9758	240	8.43879E+01
9735	17	8.43881E+01
9758	44	8.43912E+01
9758	775	8.43937E+01
9758	146	8.44000E+01
9758	188	8.44019E+01
9758	477	8.44036E+01
9758	522	8.44058E+01
9758	4	8.44072E+01
9735	783	8.44086E+01
9758	293	8.44108E+01
9758	388	8.44127E+01
9735	249	8.44132E+01
9758	692	8.44148E+01
9758	96	8.44161E+01
9758	734	8.44257E+01
9758	241	8.44278E+01
9758	45	8.44309E+01
9758	776	8.44366E+01
9758	147	8.44381E+01
9758	5	8.44420E+01
9758	189	8.44446E+01
9758	478	8.44449E+01
9735	396	8.44470E+01
9735	530	8.44471E+01
9758	651	8.44490E+01
9735	197	8.44506E+01
9758	523	8.44513E+01
9758	294	8.44563E+01
9758	389	8.44594E+01
9758	97	8.44616E+01
9758	693	8.44628E+01
9735	487	8.44634E+01
9735	658	8.44675E+01
9758	735	8.44764E+01
9758	242	8.44767E+01
9758	46	8.44790E+01
9758	6	8.44814E+01
9758	148	8.44827E+01
9735	105	8.44860E+01
9758	610	8.44878E+01
9758	777	8.44900E+01
9758	479	8.44945E+01
9758	190	8.44966E+01
9735	18	8.45023E+01
9758	652	8.45053E+01
9735	158	8.45071E+01
9758	524	8.45076E+01
9735	54	8.45119E+01
9758	295	8.45120E+01
9758	98	8.45166E+01
9758	390	8.45169E+01
9758	694	8.45224E+01
9758	7	8.45253E+01
9758	569	8.45308E+01
9758	149	8.45343E+01
9758	243	8.45362E+01
9758	47	8.45369E+01
9758	736	8.45394E+01
9735	344	8.45473E+01
9758	611	8.45532E+01
9758	480	8.45533E+01
9735	700	8.45535E+01
9758	778	8.45563E+01
9758	191	8.45594E+01
9735	575	8.45650E+01
9758	8	8.45737E+01
9758	653	8.45750E+01
9758	525	8.45772E+01
9758	296	8.45800E+01
9758	99	8.45827E+01
9758	391	8.45877E+01
9758	150	8.45929E+01
9758	695	8.45964E+01
9735	438	8.46016E+01
9758	48	8.46057E+01
9758	570	8.46061E+01
9758	244	8.46082E+01
9735	19	8.46156E+01
9758	737	8.46174E+01
9735	302	8.46179E+01
9758	481	8.46220E+01
9758	433	8.46256E+01
9758	9	8.46266E+01
9758	612	8.46340E+01
9758	192	8.46347E+01
9735	742	8.46371E+01
9758	779	8.46384E+01
9735	488	8.46502E+01
9735	159	8.46504E+01
9758	151	8.46587E+01
9735	250	8.46600E+01
9758	100	8.46611E+01
9758	654	8.46611E+01
9758	297	8.46622E+01
9758	526	8.46628E+01
9758	392	8.46740E+01
9735	617	8.46777E+01
9758	10	8.46840E+01
9735	198	8.46861E+01
9758	49	8.46866E+01
9758	696	8.46876E+01
9758	245	8.46942E+01
9758	571	8.46987E+01
9758	482	8.47015E+01
9735	106	8.47114E+01
9758	738	8.47137E+01
9735	784	8.47192E+01
9758	340	8.47197E+01
9758	434	8.47213E+01
9758	193	8.47239E+01
9735	20	8.47263E+01
9735	55	8.47266E+01
9758	152	8.47314E+01
9758	613	8.47334E+01
9735	397	8.47371E+01
9758	780	8.47397E+01
9758	11	8.47457E+01
9735	531	8.47514E+01
9758	101	8.47530E+01
9758	298	8.47607E+01
9758	655	8.47670E+01
9758	527	8.47674E+01
9758	393	8.47788E+01
9758	50	8.47805E+01
9735	659	8.47855E+01
9758	483	8.47918E+01
9735	160	8.47953E+01
9758	246	8.47963E+01
9758	697	8.47998E+01
9758	153	8.48107E+01
9758	12	8.48116E+01
9758	572	8.48120E+01
9758	194	8.48283E+01
9758	341	8.48318E+01
9758	739	8.48320E+01
9735	21	8.48335E+01
9758	435	8.48374E+01
9735	345	8.48412E+01
9735	489	8.48428E+01
9758	614	8.48550E+01
9758	102	8.48594E+01
9758	781	8.48640E+01
9758	299	8.48777E+01
9758	13	8.48815E+01
9758	51	8.48878E+01
9735	701	8.48892E+01
9758	484	8.48929E+01
9735	576	8.48945E+01
9758	528	8.48946E+01
9758	154	8.48961E+01
9758	656	8.48965E+01
9758	394	8.49048E+01
9735	303	8.49056E+01
9758	247	8.49158E+01
9735	439	8.49251E+01
9735	251	8.49328E+01
9735	22	8.49367E+01
9758	698	8.49369E+01
9735	161	8.49406E+01
9735	199	8.49409E+01
9758	195	8.49488E+01
9758	573	8.49498E+01
9735	107	8.49509E+01
9735	56	8.49516E+01
9758	14	8.49551E+01
9758	342	8.49652E+01
9758	740	8.49765E+01
9758	436	8.49774E+01
9758	103	8.49806E+01
9758	155	8.49868E+01
9735	743	8.49895E+01
9758	615	8.50028E+01
9758	485	8.50042E+01
9758	52	8.50084E+01
9758	300	8.50150E+01
9758	782	8.50156E+01
9735	618	8.50307E+01
9758	15	8.50322E+01
9735	23	8.50360E+01
9735	490	8.50389E+01
9758	529	8.50480E+01
9758	248	8.50538E+01
9758	657	8.50539E+01
9758	395	8.50552E+01
9735	398	8.50713E+01
9758	156	8.50822E+01
9735	162	8.50852E+01
9758	196	8.50858E+01
9735	785	8.50873E+01
9758	699	8.51034E+01
9735	532	8.51066E+01
9758	16	8.51119E+01
9758	574	8.51160E+01
9758	104	8.51164E+01
9758	343	8.51223E+01
9758	486	8.51247E+01
9735	24	8.51318E+01
9758	53	8.51417E+01
9758	437	8.51447E+01
9758	741	8.51518E+01
9735	660	8.51604E+01
9758	301	8.51744E+01
9735	346	8.51748E+01
9758	616	8.51811E+01
9758	157	8.51812E+01
9735	57	8.51836E+01
9758	17	8.51935E+01
9758	783	8.51993E+01
9735	108	8.52017E+01
9758	249	8.52112E+01
9735	200	8.52129E+01
9735	25	8.52248E+01
9735	304	8.52264E+01
9735	163	8.52274E+01
9735	252	8.52309E+01
9758	530	8.52315E+01
9758	396	8.52329E+01
9735	491	8.52365E+01
9758	197	8.52391E+01
9758	658	8.52437E+01
9758	487	8.52531E+01
9758	105	8.52660E+01
9758	18	8.52759E+01
9735	577	8.52793E+01
9758	158	8.52829E+01
9735	702	8.52843E+01
9758	54	8.52865E+01
9735	440	8.52985E+01
9758	700	8.53041E+01
9758	344	8.53054E+01
9758	575	8.53149E+01
9735	26	8.53152E+01
9758	438	8.53426E+01
9758	302	8.53569E+01
9758	19	8.53577E+01
9758	742	8.53627E+01
9735	164	8.53658E+01
9758	159	8.53867E+01
9758	488	8.53879E+01
9758	250	8.53881E+01
9758	617	8.53945E+01
9735	744	8.54035E+01
9735	27	8.54037E+01
9758	198	8.54082E+01
9735	58	8.54194E+01
9758	784	8.54201E+01
9758	106	8.54282E+01
9735	492	8.54340E+01
9758	20	8.54379E+01
9758	397	8.54406E+01
9758	55	8.54413E+01
9735	619	8.54427E+01
9758	531	8.54490E+01
9735	399	8.54521E+01
9735	109	8.54602E+01
9758	659	8.54706E+01
9735	28	8.54908E+01
9758	160	8.54918E+01
9735	165	8.54995E+01
9735	201	8.54999E+01
9758	21	8.55158E+01
9758	345	8.55163E+01
9735	533	8.55170E+01
9735	786	8.55189E+01
9758	489	8.55273E+01
9758	701	8.55437E+01
9735	347	8.55495E+01
9758	576	8.55506E+01
9735	253	8.55532E+01
9758	303	8.55636E+01
9758	439	8.55746E+01
9735	29	8.55772E+01
9735	305	8.55806E+01
9758	251	8.55844E+01
9758	22	8.55909E+01
9758	199	8.55917E+01
9735	661	8.55974E+01
9758	161	8.55975E+01
9758	107	8.56010E+01
9758	56	8.56039E+01
9758	743	8.56143E+01
9735	166	8.56282E+01
9735	493	8.56301E+01
9758	618	8.56474E+01
9735	59	8.56558E+01
9735	30	8.56633E+01
9758	23	8.56633E+01
9758	490	8.56696E+01
9758	398	8.56809E+01
9758	785	8.56831E+01
9758	162	8.57028E+01
9758	532	8.57041E+01
9735	110	8.57234E+01
9735	578	8.57238E+01
9735	441	8.57250E+01
9758	24	8.57334E+01
9758	660	8.57393E+01
9735	703	8.57442E+01
9735	31	8.57496E+01
9735	167	8.57525E+01
9758	346	8.57566E+01
9758	57	8.57721E+01
9758	108	8.57824E+01
9758	200	8.57884E+01
9758	304	8.57951E+01
9735	202	8.57996E+01
9758	252	8.57997E+01
9758	25	8.58014E+01
9758	163	8.58067E+01
9758	491	8.58134E+01
9735	494	8.58237E+01
9758	702	8.58272E+01
9758	577	8.58274E+01
9735	32	8.58364E+01
9758	440	8.58436E+01
9758	26	8.58677E+01
9735	168	8.58735E+01
9735	400	8.58818E+01
9735	745	8.58843E+01
9735	60	8.58905E+01
9735	254	8.58990E+01
9758	164	8.59080E+01
9758	744	8.59116E+01
9735	620	8.59183E+01
9735	33	8.59237E+01
9758	27	8.59326E+01
9758	58	8.59435E+01
9758	619	8.59440E+01
9758	399	8.59560E+01
9758	492	8.59574E+01
9735	348	8.59668E+01
9735	306	8.59689E+01
9758	109	8.59701E+01
9735	534	8.59862E+01
9735	111	8.59880E+01
9735	169	8.59925E+01
9758	786	8.59932E+01
9758	201	8.59965E+01
9758	28	8.59966E+01
9758	533	8.60004E+01
9758	165	8.60061E+01
9735	34	8.60115E+01
9735	495	8.60136E+01
9735	787	8.60189E+01
9758	347	8.60279E+01
9758	253	8.60335E+01
9758	305	8.60519E+01
9758	661	8.60543E+01
9758	29	8.60601E+01
9735	35	8.60996E+01
9758	493	8.61007E+01
9758	166	8.61007E+01
9735	662	8.61010E+01
9735	203	8.61097E+01
9735	170	8.61103E+01
9758	59	8.61159E+01
9735	61	8.61219E+01
9758	30	8.61235E+01
9758	578	8.61488E+01
9758	441	8.61526E+01
9758	703	8.61590E+01
9758	110	8.61617E+01
9758	31	8.61872E+01
9735	36	8.61873E+01
9758	167	8.61923E+01
9735	496	8.61988E+01
9735	442	8.62075E+01
9758	202	8.62147E+01
9735	171	8.62276E+01
9735	579	8.62318E+01
9758	494	8.62424E+01
9758	32	8.62512E+01
9735	112	8.62520E+01
9758	745	8.62588E+01
9735	255	8.62678E+01
9758	400	8.62681E+01
9735	704	8.62732E+01
9735	37	8.62737E+01
9758	168	8.62815E+01
9758	254	8.62854E+01
9758	60	8.62874E+01
9758	620	8.62884E+01
9758	33	8.63158E+01
9758	348	8.63316E+01
9758	306	8.63347E+01
9758	534	8.63410E+01
9735	172	8.63445E+01
9735	62	8.63488E+01
9758	787	8.63546E+01
9758	111	8.63550E+01
9735	38	8.63580E+01
9735	401	8.63627E+01
9758	169	8.63693E+01
9735	497	8.63782E+01
9758	34	8.63808E+01
9758	495	8.63818E+01
9735	307	8.63920E+01
9758	662	8.64196E+01
9735	349	8.64283E+01
9735	204	8.64291E+01
9735	746	8.64361E+01
9735	39	8.64396E+01
9758	203	8.64413E+01
9758	35	8.64461E+01
9758	170	8.64563E+01
9758	61	8.64569E+01
9735	173	8.64606E+01
9735	621	8.64612E+01
9758	442	8.65041E+01
9758	36	8.65112E+01
9735	113	8.65142E+01
9735	535	8.65173E+01
9758	496	8.65179E+01
9735	40	8.65183E+01
9758	579	8.65184E+01
9758	171	8.65429E+01
9758	704	8.65432E+01
9758	112	8.65483E+01
9735	498	8.65517E+01
9758	255	8.65551E+01
9735	63	8.65709E+01
9735	174	8.65754E+01
9758	37	8.65755E+01
9735	788	8.65912E+01
9758	401	8.66194E+01
9758	62	8.66236E+01
9758	172	8.66293E+01
9758	38	8.66383E+01
9758	307	8.66444E+01
9758	497	8.66501E+01
9735	256	8.66595E+01
9758	746	8.66599E+01
9758	349	8.66693E+01
9735	663	8.66750E+01
9758	204	8.66755E+01
9758	621	8.66842E+01
9735	175	8.66883E+01
9758	39	8.66991E+01
9758	173	8.67151E+01
9735	499	8.67193E+01
9758	535	8.67290E+01
9758	113	8.67408E+01
9735	443	8.67487E+01
9735	205	8.67573E+01
9758	40	8.67579E+01
9758	788	8.67710E+01
9735	114	8.67743E+01
9758	498	8.67780E+01
9758	63	8.67870E+01
9735	64	8.67875E+01
9735	176	8.67987E+01
9758	174	8.68000E+01
9735	580	8.68065E+01
9758	663	8.68387E+01
9758	256	8.68430E+01
9735	308	8.68509E+01
9735	705	8.68747E+01
9735	500	8.68815E+01
9758	175	8.68836E+01
9735	402	8.68973E+01
9758	443	8.69009E+01
9758	499	8.69019E+01
9735	177	8.69066E+01
9758	205	8.69171E+01
9758	114	8.69324E+01
9735	350	8.69360E+01
9758	580	8.69394E+01
9758	64	8.69467E+01
9758	176	8.69654E+01
9758	308	8.69822E+01
9758	705	8.69829E+01
9735	65	8.69985E+01
9758	402	8.70124E+01
9735	178	8.70124E+01
9758	500	8.70220E+01
9735	115	8.70332E+01
9735	501	8.70390E+01
9758	350	8.70430E+01
9758	177	8.70455E+01
9735	747	8.70618E+01
9735	622	8.70746E+01
9735	257	8.70750E+01
9735	206	8.70956E+01
9758	65	8.71026E+01
9735	536	8.71132E+01
9735	179	8.71167E+01
9758	747	8.71180E+01
9758	115	8.71234E+01
9758	178	8.71241E+01
9758	622	8.71344E+01
9758	501	8.71387E+01
9758	257	8.71498E+01
9758	206	8.71670E+01
9758	536	8.71674E+01
9735	502	8.71923E+01
9758	179	8.72016E+01
9735	66	8.72037E+01
9735	180	8.72200E+01
9735	789	8.72382E+01
9758	789	8.72452E+01
9758	502	8.72526E+01
9758	66	8.72544E+01
9758	180	8.72785E+01
9735	116	8.72920E+01
9758	664	8.73145E+01
9758	116	8.73149E+01
9735	664	8.73221E+01
9735	181	8.73226E+01
9735	503	8.73420E+01
9758	444	8.73457E+01
9735	309	8.73475E+01
9758	309	8.73497E+01
9735	444	8.73514E+01
9758	181	8.73550E+01
9758	503	8.73639E+01
9758	67	8.74020E+01
9735	67	8.74028E+01
9758	581	8.74146E+01
9735	182	8.74246E+01
9758	207	8.74273E+01
9758	182	8.74310E+01
9735	207	8.74466E+01
9758	403	8.74494E+01
9735	581	8.74508E+01
9758	351	8.74548E+01
9758	504	8.74730E+01
9758	258	8.74774E+01
9758	706	8.74810E+01
9735	403	8.74881E+01
9735	504	8.74886E+01
9735	351	8.74922E+01
9758	183	8.75065E+01
9758	117	8.75081E+01
9735	258	8.75166E+01
9735	183	8.75257E+01
9758	68	8.75453E+01
9735	706	8.75508E+01
9735	117	8.75524E+01
9758	505	8.75802E+01
9735	68	8.75958E+01
9735	505	8.76324E+01
9758	748	8.76351E+01
9758	623	8.76417E+01
9758	537	8.76588E+01
9758	69	8.76844E+01
9758	506	8.76857E+01
9758	208	8.77010E+01
9758	118	8.77044E+01
9758	310	8.77492E+01
9735	623	8.77607E+01
9735	748	8.77629E+01
9735	506	8.77737E+01
9735	537	8.77767E+01
9758	790	8.77785E+01
9735	69	8.77829E+01
9758	507	8.77898E+01
9735	208	8.78142E+01
9735	118	8.78162E+01
9758	70	8.78196E+01
9758	259	8.78288E+01
9758	445	8.78413E+01
9758	665	8.78493E+01
9735	310	8.78843E+01
9758	508	8.78923E+01
9758	119	8.79054E+01
9758	352	8.79073E+01
9735	507	8.79128E+01
9758	404	8.79333E+01
9758	582	8.79466E+01
9758	71	8.79517E+01
9735	790	8.79604E+01
9735	70	8.79646E+01
9735	259	8.79879E+01
9758	209	8.79917E+01
9758	509	8.79934E+01
9735	445	8.80182E+01
9758	707	8.80390E+01
9735	665	8.80438E+01
9735	508	8.80499E+01
9758	72	8.80815E+01
9735	119	8.80855E+01
9758	510	8.80931E+01
9735	352	8.80995E+01
9758	120	8.81127E+01
9735	404	8.81378E+01
9735	71	8.81418E+01
9735	582	8.81667E+01
9758	311	8.81840E+01
9735	509	8.81849E+01
9758	511	8.81915E+01
9735	209	8.82032E+01
9758	538	8.82059E+01
9758	624	8.82082E+01
9758	260	8.82082E+01
9758	73	8.82100E+01
9758	749	8.82124E+01
9758	512	8.82886E+01
9735	707	8.83025E+01
9758	210	8.83038E+01
9735	72	8.83156E+01
9735	510	8.83179E+01
9758	121	8.83287E+01
9758	74	8.83381E+01
9735	120	8.83624E+01
9758	791	8.83714E+01
9758	513	8.83848E+01
9758	446	8.83903E+01
9758	353	8.84039E+01
9758	666	8.84445E+01
9735	511	8.84490E+01
9735	311	8.84652E+01
9758	75	8.84668E+01
9758	405	8.84669E+01
9758	514	8.84802E+01
9735	73	8.84874E+01
9735	260	8.84942E+01
9735	538	8.85098E+01
9735	624	8.85209E+01
9758	583	8.85374E+01
9735	749	8.85392E+01
9758	122	8.85565E+01
9735	512	8.85784E+01
9758	76	8.85970E+01
9735	210	8.86187E+01
9758	261	8.86209E+01
9758	211	8.86414E+01
9735	121	8.86501E+01
9758	708	8.86574E+01
9735	74	8.86584E+01
9758	312	8.86587E+01
9735	513	8.87064E+01
9758	77	8.87295E+01
9735	446	8.87516E+01
9735	791	8.87568E+01
9735	353	8.87615E+01
9758	123	8.88001E+01
9758	539	8.88109E+01
9735	75	8.88300E+01
9735	514	8.88331E+01
9758	625	8.88350E+01
9735	666	8.88405E+01
9758	750	8.88493E+01
9735	405	8.88494E+01
9758	78	8.88649E+01
9758	354	8.89484E+01
9735	122	8.89525E+01
9735	583	8.89557E+01
9758	447	8.89954E+01
9735	76	8.90032E+01
9758	79	8.90043E+01
9758	212	8.90092E+01
9758	792	8.90225E+01
9735	261	8.90419E+01
9758	406	8.90536E+01
9758	124	8.90641E+01
9735	211	8.90664E+01
9758	262	8.90726E+01
9735	312	8.90956E+01
9758	667	8.91001E+01
9735	708	8.91288E+01
9758	80	8.91488E+01
9758	313	8.91787E+01
9735	77	8.91791E+01
9758	584	8.91883E+01
9735	123	8.92747E+01
9758	81	8.93001E+01
9735	539	8.93143E+01
9758	709	8.93354E+01
9758	125	8.93535E+01
9735	625	8.93554E+01
9735	78	8.93588E+01
9735	750	8.93889E+01
9758	213	8.94120E+01
9758	82	8.94609E+01
9758	540	8.94752E+01
9735	354	8.94826E+01
9758	626	8.95222E+01
9735	79	8.95432E+01
9758	751	8.95441E+01
9758	355	8.95454E+01
9735	212	8.95519E+01
9735	447	8.95538E+01
9758	263	8.95694E+01
9735	124	8.96227E+01
9735	792	8.96243E+01
9735	406	8.96260E+01
9758	83	8.96345E+01
9735	262	8.96381E+01
9758	448	8.96588E+01
9758	126	8.96735E+01
9758	407	8.96966E+01
9735	667	8.97113E+01
9758	793	8.97293E+01
9735	80	8.97340E+01
9758	314	8.97500E+01
9735	313	8.97818E+01
9758	668	8.98151E+01
9735	584	8.98179E+01
9758	84	8.98246E+01
9758	214	8.98549E+01
9758	585	8.98993E+01
9735	81	8.99334E+01
9735	125	9.00027E+01
9735	709	9.00274E+01
9758	127	9.00294E+01
9758	85	9.00352E+01
9758	710	9.00709E+01
9735	213	9.00809E+01
9758	264	9.01173E+01
9735	82	9.01449E+01
9735	540	9.01907E+01
9758	541	9.01996E+01
9758	356	9.01997E+01
9735	626	9.02628E+01
9735	355	9.02678E+01
9758	627	9.02687E+01
9758	86	9.02704E+01
9735	263	9.02902E+01
9758	752	9.02938E+01
9735	751	9.03082E+01
9779	515	9.03312E+01
9758	215	9.03436E+01
9779	516	9.03437E+01
9779	382	9.03464E+01
9779	517	9.03594E+01
9779	288	9.03624E+01
9779	383	9.03627E+01
9779	236	9.03704E+01
9735	83	9.03726E+01
9758	315	9.03782E+01
9779	184	9.03784E+01
9779	518	9.03791E+01
9758	449	9.03821E+01
9779	289	9.03827E+01
9779	384	9.03831E+01
9779	92	9.03866E+01
9779	237	9.03925E+01
9779	0	9.03938E+01
9779	41	9.03954E+01
9758	408	9.03990E+01
9779	185	9.04024E+01
9779	519	9.04037E+01
9779	474	9.04051E+01
9779	143	9.04062E+01
9779	290	9.04079E+01
9779	385	9.04086E+01
9779	93	9.04126E+01
9779	1	9.04186E+01
9779	238	9.04201E+01
9735	126	9.04213E+01
9779	42	9.04233E+01
9758	128	9.04261E+01
9735	448	9.04266E+01
9779	186	9.04323E+01
9779	520	9.04345E+01
9779	475	9.04350E+01
9779	144	9.04352E+01
9779	291	9.04393E+01
9779	386	9.04405E+01
9779	94	9.04447E+01
9779	2	9.04481E+01
9779	239	9.04543E+01
9779	43	9.04578E+01
9779	774	9.04607E+01
9779	187	9.04692E+01
9779	145	9.04703E+01
9735	407	9.04710E+01
9779	476	9.04715E+01
9779	521	9.04729E+01
9779	292	9.04784E+01
9779	387	9.04802E+01
9779	3	9.04826E+01
9779	95	9.04843E+01
9758	794	9.04879E+01
9779	733	9.04942E+01
9779	240	9.04966E+01
9779	44	9.05001E+01
9779	775	9.05058E+01
9779	146	9.05123E+01
9779	188	9.05146E+01
9779	477	9.05161E+01
9779	522	9.05208E+01
9779	4	9.05226E+01
9779	293	9.05266E+01
9779	388	9.05295E+01
9735	314	9.05307E+01
9779	96	9.05328E+01
9779	692	9.05332E+01
9758	87	9.05340E+01
9779	734	9.05477E+01
9779	241	9.05487E+01
9779	45	9.05517E+01
9735	793	9.05582E+01
9779	147	9.05620E+01
9779	776	9.05622E+01
9779	5	9.05682E+01
9779	478	9.05698E+01
9779	189	9.05703E+01
9779	651	9.05779E+01
9779	523	9.05802E+01
9779	294	9.05860E+01
9758	669	9.05872E+01
9779	389	9.05904E+01
9779	97	9.05920E+01
9779	693	9.05961E+01
9779	242	9.06124E+01
9779	735	9.06142E+01
9779	46	9.06143E+01
9779	6	9.06195E+01
9779	148	9.06200E+01
9735	84	9.06213E+01
9779	610	9.06284E+01
9758	235	9.06303E+01
9779	777	9.06323E+01
9779	479	9.06342E+01
9779	190	9.06380E+01
9779	652	9.06516E+01
9735	668	9.06530E+01
9779	524	9.06539E+01
9779	295	9.06587E+01
9735	214	9.06596E+01
9779	98	9.06636E+01
9779	390	9.06656E+01
9758	586	9.06697E+01
9779	694	9.06743E+01
9779	7	9.06768E+01
9779	569	9.06844E+01
9779	149	9.06870E+01
9779	47	9.06894E+01
9779	243	9.06900E+01
9779	736	9.06968E+01
9779	480	9.07103E+01
9779	611	9.07140E+01
9779	778	9.07193E+01
9779	191	9.07197E+01
9758	265	9.07216E+01
9779	8	9.07398E+01
9724	515	9.07410E+01
9779	653	9.07428E+01
9779	525	9.07448E+01
9779	296	9.07473E+01
9779	99	9.07494E+01
9724	516	9.07512E+01
9735	585	9.07522E+01
9724	382	9.07534E+01
9779	391	9.07579E+01
9779	150	9.07631E+01
9724	517	9.07641E+01
9724	288	9.07666E+01
9724	383	9.07668E+01
9779	695	9.07711E+01
9724	236	9.07732E+01
9779	48	9.07786E+01
9724	184	9.07799E+01
9724	518	9.07802E+01
9779	570	9.07828E+01
9724	289	9.07833E+01
9779	244	9.07835E+01
9724	384	9.07835E+01
9724	92	9.07867E+01
9724	237	9.07914E+01
9724	0	9.07922E+01
9724	41	9.07940E+01
9779	737	9.07990E+01
9779	481	9.07994E+01
9724	185	9.07996E+01
9724	519	9.08003E+01
9724	474	9.08021E+01
9724	143	9.08027E+01
9724	290	9.08040E+01
9724	385	9.08045E+01
9779	433	9.08077E+01
9724	93	9.08080E+01
9779	9	9.08087E+01
9724	1	9.08126E+01
9724	238	9.08141E+01
9724	42	9.08170E+01
9779	192	9.08176E+01
9779	612	9.08196E+01
9724	186	9.08241E+01
9724	520	9.08255E+01
9724	144	9.08266E+01
9724	475	9.08267E+01
9779	779	9.08269E+01
9758	88	9.08297E+01
9724	291	9.08298E+01
9724	386	9.08306E+01
9724	94	9.08345E+01
9724	2	9.08368E+01
9724	239	9.08422E+01
9724	43	9.08454E+01
9724	774	9.08465E+01
9779	151	9.08484E+01
9779	100	9.08511E+01
9779	297	9.08542E+01
9724	187	9.08545E+01
9779	654	9.08554E+01
9724	145	9.08555E+01
9779	526	9.08564E+01
9724	476	9.08568E+01
9724	521	9.08570E+01
9758	711	9.08606E+01
9724	292	9.08618E+01
9724	387	9.08632E+01
9724	3	9.08651E+01
9724	95	9.08671E+01
9758	129	9.08688E+01
9779	392	9.08703E+01
9724	733	9.08740E+01
9724	240	9.08769E+01
9724	44	9.08803E+01
9779	10	9.08832E+01
9724	775	9.08834E+01
9779	49	9.08834E+01
9758	216	9.08844E+01
9735	127	9.08848E+01
9724	146	9.08900E+01
9779	696	9.08904E+01
9724	188	9.08919E+01
9724	477	9.08936E+01
9779	245	9.08954E+01
9724	522	9.08963E+01
9735	85	9.08964E+01
9724	4	9.08979E+01
9724	293	9.09015E+01
9779	482	9.09021E+01
9724	388	9.09036E+01
9779	571	9.09036E+01
9724	692	9.09060E+01
9724	96	9.09071E+01
9758	357	9.09152E+01
9724	734	9.09177E+01
9724	241	9.09198E+01
9724	45	9.09229E+01
9779	738	9.09250E+01
9779	340	9.09294E+01
9724	776	9.09294E+01
9724	147	9.09309E+01
9779	434	9.09322E+01
9779	193	9.09333E+01
9724	5	9.09354E+01
9724	189	9.09377E+01
9724	478	9.09379E+01
9779	152	9.09425E+01
9724	651	9.09427E+01
9724	523	9.09450E+01
9779	613	9.09493E+01
9724	294	9.09503E+01
9724	389	9.09537E+01
9724	97	9.09558E+01
9724	693	9.09575E+01
9779	780	9.09594E+01
9779	11	9.09632E+01
9779	101	9.09702E+01
9724	735	9.09721E+01
9724	242	9.09722E+01
9724	46	9.09744E+01
9724	6	9.09777E+01
9724	148	9.09788E+01
9779	298	9.09822E+01
9758	542	9.09838E+01
9724	610	9.09843E+01
9724	777	9.09868E+01
9724	479	9.09911E+01
9779	527	9.09927E+01
9724	190	9.09934E+01
9779	655	9.09936E+01
9735	710	9.09941E+01
9724	652	9.10031E+01
9779	50	9.10047E+01
9735	264	9.10050E+01
9724	524	9.10055E+01
9779	393	9.10065E+01
9724	295	9.10101E+01
9724	98	9.10148E+01
9724	390	9.10155E+01
10739	515	9.10155E+01
9779	483	9.10187E+01
9724	694	9.10215E+01
10739	516	9.10243E+01
9724	7	9.10248E+01
10739	382	9.10259E+01
9779	246	9.10278E+01
9724	569	9.10304E+01
9724	149	9.10341E+01
10739	517	9.10354E+01
9724	243	9.10360E+01
9724	47	9.10364E+01
9779	697	9.10368E+01
10739	288	9.10369E+01
10739	383	9.10374E+01
9724	736	9.10398E+01
10739	236	9.10424E+01
9779	153	9.10449E+01
10739	184	9.10479E+01
9779	12	9.10485E+01
10739	518	9.10494E+01
9779	572	9.10511E+01
10739	289	9.10511E+01
10739	384	9.10518E+01
10739	92	9.10536E+01
9724	480	9.10540E+01
9724	611	9.10545E+01
10739	0	9.10554E+01
10739	237	9.10579E+01
9724	778	9.10580E+01
10739	41	9.10596E+01
9724	191	9.10608E+01
10739	143	9.10645E+01
10739	185	9.10647E+01
10739	474	9.10655E+01
10739	519	9.10668E+01
9758	316	9.10683E+01
9779	194	9.10685E+01
10739	290	9.10688E+01
10739	385	9.10697E+01
10739	93	9.10717E+01
10739	1	9.10721E+01
9758	628	9.10722E+01
9779	341	9.10749E+01
9724	8	9.10768E+01
10739	238	9.10771E+01
9724	653	9.10779E+01
10739	42	9.10791E+01
9779	739	9.10794E+01
9724	525	9.10802E+01
9724	296	9.10830E+01
9779	435	9.10832E+01
10739	144	9.10841E+01
10739	186	9.10855E+01
9724	99	9.10856E+01
10739	475	9.10861E+01
10739	520	9.10886E+01
10739	291	9.10908E+01
9724	391	9.10913E+01
10739	2	9.10918E+01
10739	386	9.10922E+01
10739	94	9.10942E+01
9758	753	9.10945E+01
9724	150	9.10969E+01
9724	695	9.11009E+01
10739	239	9.11011E+01
10739	43	9.11031E+01
9779	614	9.11076E+01
9779	102	9.11078E+01
10739	145	9.11079E+01
9724	48	9.11101E+01
10739	774	9.11104E+01
9724	570	9.11112E+01
10739	187	9.11113E+01
10739	476	9.11113E+01
9724	244	9.11131E+01
10739	3	9.11150E+01
10739	521	9.11158E+01
10739	292	9.11182E+01
10739	387	9.11201E+01
9779	781	9.11216E+01
10739	95	9.11218E+01
9735	356	9.11222E+01
9724	737	9.11235E+01
9724	481	9.11277E+01
10739	240	9.11307E+01
9724	433	9.11321E+01
10739	44	9.11327E+01
9724	9	9.11335E+01
9779	299	9.11338E+01
10739	733	9.11341E+01
10739	146	9.11363E+01
9779	13	9.11388E+01
9735	541	9.11389E+01
9724	612	9.11412E+01
9724	192	9.11415E+01
10739	4	9.11418E+01
10739	477	9.11421E+01
10739	188	9.11431E+01
9779	51	9.11432E+01
10739	775	9.11433E+01
9724	779	9.11461E+01
9779	484	9.11489E+01
10739	522	9.11499E+01
10739	293	9.11520E+01
9779	154	9.11549E+01
10739	388	9.11549E+01
10739	96	9.11558E+01
9779	528	9.11580E+01
9758	89	9.11608E+01
10739	692	9.11615E+01
9779	656	9.11622E+01
9758	409	9.11630E+01
9758	450	9.11662E+01
10739	241	9.11672E+01
9724	151	9.11674E+01
10739	45	9.11687E+01
9724	100	9.11696E+01
10739	147	9.11701E+01
9779	394	9.11702E+01
9724	654	9.11703E+01
9724	297	9.11711E+01
9724	526	9.11719E+01
10739	5	9.11725E+01
10739	734	9.11729E+01
10739	478	9.11794E+01
10739	189	9.11821E+01
9779	247	9.11824E+01
9724	392	9.11839E+01
10739	776	9.11844E+01
10739	523	9.11921E+01
10739	651	9.11929E+01
10739	294	9.11938E+01
9724	10	9.11950E+01
9724	49	9.11968E+01
10739	97	9.11973E+01
10739	389	9.11980E+01
9724	696	9.11988E+01
9735	86	9.12028E+01
9724	245	9.12054E+01
10739	693	9.12070E+01
10739	6	9.12071E+01
10739	148	9.12096E+01
9724	571	9.12105E+01
10739	242	9.12120E+01
10739	46	9.12125E+01
9724	482	9.12127E+01
9779	698	9.12154E+01
10739	735	9.12212E+01
10739	479	9.12240E+01
9779	195	9.12243E+01
9724	738	9.12269E+01
10739	610	9.12283E+01
10739	190	9.12297E+01
9779	573	9.12301E+01
9724	340	9.12328E+01
9779	14	9.12338E+01
9724	434	9.12346E+01
10739	777	9.12356E+01
9724	193	9.12371E+01
9735	627	9.12404E+01
10739	524	9.12446E+01
10739	295	9.12450E+01
9724	152	9.12453E+01
10739	7	9.12458E+01
10739	652	9.12460E+01
10739	98	9.12475E+01
9724	613	9.12478E+01
9779	342	9.12478E+01
10739	390	9.12512E+01
9724	780	9.12547E+01
10739	149	9.12553E+01
9724	11	9.12612E+01
10739	694	9.12636E+01
9779	103	9.12642E+01
9779	436	9.12647E+01
10739	47	9.12652E+01
10739	243	9.12665E+01
10739	569	9.12674E+01
9779	740	9.12675E+01
9724	101	9.12681E+01
9779	155	9.12716E+01
9724	298	9.12766E+01
10739	480	9.12770E+01
10739	736	9.12814E+01
9724	655	9.12839E+01
9724	527	9.12841E+01
10739	191	9.12872E+01
10739	8	9.12885E+01
10739	611	9.12898E+01
9735	752	9.12919E+01
9779	485	9.12921E+01
9758	795	9.12942E+01
9735	215	9.12949E+01
9724	393	9.12961E+01
9724	50	9.12973E+01
9779	52	9.12985E+01
10739	778	9.12993E+01
9779	615	9.12996E+01
10739	150	9.13073E+01
10739	296	9.13075E+01
10739	99	9.13079E+01
9724	483	9.13093E+01
10739	525	9.13095E+01
9779	300	9.13115E+01
10739	653	9.13119E+01
9724	246	9.13147E+01
10739	391	9.13166E+01
9779	782	9.13191E+01
9724	697	9.13191E+01
10739	48	9.13279E+01
9724	153	9.13302E+01
9724	12	9.13318E+01
9724	572	9.13319E+01
10739	244	9.13325E+01
9779	15	9.13329E+01
10739	695	9.13339E+01
10739	9	9.13352E+01
10739	570	9.13379E+01
10739	481	9.13391E+01
9724	194	9.13488E+01
9735	315	9.13489E+01
9724	341	9.13529E+01
10739	433	9.13532E+01
9724	739	9.13537E+01
10739	737	9.13560E+01
10739	192	9.13561E+01
9779	529	9.13569E+01
9724	435	9.13590E+01
9779	248	9.13608E+01
9758	130	9.13621E+01
9779	395	9.13649E+01
10739	151	9.13657E+01
10739	612	9.13659E+01
9779	657	9.13666E+01
9735	449	9.13708E+01
9724	614	9.13781E+01
10739	779	9.13783E+01
10739	100	9.13796E+01
9724	102	9.13819E+01
10739	297	9.13831E+01
10739	10	9.13859E+01
9758	266	9.13863E+01
9735	408	9.13870E+01
9724	781	9.13880E+01
10739	526	9.13894E+01
10739	654	9.13935E+01
9779	156	9.13940E+01
10739	392	9.13967E+01
9735	128	9.13995E+01
9779	196	9.14010E+01
10739	49	9.14018E+01
9724	299	9.14019E+01
9724	13	9.14066E+01
10739	482	9.14110E+01
10739	245	9.14116E+01
9724	51	9.14120E+01
9758	670	9.14133E+01
9724	484	9.14174E+01
9724	528	9.14204E+01
10739	696	9.14208E+01
9724	154	9.14215E+01
9724	656	9.14226E+01
10739	571	9.14248E+01
10739	152	9.14305E+01
9724	394	9.14311E+01
9779	699	9.14316E+01
9779	16	9.14353E+01
10739	340	9.14375E+01
10739	193	9.14379E+01
9779	104	9.14391E+01
10739	11	9.14404E+01
10739	434	9.14422E+01
9724	247	9.14426E+01
9779	574	9.14455E+01
9779	486	9.14468E+01
10739	738	9.14482E+01
9779	343	9.14509E+01
10739	613	9.14596E+01
10739	101	9.14638E+01
9724	698	9.14660E+01
9779	53	9.14699E+01
10739	298	9.14739E+01
10739	780	9.14758E+01
9724	195	9.14777E+01
9724	573	9.14795E+01
9779	437	9.14811E+01
9758	217	9.14834E+01
9724	14	9.14854E+01
10739	527	9.14872E+01
10739	50	9.14875E+01
10739	483	9.14928E+01
10739	393	9.14939E+01
10739	655	9.14939E+01
9779	741	9.14951E+01
9724	342	9.14957E+01
9758	587	9.14976E+01
10739	12	9.14987E+01
10739	153	9.15012E+01
10739	246	9.15054E+01
9724	740	9.15085E+01
9724	436	9.15089E+01
9724	103	9.15115E+01
9779	301	9.15172E+01
9724	155	9.15186E+01
9779	157	9.15208E+01
10739	697	9.15278E+01
9779	616	9.15306E+01
9758	90	9.15306E+01
10739	572	9.15313E+01
10739	194	9.15337E+01
9724	615	9.15363E+01
9724	485	9.15364E+01
9779	17	9.15400E+01
9724	52	9.15409E+01
10739	341	9.15412E+01
9735	87	9.15453E+01
9724	300	9.15489E+01
9724	782	9.15504E+01
10739	435	9.15504E+01
9735	794	9.15523E+01
9779	783	9.15577E+01
10739	13	9.15607E+01
10739	102	9.15613E+01
10739	739	9.15616E+01
9779	249	9.15637E+01
9724	15	9.15678E+01
10739	614	9.15745E+01
10739	154	9.15774E+01
10739	299	9.15819E+01
9724	529	9.15846E+01
10739	484	9.15846E+01
10739	51	9.15857E+01
9724	248	9.15902E+01
9724	657	9.15912E+01
9724	395	9.15921E+01
9779	530	9.15941E+01
9779	396	9.15943E+01
10739	781	9.15958E+01
9779	197	9.15984E+01
10739	528	9.16064E+01
10739	394	9.16110E+01
9779	487	9.16113E+01
9779	658	9.16124E+01
10739	247	9.16154E+01
10739	656	9.16168E+01
9724	156	9.16204E+01
9724	196	9.16243E+01
10739	14	9.16260E+01
9779	105	9.16314E+01
9724	699	9.16442E+01
10739	195	9.16445E+01
9779	18	9.16453E+01
9779	158	9.16508E+01
9724	16	9.16531E+01
9779	54	9.16557E+01
9724	104	9.16567E+01
9724	574	9.16574E+01
10739	155	9.16586E+01
10739	698	9.16587E+01
10739	573	9.16610E+01
9735	669	9.16615E+01
9724	343	9.16638E+01
10739	342	9.16649E+01
9724	486	9.16651E+01
9735	235	9.16680E+01
10739	103	9.16726E+01
10739	436	9.16812E+01
9724	53	9.16834E+01
10739	485	9.16859E+01
9779	344	9.16868E+01
9724	437	9.16878E+01
9779	700	9.16914E+01
10739	15	9.16944E+01
9758	358	9.16945E+01
9724	741	9.16961E+01
10739	52	9.16962E+01
10739	740	9.17005E+01
9758	712	9.17008E+01
9779	575	9.17025E+01
10739	300	9.17089E+01
10739	615	9.17143E+01
9724	301	9.17193E+01
9724	157	9.17261E+01
9724	616	9.17271E+01
9779	438	9.17365E+01
9724	17	9.17403E+01
10739	782	9.17425E+01
10739	248	9.17428E+01
10739	156	9.17441E+01
9724	783	9.17470E+01
9779	19	9.17498E+01
10739	529	9.17503E+01
10739	395	9.17511E+01
9779	302	9.17521E+01
9735	586	9.17562E+01
9724	249	9.17585E+01
10739	16	9.17653E+01
10739	657	9.17666E+01
9779	742	9.17683E+01
10739	196	9.17706E+01
9724	530	9.17809E+01
9724	396	9.17821E+01
9779	159	9.17832E+01
9779	488	9.17836E+01
9724	197	9.17881E+01
9735	265	9.17884E+01
9779	250	9.17911E+01
9724	658	9.17942E+01
10739	486	9.17958E+01
10739	104	9.17974E+01
9724	487	9.18022E+01
9779	617	9.18062E+01
10739	343	9.18108E+01
9779	198	9.18154E+01
9724	105	9.18165E+01
10739	574	9.18178E+01
10739	699	9.18181E+01
10739	53	9.18186E+01
9758	317	9.18230E+01
9758	543	9.18267E+01
9724	18	9.18282E+01
10739	157	9.18331E+01
9724	158	9.18347E+01
10739	437	9.18377E+01
10739	17	9.18380E+01
9724	54	9.18381E+01
9779	106	9.18392E+01
9779	784	9.18436E+01
9779	20	9.18521E+01
9779	55	9.18538E+01
10739	301	9.18565E+01
9724	700	9.18588E+01
9724	344	9.18594E+01
9779	397	9.18616E+01
10739	741	9.18694E+01
9724	575	9.18700E+01
9779	531	9.18744E+01
10739	616	9.18835E+01
10739	249	9.18882E+01
9724	438	9.18995E+01
9779	659	9.19053E+01
9758	131	9.19109E+01
10739	18	9.19115E+01
10739	197	9.19121E+01
10739	487	9.19133E+01
9724	302	9.19143E+01
9724	19	9.19155E+01
10739	396	9.19169E+01
9779	160	9.19170E+01
10739	783	9.19207E+01
9724	742	9.19217E+01
10739	530	9.19230E+01
10739	158	9.19248E+01
9735	88	9.19284E+01
9758	629	9.19298E+01
10739	105	9.19352E+01
9758	754	9.19421E+01
9758	91	9.19425E+01
9724	159	9.19454E+01
9724	488	9.19460E+01
9724	250	9.19475E+01
10739	658	9.19477E+01
9779	21	9.19511E+01
10739	54	9.19517E+01
9724	617	9.19552E+01
9779	345	9.19578E+01
9779	489	9.19614E+01
9724	198	9.19686E+01
9735	129	9.19711E+01
10739	344	9.19813E+01
9724	784	9.19832E+01
10739	19	9.19846E+01
9758	410	9.19894E+01
9724	106	9.19896E+01
9735	216	9.19939E+01
9779	701	9.20007E+01
9724	20	9.20011E+01
9724	55	9.20032E+01
9724	397	9.20040E+01
10739	575	9.20059E+01
9779	576	9.20061E+01
9758	451	9.20105E+01
10739	700	9.20108E+01
9724	531	9.20132E+01
9779	303	9.20174E+01
10739	159	9.20185E+01
9735	711	9.20233E+01
10739	438	9.20234E+01
10739	302	9.20260E+01
9779	439	9.20348E+01
9724	659	9.20367E+01
10739	488	9.20368E+01
9779	251	9.20428E+01
9779	22	9.20464E+01
9735	357	9.20497E+01
9779	199	9.20505E+01
9779	161	9.20513E+01
10739	250	9.20521E+01
10739	20	9.20565E+01
9724	160	9.20574E+01
9779	107	9.20603E+01
9779	56	9.20615E+01
9758	287	9.20675E+01
10739	198	9.20683E+01
10739	742	9.20732E+01
9724	21	9.20840E+01
9724	345	9.20846E+01
10739	106	9.20846E+01
10739	617	9.20865E+01
9779	743	9.20929E+01
10739	55	9.20942E+01
9724	489	9.20946E+01
10739	397	9.21113E+01
10739	160	9.21137E+01
9758	267	9.21143E+01
9724	701	9.21149E+01
9724	576	9.21218E+01
10739	21	9.21263E+01
10739	531	9.21281E+01
9779	618	9.21316E+01
9724	303	9.21350E+01
10739	784	9.21355E+01
9779	23	9.21382E+01
9779	490	9.21426E+01
9758	796	9.21439E+01
9758	218	9.21460E+01
9724	439	9.21471E+01
9735	542	9.21569E+01
9724	251	9.21570E+01
9724	22	9.21640E+01
9724	199	9.21645E+01
10739	659	9.21649E+01
10739	489	9.21649E+01
9779	398	9.21698E+01
9724	161	9.21700E+01
9724	107	9.21740E+01
9724	56	9.21766E+01
10739	345	9.21781E+01
9779	785	9.21828E+01
9779	162	9.21849E+01
9724	743	9.21905E+01
10739	22	9.21938E+01
9779	532	9.22020E+01
10739	161	9.22097E+01
10739	303	9.22184E+01
9724	618	9.22253E+01
9779	24	9.22269E+01
10739	576	9.22296E+01
10739	251	9.22343E+01
10739	199	9.22381E+01
9724	23	9.22412E+01
9735	316	9.22413E+01
10739	701	9.22416E+01
10739	439	9.22417E+01
10739	56	9.22441E+01
10739	107	9.22442E+01
9724	490	9.22463E+01
9779	660	9.22509E+01
10739	23	9.22590E+01
9724	398	9.22604E+01
9724	785	9.22641E+01
9779	346	9.22656E+01
9779	57	9.22758E+01
9724	162	9.22822E+01
9735	628	9.22839E+01
9724	532	9.22855E+01
9758	671	9.22897E+01
9779	108	9.22918E+01
10739	490	9.22960E+01
9779	200	9.23017E+01
10739	162	9.23056E+01
9779	25	9.23129E+01
9779	304	9.23134E+01
9724	24	9.23157E+01
9779	163	9.23165E+01
10739	743	9.23172E+01
9779	252	9.23179E+01
10739	24	9.23221E+01
9724	660	9.23236E+01
9779	491	9.23253E+01
10739	618	9.23279E+01
9735	753	9.23338E+01
10739	398	9.23368E+01
9724	346	9.23410E+01
9724	57	9.23559E+01
9735	89	9.23561E+01
9779	577	9.23611E+01
9779	702	9.23651E+01
9724	108	9.23674E+01
10739	532	9.23695E+01
9724	200	9.23742E+01
9735	409	9.23757E+01
9779	440	9.23793E+01
9758	588	9.23804E+01
9724	304	9.23818E+01
10739	25	9.23835E+01
9735	450	9.23862E+01
9724	252	9.23866E+01
9724	25	9.23881E+01
10739	785	9.23924E+01
9724	163	9.23927E+01
9779	26	9.23967E+01
9724	491	9.23993E+01
10739	57	9.23994E+01
10739	163	9.24005E+01
10739	346	9.24030E+01
10739	108	9.24119E+01
9724	577	9.24171E+01
9724	702	9.24175E+01
10739	200	9.24203E+01
10739	660	9.24230E+01
10739	491	9.24287E+01
9724	440	9.24341E+01
10739	304	9.24344E+01
10739	252	9.24345E+01
10739	26	9.24434E+01
9779	164	9.24446E+01
9724	26	9.24586E+01
9779	744	9.24748E+01
9779	27	9.24786E+01
10739	577	9.24931E+01
10739	164	9.24935E+01
9779	58	9.24937E+01
10739	440	9.24957E+01
9724	164	9.25005E+01
10739	27	9.25022E+01
9724	744	9.25076E+01
9779	492	9.25079E+01
9779	619	9.25118E+01
10739	702	9.25157E+01
9758	132	9.25193E+01
9779	399	9.25214E+01
9724	27	9.25276E+01
9779	109	9.25307E+01
9758	359	9.25384E+01
9724	58	9.25384E+01
9724	619	9.25416E+01
9724	492	9.25526E+01
9724	399	9.25536E+01
10739	58	9.25577E+01
9779	28	9.25593E+01
10739	28	9.25602E+01
10739	492	9.25618E+01
9779	201	9.25668E+01
9724	109	9.25674E+01
9779	165	9.25684E+01
9779	533	9.25809E+01
9779	786	9.25810E+01
10739	165	9.25837E+01
10739	109	9.25856E+01
9758	713	9.25876E+01
9724	786	9.25948E+01
9724	28	9.25956E+01
10739	399	9.25958E+01
9724	201	9.25960E+01
9735	795	9.26003E+01
9724	533	9.26013E+01
9724	165	9.26047E+01
9735	130	9.26052E+01
10739	744	9.26066E+01
9779	347	9.26116E+01
10739	619	9.26120E+01
10739	201	9.26136E+01
9779	253	9.26157E+01
10739	29	9.26179E+01
9724	347	9.26301E+01
9724	253	9.26356E+01
9779	29	9.26393E+01
9779	305	9.26407E+01
9758	318	9.26429E+01
9735	266	9.26445E+01
10739	533	9.26509E+01
10739	253	9.26523E+01
9779	661	9.26543E+01
9724	305	9.26554E+01
10739	347	9.26577E+01
9724	661	9.26594E+01
9724	29	9.26631E+01
10739	166	9.26710E+01
10739	305	9.26747E+01
10739	30	9.26757E+01
9779	166	9.26876E+01
9779	493	9.26894E+01
10739	493	9.26946E+01
10739	786	9.26965E+01
9724	493	9.27051E+01
9724	166	9.27052E+01
9779	59	9.27124E+01
10739	59	9.27171E+01
9779	30	9.27191E+01
9724	59	9.27218E+01
9758	544	9.27259E+01
10739	661	9.27267E+01
9724	30	9.27304E+01
9735	670	9.27313E+01
10739	31	9.27338E+01
10739	167	9.27558E+01
9724	578	9.27596E+01
10739	110	9.27631E+01
9724	441	9.27632E+01
9735	217	9.27637E+01
9724	703	9.27711E+01
9724	110	9.27713E+01
9779	578	9.27717E+01
9779	441	9.27734E+01
9779	110	9.27740E+01
10739	441	9.27883E+01
9779	703	9.27897E+01
10739	32	9.27925E+01
9724	31	9.27980E+01
9779	31	9.27991E+01
10739	578	9.28002E+01
9724	167	9.28025E+01
9779	167	9.28028E+01
10739	202	9.28164E+01
10739	494	9.28260E+01
9735	587	9.28262E+01
9724	202	9.28282E+01
9735	90	9.28323E+01
9758	755	9.28328E+01
10739	703	9.28379E+01
9758	630	9.28381E+01
10739	168	9.28386E+01
9779	202	9.28439E+01
10739	33	9.28517E+01
9724	494	9.28558E+01
9724	32	9.28660E+01
9779	494	9.28687E+01
9758	219	9.28755E+01
10739	60	9.28759E+01
9758	411	9.28774E+01
9724	745	9.28776E+01
9779	32	9.28796E+01
9724	400	9.28859E+01
10739	254	9.28875E+01
10739	400	9.28906E+01
9724	168	9.28972E+01
9724	254	9.29036E+01
9724	60	9.29043E+01
9758	268	9.29068E+01
9724	620	9.29085E+01
10739	34	9.29116E+01
9758	452	9.29136E+01
9779	168	9.29151E+01
9779	400	9.29186E+01
9779	745	9.29189E+01
10739	169	9.29201E+01
9779	60	9.29296E+01
9724	33	9.29345E+01
9779	254	9.29355E+01
10739	306	9.29399E+01
10739	111	9.29424E+01
10739	620	9.29433E+01
10739	348	9.29435E+01
10739	745	9.29462E+01
9779	620	9.29512E+01
9724	348	9.29533E+01
10739	495	9.29554E+01
9724	306	9.29564E+01
9779	33	9.29606E+01
9724	534	9.29640E+01
10739	35	9.29718E+01
10739	534	9.29756E+01
9724	111	9.29769E+01
9724	787	9.29798E+01
9724	169	9.29904E+01
9779	348	9.29975E+01
9779	306	9.29998E+01
10739	170	9.30011E+01
9724	34	9.30034E+01
9724	495	9.30039E+01
9779	534	9.30146E+01
9779	111	9.30189E+01
9779	169	9.30254E+01
10739	203	9.30274E+01
10739	36	9.30320E+01
10739	61	9.30330E+01
9758	797	9.30334E+01
9779	34	9.30422E+01
9779	787	9.30430E+01
9779	495	9.30446E+01
9724	662	9.30483E+01
