GRAM	c2h2	chi_tot
2898	769	6.27525E+01
2898	727	6.27553E+01
2898	812	6.27598E+01
2898	811	6.27702E+01
2898	770	6.27719E+01
2898	685	6.27729E+01
2792	812	6.27747E+01
2792	770	6.27757E+01
2792	727	6.27782E+01
2792	769	6.27792E+01
2898	726	6.27827E+01
2792	813	6.27863E+01
2898	768	6.27907E+01
2898	728	6.27934E+01
2792	728	6.27938E+01
2898	813	6.27946E+01
2792	685	6.27987E+01
2898	684	6.28068E+01
2792	811	6.28081E+01
2898	686	6.28131E+01
2898	643	6.28151E+01
2792	686	6.28171E+01
2792	771	6.28237E+01
2792	726	6.28279E+01
2898	810	6.28309E+01
2898	644	6.28343E+01
2792	814	6.28384E+01
2792	768	6.28401E+01
2898	771	6.28431E+01
2792	644	6.28482E+01
2792	643	6.28497E+01
2792	684	6.28542E+01
2792	729	6.28686E+01
2898	814	6.28703E+01
2898	642	6.28785E+01
2898	725	6.28827E+01
2898	602	6.28848E+01
2898	729	6.28910E+01
2792	810	6.28916E+01
2898	767	6.28931E+01
2792	687	6.29029E+01
2792	602	6.29140E+01
2898	601	6.29157E+01
2792	772	6.29182E+01
2898	687	6.29209E+01
2898	683	6.29220E+01
2792	645	6.29226E+01
2898	645	6.29296E+01
2792	642	6.29337E+01
2898	603	6.29379E+01
2792	603	6.29475E+01
2898	809	6.29481E+01
2792	725	6.29499E+01
2898	772	6.29611E+01
2792	601	6.29644E+01
2792	767	6.29649E+01
2792	683	6.29906E+01
2792	730	6.29971E+01
2898	558	6.30028E+01
2898	557	6.30267E+01
2792	809	6.30313E+01
2898	641	6.30313E+01
2792	558	6.30340E+01
2898	600	6.30364E+01
2898	730	6.30424E+01
2792	688	6.30502E+01
2792	773	6.30548E+01
2792	604	6.30591E+01
2898	724	6.30629E+01
2898	559	6.30637E+01
2792	646	6.30668E+01
2898	766	6.30669E+01
2898	604	6.30693E+01
2792	557	6.30759E+01
2792	559	6.30766E+01
2898	688	6.30904E+01
2898	646	6.30950E+01
2792	600	6.31043E+01
2792	641	6.31068E+01
2898	773	6.31215E+01
2898	682	6.31258E+01
2898	808	6.31285E+01
2898	556	6.31397E+01
2792	724	6.31518E+01
2792	766	6.31609E+01
2792	731	6.31742E+01
2898	466	6.31798E+01
2792	560	6.31991E+01
2898	560	6.32047E+01
2792	556	6.32068E+01
2792	682	6.32155E+01
2898	467	6.32159E+01
2792	466	6.32199E+01
2898	465	6.32269E+01
2792	808	6.32338E+01
2792	467	6.32393E+01
2898	731	6.32429E+01
2792	605	6.32433E+01
2898	599	6.32527E+01
2792	689	6.32539E+01
2898	605	6.32735E+01
2792	647	6.32754E+01
2898	640	6.32805E+01
2792	465	6.32835E+01
2898	689	6.33166E+01
2898	765	6.33202E+01
2898	647	6.33250E+01
2898	723	6.33312E+01
2898	468	6.33322E+01
2792	468	6.33386E+01
2792	599	6.33395E+01
2898	555	6.33459E+01
2898	464	6.33597E+01
2792	640	6.33759E+01
2898	807	6.33797E+01
2792	732	6.33958E+01
2792	561	6.33965E+01
2898	561	6.34209E+01
2898	681	6.34261E+01
2792	555	6.34306E+01
2792	464	6.34326E+01
2792	765	6.34359E+01
2792	723	6.34416E+01
2898	426	6.34424E+01
2898	425	6.34648E+01
2792	426	6.34832E+01
2898	732	6.34881E+01
2792	606	6.34947E+01
2898	427	6.34961E+01
2792	807	6.35069E+01
2792	690	6.35093E+01
2792	469	6.35144E+01
2792	425	6.35205E+01
2792	427	6.35216E+01
2898	469	6.35252E+01
2792	681	6.35365E+01
2792	648	6.35435E+01
2898	606	6.35452E+01
2898	424	6.35643E+01
2898	598	6.35701E+01
2898	463	6.35809E+01
2898	690	6.35948E+01
3004	769	6.35997E+01
3004	812	6.36012E+01
3004	727	6.36046E+01
3004	770	6.36136E+01
2898	648	6.36147E+01
3004	811	6.36162E+01
2898	428	6.36243E+01
3004	685	6.36259E+01
3004	813	6.36320E+01
2898	639	6.36326E+01
2792	428	6.36343E+01
2792	424	6.36348E+01
3004	728	6.36363E+01
3004	726	6.36391E+01
3004	768	6.36440E+01
2898	554	6.36497E+01
3004	686	6.36586E+01
2898	764	6.36612E+01
2792	562	6.36643E+01
3004	684	6.36679E+01
2792	463	6.36699E+01
3004	643	6.36742E+01
2792	598	6.36756E+01
3004	771	6.36799E+01
3004	810	6.36822E+01
3004	644	6.36849E+01
2898	722	6.36958E+01
3004	814	6.37043E+01
2898	562	6.37076E+01
2898	806	6.37100E+01
3004	729	6.37280E+01
2898	423	6.37421E+01
3004	602	6.37437E+01
3004	642	6.37466E+01
3004	725	6.37468E+01
2792	639	6.37477E+01
2792	554	6.37517E+01
3004	767	6.37531E+01
3004	687	6.37595E+01
2792	470	6.37627E+01
3004	645	6.37723E+01
3004	601	6.37840E+01
3004	603	6.37878E+01
2898	470	6.37910E+01
3004	683	6.37916E+01
3004	772	6.37936E+01
2792	764	6.37984E+01
2898	375	6.38043E+01
3004	809	6.38052E+01
2792	607	6.38091E+01
2792	691	6.38122E+01
2792	429	6.38195E+01
2898	429	6.38253E+01
2792	722	6.38271E+01
2792	423	6.38272E+01
2898	680	6.38303E+01
2898	376	6.38321E+01
2898	374	6.38423E+01
2792	375	6.38554E+01
2792	806	6.38586E+01
3004	558	6.38643E+01
2792	649	6.38669E+01
2792	376	6.38697E+01
3004	730	6.38742E+01
2898	607	6.38802E+01
2898	462	6.38934E+01
3004	557	6.38979E+01
2792	374	6.39067E+01
3004	641	6.39090E+01
3004	604	6.39108E+01
3004	600	6.39146E+01
3004	559	6.39157E+01
2898	691	6.39209E+01
3004	688	6.39228E+01
2898	377	6.39259E+01
3004	646	6.39303E+01
3004	766	6.39343E+01
3004	724	6.39352E+01
2898	373	6.39462E+01
2792	377	6.39496E+01
3004	773	6.39504E+01
2898	649	6.39601E+01
2792	680	6.39609E+01
3004	808	6.39921E+01
2898	597	6.39938E+01
2792	563	6.39981E+01
2792	462	6.39982E+01
2898	422	6.40002E+01
3004	682	6.40047E+01
3004	556	6.40210E+01
2792	373	6.40237E+01
3004	466	6.40477E+01
3004	560	6.40478E+01
2898	553	6.40550E+01
2898	563	6.40607E+01
3004	731	6.40700E+01
3004	467	6.40741E+01
2792	430	6.40749E+01
2792	471	6.40799E+01
2898	378	6.40855E+01
2898	638	6.40937E+01
2792	378	6.40950E+01
2898	430	6.40968E+01
2898	763	6.40982E+01
2792	422	6.40996E+01
3004	465	6.41047E+01
3004	605	6.41070E+01
2898	372	6.41167E+01
2792	597	6.41175E+01
2898	471	6.41260E+01
2898	805	6.41277E+01
3004	599	6.41411E+01
3004	689	6.41433E+01
3004	647	6.41534E+01
2898	721	6.41642E+01
3004	640	6.41681E+01
2792	553	6.41741E+01
3004	468	6.41809E+01
2792	608	6.41825E+01
3004	765	6.41956E+01
2792	372	6.42070E+01
3004	723	6.42124E+01
2792	638	6.42279E+01
3004	555	6.42377E+01
2792	650	6.42417E+01
3004	464	6.42478E+01
3004	807	6.42506E+01
3004	561	6.42554E+01
2792	763	6.42562E+01
2898	608	6.42745E+01
2898	335	6.42855E+01
2792	805	6.42972E+01
2898	461	6.43004E+01
2792	379	6.43059E+01
2898	336	6.43092E+01
2898	379	6.43110E+01
3004	732	6.43112E+01
3004	426	6.43118E+01
2898	334	6.43145E+01
3004	681	6.43148E+01
2792	721	6.43160E+01
2898	421	6.43411E+01
3004	425	6.43439E+01
2792	335	6.43444E+01
2898	679	6.43444E+01
2898	371	6.43555E+01
3004	427	6.43559E+01
2792	336	6.43562E+01
2898	650	6.43574E+01
3004	469	6.43649E+01
3004	606	6.43714E+01
2792	334	6.43851E+01
2898	337	6.43865E+01
2792	564	6.43946E+01
2898	333	6.43961E+01
2792	431	6.43984E+01
3004	690	6.44164E+01
2792	461	6.44209E+01
2792	337	6.44212E+01
2898	431	6.44367E+01
3004	648	6.44369E+01
3004	424	6.44534E+01
2792	421	6.44548E+01
2792	371	6.44586E+01
2792	472	6.44629E+01
3004	598	6.44692E+01
3004	428	6.44748E+01
2898	564	6.44768E+01
2792	333	6.44780E+01
3004	463	6.44794E+01
2792	679	6.44947E+01
2898	338	6.45186E+01
2898	472	6.45271E+01
2898	596	6.45275E+01
3004	639	6.45308E+01
2898	332	6.45310E+01
3004	562	6.45341E+01
2792	338	6.45405E+01
3004	764	6.45454E+01
3004	554	6.45523E+01
2898	552	6.45651E+01
2792	380	6.45821E+01
3004	722	6.45865E+01
3004	806	6.45888E+01
2898	380	6.46023E+01
2792	609	6.46118E+01
3004	470	6.46221E+01
2792	332	6.46241E+01
2898	762	6.46383E+01
2898	804	6.46406E+01
3004	423	6.46413E+01
2898	370	6.46659E+01
3004	429	6.46668E+01
2898	637	6.46677E+01
2792	596	6.46690E+01
3004	375	6.46816E+01
3004	607	6.46994E+01
3004	376	6.47004E+01
2792	552	6.47010E+01
2898	331	6.47216E+01
2898	609	6.47252E+01
3004	374	6.47289E+01
3004	680	6.47292E+01
3004	691	6.47380E+01
2898	720	6.47423E+01
3105	455	6.47535E+01
3105	547	6.47615E+01
3105	454	6.47651E+01
3105	567	6.47669E+01
3105	414	6.47678E+01
2898	420	6.47685E+01
3105	546	6.47692E+01
3004	649	6.47767E+01
3105	566	6.47774E+01
2792	370	6.47815E+01
3004	377	6.47851E+01
3105	591	6.47854E+01
2792	432	6.47876E+01
3004	462	6.48026E+01
2898	460	6.48051E+01
3105	413	6.48063E+01
3105	590	6.48084E+01
2792	762	6.48164E+01
3105	415	6.48204E+01
2792	637	6.48205E+01
3105	363	6.48252E+01
2792	331	6.48258E+01
3105	632	6.48297E+01
2792	804	6.48303E+01
3105	362	6.48356E+01
3105	456	6.48399E+01
3004	373	6.48422E+01
2898	432	6.48428E+01
2792	565	6.48510E+01
3105	548	6.48562E+01
3105	568	6.48596E+01
3105	453	6.48659E+01
3105	592	6.48664E+01
3105	545	6.48699E+01
3105	633	6.48792E+01
3004	563	6.48797E+01
2898	286	6.48825E+01
3105	631	6.48829E+01
2898	285	6.48957E+01
2792	420	6.48962E+01
3105	364	6.49018E+01
3105	673	6.49034E+01
3004	597	6.49039E+01
3105	322	6.49058E+01
3105	674	6.49084E+01
2792	473	6.49091E+01
3004	422	6.49096E+01
2792	720	6.49138E+01
3105	589	6.49250E+01
3105	361	6.49256E+01
3105	412	6.49263E+01
3004	430	6.49297E+01
3105	321	6.49354E+01
3004	378	6.49360E+01
2792	460	6.49410E+01
3004	471	6.49490E+01
2898	284	6.49496E+01
2792	286	6.49505E+01
2898	565	6.49533E+01
3105	323	6.49545E+01
3105	715	6.49680E+01
3004	553	6.49686E+01
3105	416	6.49692E+01
2898	330	6.49719E+01
2898	678	6.49722E+01
2792	285	6.49737E+01
3105	381	6.49899E+01
2898	473	6.49918E+01
3004	763	6.49918E+01
3105	672	6.49968E+01
3004	638	6.50028E+01
3004	805	6.50152E+01
3105	714	6.50154E+01
3105	675	6.50212E+01
3004	372	6.50222E+01
3105	716	6.50227E+01
3105	630	6.50272E+01
3105	457	6.50295E+01
3105	272	6.50316E+01
3105	320	6.50354E+01
2792	284	6.50374E+01
3105	634	6.50395E+01
3105	452	6.50435E+01
2898	283	6.50465E+01
3105	544	6.50509E+01
2898	369	6.50522E+01
3105	593	6.50582E+01
3105	549	6.50590E+01
3105	757	6.50609E+01
3105	273	6.50632E+01
3004	721	6.50652E+01
3105	271	6.50680E+01
3105	365	6.50689E+01
3105	756	6.50695E+01
3105	360	6.50843E+01
3105	324	6.50856E+01
2792	330	6.50871E+01
3004	608	6.50875E+01
3105	411	6.51155E+01
3105	588	6.51217E+01
2792	678	6.51414E+01
2792	283	6.51440E+01
3105	798	6.51480E+01
3004	379	6.51530E+01
3105	713	6.51543E+01
3105	758	6.51547E+01
3105	270	6.51651E+01
3105	274	6.51671E+01
3004	650	6.51690E+01
3105	799	6.51695E+01
3004	335	6.51699E+01
3105	755	6.51722E+01
2898	595	6.51726E+01
3105	671	6.51759E+01
2792	369	6.51803E+01
2898	551	6.51817E+01
3004	336	6.51854E+01
3105	717	6.51865E+01
2898	282	6.51903E+01
3105	319	6.51952E+01
3105	224	6.52056E+01
3004	334	6.52072E+01
3105	417	6.52159E+01
3105	223	6.52159E+01
3105	339	6.52184E+01
3105	797	6.52203E+01
3004	461	6.52205E+01
3105	676	6.52473E+01
3105	629	6.52481E+01
3105	225	6.52528E+01
3004	679	6.52542E+01
3004	337	6.52546E+01
2898	803	6.52547E+01
3004	421	6.52609E+01
3004	431	6.52614E+01
3004	371	6.52706E+01
3105	222	6.52789E+01
3105	451	6.52836E+01
2898	419	6.52858E+01
2898	761	6.52860E+01
2898	329	6.52874E+01
3004	564	6.52889E+01
3105	800	6.52906E+01
3004	333	6.52972E+01
3105	543	6.52972E+01
2792	282	6.52974E+01
3105	359	6.52985E+01
3105	325	6.52992E+01
3105	269	6.53131E+01
3105	635	6.53147E+01
3105	458	6.53235E+01
3105	366	6.53260E+01
2792	595	6.53314E+01
2792	551	6.53338E+01
3004	472	6.53425E+01
3105	275	6.53441E+01
3105	759	6.53551E+01
2898	636	6.53556E+01
3105	754	6.53571E+01
3105	410	6.53594E+01
3105	226	6.53600E+01
3105	594	6.53638E+01
3105	712	6.53708E+01
3105	550	6.53720E+01
3105	796	6.53766E+01
3004	338	6.53788E+01
3105	587	6.53829E+01
2898	281	6.53860E+01
3105	221	6.53876E+01
3105	318	6.54022E+01
2898	459	6.54094E+01
3105	138	6.54094E+01
2792	329	6.54136E+01
3105	670	6.54253E+01
3105	139	6.54260E+01
2792	419	6.54273E+01
2898	719	6.54326E+01
3105	137	6.54345E+01
3004	380	6.54362E+01
3004	332	6.54406E+01
3004	596	6.54490E+01
3105	718	6.54619E+01
2792	803	6.54636E+01
2792	761	6.54834E+01
3105	140	6.54869E+01
3004	552	6.54900E+01
3105	136	6.54970E+01
3105	268	6.55010E+01
2792	281	6.55027E+01
3105	801	6.55129E+01
2898	368	6.55196E+01
2792	636	6.55262E+01
3105	227	6.55275E+01
3105	628	6.55294E+01
3004	609	6.55326E+01
3105	220	6.55332E+01
3004	804	6.55374E+01
3004	762	6.55420E+01
3105	358	6.55539E+01
3105	418	6.55585E+01
2792	459	6.55603E+01
3105	450	6.55705E+01
3105	677	6.55879E+01
3004	637	6.55882E+01
3004	370	6.55905E+01
3105	135	6.55914E+01
3105	276	6.55921E+01
3105	326	6.55921E+01
3105	141	6.55929E+01
3105	542	6.55930E+01
3105	795	6.56039E+01
3105	753	6.56094E+01
2792	719	6.56229E+01
2898	280	6.56394E+01
3004	331	6.56398E+01
3105	409	6.56432E+01
3105	317	6.56433E+01
3105	287	6.56452E+01
3105	711	6.56489E+01
3004	720	6.56540E+01
3004	432	6.56599E+01
2792	368	6.56601E+01
3105	760	6.56621E+01
3105	367	6.56695E+01
2898	328	6.56746E+01
3105	586	6.56921E+01
3004	420	6.56987E+01
3105	636	6.57050E+01
3105	219	6.57064E+01
3105	134	6.57112E+01
2898	677	6.57136E+01
3105	267	6.57173E+01
3105	459	6.57204E+01
3105	669	6.57284E+01
3004	460	6.57362E+01
3105	142	6.57436E+01
3105	228	6.57534E+01
3004	565	6.57591E+01
2792	280	6.57657E+01
3004	286	6.57763E+01
3105	595	6.57830E+01
3105	551	6.57943E+01
3004	285	6.57964E+01
3004	473	6.58002E+01
2792	328	6.58117E+01
3105	802	6.58339E+01
3105	357	6.58371E+01
3105	719	6.58475E+01
2898	234	6.58493E+01
3105	133	6.58498E+01
3105	627	6.58543E+01
3004	284	6.58574E+01
3105	794	6.58870E+01
3105	449	6.58894E+01
3004	678	6.58933E+01
2898	418	6.58959E+01
3105	218	6.58978E+01
3004	330	6.58988E+01
2792	677	6.59008E+01
2898	550	6.59037E+01
3105	277	6.59063E+01
3105	316	6.59064E+01
3105	752	6.59129E+01
3105	541	6.59224E+01
2898	594	6.59273E+01
3105	266	6.59514E+01
3105	408	6.59531E+01
2898	279	6.59566E+01
3105	327	6.59586E+01
3004	283	6.59616E+01
2792	234	6.59658E+01
3105	710	6.59718E+01
2898	802	6.59731E+01
3004	369	6.59866E+01
3105	419	6.59931E+01
3105	132	6.60009E+01
3105	585	6.60334E+01
3105	229	6.60340E+01
3105	678	6.60406E+01
2898	760	6.60428E+01
2898	233	6.60448E+01
2792	418	6.60511E+01
3105	668	6.60682E+01
2792	550	6.60715E+01
3105	761	6.60715E+01
2898	367	6.60727E+01
2792	279	6.60926E+01
3105	368	6.60937E+01
3105	217	6.60993E+01
2792	594	6.61026E+01
3004	595	6.61057E+01
3004	282	6.61128E+01
2898	458	6.61132E+01
3004	551	6.61180E+01
3105	356	6.61362E+01
2898	327	6.61395E+01
2898	635	6.61545E+01
3105	131	6.61588E+01
3004	803	6.61616E+01
2792	233	6.61700E+01
3105	315	6.61810E+01
3105	265	6.61943E+01
2792	802	6.62002E+01
3004	761	6.62005E+01
3105	626	6.62067E+01
3105	637	6.62077E+01
3105	793	6.62101E+01
3105	460	6.62167E+01
3004	329	6.62232E+01
2792	367	6.62256E+01
3004	419	6.62266E+01
3105	448	6.62267E+01
2898	718	6.62339E+01
3105	803	6.62477E+01
3105	751	6.62513E+01
2792	760	6.62583E+01
3105	540	6.62712E+01
3105	407	6.62769E+01
2792	458	6.62787E+01
3105	91	6.62799E+01
3105	278	6.62805E+01
2792	327	6.62877E+01
3004	636	6.62878E+01
2898	232	6.62960E+01
3105	216	6.63044E+01
3105	596	6.63123E+01
3105	235	6.63135E+01
3004	281	6.63162E+01
3105	130	6.63186E+01
3105	552	6.63224E+01
3105	709	6.63232E+01
3105	720	6.63382E+01
2792	635	6.63420E+01
2898	278	6.63435E+01
3004	459	6.63517E+01
3004	719	6.63556E+01
3105	230	6.63648E+01
3105	90	6.63871E+01
3105	328	6.63916E+01
3105	584	6.63919E+01
3105	667	6.64291E+01
2792	232	6.64300E+01
3105	264	6.64389E+01
3105	355	6.64417E+01
2792	718	6.64419E+01
3105	314	6.64589E+01
3004	368	6.64639E+01
3105	129	6.64766E+01
2792	278	6.64894E+01
3105	89	6.64910E+01
3105	215	6.65082E+01
3105	420	6.65144E+01
3105	792	6.65574E+01
2898	676	6.65646E+01
3105	447	6.65710E+01
3105	625	6.65721E+01
3105	762	6.65764E+01
3004	280	6.65775E+01
3105	88	6.65910E+01
3105	369	6.65922E+01
2898	417	6.65997E+01
3105	679	6.65998E+01
3105	406	6.66049E+01
2898	231	6.66064E+01
3105	750	6.66089E+01
3004	328	6.66194E+01
3105	539	6.66271E+01
3105	128	6.66304E+01
3004	677	6.66465E+01
3105	263	6.66802E+01
3105	87	6.66870E+01
2898	326	6.66871E+01
3105	708	6.66881E+01
3105	214	6.67075E+01
3105	279	6.67078E+01
2898	366	6.67147E+01
2898	549	6.67271E+01
3105	313	6.67344E+01
3105	231	6.67408E+01
3105	804	6.67458E+01
3105	354	6.67462E+01
2792	231	6.67493E+01
3105	583	6.67553E+01
2792	417	6.67682E+01
2792	676	6.67687E+01
3105	127	6.67784E+01
3105	86	6.67792E+01
3004	234	6.67824E+01
2898	593	6.67860E+01
2898	801	6.67951E+01
3105	666	6.67972E+01
2898	277	6.68051E+01
3105	461	6.68077E+01
3105	638	6.68167E+01
2792	326	6.68464E+01
3004	418	6.68474E+01
3004	550	6.68517E+01
3105	85	6.68680E+01
10366	551	6.68690E+01
3004	594	6.68723E+01
10366	550	6.68740E+01
2792	366	6.68799E+01
10366	594	6.68806E+01
10366	459	6.68808E+01
3105	329	6.68842E+01
3004	802	6.68908E+01
10366	595	6.68945E+01
3105	213	6.69003E+01
3004	279	6.69028E+01
2898	759	6.69054E+01
2792	549	6.69100E+01
3105	446	6.69130E+01
2898	457	6.69137E+01
3105	791	6.69146E+01
3105	262	6.69152E+01
3105	126	6.69204E+01
3105	721	6.69260E+01
10366	635	6.69262E+01
10366	458	6.69264E+01
3105	405	6.69295E+01
10366	636	6.69373E+01
3105	624	6.69383E+01
3105	597	6.69465E+01
10366	460	6.69473E+01
3105	553	6.69515E+01
3105	84	6.69537E+01
2792	277	6.69609E+01
10366	419	6.69623E+01
10366	418	6.69676E+01
3004	760	6.69686E+01
3105	749	6.69719E+01
2792	593	6.69770E+01
2898	230	6.69789E+01
3105	538	6.69800E+01
3004	233	6.69847E+01
10366	552	6.69870E+01
10366	677	6.69910E+01
10366	593	6.69994E+01
10450	551	6.70011E+01
10366	549	6.70027E+01
10366	676	6.70032E+01
3105	312	6.70038E+01
10450	550	6.70153E+01
10450	459	6.70162E+01
10450	594	6.70202E+01
10450	595	6.70266E+01
3004	367	6.70272E+01
3105	83	6.70369E+01
2792	801	6.70391E+01
10366	596	6.70410E+01
3105	353	6.70448E+01
3105	707	6.70535E+01
10366	634	6.70549E+01
10366	420	6.70549E+01
3105	125	6.70567E+01
2898	634	6.70573E+01
10366	718	6.70588E+01
10450	635	6.70658E+01
3004	458	6.70667E+01
10450	636	6.70710E+01
10450	458	6.70721E+01
10450	460	6.70729E+01
10366	417	6.70743E+01
10366	457	6.70851E+01
3105	212	6.70859E+01
10366	368	6.70866E+01
10366	637	6.70885E+01
2792	457	6.70933E+01
3004	327	6.70935E+01
10450	419	6.70946E+01
10366	367	6.70950E+01
3004	635	6.70986E+01
10450	418	6.71106E+01
10450	552	6.71109E+01
10366	717	6.71122E+01
3105	582	6.71132E+01
3105	421	6.71174E+01
3105	82	6.71182E+01
10366	461	6.71227E+01
10366	678	6.71242E+01
10450	677	6.71271E+01
2792	230	6.71307E+01
2792	759	6.71377E+01
2898	717	6.71404E+01
3105	261	6.71426E+01
10450	676	6.71436E+01
10450	593	6.71478E+01
10366	759	6.71489E+01
10450	549	6.71539E+01
10366	719	6.71543E+01
3105	232	6.71574E+01
3105	370	6.71595E+01
10366	675	6.71599E+01
3105	665	6.71609E+01
10366	369	6.71632E+01
10450	596	6.71666E+01
3105	763	6.71672E+01
3004	718	6.71687E+01
10450	420	6.71769E+01
3105	280	6.71821E+01
3105	124	6.71879E+01
10366	760	6.71902E+01
10366	366	6.71932E+01
10450	718	6.71969E+01
3105	81	6.71983E+01
10450	634	6.72020E+01
10450	637	6.72177E+01
10450	368	6.72207E+01
10366	553	6.72247E+01
10450	417	6.72285E+01
10450	461	6.72393E+01
10450	367	6.72400E+01
10366	421	6.72409E+01
10450	457	6.72418E+01
10366	568	6.72420E+01
10534	551	6.72427E+01
3004	232	6.72429E+01
3105	404	6.72451E+01
10366	801	6.72456E+01
3105	445	6.72459E+01
10366	592	6.72476E+01
10366	548	6.72525E+01
10450	717	6.72532E+01
3105	680	6.72573E+01
10450	678	6.72578E+01
10366	758	6.72578E+01
2792	634	6.72608E+01
3105	211	6.72642E+01
3105	311	6.72650E+01
10534	459	6.72657E+01
10366	327	6.72675E+01
10534	595	6.72688E+01
3105	790	6.72693E+01
10366	800	6.72712E+01
3105	80	6.72778E+01
10366	416	6.72839E+01
10450	369	6.72866E+01
10366	328	6.72878E+01
10450	759	6.72881E+01
10534	550	6.72895E+01
10534	460	6.72903E+01
10450	719	6.72916E+01
10534	594	6.72939E+01
3105	623	6.72953E+01
3004	278	6.72980E+01
10450	675	6.73066E+01
10366	716	6.73122E+01
3105	123	6.73148E+01
10366	597	6.73165E+01
3105	805	6.73179E+01
10366	633	6.73188E+01
10366	370	6.73191E+01
2898	325	6.73196E+01
10534	636	6.73200E+01
10534	552	6.73213E+01
3105	537	6.73223E+01
10366	326	6.73245E+01
3105	748	6.73286E+01
10450	760	6.73301E+01
10534	419	6.73306E+01
3105	352	6.73339E+01
10450	553	6.73413E+01
2898	276	6.73443E+01
10534	635	6.73450E+01
10450	366	6.73496E+01
10450	421	6.73531E+01
10534	458	6.73549E+01
10366	456	6.73552E+01
3105	79	6.73571E+01
3105	260	6.73620E+01
2792	717	6.73648E+01
10366	802	6.73693E+01
10366	638	6.73758E+01
10534	596	6.73790E+01
10366	329	6.73792E+01
10534	418	6.73793E+01
10366	761	6.73796E+01
10534	420	6.73813E+01
10366	365	6.73845E+01
10450	801	6.73865E+01
10534	677	6.73868E+01
2898	416	6.73949E+01
10366	720	6.73953E+01
10450	758	6.73988E+01
10366	679	6.73991E+01
10450	568	6.74026E+01
10366	462	6.74028E+01
10450	592	6.74058E+01
3105	706	6.74088E+01
10450	800	6.74102E+01
10450	327	6.74108E+01
10450	548	6.74144E+01
2898	229	6.74155E+01
10450	328	6.74203E+01
10534	461	6.74257E+01
3105	330	6.74310E+01
10450	370	6.74322E+01
10534	676	6.74323E+01
3105	210	6.74361E+01
3105	78	6.74367E+01
10450	597	6.74368E+01
3105	122	6.74382E+01
10534	637	6.74384E+01
2898	365	6.74455E+01
10366	799	6.74461E+01
10450	416	6.74498E+01
10534	593	6.74545E+01
10366	674	6.74550E+01
3105	581	6.74577E+01
10450	716	6.74584E+01
10534	368	6.74584E+01
10534	549	6.74619E+01
10366	325	6.74635E+01
10534	718	6.74699E+01
10450	633	6.74748E+01
10450	326	6.74789E+01
3105	462	6.74884E+01
2792	325	6.74900E+01
10534	678	6.74909E+01
10534	369	6.74934E+01
10450	329	6.75012E+01
10450	638	6.75021E+01
3004	676	6.75095E+01
10534	367	6.75097E+01
2792	276	6.75101E+01
3105	664	6.75108E+01
10450	462	6.75110E+01
10366	757	6.75129E+01
10534	634	6.75132E+01
10450	802	6.75150E+01
10366	422	6.75162E+01
2898	675	6.75163E+01
3105	310	6.75167E+01
3105	77	6.75168E+01
10366	278	6.75169E+01
10534	553	6.75221E+01
10450	761	6.75229E+01
10450	456	6.75234E+01
3105	639	6.75243E+01
10534	421	6.75270E+01
10534	417	6.75309E+01
10450	679	6.75319E+01
10450	720	6.75341E+01
10366	330	6.75356E+01
10534	719	6.75395E+01
10366	277	6.75404E+01
3105	403	6.75479E+01
10366	371	6.75498E+01
10450	365	6.75527E+01
10534	717	6.75539E+01
10366	279	6.75583E+01
3105	121	6.75588E+01
10534	457	6.75589E+01
3004	231	6.75606E+01
3004	417	6.75619E+01
3105	444	6.75645E+01
3105	259	6.75738E+01
10534	759	6.75756E+01
2792	416	6.75764E+01
2792	229	6.75764E+01
10366	554	6.75773E+01
10450	799	6.75863E+01
10534	760	6.75938E+01
10366	415	6.75946E+01
3105	76	6.75976E+01
3105	722	6.76011E+01
3105	209	6.76025E+01
10366	567	6.76061E+01
10534	370	6.76092E+01
10450	674	6.76096E+01
3105	233	6.76105E+01
3105	351	6.76111E+01
3105	789	6.76114E+01
10366	547	6.76167E+01
10366	591	6.76171E+01
10450	422	6.76190E+01
10534	597	6.76212E+01
2792	365	6.76227E+01
10534	675	6.76262E+01
10450	325	6.76294E+01
10366	276	6.76338E+01
3105	622	6.76353E+01
10366	803	6.76363E+01
2898	548	6.76440E+01
10450	330	6.76476E+01
2898	568	6.76477E+01
3105	536	6.76481E+01
10534	328	6.76499E+01
3004	326	6.76505E+01
10366	715	6.76509E+01
10534	366	6.76522E+01
10450	371	6.76531E+01
10450	757	6.76583E+01
10366	280	6.76590E+01
10450	278	6.76590E+01
10534	801	6.76660E+01
10534	462	6.76679E+01
10366	364	6.76690E+01
3105	747	6.76698E+01
10534	327	6.76707E+01
3105	554	6.76757E+01
3105	120	6.76774E+01
3105	598	6.76783E+01
3105	75	6.76790E+01
3004	366	6.76793E+01
3004	549	6.76867E+01
10366	324	6.76870E+01
10450	554	6.76875E+01
10450	279	6.76901E+01
10450	277	6.76932E+01
10534	638	6.76966E+01
3105	281	6.76985E+01
10534	329	6.77016E+01
10366	632	6.77084E+01
10366	762	6.77100E+01
10534	800	6.77124E+01
10534	758	6.77129E+01
10366	598	6.77148E+01
2898	800	6.77155E+01
3004	801	6.77243E+01
10366	455	6.77309E+01
2792	675	6.77361E+01
2898	592	6.77393E+01
10534	679	6.77408E+01
3004	593	6.77429E+01
10534	568	6.77440E+01
3105	705	6.77458E+01
10534	592	6.77466E+01
10366	331	6.77523E+01
10534	548	6.77571E+01
3105	309	6.77583E+01
10534	720	6.77596E+01
3105	74	6.77611E+01
10534	422	6.77636E+01
10366	798	6.77642E+01
3105	208	6.77644E+01
10534	761	6.77658E+01
3004	277	6.77681E+01
10534	326	6.77702E+01
10450	415	6.77724E+01
10366	721	6.77742E+01
10534	802	6.77750E+01
10450	567	6.77779E+01
3105	258	6.77784E+01
10450	280	6.77810E+01
3105	580	6.77828E+01
10366	463	6.77833E+01
10450	591	6.77860E+01
10534	416	6.77865E+01
10534	716	6.77890E+01
10450	803	6.77897E+01
10450	547	6.77900E+01
3105	371	6.77916E+01
10366	639	6.77921E+01
3105	119	6.77947E+01
10450	276	6.77976E+01
3105	422	6.77981E+01
10366	275	6.78006E+01
10534	371	6.78013E+01
10450	715	6.78043E+01
2898	456	6.78045E+01
10366	680	6.78078E+01
10366	281	6.78137E+01
10534	633	6.78194E+01
10534	330	6.78200E+01
10450	598	6.78311E+01
3105	764	6.78330E+01
3105	402	6.78348E+01
3105	663	6.78399E+01
10534	554	6.78402E+01
2792	548	6.78412E+01
3004	759	6.78430E+01
3105	73	6.78436E+01
2792	568	6.78470E+01
10450	364	6.78492E+01
10366	372	6.78521E+01
10450	331	6.78545E+01
10366	230	6.78560E+01
10450	762	6.78591E+01
10450	324	6.78647E+01
3105	443	6.78649E+01
2898	758	6.78660E+01
10366	231	6.78697E+01
10450	632	6.78745E+01
3105	350	6.78749E+01
10534	456	6.78754E+01
10366	673	6.78771E+01
10366	423	6.78775E+01
3004	457	6.78785E+01
10450	463	6.78838E+01
10534	365	6.78889E+01
10366	229	6.78974E+01
10366	756	6.79040E+01
10450	798	6.79084E+01
10450	455	6.79109E+01
3105	118	6.79111E+01
10534	278	6.79114E+01
10534	799	6.79142E+01
10534	279	6.79144E+01
10450	721	6.79166E+01
10450	639	6.79169E+01
2898	228	6.79171E+01
3105	207	6.79228E+01
10450	281	6.79262E+01
3105	72	6.79264E+01
3105	788	6.79330E+01
10366	232	6.79351E+01
3004	230	6.79407E+01
10450	680	6.79418E+01
2792	592	6.79450E+01
10450	372	6.79459E+01
3105	621	6.79526E+01
3105	535	6.79529E+01
10534	325	6.79529E+01
3105	806	6.79533E+01
2898	275	6.79613E+01
10534	674	6.79618E+01
10450	423	6.79715E+01
10534	277	6.79748E+01
2792	800	6.79749E+01
10450	275	6.79756E+01
3105	257	6.79762E+01
10534	280	6.79783E+01
3105	746	6.79883E+01
3105	308	6.79892E+01
10534	598	6.79893E+01
10366	323	6.79939E+01
10366	228	6.79967E+01
2792	456	6.79976E+01
10534	331	6.79999E+01
10366	414	6.80000E+01
10534	757	6.80015E+01
3105	681	6.80031E+01
10450	230	6.80057E+01
3105	71	6.80092E+01
10450	231	6.80097E+01
10534	463	6.80125E+01
3004	634	6.80135E+01
10366	282	6.80175E+01
10366	332	6.80257E+01
3105	117	6.80270E+01
3105	331	6.80282E+01
10534	803	6.80336E+01
2898	324	6.80357E+01
10366	804	6.80364E+01
10366	555	6.80391E+01
10450	673	6.80412E+01
10366	274	6.80414E+01
10366	363	6.80425E+01
10366	233	6.80487E+01
2898	633	6.80529E+01
10450	756	6.80563E+01
10450	229	6.80571E+01
3105	704	6.80583E+01
10450	232	6.80658E+01
10534	372	6.80663E+01
10366	566	6.80755E+01
3105	206	6.80784E+01
3105	579	6.80840E+01
10366	546	6.80842E+01
10534	762	6.80843E+01
2792	228	6.80871E+01
3004	717	6.80873E+01
10534	639	6.80875E+01
10534	423	6.80879E+01
3105	70	6.80921E+01
10366	590	6.80953E+01
3881	676	6.80958E+01
3105	234	6.80964E+01
10534	281	6.80977E+01
3105	401	6.81035E+01
10534	276	6.81095E+01
3881	634	6.81121E+01
2792	758	6.81136E+01
3881	635	6.81138E+01
10366	714	6.81147E+01
3881	718	6.81157E+01
10450	332	6.81185E+01
3881	593	6.81208E+01
10450	282	6.81209E+01
3881	717	6.81220E+01
10534	721	6.81225E+01
3105	349	6.81236E+01
3881	759	6.81288E+01
10534	680	6.81290E+01
3105	514	6.81358E+01
2792	275	6.81372E+01
2898	716	6.81414E+01
3105	116	6.81428E+01
3105	662	6.81432E+01
10450	555	6.81437E+01
10534	415	6.81438E+01
3105	442	6.81440E+01
3881	675	6.81457E+01
3881	801	6.81534E+01
3881	760	6.81536E+01
3881	677	6.81539E+01
10534	567	6.81544E+01
10366	227	6.81557E+01
3881	594	6.81597E+01
3881	549	6.81606E+01
10534	591	6.81617E+01
10450	228	6.81666E+01
10534	715	6.81667E+01
3105	256	6.81672E+01
10534	547	6.81678E+01
10366	763	6.81705E+01
10450	233	6.81705E+01
3105	69	6.81750E+01
10450	323	6.81834E+01
3105	513	6.81848E+01
3881	592	6.81879E+01
10450	414	6.81899E+01
3881	568	6.81963E+01
3881	802	6.81966E+01
10450	804	6.82000E+01
10366	454	6.82018E+01
3881	758	6.82063E+01
3881	548	6.82066E+01
10366	234	6.82070E+01
3881	800	6.82075E+01
3105	307	6.82088E+01
10366	631	6.82092E+01
10366	797	6.82128E+01
3881	719	6.82154E+01
3881	633	6.82167E+01
2792	324	6.82171E+01
3881	550	6.82177E+01
10534	364	6.82194E+01
10534	324	6.82210E+01
3881	636	6.82242E+01
3881	457	6.82247E+01
10366	373	6.82247E+01
10450	274	6.82278E+01
10366	599	6.82283E+01
3105	787	6.82286E+01
3105	205	6.82313E+01
3881	716	6.82332E+01
3105	512	6.82336E+01
3105	534	6.82336E+01
10450	363	6.82347E+01
10534	332	6.82377E+01
3105	620	6.82433E+01
10534	231	6.82512E+01
10534	632	6.82533E+01
3105	282	6.82534E+01
3105	463	6.82544E+01
3105	68	6.82581E+01
3105	115	6.82587E+01
10450	566	6.82590E+01
10366	464	6.82603E+01
2898	364	6.82606E+01
10534	798	6.82649E+01
10366	283	6.82667E+01
10534	282	6.82677E+01
10450	546	6.82694E+01
10534	555	6.82699E+01
3881	456	6.82705E+01
2792	633	6.82711E+01
10534	230	6.82734E+01
2898	415	6.82750E+01
10450	590	6.82757E+01
10450	714	6.82772E+01
3881	458	6.82775E+01
3881	761	6.82794E+01
3105	745	6.82795E+01
10366	722	6.82799E+01
10534	232	6.82821E+01
3105	511	6.82823E+01
3004	325	6.82926E+01
10534	455	6.82981E+01
3881	674	6.83000E+01
3881	595	6.83056E+01
10450	373	6.83092E+01
3004	276	6.83161E+01
3881	416	6.83179E+01
10534	275	6.83186E+01
3881	678	6.83194E+01
10450	234	6.83204E+01
3105	640	6.83214E+01
10366	424	6.83229E+01
10450	763	6.83277E+01
10366	640	6.83281E+01
3105	510	6.83312E+01
3881	803	6.83337E+01
10450	227	6.83361E+01
10366	681	6.83400E+01
3881	417	6.83404E+01
3105	67	6.83413E+01
10450	599	6.83417E+01
3105	703	6.83425E+01
3881	567	6.83470E+01
3105	255	6.83511E+01
10534	229	6.83521E+01
3105	400	6.83523E+01
3881	547	6.83523E+01
3105	723	6.83524E+01
10450	464	6.83537E+01
10366	273	6.83537E+01
10366	333	6.83541E+01
3105	348	6.83560E+01
3881	591	6.83562E+01
3105	578	6.83585E+01
3881	799	6.83586E+01
10450	283	6.83612E+01
10534	233	6.83629E+01
10450	797	6.83638E+01
3004	416	6.83679E+01
10366	226	6.83744E+01
3105	114	6.83747E+01
3881	551	6.83781E+01
10366	322	6.83787E+01
3105	509	6.83804E+01
2792	716	6.83807E+01
3105	204	6.83817E+01
3881	757	6.83838E+01
3004	229	6.83851E+01
10450	631	6.83863E+01
3881	415	6.83886E+01
10450	454	6.83939E+01
3105	441	6.84000E+01
10534	373	6.84028E+01
10450	424	6.84085E+01
10366	672	6.84096E+01
3881	455	6.84120E+01
10366	755	6.84153E+01
3105	306	6.84162E+01
3105	661	6.84176E+01
3881	720	6.84181E+01
3004	365	6.84202E+01
3881	632	6.84219E+01
3105	66	6.84249E+01
10534	673	6.84271E+01
10450	722	6.84278E+01
3881	459	6.84284E+01
3105	508	6.84301E+01
10534	756	6.84306E+01
10534	804	6.84311E+01
3881	365	6.84331E+01
10450	333	6.84377E+01
3881	637	6.84419E+01
3881	715	6.84444E+01
2792	364	6.84495E+01
10450	640	6.84529E+01
3881	418	6.84554E+01
10534	464	6.84555E+01
2792	415	6.84690E+01
3881	364	6.84730E+01
3004	675	6.84734E+01
10534	599	6.84757E+01
10450	681	6.84767E+01
3105	507	6.84805E+01
3881	366	6.84807E+01
2898	227	6.84824E+01
10534	283	6.84844E+01
3105	372	6.84867E+01
3105	533	6.84882E+01
3105	555	6.84889E+01
10366	413	6.84892E+01
10534	228	6.84898E+01
10534	234	6.84899E+01
3105	113	6.84907E+01
3105	786	6.84950E+01
10366	362	6.84959E+01
10534	424	6.84978E+01
3105	599	6.85002E+01
3881	762	6.85011E+01
3105	619	6.85050E+01
3105	65	6.85087E+01
3105	254	6.85273E+01
3105	203	6.85289E+01
3105	506	6.85314E+01
10534	333	6.85317E+01
10534	763	6.85381E+01
3105	744	6.85407E+01
3881	414	6.85493E+01
3881	673	6.85513E+01
10450	273	6.85515E+01
3105	423	6.85539E+01
2898	674	6.85557E+01
10366	805	6.85563E+01
3881	596	6.85565E+01
3775	676	6.85568E+01
10366	284	6.85581E+01
3881	804	6.85584E+01
3775	634	6.85594E+01
3105	765	6.85629E+01
10450	226	6.85654E+01
3775	593	6.85657E+01
3105	347	6.85709E+01
10534	323	6.85727E+01
3775	635	6.85743E+01
10450	755	6.85765E+01
3105	399	6.85796E+01
10450	322	6.85800E+01
3775	717	6.85825E+01
3105	505	6.85830E+01
10450	672	6.85844E+01
3881	324	6.85859E+01
3775	718	6.85881E+01
3881	679	6.85887E+01
3881	546	6.85903E+01
3881	566	6.85905E+01
3105	64	6.85931E+01
3775	675	6.85939E+01
10534	414	6.85961E+01
3105	702	6.85962E+01
3881	363	6.85991E+01
3775	759	6.85998E+01
3775	549	6.86008E+01
10534	640	6.86016E+01
10534	274	6.86022E+01
3881	798	6.86025E+01
10366	556	6.86040E+01
3105	577	6.86045E+01
3881	325	6.86048E+01
3105	112	6.86065E+01
3105	305	6.86104E+01
3881	367	6.86135E+01
3004	548	6.86152E+01
10534	722	6.86168E+01
3881	590	6.86175E+01
3775	594	6.86179E+01
3004	568	6.86180E+01
3775	592	6.86194E+01
3775	568	6.86248E+01
3775	677	6.86272E+01
3105	440	6.86312E+01
3775	801	6.86333E+01
3775	548	6.86335E+01
3105	504	6.86351E+01
3775	760	6.86351E+01
10534	363	6.86390E+01
3881	552	6.86396E+01
10366	545	6.86397E+01
3105	807	6.86416E+01
2898	547	6.86427E+01
3881	454	6.86427E+01
10450	284	6.86442E+01
10534	681	6.86446E+01
3881	323	6.86476E+01
10366	225	6.86507E+01
3775	633	6.86508E+01
2898	274	6.86525E+01
3881	756	6.86544E+01
2898	567	6.86566E+01
3004	800	6.86567E+01
3775	457	6.86572E+01
3881	419	6.86598E+01
10366	142	6.86606E+01
2792	227	6.86615E+01
3105	660	6.86615E+01
10366	589	6.86654E+01
3775	758	6.86659E+01
10366	374	6.86673E+01
10534	566	6.86707E+01
3775	550	6.86713E+01
3105	202	6.86724E+01
10534	714	6.86728E+01
3105	332	6.86743E+01
3881	460	6.86747E+01
3775	800	6.86772E+01
3105	63	6.86782E+01
3775	716	6.86812E+01
10534	546	6.86824E+01
10366	713	6.86849E+01
3775	802	6.86855E+01
10534	590	6.86865E+01
3105	503	6.86877E+01
10534	227	6.86881E+01
3775	456	6.86900E+01
10450	413	6.86913E+01
3105	253	6.86946E+01
3775	636	6.86975E+01
3775	719	6.86987E+01
10450	362	6.87002E+01
3881	326	6.87032E+01
10450	556	6.87040E+01
3004	592	6.87082E+01
3105	532	6.87156E+01
3881	631	6.87177E+01
3881	721	6.87179E+01
3105	111	6.87217E+01
3775	458	6.87232E+01
2898	799	6.87244E+01
3105	785	6.87306E+01
10366	272	6.87312E+01
10450	805	6.87325E+01
3775	674	6.87350E+01
3105	618	6.87367E+01
10366	334	6.87372E+01
3775	416	6.87393E+01
3105	502	6.87409E+01
10450	374	6.87428E+01
10534	284	6.87445E+01
3881	714	6.87465E+01
10366	764	6.87476E+01
10534	797	6.87509E+01
10366	453	6.87531E+01
3775	567	6.87623E+01
3881	638	6.87625E+01
3105	62	6.87639E+01
3775	547	6.87660E+01
3105	346	6.87671E+01
3775	761	6.87703E+01
3105	743	6.87708E+01
10366	796	6.87734E+01
2898	591	6.87738E+01
3775	417	6.87744E+01
3775	591	6.87744E+01
2898	455	6.87747E+01
3775	595	6.87770E+01
3004	456	6.87805E+01
3881	275	6.87815E+01
3105	398	6.87846E+01
3881	274	6.87852E+01
3881	322	6.87878E+01
2792	674	6.87898E+01
3105	304	6.87901E+01
3881	413	6.87926E+01
3105	501	6.87946E+01
3775	415	6.87976E+01
10534	631	6.88000E+01
10366	630	6.88024E+01
3775	678	6.88044E+01
10534	556	6.88054E+01
3881	362	6.88057E+01
10534	374	6.88103E+01
3105	201	6.88111E+01
3881	763	6.88115E+01
10450	334	6.88119E+01
3004	758	6.88159E+01
10534	454	6.88161E+01
3775	799	6.88170E+01
3775	455	6.88188E+01
3105	701	6.88189E+01
3105	576	6.88216E+01
3881	368	6.88267E+01
3105	682	6.88270E+01
2898	323	6.88291E+01
3775	803	6.88302E+01
10366	465	6.88303E+01
3775	757	6.88310E+01
10366	321	6.88316E+01
3105	110	6.88356E+01
10450	545	6.88370E+01
3105	439	6.88372E+01
2792	274	6.88385E+01
3775	632	6.88426E+01
3105	283	6.88447E+01
3775	551	6.88451E+01
10366	141	6.88451E+01
3105	500	6.88488E+01
3881	276	6.88489E+01
10366	600	6.88489E+01
10450	142	6.88501E+01
3105	61	6.88503E+01
3775	365	6.88510E+01
10366	425	6.88511E+01
3105	252	6.88521E+01
10450	225	6.88522E+01
2792	547	6.88532E+01
10450	589	6.88578E+01
10450	713	6.88581E+01
3881	273	6.88604E+01
3881	805	6.88622E+01
2792	567	6.88693E+01
3105	659	6.88749E+01
3881	327	6.88764E+01
3775	364	6.88790E+01
3775	715	6.88794E+01
10534	334	6.88813E+01
3775	459	6.88874E+01
3881	672	6.88883E+01
10366	285	6.88899E+01
3004	228	6.88946E+01
10366	723	6.88993E+01
3775	418	6.89022E+01
3105	499	6.89037E+01
3881	597	6.89082E+01
3881	545	6.89095E+01
3775	366	6.89107E+01
3775	720	6.89115E+01
2898	757	6.89121E+01
10450	764	6.89148E+01
3105	531	6.89157E+01
10450	465	6.89172E+01
3775	637	6.89275E+01
10450	425	6.89287E+01
3881	797	6.89306E+01
10450	796	6.89334E+01
3105	784	6.89357E+01
3105	183	6.89366E+01
3105	60	6.89371E+01
3105	617	6.89388E+01
10450	272	6.89403E+01
3004	275	6.89420E+01
3105	200	6.89438E+01
3105	345	6.89440E+01
3775	414	6.89460E+01
10534	226	6.89465E+01
3105	109	6.89473E+01
3881	420	6.89488E+01
3881	453	6.89517E+01
10534	805	6.89538E+01
3105	303	6.89545E+01
3881	680	6.89553E+01
10450	453	6.89574E+01
10534	273	6.89574E+01
3105	498	6.89590E+01
3881	589	6.89595E+01
10450	600	6.89604E+01
3105	182	6.89659E+01
3105	397	6.89670E+01
10450	285	6.89678E+01
3105	742	6.89704E+01
3775	673	6.89730E+01
10366	641	6.89736E+01
10366	224	6.89801E+01
2792	455	6.89806E+01
10534	755	6.89834E+01
10366	682	6.89836E+01
3881	277	6.89846E+01
3775	546	6.89911E+01
10450	630	6.89914E+01
10534	425	6.89919E+01
3775	566	6.89928E+01
2792	591	6.89931E+01
3775	324	6.89932E+01
3775	363	6.89933E+01
10534	465	6.89935E+01
3105	181	6.89949E+01
2792	799	6.89974E+01
3881	553	6.89977E+01
3105	251	6.89984E+01
3881	321	6.90000E+01
3775	762	6.90003E+01
10534	322	6.90022E+01
3881	272	6.90038E+01
10534	672	6.90047E+01
3881	755	6.90074E+01
3105	575	6.90105E+01
3105	700	6.90115E+01
3881	461	6.90119E+01
3105	497	6.90146E+01
10366	361	6.90161E+01
3105	438	6.90181E+01
3004	324	6.90182E+01
3004	633	6.90212E+01
2792	323	6.90213E+01
3775	590	6.90225E+01
3775	325	6.90235E+01
3105	59	6.90237E+01
3105	180	6.90238E+01
10366	754	6.90256E+01
10366	671	6.90319E+01
3881	226	6.90333E+01
3881	227	6.90356E+01
3775	454	6.90370E+01
3775	596	6.90410E+01
10450	141	6.90436E+01
3775	323	6.90438E+01
10450	321	6.90446E+01
10534	285	6.90461E+01
10366	412	6.90472E+01
3775	798	6.90485E+01
3105	179	6.90527E+01
10450	723	6.90546E+01
3775	367	6.90556E+01
3105	108	6.90559E+01
3105	658	6.90589E+01
3775	804	6.90611E+01
3105	199	6.90693E+01
3105	496	6.90704E+01
10366	140	6.90705E+01
10534	600	6.90721E+01
3105	178	6.90818E+01
3881	361	6.90834E+01
3775	679	6.90847E+01
3775	756	6.90886E+01
3105	530	6.90894E+01
3881	225	6.90897E+01
3881	630	6.90908E+01
3881	228	6.90964E+01
10450	641	6.90996E+01
3004	716	6.91006E+01
3105	344	6.91012E+01
3105	464	6.91018E+01
3105	302	6.91029E+01
3881	722	6.91066E+01
3881	412	6.91073E+01
2898	226	6.91078E+01
3105	58	6.91097E+01
3105	177	6.91109E+01
3105	783	6.91116E+01
3105	616	6.91126E+01
10534	764	6.91134E+01
3881	369	6.91144E+01
3881	328	6.91184E+01
3775	419	6.91194E+01
3775	552	6.91198E+01
10450	682	6.91246E+01
3775	631	6.91250E+01
2898	632	6.91258E+01
3105	495	6.91262E+01
3881	713	6.91267E+01
3105	396	6.91269E+01
10534	413	6.91318E+01
3105	250	6.91326E+01
3775	326	6.91332E+01
10534	362	6.91381E+01
3105	176	6.91400E+01
3105	741	6.91411E+01
3775	460	6.91469E+01
2898	363	6.91507E+01
3105	107	6.91602E+01
10366	271	6.91644E+01
3775	714	6.91681E+01
3105	175	6.91691E+01
3105	724	6.91694E+01
3105	574	6.91725E+01
3775	322	6.91730E+01
2792	757	6.91734E+01
3105	437	6.91748E+01
10366	335	6.91757E+01
3105	699	6.91758E+01
3775	413	6.91775E+01
3881	639	6.91797E+01
10366	375	6.91800E+01
10366	806	6.91814E+01
3105	494	6.91819E+01
3775	274	6.91830E+01
3881	278	6.91833E+01
3105	198	6.91863E+01
3775	362	6.91886E+01
3775	275	6.91897E+01
10450	224	6.91920E+01
3105	57	6.91942E+01
10450	754	6.91976E+01
3105	174	6.91981E+01
3105	641	6.91986E+01
3881	764	6.92013E+01
3881	224	6.92026E+01
3881	271	6.92089E+01
3881	229	6.92137E+01
3105	657	6.92156E+01
10450	671	6.92185E+01
10534	142	6.92198E+01
3775	721	6.92204E+01
2898	715	6.92219E+01
3105	173	6.92266E+01
2898	414	6.92287E+01
10534	641	6.92287E+01
10534	723	6.92292E+01
10450	361	6.92322E+01
3105	301	6.92348E+01
3881	806	6.92360E+01
3105	493	6.92373E+01
3105	529	6.92381E+01
3105	343	6.92391E+01
3881	381	6.92399E+01
10450	335	6.92416E+01
3105	373	6.92449E+01
3004	364	6.92455E+01
10450	375	6.92470E+01
3775	273	6.92478E+01
3105	249	6.92539E+01
3105	172	6.92546E+01
3004	415	6.92587E+01
3105	106	6.92590E+01
3775	638	6.92600E+01
3105	615	6.92602E+01
3105	782	6.92605E+01
10450	412	6.92613E+01
10366	286	6.92614E+01
10534	225	6.92626E+01
10366	544	6.92642E+01
3105	395	6.92652E+01
10366	557	6.92665E+01
3775	276	6.92677E+01
2898	142	6.92696E+01
3881	320	6.92742E+01
10534	682	6.92755E+01
3105	56	6.92762E+01
10450	140	6.92780E+01
3775	368	6.92809E+01
10366	381	6.92811E+01
3105	171	6.92819E+01
10534	545	6.92848E+01
3105	740	6.92854E+01
10534	335	6.92872E+01
10534	713	6.92875E+01
10534	375	6.92892E+01
3105	492	6.92922E+01
3105	197	6.92938E+01
3881	544	6.92956E+01
2792	226	6.92960E+01
3881	671	6.92963E+01
3775	672	6.92966E+01
3105	40	6.92967E+01
3775	545	6.92977E+01
10534	589	6.93035E+01
10366	588	6.93072E+01
3105	170	6.93084E+01
3105	436	6.93088E+01
3105	573	6.93098E+01
3105	39	6.93116E+01
3105	698	6.93143E+01
3881	421	6.93174E+01
3775	763	6.93177E+01
3775	327	6.93177E+01
3881	452	6.93251E+01
3105	38	6.93268E+01
3881	796	6.93304E+01
10450	286	6.93313E+01
3775	453	6.93339E+01
3105	169	6.93341E+01
10366	139	6.93344E+01
10366	712	6.93388E+01
10366	320	6.93394E+01
3105	37	6.93424E+01
3105	491	6.93464E+01
3105	766	6.93468E+01
3105	656	6.93473E+01
3105	300	6.93506E+01
2792	363	6.93510E+01
3105	105	6.93511E+01
3775	589	6.93517E+01
10534	796	6.93528E+01
3881	598	6.93546E+01
3105	55	6.93549E+01
10366	223	6.93557E+01
2792	632	6.93575E+01
3105	36	6.93580E+01
3105	342	6.93583E+01
3105	168	6.93591E+01
3105	248	6.93619E+01
3881	141	6.93625E+01
10450	557	6.93626E+01
3775	797	6.93635E+01
3105	528	6.93639E+01
10366	452	6.93668E+01
3881	588	6.93673E+01
3881	223	6.93676E+01
3105	333	6.93697E+01
3775	805	6.93698E+01
3881	142	6.93699E+01
10450	806	6.93722E+01
3105	808	6.93737E+01
3105	35	6.93737E+01
3775	321	6.93746E+01
10534	272	6.93773E+01
3775	272	6.93811E+01
3105	424	6.93834E+01
3105	394	6.93834E+01
3105	167	6.93837E+01
3881	230	6.93840E+01
3105	614	6.93842E+01
10450	271	6.93844E+01
3105	781	6.93852E+01
3105	556	6.93855E+01
10534	286	6.93884E+01
3105	34	6.93890E+01
3105	196	6.93910E+01
3881	140	6.93978E+01
3105	490	6.93996E+01
3105	33	6.94040E+01
3105	600	6.94044E+01
3775	597	6.94053E+01
3105	739	6.94059E+01
3105	166	6.94081E+01
2898	273	6.94103E+01
3881	681	6.94109E+01
3775	277	6.94138E+01
10534	453	6.94139E+01
3105	32	6.94184E+01
3881	360	6.94190E+01
3775	420	6.94213E+01
3105	435	6.94221E+01
3881	329	6.94224E+01
10366	795	6.94228E+01
3775	226	6.94248E+01
3105	572	6.94249E+01
10366	765	6.94271E+01
3775	755	6.94281E+01
3881	754	6.94285E+01
3105	54	6.94293E+01
3105	697	6.94299E+01
3105	31	6.94322E+01
3105	165	6.94325E+01
2792	414	6.94347E+01
3881	462	6.94355E+01
3105	104	6.94356E+01
3775	227	6.94365E+01
10534	141	6.94386E+01
3881	279	6.94393E+01
10534	630	6.94399E+01
10534	557	6.94407E+01
3105	30	6.94457E+01
3881	554	6.94473E+01
3105	299	6.94506E+01
3105	489	6.94515E+01
2792	142	6.94539E+01
3775	361	6.94553E+01
3105	247	6.94567E+01
3105	164	6.94568E+01
3105	655	6.94570E+01
3105	29	6.94588E+01
3105	341	6.94601E+01
10366	426	6.94610E+01
3775	680	6.94614E+01
3881	270	6.94663E+01
10366	629	6.94666E+01
3004	227	6.94679E+01
3105	527	6.94693E+01
3881	370	6.94707E+01
3105	284	6.94709E+01
3105	28	6.94717E+01
3775	225	6.94718E+01
10450	544	6.94737E+01
2792	715	6.94745E+01
3881	139	6.94751E+01
3105	195	6.94775E+01
3881	411	6.94792E+01
3775	412	6.94809E+01
3105	163	6.94810E+01
3105	393	6.94833E+01
3105	27	6.94845E+01
3775	630	6.94851E+01
3105	613	6.94873E+01
3105	780	6.94887E+01
10366	466	6.94902E+01
3775	553	6.94912E+01
3105	26	6.94972E+01
3775	461	6.94975E+01
3105	53	6.94985E+01
10534	321	6.94990E+01
10450	381	6.95014E+01
3105	488	6.95019E+01
3105	162	6.95052E+01
3105	738	6.95058E+01
3775	228	6.95068E+01
3105	25	6.95099E+01
3105	103	6.95118E+01
10450	588	6.95119E+01
3105	434	6.95168E+01
3105	571	6.95206E+01
3105	24	6.95228E+01
10450	712	6.95239E+01
3004	674	6.95252E+01
3881	629	6.95253E+01
3105	696	6.95255E+01
3105	161	6.95292E+01
