GRAM	c2h2	chi_tot
7754	432	7.28345E+01
7754	380	7.28412E+01
7754	431	7.30517E+01
7754	473	7.31014E+01
7754	379	7.31847E+01
7754	472	7.32363E+01
7754	430	7.33223E+01
7754	565	7.33990E+01
7754	471	7.34207E+01
7754	338	7.34701E+01
7754	564	7.34999E+01
7754	378	7.35762E+01
7754	609	7.36363E+01
7754	563	7.36444E+01
7754	429	7.36519E+01
7754	470	7.36626E+01
7754	608	7.37374E+01
7754	650	7.38073E+01
7754	562	7.38411E+01
7754	607	7.38777E+01
7754	649	7.39301E+01
7754	337	7.39397E+01
7754	691	7.39413E+01
7754	469	7.39694E+01
7754	377	7.40188E+01
7754	428	7.40448E+01
7754	606	7.40658E+01
7754	732	7.40766E+01
7754	648	7.40899E+01
7754	690	7.40985E+01
7754	561	7.40988E+01
7754	773	7.42470E+01
7754	731	7.42745E+01
7754	689	7.42920E+01
7754	647	7.42946E+01
7754	605	7.43104E+01
7754	468	7.43477E+01
7754	560	7.44262E+01
7754	336	7.44464E+01
7754	814	7.44788E+01
7754	772	7.44891E+01
7754	427	7.45049E+01
7754	730	7.45100E+01
7754	376	7.45151E+01
7754	688	7.45296E+01
7754	646	7.45530E+01
7754	604	7.46210E+01
7754	813	7.47669E+01
7754	771	7.47709E+01
7754	729	7.47902E+01
7754	467	7.48027E+01
7754	687	7.48196E+01
7754	559	7.48309E+01
7754	645	7.48743E+01
7754	286	7.49916E+01
7754	335	7.49932E+01
7754	603	7.50067E+01
7754	426	7.50349E+01
7754	375	7.50678E+01
7754	812	7.50974E+01
7754	770	7.50993E+01
7754	728	7.51231E+01
7754	686	7.51711E+01
7754	644	7.52684E+01
7754	558	7.53201E+01
7754	466	7.53388E+01
7754	602	7.54768E+01
7754	811	7.54772E+01
7754	769	7.54820E+01
7754	727	7.55176E+01
7754	285	7.55579E+01
7754	334	7.55831E+01
7754	685	7.55941E+01
7754	425	7.56376E+01
7754	374	7.56797E+01
7754	643	7.57456E+01
7754	557	7.59008E+01
7754	810	7.59134E+01
7754	768	7.59274E+01
7754	465	7.59605E+01
7754	726	7.59834E+01
7754	601	7.60404E+01
7754	684	7.60993E+01
7754	284	7.61559E+01
7754	333	7.62196E+01
7754	424	7.63162E+01
7754	642	7.63168E+01
7754	373	7.63537E+01
7754	809	7.64146E+01
7754	767	7.64454E+01
7754	725	7.65317E+01
7754	556	7.65797E+01
7754	464	7.66726E+01
7754	683	7.66986E+01
7754	600	7.67067E+01
7754	283	7.67895E+01
7754	332	7.69070E+01
7754	808	7.69902E+01
7754	641	7.69925E+01
7754	766	7.70468E+01
7754	423	7.70751E+01
7754	372	7.70941E+01
7754	724	7.71743E+01
7754	555	7.73632E+01
7754	682	7.74031E+01
7754	282	7.74636E+01
7754	463	7.74804E+01
7754	599	7.74835E+01
7754	331	7.76508E+01
7754	807	7.76508E+01
7754	234	7.77014E+01
7754	765	7.77430E+01
7754	640	7.77818E+01
7754	371	7.79064E+01
7754	422	7.79195E+01
7754	723	7.79224E+01
7754	281	7.81844E+01
7754	681	7.82222E+01
7754	554	7.82559E+01
7754	233	7.83724E+01
7754	598	7.83759E+01
7754	462	7.83882E+01
7754	806	7.84069E+01
7754	330	7.84576E+01
7754	764	7.85445E+01
7754	639	7.86902E+01
7754	722	7.87846E+01
7754	370	7.87963E+01
7754	421	7.88541E+01
7754	280	7.89593E+01
7754	232	7.90842E+01
7754	680	7.91615E+01
7754	553	7.92594E+01
7754	805	7.92674E+01
7754	329	7.93341E+01
7754	597	7.93856E+01
7754	461	7.93982E+01
7754	763	7.94589E+01
7754	638	7.97194E+01
7754	721	7.97662E+01
7754	369	7.97688E+01
7754	279	7.97958E+01
7754	231	7.98444E+01
7754	420	7.98815E+01
7754	679	8.02223E+01
7754	804	8.02387E+01
7754	328	8.02857E+01
7754	552	8.03720E+01
7754	762	8.04904E+01
7754	460	8.05092E+01
7754	596	8.05102E+01
7754	230	8.06606E+01
7754	278	8.07007E+01
7754	368	8.08263E+01
7754	637	8.08666E+01
7754	720	8.08679E+01
7754	419	8.10015E+01
7754	327	8.13153E+01
7754	803	8.13236E+01
7754	678	8.14014E+01
7754	229	8.15397E+01
7754	551	8.15882E+01
7754	761	8.16387E+01
7754	277	8.16781E+01
7754	459	8.17171E+01
7754	595	8.17434E+01
7754	367	8.19678E+01
7754	719	8.20858E+01
7754	636	8.21247E+01
7754	418	8.22103E+01
7844	473	8.22862E+01
7844	565	8.23029E+01
7844	609	8.24081E+01
7754	326	8.24227E+01
7754	228	8.24861E+01
7844	432	8.24957E+01
7754	802	8.25205E+01
7844	650	8.25576E+01
7844	564	8.26852E+01
7754	677	8.26909E+01
7844	472	8.27131E+01
7754	276	8.27289E+01
7844	691	8.27520E+01
7844	608	8.27807E+01
7754	760	8.28987E+01
7754	550	8.28992E+01
7844	649	8.29435E+01
7754	142	8.29872E+01
7844	732	8.30069E+01
7844	431	8.30114E+01
7754	458	8.30138E+01
7754	594	8.30751E+01
7844	563	8.31308E+01
7844	690	8.31650E+01
7754	366	8.31891E+01
7844	380	8.32023E+01
7844	471	8.32071E+01
7844	607	8.32133E+01
7844	773	8.33393E+01
7844	648	8.33874E+01
7754	718	8.34105E+01
7844	731	8.34549E+01
7754	635	8.34823E+01
7754	417	8.35002E+01
7754	227	8.35014E+01
7844	430	8.35935E+01
7754	325	8.36043E+01
7844	689	8.36357E+01
7844	562	8.36471E+01
7844	606	8.37132E+01
7844	814	8.37626E+01
7844	470	8.37743E+01
7754	801	8.38222E+01
7844	772	8.38272E+01
7844	379	8.38338E+01
7754	275	8.38503E+01
7844	647	8.38966E+01
7754	141	8.39608E+01
7844	730	8.39620E+01
7754	676	8.40777E+01
7844	688	8.41715E+01
7844	561	8.42414E+01
7844	429	8.42452E+01
7754	759	8.42592E+01
7844	605	8.42884E+01
7754	549	8.42917E+01
7844	813	8.42937E+01
7844	771	8.43766E+01
7754	457	8.43870E+01
7844	469	8.44202E+01
7844	646	8.44792E+01
7754	365	8.44814E+01
7754	593	8.44905E+01
7844	378	8.45204E+01
7844	729	8.45353E+01
7754	226	8.45825E+01
7844	338	8.47012E+01
7844	687	8.47802E+01
7754	717	8.48272E+01
7754	324	8.48524E+01
7754	416	8.48592E+01
7844	812	8.48895E+01
7844	560	8.49210E+01
7754	634	8.49228E+01
7844	604	8.49474E+01
7844	428	8.49690E+01
7754	140	8.49910E+01
7844	770	8.49946E+01
7754	274	8.50354E+01
7844	645	8.51441E+01
7844	468	8.51497E+01
7844	728	8.51826E+01
7754	800	8.52153E+01
7844	377	8.52639E+01
7844	337	8.54284E+01
7844	686	8.54707E+01
7754	675	8.55431E+01
7844	811	8.55567E+01
7844	769	8.56887E+01
7844	559	8.56924E+01
7844	603	8.56986E+01
7754	758	8.57029E+01
7754	225	8.57216E+01
7754	548	8.57476E+01
7844	427	8.57674E+01
7754	568	8.57866E+01
7754	456	8.58199E+01
7754	364	8.58309E+01
7844	644	8.59004E+01
7844	727	8.59127E+01
7844	467	8.59662E+01
7754	592	8.59699E+01
7844	376	8.60667E+01
7754	139	8.60691E+01
7754	323	8.61541E+01
7844	336	8.61991E+01
7844	685	8.62528E+01
7754	415	8.62700E+01
7754	273	8.62724E+01
7844	810	8.63031E+01
7754	716	8.63147E+01
7754	633	8.64244E+01
7844	768	8.64677E+01
7844	602	8.65503E+01
7844	558	8.65613E+01
7844	426	8.66424E+01
7754	799	8.66799E+01
7844	726	8.67355E+01
7844	643	8.67585E+01
7844	466	8.68731E+01
7754	224	8.69056E+01
7844	375	8.69314E+01
7844	335	8.70163E+01
7754	674	8.70632E+01
7844	809	8.71372E+01
7844	684	8.71376E+01
7754	138	8.71820E+01
7844	286	8.71995E+01
7754	757	8.72066E+01
7754	363	8.72186E+01
7754	547	8.72441E+01
7754	567	8.72902E+01
7754	455	8.72903E+01
7844	767	8.73417E+01
7754	591	8.74888E+01
7754	322	8.74912E+01
7844	601	8.75112E+01
7844	557	8.75337E+01
7754	272	8.75449E+01
7844	425	8.75962E+01
7844	725	8.76627E+01
7754	414	8.77106E+01
7844	642	8.77289E+01
7754	715	8.78470E+01
7844	374	8.78611E+01
7844	465	8.78740E+01
7844	334	8.78835E+01
7754	632	8.79606E+01
7844	285	8.80000E+01
7844	808	8.80694E+01
7754	223	8.81161E+01
7844	683	8.81370E+01
7754	798	8.81906E+01
7754	137	8.83127E+01
7844	766	8.83224E+01
7844	600	8.85901E+01
7754	673	8.86098E+01
7844	556	8.86162E+01
7754	362	8.86208E+01
7844	424	8.86325E+01
7844	724	8.87064E+01
7754	756	8.87421E+01
7754	546	8.87545E+01
7754	454	8.87727E+01
7844	333	8.88045E+01
7754	566	8.88076E+01
7844	641	8.88222E+01
7754	271	8.88317E+01
7844	284	8.88406E+01
7754	321	8.88408E+01
7844	373	8.88594E+01
7844	464	8.89738E+01
7754	590	8.90194E+01
7844	807	8.91109E+01
7754	413	8.91554E+01
9864	473	8.92408E+01
7844	682	8.92622E+01
9864	565	8.92788E+01
7754	222	8.93315E+01
9864	609	8.93819E+01
7754	714	8.93946E+01
9864	432	8.94160E+01
7844	765	8.94215E+01
7754	136	8.94417E+01
9864	650	8.94957E+01
7754	631	8.95026E+01
9864	564	8.95505E+01
9864	472	8.95724E+01
9864	691	8.96129E+01
9864	608	8.96296E+01
7754	797	8.97181E+01
7844	283	8.97255E+01
9864	649	8.97443E+01
9864	732	8.97452E+01
7844	423	8.97564E+01
7844	332	8.97844E+01
7844	599	8.97942E+01
7844	555	8.98148E+01
9864	431	8.98516E+01
7844	723	8.98779E+01
9864	690	8.98786E+01
9864	563	8.98880E+01
9864	773	8.99083E+01
7844	372	8.99317E+01
9864	607	8.99396E+01
9864	471	8.99736E+01
7754	361	9.00118E+01
9864	731	9.00380E+01
7844	640	9.00467E+01
9864	648	9.00530E+01
9864	380	9.00823E+01
7754	270	9.01089E+01
9864	814	9.01157E+01
7754	672	9.01530E+01
7754	320	9.01776E+01
7844	463	9.01785E+01
9864	689	9.02037E+01
9864	772	9.02350E+01
7754	453	9.02400E+01
7754	545	9.02514E+01
7844	806	9.02726E+01
7754	755	9.02793E+01
9864	562	9.02987E+01
9864	606	9.03195E+01
9864	430	9.03560E+01
9864	730	9.03912E+01
9864	647	9.04293E+01
9864	470	9.04504E+01
9864	813	9.04816E+01
7844	681	9.05220E+01
7754	221	9.05285E+01
7754	589	9.05335E+01
7754	135	9.05488E+01
7754	412	9.05782E+01
9864	688	9.05957E+01
9864	771	9.06243E+01
9864	379	9.06478E+01
7844	764	9.06495E+01
7844	282	9.06601E+01
9864	605	9.07776E+01
9864	561	9.07903E+01
9864	729	9.08123E+01
7844	331	9.08299E+01
9864	646	9.08818E+01
7754	381	9.09090E+01
9864	812	9.09130E+01
7754	713	9.09270E+01
9864	429	9.09321E+01
7844	422	9.09745E+01
9864	469	9.10085E+01
7754	630	9.10215E+01
9864	687	9.10633E+01
9864	770	9.10837E+01
7844	371	9.10848E+01
7844	234	9.11012E+01
7844	598	9.11282E+01
7844	554	9.11341E+01
7844	722	9.11853E+01
7754	796	9.12321E+01
9864	378	9.12702E+01
9864	728	9.13097E+01
9864	604	9.13225E+01
7754	269	9.13523E+01
7754	360	9.13662E+01
9864	560	9.13699E+01
7844	639	9.14071E+01
9864	811	9.14176E+01
9864	645	9.14196E+01
7754	319	9.14765E+01
7844	462	9.14930E+01
9864	338	9.15361E+01
7844	805	9.15632E+01
9864	428	9.15823E+01
7754	134	9.16150E+01
9864	686	9.16158E+01
9864	769	9.16216E+01
7844	281	9.16512E+01
9864	468	9.16526E+01
7754	671	9.16636E+01
7754	452	9.16668E+01
7754	220	9.16850E+01
7754	544	9.17086E+01
8739	609	9.17403E+01
7754	754	9.17881E+01
9864	727	9.18931E+01
7844	680	9.19207E+01
7844	330	9.19489E+01
9864	377	9.19511E+01
7754	411	9.19545E+01
9864	603	9.19630E+01
7754	339	9.19643E+01
8739	650	9.19689E+01
7844	233	9.20025E+01
9864	810	9.20037E+01
7754	588	9.20044E+01
7844	763	9.20132E+01
9864	559	9.20444E+01
9864	644	9.20526E+01
8739	565	9.21404E+01
9864	337	9.22085E+01
9864	768	9.22476E+01
9864	685	9.22638E+01
7844	421	9.22927E+01
9864	427	9.23089E+01
7844	370	9.23259E+01
9864	467	9.23861E+01
7754	712	9.24158E+01
7754	629	9.24906E+01
7754	268	9.25403E+01
9864	726	9.25733E+01
7844	553	9.25753E+01
7844	597	9.25921E+01
7754	133	9.26240E+01
7844	721	9.26322E+01
7754	359	9.26620E+01
9864	809	9.26812E+01
9864	376	9.26924E+01
7754	795	9.27042E+01
7844	280	9.27075E+01
9864	602	9.27078E+01
7754	318	9.27159E+01
8739	691	9.27160E+01
7754	219	9.27821E+01
9864	643	9.27916E+01
9864	558	9.28196E+01
7844	638	9.29029E+01
7844	461	9.29197E+01
9864	336	9.29254E+01
7844	232	9.29558E+01
9864	767	9.29731E+01
7844	804	9.29882E+01
9864	684	9.30191E+01
7754	451	9.30315E+01
7754	543	9.31035E+01
9864	426	9.31135E+01
7754	670	9.31158E+01
7844	329	9.31492E+01
9864	466	9.32123E+01
7754	753	9.32416E+01
7754	410	9.32644E+01
8739	473	9.33465E+01
9864	725	9.33629E+01
7754	587	9.34092E+01
7844	679	9.34573E+01
9864	808	9.34618E+01
9864	375	9.34964E+01
7844	762	9.35151E+01
7754	132	9.35633E+01
9864	601	9.35659E+01
7754	287	9.36267E+01
9864	642	9.36476E+01
7754	267	9.36555E+01
7844	369	9.36607E+01
9864	335	9.36893E+01
9864	557	9.37015E+01
7844	420	9.37142E+01
7754	218	9.38057E+01
9864	766	9.38109E+01
7754	711	9.38366E+01
7844	279	9.38378E+01
8739	608	9.38545E+01
7754	317	9.38793E+01
7754	358	9.38826E+01
7754	628	9.38875E+01
9864	683	9.38943E+01
8739	732	9.39028E+01
7844	231	9.39697E+01
9864	286	9.39720E+01
9864	425	9.39983E+01
8739	649	9.40785E+01
7754	794	9.41096E+01
9864	465	9.41346E+01
7844	552	9.41354E+01
7844	596	9.41819E+01
7844	720	9.42168E+01
8739	564	9.42738E+01
9864	724	9.42751E+01
7754	450	9.43176E+01
9864	807	9.43582E+01
9864	374	9.43658E+01
7754	542	9.44184E+01
7754	131	9.44249E+01
7844	328	9.44370E+01
7844	460	9.44574E+01
7754	669	9.44883E+01
7754	409	9.44936E+01
9864	334	9.45031E+01
7844	637	9.45289E+01
9864	600	9.45460E+01
7844	803	9.45482E+01
7754	752	9.46175E+01
9864	641	9.46318E+01
7754	266	9.46869E+01
9864	556	9.46964E+01
9864	285	9.47234E+01
7754	586	9.47303E+01
7754	217	9.47473E+01
9864	765	9.47742E+01
7754	91	9.47907E+01
8739	690	9.48297E+01
9864	682	9.49017E+01
7754	316	9.49568E+01
9864	424	9.49663E+01
7754	357	9.50176E+01
7844	278	9.50495E+01
7844	230	9.50527E+01
7844	368	9.50920E+01
7844	678	9.51256E+01
6844	565	9.51474E+01
7844	761	9.51520E+01
9864	464	9.51577E+01
7754	710	9.51701E+01
7754	627	9.51951E+01
6844	609	9.52033E+01
7754	130	9.52052E+01
7844	419	9.52386E+01
9864	373	9.53037E+01
9864	723	9.53227E+01
9864	333	9.53703E+01
7754	90	9.53720E+01
9864	806	9.53831E+01
7754	793	9.54286E+01
8739	773	9.54693E+01
7754	449	9.55139E+01
9864	284	9.55147E+01
8739	472	9.55241E+01
7754	216	9.56030E+01
7754	265	9.56292E+01
7754	408	9.56336E+01
7754	541	9.56412E+01
8739	432	9.56527E+01
9864	599	9.56558E+01
6844	473	9.57051E+01
6844	650	9.57497E+01
9864	640	9.57529E+01
7754	668	9.57657E+01
7844	551	9.58074E+01
8827	650	9.58094E+01
9864	555	9.58104E+01
8827	609	9.58116E+01
7844	327	9.58149E+01
7754	235	9.58587E+01
9864	764	9.58752E+01
7754	89	9.58873E+01
7844	595	9.58888E+01
7754	751	9.58988E+01
7754	129	9.59050E+01
7844	719	9.59316E+01
7754	315	9.59443E+01
7754	585	9.59552E+01
9864	423	9.60224E+01
8739	731	9.60272E+01
9864	681	9.60509E+01
7754	356	9.60626E+01
8739	607	9.60746E+01
7844	459	9.61002E+01
7844	229	9.62123E+01
7844	802	9.62383E+01
7844	636	9.62750E+01
9864	463	9.62869E+01
9864	332	9.62955E+01
8739	648	9.62988E+01
9864	372	9.63151E+01
7754	88	9.63421E+01
7844	277	9.63468E+01
9864	283	9.63496E+01
7754	215	9.63735E+01
8827	691	9.63966E+01
7754	626	9.64021E+01
7754	709	9.64025E+01
7754	264	9.64828E+01
8739	563	9.65106E+01
9864	722	9.65150E+01
7754	128	9.65285E+01
8827	565	9.65397E+01
9864	805	9.65474E+01
7754	448	9.66145E+01
7844	367	9.66180E+01
7754	792	9.66464E+01
7754	407	9.66807E+01
6844	691	9.67187E+01
7754	87	9.67433E+01
7754	540	9.67647E+01
6844	564	9.67939E+01
6844	608	9.68415E+01
7754	314	9.68434E+01
7844	418	9.68606E+01
9864	598	9.69000E+01
7844	677	9.69139E+01
7844	760	9.69147E+01
7754	667	9.69377E+01
9864	639	9.70164E+01
7754	355	9.70179E+01
9864	554	9.70480E+01
8739	689	9.70605E+01
7754	214	9.70631E+01
7754	750	9.70738E+01
7754	584	9.70769E+01
7754	127	9.70820E+01
7754	86	9.70980E+01
6844	432	9.71062E+01
9864	763	9.71227E+01
9864	422	9.71725E+01
9864	282	9.72330E+01
7754	263	9.72520E+01
7844	326	9.72820E+01
9864	331	9.72847E+01
9864	680	9.73475E+01
8739	814	9.73668E+01
6844	472	9.73856E+01
6844	649	9.73938E+01
9864	371	9.74061E+01
7754	85	9.74129E+01
7844	228	9.74530E+01
8827	732	9.74741E+01
7754	625	9.75019E+01
7754	708	9.75253E+01
9864	462	9.75272E+01
7754	126	9.75734E+01
7844	550	9.75798E+01
8739	772	9.76103E+01
7754	447	9.76175E+01
7754	406	9.76351E+01
7754	313	9.76590E+01
7754	213	9.76782E+01
7754	84	9.76944E+01
7844	594	9.76995E+01
7844	276	9.77298E+01
9019	380	9.77333E+01
9864	234	9.77497E+01
7754	791	9.77538E+01
7844	718	9.77630E+01
7754	539	9.77863E+01
8739	471	9.78011E+01
9019	379	9.78331E+01
7844	458	9.78379E+01
9019	338	9.78401E+01
9864	721	9.78573E+01
9864	804	9.78587E+01
7754	354	9.78867E+01
8739	431	9.78952E+01
7754	262	9.79443E+01
7754	83	9.79479E+01
9019	378	9.79736E+01
7754	666	9.79988E+01
7754	125	9.80104E+01
7844	801	9.80470E+01
6844	732	9.80645E+01
9019	337	9.80802E+01
9019	431	9.80864E+01
9019	430	9.80896E+01
7754	583	9.80928E+01
7844	635	9.81258E+01
9019	432	9.81282E+01
7754	749	9.81358E+01
9019	429	9.81438E+01
9019	377	9.81576E+01
9864	281	9.81710E+01
7754	82	9.81780E+01
7844	142	9.82004E+01
8827	473	9.82048E+01
8827	649	9.82100E+01
8827	608	9.82216E+01
7754	212	9.82273E+01
7844	366	9.82326E+01
9019	428	9.82536E+01
8739	730	9.82761E+01
9864	597	9.82793E+01
9864	330	9.83453E+01
9019	336	9.83497E+01
6844	690	9.83757E+01
9019	376	9.83879E+01
7754	81	9.83882E+01
7754	312	9.83985E+01
9019	470	9.83991E+01
7754	124	9.84005E+01
9019	469	9.84058E+01
9864	553	9.84103E+01
8739	606	9.84113E+01
9864	421	9.84223E+01
9864	638	9.84226E+01
9019	427	9.84226E+01
9019	471	9.84487E+01
9019	468	9.84756E+01
7754	624	9.84922E+01
7754	405	9.84996E+01
9864	762	9.85210E+01
7754	446	9.85242E+01
6844	563	9.85260E+01
7754	707	9.85343E+01
9019	472	9.85469E+01
6844	607	9.85660E+01
7754	261	9.85689E+01
7844	417	9.85704E+01
7754	80	9.85814E+01
9864	370	9.85835E+01
7664	380	9.85920E+01
9864	233	9.85997E+01
9019	467	9.86139E+01
8739	647	9.86401E+01
9019	335	9.86516E+01
9019	426	9.86538E+01
9019	561	9.86632E+01
9019	560	9.86659E+01
9019	375	9.86665E+01
7754	353	9.86742E+01
9019	286	9.86779E+01
9019	473	9.86848E+01
7754	538	9.87066E+01
7754	211	9.87193E+01
9019	562	9.87210E+01
9019	559	9.87373E+01
7754	790	9.87460E+01
7754	123	9.87505E+01
7754	79	9.87601E+01
7844	227	9.87754E+01
7844	759	9.87873E+01
9864	679	9.87915E+01
8827	690	9.87982E+01
7844	676	9.88046E+01
9019	466	9.88253E+01
9019	563	9.88305E+01
7844	325	9.88326E+01
7664	379	9.88442E+01
6844	431	9.88495E+01
7664	432	9.88502E+01
8739	562	9.88606E+01
9864	461	9.88808E+01
9019	604	9.88809E+01
9019	558	9.88846E+01
7664	338	9.88873E+01
9019	605	9.89095E+01
9019	603	9.89182E+01
7754	78	9.89267E+01
7754	665	9.89476E+01
9019	425	9.89493E+01
8827	773	9.89664E+01
7664	431	9.89748E+01
8827	564	9.89748E+01
9019	564	9.89824E+01
9019	334	9.89885E+01
9019	606	9.89942E+01
9019	374	9.89958E+01
7754	582	9.90031E+01
9019	285	9.90223E+01
9019	602	9.90304E+01
7754	122	9.90665E+01
9019	645	9.90694E+01
7754	311	9.90696E+01
7754	748	9.90822E+01
7754	77	9.90840E+01
9019	646	9.90999E+01
9019	644	9.91015E+01
9019	465	9.91137E+01
9019	557	9.91144E+01
9019	607	9.91256E+01
6844	648	9.91268E+01
7664	378	9.91355E+01
7754	260	9.91356E+01
7664	430	9.91411E+01
6844	471	9.91510E+01
7754	210	9.91634E+01
9019	565	9.91675E+01
9864	280	9.91716E+01
9019	647	9.91831E+01
7844	275	9.91938E+01
9019	643	9.92066E+01
9019	686	9.92223E+01
9019	601	9.92266E+01
9019	687	9.92337E+01
7754	76	9.92349E+01
9019	685	9.92715E+01
7664	337	9.92736E+01
7754	404	9.92788E+01
7754	514	9.92822E+01
7664	473	9.92937E+01
9019	608	9.92943E+01
9019	688	9.92954E+01
9019	648	9.93092E+01
9019	424	9.93117E+01
9864	803	9.93200E+01
9019	728	9.93298E+01
7754	445	9.93383E+01
7664	472	9.93402E+01
9864	720	9.93492E+01
9019	727	9.93522E+01
7754	121	9.93546E+01
7664	429	9.93564E+01
9019	729	9.93568E+01
9019	333	9.93633E+01
7754	623	9.93736E+01
9019	373	9.93781E+01
7754	513	9.93814E+01
7754	75	9.93819E+01
7754	352	9.93864E+01
9019	284	9.93899E+01
9019	684	9.93922E+01
9019	642	9.93954E+01
9019	770	9.93969E+01
9019	689	9.93980E+01
9019	769	9.94131E+01
8739	688	9.94189E+01
9019	812	9.94203E+01
9019	771	9.94216E+01
7664	471	9.94222E+01
9019	730	9.94241E+01
7754	706	9.94292E+01
9019	556	9.94327E+01
9019	813	9.94327E+01
8739	380	9.94337E+01
9019	726	9.94345E+01
7844	549	9.94358E+01
9019	811	9.94426E+01
7844	141	9.94484E+01
9019	649	9.94690E+01
7664	377	9.94703E+01
9019	814	9.94726E+01
9019	772	9.94791E+01
9019	768	9.94793E+01
7754	512	9.94814E+01
9019	464	9.94828E+01
9864	329	9.94847E+01
9019	609	9.94912E+01
9864	232	9.94996E+01
9019	810	9.95076E+01
9019	600	9.95154E+01
9019	731	9.95230E+01
7754	74	9.95267E+01
7754	537	9.95285E+01
8739	813	9.95303E+01
9019	690	9.95323E+01
7664	470	9.95498E+01
9019	773	9.95618E+01
7754	209	9.95687E+01
7754	511	9.95829E+01
9019	725	9.95877E+01
7844	593	9.95954E+01
9019	683	9.95960E+01
9019	767	9.96057E+01
7754	120	9.96202E+01
7754	789	9.96227E+01
9019	809	9.96242E+01
7664	428	9.96271E+01
9019	732	9.96455E+01
7754	259	9.96536E+01
9019	650	9.96537E+01
7844	457	9.96552E+01
7754	73	9.96703E+01
9019	641	9.96782E+01
7754	310	9.96796E+01
7754	510	9.96868E+01
6844	380	9.96889E+01
7664	336	9.96891E+01
9019	691	9.96900E+01
7844	717	9.96908E+01
7664	565	9.96916E+01
7664	564	9.97085E+01
6934	609	9.97264E+01
7664	469	9.97322E+01
6844	731	9.97381E+01
9019	423	9.97442E+01
6844	773	9.97512E+01
7664	563	9.97543E+01
9864	420	9.97748E+01
9019	332	9.97791E+01
9019	283	9.97843E+01
7754	664	9.97854E+01
9864	596	9.97899E+01
7754	509	9.97933E+01
9019	808	9.98025E+01
9019	766	9.98036E+01
7754	581	9.98106E+01
7754	72	9.98126E+01
9019	372	9.98164E+01
9019	724	9.98238E+01
7664	562	9.98394E+01
6934	565	9.98430E+01
9019	555	9.98450E+01
7664	376	9.98524E+01
9864	369	9.98528E+01
7754	119	9.98688E+01
8739	771	9.98839E+01
8827	731	9.98849E+01
9019	682	9.98940E+01
9864	552	9.98949E+01
7754	508	9.99027E+01
9019	599	9.99039E+01
7754	747	9.99146E+01
7844	365	9.99240E+01
9019	463	9.99367E+01
7754	208	9.99436E+01
7754	71	9.99538E+01
7844	800	9.99554E+01
7664	427	9.99581E+01
9864	637	9.99669E+01
7664	609	9.99713E+01
7664	561	9.99743E+01
7664	468	9.99773E+01
7754	403	9.99778E+01
7664	608	9.99916E+01
7754	507	1.00015E+02
7664	286	1.00028E+02
7754	351	1.00029E+02
7664	607	1.00037E+02
9019	807	1.00053E+02
7844	634	1.00060E+02
7754	444	1.00064E+02
9019	640	1.00064E+02
9864	761	1.00068E+02
9019	765	1.00085E+02
7754	70	1.00095E+02
7754	118	1.00105E+02
7664	606	1.00116E+02
6844	689	1.00126E+02
7754	258	1.00131E+02
7754	506	1.00132E+02
6934	650	1.00133E+02
7664	335	1.00138E+02
7664	650	1.00142E+02
7754	622	1.00149E+02
9019	723	1.00154E+02
7664	560	1.00169E+02
7844	226	1.00175E+02
8739	470	1.00184E+02
7664	649	1.00186E+02
9019	282	1.00209E+02
7754	705	1.00213E+02
8739	430	1.00222E+02
7754	309	1.00235E+02
7754	69	1.00236E+02
7664	605	1.00240E+02
9019	331	1.00240E+02
9864	279	1.00243E+02
7664	691	1.00244E+02
9019	422	1.00250E+02
7664	648	1.00253E+02
7754	505	1.00253E+02
7754	536	1.00256E+02
7664	375	1.00285E+02
7664	467	1.00292E+02
7754	207	1.00295E+02
9019	681	1.00296E+02
9019	371	1.00315E+02
7664	690	1.00324E+02
7664	732	1.00325E+02
10532	650	1.00330E+02
7754	117	1.00333E+02
9864	460	1.00346E+02
7664	647	1.00352E+02
7844	416	1.00352E+02
7664	426	1.00353E+02
6844	562	1.00354E+02
9019	554	1.00355E+02
9864	678	1.00378E+02
7754	504	1.00380E+02
7754	68	1.00381E+02
6844	606	1.00387E+02
7754	788	1.00387E+02
9019	806	1.00388E+02
9019	598	1.00397E+02
7664	604	1.00420E+02
9019	234	1.00421E+02
7664	773	1.00426E+02
7664	689	1.00426E+02
7664	559	1.00431E+02
7664	731	1.00447E+02
7844	324	1.00456E+02
9864	231	1.00457E+02
10532	609	1.00458E+02
9019	764	1.00460E+02
10532	691	1.00474E+02
9019	462	1.00479E+02
7664	646	1.00492E+02
7754	503	1.00512E+02
7664	285	1.00515E+02
7754	663	1.00517E+02
7754	580	1.00519E+02
7754	67	1.00530E+02
7754	116	1.00557E+02
9019	639	1.00558E+02
7664	688	1.00560E+02
7754	257	1.00572E+02
7664	814	1.00578E+02
9019	722	1.00589E+02
7664	772	1.00591E+02
7664	730	1.00592E+02
7754	402	1.00602E+02
7754	350	1.00609E+02
7664	334	1.00623E+02
6934	473	1.00624E+02
7754	206	1.00630E+02
7754	746	1.00637E+02
7754	502	1.00651E+02
8739	729	1.00660E+02
7754	183	1.00661E+02
7664	603	1.00664E+02
6844	430	1.00669E+02
9019	281	1.00669E+02
7664	466	1.00681E+02
7664	645	1.00684E+02
7754	66	1.00685E+02
8827	472	1.00690E+02
7754	443	1.00706E+02
9864	328	1.00709E+02
7844	274	1.00729E+02
7664	687	1.00733E+02
7754	308	1.00742E+02
8827	648	1.00743E+02
7844	758	1.00746E+02
9019	330	1.00752E+02
8827	607	1.00758E+02
7844	140	1.00765E+02
7664	729	1.00769E+02
7664	558	1.00771E+02
7664	374	1.00772E+02
7844	675	1.00774E+02
7754	115	1.00780E+02
7664	771	1.00783E+02
7754	182	1.00784E+02
7664	813	1.00788E+02
7754	501	1.00796E+02
9019	680	1.00809E+02
8827	814	1.00814E+02
7664	425	1.00816E+02
9019	805	1.00818E+02
7754	621	1.00825E+02
9019	421	1.00834E+02
7754	65	1.00847E+02
10532	732	1.00847E+02
9019	233	1.00861E+02
8739	605	1.00876E+02
9019	370	1.00878E+02
7754	704	1.00891E+02
7754	535	1.00894E+02
7754	181	1.00910E+02
9864	802	1.00928E+02
10532	565	1.00934E+02
7664	644	1.00938E+02
9019	763	1.00940E+02
7754	500	1.00947E+02
7754	205	1.00952E+02
7664	686	1.00957E+02
6844	647	1.00958E+02
9019	553	1.00965E+02
6934	691	1.00981E+02
7754	256	1.00983E+02
7664	602	1.00984E+02
9864	719	1.00984E+02
7664	728	1.00987E+02
9019	597	1.00998E+02
7754	114	1.01006E+02
6844	470	1.01009E+02
7664	770	1.01009E+02
7754	64	1.01018E+02
7664	284	1.01026E+02
7664	812	1.01029E+02
7754	180	1.01041E+02
7754	787	1.01046E+02
7754	499	1.01107E+02
9019	461	1.01111E+02
8739	646	1.01114E+02
7754	349	1.01128E+02
7754	579	1.01135E+02
9019	721	1.01135E+02
8827	432	1.01141E+02
7754	662	1.01148E+02
7664	333	1.01149E+02
7664	465	1.01150E+02
7754	401	1.01155E+02
9019	638	1.01164E+02
9019	280	1.01170E+02
7754	179	1.01176E+02
7664	557	1.01195E+02
7754	63	1.01198E+02
7754	307	1.01203E+02
9864	368	1.01217E+02
9864	419	1.01230E+02
7754	113	1.01236E+02
7664	685	1.01242E+02
7664	727	1.01254E+02
7754	745	1.01258E+02
7754	204	1.01262E+02
7664	643	1.01266E+02
7754	442	1.01270E+02
7754	498	1.01273E+02
7664	769	1.01277E+02
7664	811	1.01305E+02
7754	178	1.01314E+02
7664	373	1.01316E+02
9019	329	1.01318E+02
9019	232	1.01328E+02
8739	561	1.01334E+02
8827	689	1.01339E+02
7664	424	1.01350E+02
9019	804	1.01350E+02
7844	548	1.01353E+02
6754	565	1.01362E+02
7754	255	1.01367E+02
7844	568	1.01377E+02
7754	62	1.01388E+02
7664	601	1.01389E+02
9864	278	1.01392E+02
8827	772	1.01394E+02
7754	620	1.01406E+02
10532	773	1.01416E+02
9864	595	1.01424E+02
9019	679	1.01436E+02
6844	772	1.01444E+02
7754	497	1.01446E+02
7754	534	1.01448E+02
7754	177	1.01453E+02
7754	112	1.01470E+02
7754	703	1.01472E+02
9864	230	1.01481E+02
6934	608	1.01483E+02
6844	379	1.01486E+02
9864	551	1.01495E+02
9019	420	1.01497E+02
9019	369	1.01509E+02
6844	730	1.01511E+02
9019	762	1.01529E+02
7844	456	1.01531E+02
8827	563	1.01532E+02
6754	609	1.01550E+02
7844	592	1.01552E+02
7754	203	1.01563E+02
7664	283	1.01566E+02
7664	726	1.01582E+02
7754	61	1.01587E+02
7754	176	1.01591E+02
7754	348	1.01592E+02
7664	768	1.01596E+02
7664	684	1.01598E+02
7754	786	1.01607E+02
6934	564	1.01612E+02
7754	306	1.01623E+02
7754	496	1.01625E+02
7664	810	1.01627E+02
7844	225	1.01640E+02
9864	636	1.01640E+02
7754	400	1.01642E+02
7754	578	1.01665E+02
9019	552	1.01674E+02
7844	364	1.01675E+02
7664	642	1.01678E+02
7754	661	1.01686E+02
7844	716	1.01688E+02
7664	464	1.01704E+02
9019	596	1.01705E+02
8739	379	1.01706E+02
7754	111	1.01707E+02
7664	556	1.01710E+02
10532	649	1.01717E+02
9019	279	1.01718E+02
7664	332	1.01719E+02
7754	254	1.01724E+02
7754	175	1.01726E+02
6844	814	1.01748E+02
9864	760	1.01758E+02
7754	441	1.01759E+02
7754	744	1.01785E+02
6754	473	1.01788E+02
7754	60	1.01795E+02
9019	720	1.01795E+02
7754	495	1.01808E+02
9019	231	1.01830E+02
9019	460	1.01832E+02
8739	812	1.01835E+02
7754	202	1.01853E+02
10532	608	1.01855E+02
7754	174	1.01857E+02
10532	690	1.01867E+02
9019	637	1.01882E+02
7664	600	1.01889E+02
10532	473	1.01890E+02
6934	649	1.01892E+02
7754	619	1.01901E+02
8739	687	1.01916E+02
9864	459	1.01919E+02
7664	372	1.01921E+02
7754	533	1.01923E+02
7844	799	1.01937E+02
9019	328	1.01945E+02
7754	110	1.01946E+02
7664	423	1.01959E+02
7754	702	1.01963E+02
7664	767	1.01976E+02
6844	688	1.01979E+02
7664	725	1.01982E+02
7754	173	1.01983E+02
9019	803	1.01992E+02
7754	494	1.01993E+02
7754	305	1.02001E+02
7664	809	1.02001E+02
7754	347	1.02003E+02
7754	59	1.02007E+02
9864	327	1.02020E+02
7664	683	1.02038E+02
7844	633	1.02051E+02
7754	253	1.02055E+02
7754	399	1.02067E+02
7754	785	1.02080E+02
9864	677	1.02095E+02
7754	172	1.02103E+02
7754	577	1.02115E+02
7754	201	1.02131E+02
7844	323	1.02136E+02
7844	139	1.02137E+02
7664	282	1.02140E+02
7754	660	1.02142E+02
10532	814	1.02159E+02
9019	678	1.02176E+02
7754	493	1.02179E+02
7754	440	1.02180E+02
7754	109	1.02184E+02
7844	415	1.02185E+02
7664	641	1.02185E+02
9019	368	1.02211E+02
6934	732	1.02216E+02
7754	171	1.02218E+02
7754	58	1.02223E+02
7754	743	1.02228E+02
9019	761	1.02232E+02
6754	650	1.02236E+02
9019	419	1.02240E+02
10532	731	1.02253E+02
7664	234	1.02257E+02
6844	561	1.02286E+02
8739	770	1.02301E+02
6844	605	1.02314E+02
9019	278	1.02318E+02
6934	432	1.02319E+02
7754	618	1.02319E+02
7844	273	1.02321E+02
7664	555	1.02323E+02
7754	170	1.02328E+02
7754	532	1.02328E+02
7754	304	1.02340E+02
7664	331	1.02341E+02
7754	40	1.02345E+02
7664	463	1.02349E+02
10532	564	1.02358E+02
7754	252	1.02359E+02
7754	346	1.02363E+02
7754	492	1.02364E+02
9019	230	1.02371E+02
7754	701	1.02376E+02
7754	200	1.02396E+02
7754	39	1.02409E+02
7754	108	1.02417E+02
7664	766	1.02429E+02
6934	472	1.02431E+02
7754	398	1.02433E+02
7754	169	1.02433E+02
7754	57	1.02438E+02
7664	808	1.02439E+02
8827	730	1.02443E+02
7664	724	1.02465E+02
7754	38	1.02471E+02
7754	784	1.02474E+02
9019	551	1.02478E+02
7664	599	1.02491E+02
7754	576	1.02495E+02
9019	595	1.02514E+02
7754	659	1.02523E+02
7754	37	1.02532E+02
7754	168	1.02535E+02
7754	439	1.02539E+02
7754	491	1.02545E+02
9019	719	1.02568E+02
6844	429	1.02569E+02
7664	682	1.02573E+02
9864	229	1.02577E+02
7754	36	1.02590E+02
7664	371	1.02592E+02
7754	742	1.02597E+02
9864	277	1.02624E+02
7754	167	1.02633E+02
7754	251	1.02635E+02
9019	327	1.02635E+02
8739	429	1.02637E+02
7754	303	1.02640E+02
9019	459	1.02640E+02
7754	107	1.02642E+02
7754	199	1.02644E+02
7754	35	1.02646E+02
7754	56	1.02647E+02
7664	422	1.02649E+02
7754	617	1.02668E+02
7754	531	1.02670E+02
9864	801	1.02673E+02
9864	367	1.02674E+02
7754	345	1.02676E+02
8739	469	1.02681E+02
7754	34	1.02698E+02
9019	636	1.02706E+02
7754	700	1.02719E+02
7754	490	1.02720E+02
7754	166	1.02729E+02
9019	802	1.02744E+02
7754	397	1.02745E+02
7754	33	1.02748E+02
9864	718	1.02750E+02
6934	690	1.02751E+02
7664	281	1.02753E+02
7844	757	1.02762E+02
9864	418	1.02782E+02
7844	674	1.02791E+02
7754	32	1.02794E+02
7664	640	1.02797E+02
7754	783	1.02802E+02
7754	575	1.02812E+02
7754	165	1.02820E+02
7754	31	1.02839E+02
7754	658	1.02839E+02
7754	438	1.02842E+02
7664	233	1.02845E+02
10532	772	1.02845E+02
7754	55	1.02848E+02
7754	106	1.02855E+02
7754	198	1.02873E+02
7754	30	1.02882E+02
7754	250	1.02882E+02
7754	489	1.02888E+02
6844	646	1.02898E+02
7754	302	1.02901E+02
7754	741	1.02902E+02
7754	164	1.02907E+02
7754	29	1.02923E+02
7754	344	1.02943E+02
7664	807	1.02950E+02
7754	530	1.02955E+02
7754	616	1.02958E+02
9019	229	1.02959E+02
7754	28	1.02963E+02
7664	765	1.02965E+02
6844	469	1.02966E+02
9019	277	1.02973E+02
9019	367	1.02984E+02
6754	564	1.02991E+02
7754	163	1.02991E+02
7754	699	1.03002E+02
7754	27	1.03003E+02
7754	396	1.03009E+02
7664	330	1.03018E+02
9019	677	1.03025E+02
7754	54	1.03037E+02
7664	554	1.03039E+02
7754	26	1.03042E+02
7664	723	1.03043E+02
7754	488	1.03047E+02
9019	760	1.03047E+02
6754	432	1.03050E+02
7754	105	1.03052E+02
9019	418	1.03060E+02
7754	162	1.03071E+02
7754	782	1.03071E+02
7754	574	1.03075E+02
7754	197	1.03079E+02
7754	25	1.03082E+02
7664	462	1.03087E+02
7754	437	1.03094E+02
7754	657	1.03100E+02
7754	249	1.03100E+02
7754	24	1.03123E+02
7754	301	1.03127E+02
7754	161	1.03147E+02
7754	740	1.03153E+02
7844	224	1.03154E+02
7754	23	1.03164E+02
9864	594	1.03168E+02
7754	343	1.03170E+02
6754	608	1.03173E+02
7754	529	1.03191E+02
8739	728	1.03191E+02
7754	487	1.03195E+02
10532	648	1.03195E+02
7754	615	1.03196E+02
9864	550	1.03200E+02
7664	598	1.03201E+02
7754	22	1.03206E+02
7754	53	1.03210E+02
7664	681	1.03213E+02
7754	160	1.03221E+02
7754	395	1.03230E+02
7754	104	1.03231E+02
7754	698	1.03234E+02
6844	771	1.03242E+02
7754	21	1.03248E+02
7754	196	1.03263E+02
8827	813	1.03267E+02
7754	248	1.03289E+02
7754	781	1.03291E+02
7754	20	1.03291E+02
7754	573	1.03292E+02
8827	471	1.03292E+02
7754	159	1.03293E+02
7844	547	1.03304E+02
7754	436	1.03304E+02
7754	656	1.03313E+02
7754	300	1.03319E+02
7754	486	1.03332E+02
7754	19	1.03334E+02
6934	607	1.03335E+02
7664	370	1.03335E+02
10532	607	1.03338E+02
7844	567	1.03339E+02
6844	378	1.03340E+02
10532	689	1.03354E+02
6754	691	1.03357E+02
7754	739	1.03357E+02
7754	342	1.03360E+02
7754	158	1.03363E+02
7754	52	1.03366E+02
9019	550	1.03371E+02
10532	472	1.03371E+02
7754	18	1.03378E+02
7754	528	1.03385E+02
9019	326	1.03388E+02
7754	103	1.03390E+02
6844	729	1.03391E+02
7754	614	1.03392E+02
7664	280	1.03413E+02
7754	394	1.03414E+02
8827	647	1.03417E+02
9019	594	1.03418E+02
9864	326	1.03419E+02
7754	17	1.03421E+02
7754	195	1.03423E+02
7664	421	1.03423E+02
7754	697	1.03423E+02
9864	635	1.03427E+02
8827	606	1.03430E+02
7754	157	1.03433E+02
7844	455	1.03437E+02
6754	472	1.03448E+02
9019	718	1.03450E+02
7754	247	1.03451E+02
7754	485	1.03457E+02
7844	363	1.03460E+02
6844	813	1.03463E+02
7754	16	1.03464E+02
7664	232	1.03466E+02
7754	572	1.03468E+02
7754	780	1.03470E+02
6934	563	1.03475E+02
7754	435	1.03476E+02
8739	604	1.03478E+02
7754	299	1.03481E+02
7754	655	1.03487E+02
7754	156	1.03502E+02
7754	51	1.03504E+02
7754	15	1.03508E+02
7754	341	1.03518E+02
7664	639	1.03520E+02
7754	738	1.03523E+02
7754	102	1.03528E+02
9019	458	1.03529E+02
7844	591	1.03539E+02
7754	527	1.03544E+02
7664	806	1.03544E+02
7844	138	1.03549E+02
7754	613	1.03550E+02
7754	14	1.03553E+02
8651	609	1.03553E+02
7754	194	1.03560E+02
7754	393	1.03565E+02
10532	432	1.03566E+02
7754	155	1.03569E+02
7754	484	1.03570E+02
9864	759	1.03573E+02
7754	696	1.03576E+02
7754	246	1.03587E+02
9864	458	1.03589E+02
7664	764	1.03595E+02
9019	228	1.03597E+02
7754	13	1.03599E+02
9019	801	1.03604E+02
7754	571	1.03612E+02
7754	779	1.03614E+02
7754	298	1.03615E+02
7754	434	1.03617E+02
10532	813	1.03619E+02
7754	50	1.03624E+02
7754	654	1.03628E+02
9019	635	1.03629E+02
7754	154	1.03635E+02
7754	12	1.03647E+02
7754	101	1.03647E+02
7754	340	1.03649E+02
7754	737	1.03658E+02
7754	483	1.03670E+02
7754	526	1.03673E+02
7754	193	1.03676E+02
7754	612	1.03679E+02
9019	276	1.03687E+02
7754	392	1.03688E+02
8827	431	1.03693E+02
7754	11	1.03696E+02
7754	153	1.03699E+02
7754	695	1.03700E+02
6844	338	1.03702E+02
7754	245	1.03702E+02
7844	715	1.03722E+02
7664	722	1.03724E+02
7754	49	1.03726E+02
7754	297	1.03727E+02
7754	570	1.03729E+02
7754	778	1.03731E+02
8739	645	1.03731E+02
7754	433	1.03732E+02
7754	653	1.03742E+02
7754	10	1.03746E+02
7754	100	1.03748E+02
6934	648	1.03750E+02
9864	228	1.03751E+02
7754	482	1.03758E+02
7664	329	1.03760E+02
7754	152	1.03760E+02
10532	730	1.03761E+02
7754	736	1.03766E+02
7754	192	1.03774E+02
7754	525	1.03777E+02
7754	611	1.03783E+02
7754	391	1.03789E+02
6934	773	1.03794E+02
7754	9	1.03795E+02
7754	244	1.03796E+02
7754	694	1.03800E+02
8651	565	1.03809E+02
7754	48	1.03813E+02
7754	296	1.03818E+02
7754	151	1.03818E+02
7754	569	1.03823E+02
7754	777	1.03825E+02
9019	366	1.03825E+02
7754	99	1.03832E+02
7754	481	1.03834E+02
7754	652	1.03834E+02
7754	8	1.03842E+02
7844	322	1.03849E+02
7754	735	1.03853E+02
7754	191	1.03855E+02
7664	553	1.03860E+02
7754	524	1.03861E+02
6754	649	1.03865E+02
7754	610	1.03866E+02
10532	563	1.03868E+02
7754	390	1.03870E+02
7754	150	1.03872E+02
7754	243	1.03874E+02
7754	693	1.03881E+02
7754	47	1.03885E+02
7754	7	1.03887E+02
7754	295	1.03893E+02
8651	650	1.03894E+02
7754	480	1.03899E+02
7754	776	1.03901E+02
7754	98	1.03902E+02
7754	651	1.03907E+02
7754	190	1.03921E+02
7754	149	1.03922E+02
7664	461	1.03922E+02
7754	734	1.03923E+02
9864	676	1.03927E+02
7754	523	1.03929E+02
7754	6	1.03930E+02
7754	389	1.03936E+02
7754	242	1.03938E+02
8739	560	1.03938E+02
9864	276	1.03938E+02
6822	473	1.03939E+02
9019	142	1.03939E+02
6844	687	1.03944E+02
7754	692	1.03945E+02
7754	46	1.03945E+02
7844	272	1.03947E+02
7754	479	1.03953E+02
7754	294	1.03953E+02
9019	417	1.03953E+02
7844	798	1.03959E+02
7754	97	1.03960E+02
7754	775	1.03961E+02
7664	680	1.03964E+02
7754	148	1.03966E+02
9019	759	1.03967E+02
7754	5	1.03969E+02
9019	676	1.03974E+02
7754	189	1.03975E+02
8827	771	1.03978E+02
7754	733	1.03979E+02
7754	522	1.03984E+02
7754	388	1.03989E+02
7754	241	1.03989E+02
7754	45	1.03994E+02
7754	478	1.03999E+02
6822	565	1.04001E+02
6934	731	1.04002E+02
7754	293	1.04002E+02
7754	4	1.04004E+02
7754	147	1.04005E+02
7754	96	1.04006E+02
7754	774	1.04009E+02
7754	188	1.04020E+02
7664	597	1.04022E+02
7754	521	1.04027E+02
8827	688	1.04029E+02
7754	387	1.04031E+02
7754	240	1.04031E+02
7754	44	1.04034E+02
7754	3	1.04035E+02
7754	477	1.04037E+02
8739	378	1.04038E+02
7754	146	1.04039E+02
7844	414	1.04040E+02
7754	292	1.04042E+02
7754	95	1.04044E+02
7754	187	1.04055E+02
7754	520	1.04062E+02
7754	2	1.04063E+02
7754	239	1.04065E+02
7754	386	1.04065E+02
7844	632	1.04066E+02
7754	43	1.04067E+02
7754	145	1.04067E+02
7754	476	1.04068E+02
7754	291	1.04073E+02
7754	94	1.04075E+02
7754	186	1.04084E+02
7754	1	1.04086E+02
7754	519	1.04090E+02
7754	144	1.04092E+02
7754	238	1.04092E+02
7754	385	1.04092E+02
7754	42	1.04093E+02
7754	475	1.04094E+02
7754	290	1.04099E+02
7754	93	1.04100E+02
7754	0	1.04107E+02
7754	185	1.04107E+02
7754	143	1.04112E+02
7754	518	1.04112E+02
7754	237	1.04113E+02
7754	384	1.04114E+02
7754	41	1.04114E+02
7754	474	1.04115E+02
7754	289	1.04119E+02
7754	92	1.04120E+02
7754	184	1.04126E+02
7664	231	1.04127E+02
7664	279	1.04128E+02
7754	517	1.04130E+02
7754	236	1.04131E+02
7754	383	1.04131E+02
7754	288	1.04135E+02
6822	432	1.04138E+02
7754	516	1.04144E+02
7754	382	1.04145E+02
7664	369	1.04155E+02
7754	515	1.04155E+02
6934	431	1.04193E+02
6822	609	1.04198E+02
9019	325	1.04203E+02
9864	366	1.04219E+02
8827	562	1.04221E+02
7664	805	1.04232E+02
7664	420	1.04284E+02
9019	227	1.04288E+02
8739	811	1.04292E+02
7664	763	1.04327E+02
6934	471	1.04332E+02
6844	560	1.04332E+02
9019	549	1.04343E+02
7664	638	1.04356E+02
6844	604	1.04357E+02
10532	771	1.04383E+02
9019	593	1.04406E+02
9864	417	1.04423E+02
9019	717	1.04429E+02
9019	275	1.04458E+02
9019	457	1.04492E+02
6822	650	1.04493E+02
7664	721	1.04515E+02
9864	142	1.04516E+02
9864	800	1.04537E+02
6822	472	1.04546E+02
6844	428	1.04553E+02
8739	686	1.04563E+02
9019	800	1.04564E+02
7664	328	1.04569E+02
6822	564	1.04577E+02
9019	141	1.04609E+02
6934	689	1.04625E+02
9864	717	1.04626E+02
9019	634	1.04638E+02
7844	223	1.04694E+02
6754	563	1.04701E+02
9019	365	1.04729E+02
8651	691	1.04732E+02
6754	431	1.04770E+02
6822	608	1.04773E+02
10532	647	1.04774E+02
7664	552	1.04785E+02
7844	756	1.04799E+02
6822	431	1.04819E+02
7844	673	1.04822E+02
7664	679	1.04828E+02
8651	473	1.04828E+02
7664	230	1.04836E+02
7664	460	1.04854E+02
8739	338	1.04864E+02
6822	380	1.04867E+02
6754	732	1.04870E+02
8739	769	1.04874E+02
6754	607	1.04877E+02
6822	691	1.04892E+02
9864	325	1.04899E+02
7664	278	1.04904E+02
9019	416	1.04910E+02
10532	606	1.04919E+02
10532	471	1.04937E+02
10532	688	1.04947E+02
7664	596	1.04952E+02
6844	645	1.04958E+02
7844	137	1.04977E+02
9019	758	1.04979E+02
9864	549	1.04993E+02
6754	690	1.04999E+02
9864	227	1.05004E+02
9864	593	1.05004E+02
9019	675	1.05008E+02
7664	804	1.05019E+02
6844	468	1.05028E+02
9019	226	1.05031E+02
7664	368	1.05054E+02
9019	324	1.05075E+02
6822	649	1.05087E+02
10532	431	1.05133E+02
8739	428	1.05143E+02
6844	770	1.05154E+02
8827	729	1.05159E+02
7664	762	1.05166E+02
6754	471	1.05189E+02
10532	812	1.05196E+02
6822	563	1.05203E+02
6822	471	1.05207E+02
7664	419	1.05232E+02
7844	362	1.05252E+02
7844	546	1.05255E+02
6844	377	1.05256E+02
6934	380	1.05279E+02
9019	274	1.05282E+02
6844	812	1.05288E+02
6934	606	1.05293E+02
8739	468	1.05294E+02
7844	566	1.05302E+02
7664	637	1.05304E+02
9864	634	1.05306E+02
9019	140	1.05323E+02
9864	275	1.05331E+02
9864	457	1.05340E+02
7844	454	1.05343E+02
9019	548	1.05381E+02
10532	729	1.05381E+02
9019	568	1.05386E+02
6844	728	1.05389E+02
6822	607	1.05396E+02
6822	732	1.05410E+02
7664	720	1.05418E+02
6934	562	1.05443E+02
7664	327	1.05450E+02
9019	592	1.05464E+02
10532	562	1.05475E+02
6754	380	1.05481E+02
9019	716	1.05490E+02
9864	758	1.05492E+02
6844	337	1.05500E+02
9019	456	1.05514E+02
6822	690	1.05515E+02
7844	590	1.05524E+02
6363	565	1.05535E+02
6822	430	1.05554E+02
7844	321	1.05567E+02
6754	648	1.05579E+02
7844	271	1.05581E+02
8651	608	1.05582E+02
7664	229	1.05600E+02
6934	772	1.05601E+02
9019	799	1.05607E+02
6363	473	1.05644E+02
6822	379	1.05650E+02
6934	814	1.05679E+02
9019	364	1.05686E+02
9864	141	1.05692E+02
6934	647	1.05716E+02
9019	633	1.05717E+02
6822	648	1.05728E+02
8827	380	1.05743E+02
6363	609	1.05745E+02
7664	277	1.05746E+02
7844	714	1.05756E+02
7664	678	1.05804E+02
7664	551	1.05809E+02
4556	565	1.05817E+02
9019	225	1.05823E+02
9864	365	1.05840E+02
9864	675	1.05848E+02
8651	564	1.05856E+02
7664	459	1.05877E+02
8739	727	1.05880E+02
8827	812	1.05885E+02
7844	413	1.05887E+02
6822	562	1.05888E+02
6934	730	1.05898E+02
6912	565	1.05907E+02
7664	803	1.05910E+02
8651	649	1.05919E+02
9019	415	1.05919E+02
6822	470	1.05931E+02
6912	473	1.05960E+02
4556	473	1.05973E+02
7844	797	1.05985E+02
7664	595	1.05986E+02
8651	732	1.05996E+02
9019	323	1.05996E+02
8827	470	1.06015E+02
7664	367	1.06031E+02
6844	686	1.06033E+02
6912	609	1.06035E+02
10532	770	1.06042E+02
6822	773	1.06062E+02
9019	757	1.06065E+02
6822	731	1.06067E+02
7844	631	1.06070E+02
6822	606	1.06075E+02
9019	139	1.06076E+02
4453	565	1.06092E+02
9019	674	1.06108E+02
7664	761	1.06113E+02
9864	416	1.06138E+02
4556	609	1.06142E+02
6934	430	1.06148E+02
9019	273	1.06152E+02
6822	689	1.06185E+02
4453	473	1.06206E+02
6363	650	1.06209E+02
8739	603	1.06229E+02
7844	222	1.06231E+02
6363	432	1.06236E+02
8827	646	1.06244E+02
8827	605	1.06249E+02
7664	418	1.06265E+02
6912	650	1.06291E+02
10532	380	1.06301E+02
9864	226	1.06331E+02
6934	470	1.06332E+02
6912	432	1.06339E+02
8827	430	1.06343E+02
6822	429	1.06350E+02
7664	636	1.06357E+02
7844	136	1.06399E+02
7664	326	1.06404E+02
7664	228	1.06423E+02
6822	647	1.06424E+02
7664	719	1.06430E+02
8739	377	1.06433E+02
4453	609	1.06436E+02
6822	338	1.06449E+02
9864	324	1.06450E+02
10532	646	1.06465E+02
9019	547	1.06468E+02
9019	567	1.06478E+02
6822	378	1.06480E+02
9864	799	1.06493E+02
6844	559	1.06498E+02
6754	562	1.06502E+02
8739	644	1.06504E+02
6754	731	1.06527E+02
6844	603	1.06528E+02
6363	564	1.06550E+02
6754	430	1.06563E+02
6912	564	1.06567E+02
9019	591	1.06570E+02
1147	473	1.06572E+02
9019	455	1.06579E+02
9864	716	1.06587E+02
10532	470	1.06595E+02
9019	715	1.06610E+02
10532	605	1.06610E+02
6934	688	1.06612E+02
6844	427	1.06627E+02
6822	561	1.06643E+02
7664	276	1.06654E+02
9019	224	1.06655E+02
6912	472	1.06658E+02
10532	687	1.06658E+02
6912	691	1.06667E+02
6754	606	1.06673E+02
8739	559	1.06680E+02
9019	363	1.06683E+02
6912	608	1.06689E+02
6363	472	1.06690E+02
9019	798	1.06715E+02
6822	469	1.06725E+02
1147	565	1.06728E+02
6754	689	1.06729E+02
8827	770	1.06730E+02
6754	773	1.06742E+02
6822	772	1.06755E+02
6363	608	1.06757E+02
8651	690	1.06762E+02
7664	142	1.06769E+02
6822	730	1.06774E+02
10532	430	1.06776E+02
4556	432	1.06793E+02
9864	274	1.06794E+02
7844	755	1.06821E+02
6822	605	1.06822E+02
7844	672	1.06831E+02
9864	568	1.06835E+02
1147	432	1.06841E+02
9019	632	1.06843E+02
9864	548	1.06852E+02
6822	814	1.06859E+02
9019	138	1.06861E+02
4556	650	1.06863E+02
8827	687	1.06879E+02
7664	677	1.06885E+02
8651	432	1.06889E+02
10532	811	1.06903E+02
