GRAM	c2h2	chi_tot
7095	403	4.61248E+01
7185	403	4.62598E+01
7095	363	4.62973E+01
7095	444	4.63675E+01
7095	362	4.64491E+01
7185	363	4.64694E+01
7185	444	4.65022E+01
7095	443	4.65670E+01
7185	362	4.65875E+01
7185	443	4.66146E+01
7275	403	4.66414E+01
7095	323	4.66927E+01
7095	402	4.67403E+01
7095	404	4.67779E+01
7095	485	4.68057E+01
7185	402	4.68217E+01
7095	322	4.68275E+01
7185	484	4.68486E+01
7095	484	4.68498E+01
7185	323	4.68710E+01
7275	363	4.68855E+01
7275	444	4.68903E+01
7275	443	4.68968E+01
7185	485	4.69266E+01
7275	362	4.69613E+01
7185	404	4.69806E+01
7185	322	4.69930E+01
7275	484	4.70765E+01
7275	402	4.71358E+01
7275	323	4.72806E+01
7275	485	4.72993E+01
7095	526	4.73076E+01
7185	525	4.73605E+01
7185	526	4.73851E+01
7275	322	4.73864E+01
7095	364	4.73880E+01
7095	283	4.73898E+01
7095	525	4.74385E+01
7275	404	4.74436E+01
7275	525	4.74959E+01
7095	445	4.75248E+01
7185	283	4.75684E+01
7185	364	4.76034E+01
7275	526	4.77018E+01
7095	361	4.77047E+01
7095	324	4.77088E+01
7185	445	4.77663E+01
7095	284	4.78024E+01
7185	361	4.78182E+01
7185	567	4.78912E+01
7095	567	4.79004E+01
7185	324	4.79056E+01
7095	282	4.79472E+01
7275	283	4.79621E+01
7095	321	4.79676E+01
7185	284	4.79786E+01
7185	442	4.79934E+01
7095	442	4.80142E+01
7275	364	4.80713E+01
7275	567	4.80969E+01
7185	483	4.81005E+01
7275	566	4.81167E+01
7185	566	4.81240E+01
7185	321	4.81252E+01
7185	282	4.81304E+01
7095	486	4.81505E+01
7275	361	4.81587E+01
7275	442	4.81881E+01
7095	483	4.81989E+01
7275	483	4.82073E+01
7275	445	4.82788E+01
7095	566	4.83179E+01
7275	324	4.83371E+01
7275	284	4.83686E+01
7185	486	4.84188E+01
7095	401	4.84907E+01
7275	321	4.85078E+01
7275	282	4.85306E+01
7185	401	4.85314E+01
7185	608	4.85426E+01
7095	527	4.85629E+01
7275	608	4.85729E+01
7095	244	4.85962E+01
7275	524	4.86725E+01
7185	524	4.86893E+01
7095	608	4.86908E+01
7185	244	4.87753E+01
7275	401	4.87910E+01
7095	405	4.88088E+01
7185	527	4.88268E+01
7095	568	4.88464E+01
7095	245	4.88708E+01
7095	524	4.88919E+01
7275	486	4.89598E+01
7275	607	4.89826E+01
7185	245	4.90345E+01
7185	568	4.90587E+01
7185	405	4.90941E+01
7095	243	4.91516E+01
7275	244	4.91531E+01
7095	609	4.91652E+01
7185	607	4.91903E+01
7185	609	4.92673E+01
7095	285	4.93302E+01
7095	281	4.93308E+01
7185	243	4.93464E+01
7275	527	4.93532E+01
7275	245	4.93913E+01
7185	285	4.95070E+01
7275	568	4.95108E+01
7185	281	4.95206E+01
7275	565	4.95212E+01
7095	607	4.95462E+01
7275	609	4.95739E+01
7275	405	4.96524E+01
7185	565	4.97068E+01
7275	243	4.97458E+01
7095	365	4.98406E+01
7275	285	4.98962E+01
7095	360	4.99162E+01
7275	281	4.99297E+01
7095	320	4.99664E+01
7095	325	5.00110E+01
7185	360	5.00124E+01
7095	565	5.00482E+01
7185	365	5.01097E+01
7095	446	5.01120E+01
7185	320	5.01204E+01
7185	325	5.02326E+01
7275	360	5.03280E+01
7095	242	5.04044E+01
7185	446	5.04804E+01
7275	320	5.04970E+01
7185	441	5.05004E+01
7185	482	5.05596E+01
7275	482	5.05689E+01
7095	441	5.05721E+01
7185	242	5.06149E+01
7275	441	5.06254E+01
7275	365	5.06394E+01
7275	325	5.06922E+01
7095	482	5.07317E+01
7275	606	5.07605E+01
7095	487	5.09253E+01
7095	610	5.09642E+01
7275	242	5.10365E+01
7275	523	5.11232E+01
7275	446	5.11360E+01
7095	569	5.11579E+01
7185	606	5.11655E+01
7095	528	5.12213E+01
7095	400	5.12276E+01
7185	400	5.12392E+01
7185	523	5.12627E+01
7185	610	5.13567E+01
7185	487	5.13661E+01
7095	280	5.14054E+01
7275	400	5.14569E+01
7095	523	5.15597E+01
7185	280	5.16033E+01
7185	569	5.16266E+01
7095	606	5.16854E+01
7095	204	5.16906E+01
7185	528	5.17017E+01
7185	204	5.19079E+01
7275	610	5.19749E+01
7275	280	5.20233E+01
7275	487	5.20981E+01
7095	286	5.21117E+01
7275	564	5.22108E+01
7095	241	5.22345E+01
7185	286	5.22925E+01
7095	406	5.22934E+01
7275	204	5.23250E+01
7275	569	5.23559E+01
7185	241	5.24606E+01
7275	528	5.24647E+01
7185	564	5.25391E+01
7185	406	5.26766E+01
7095	319	5.26843E+01
7275	286	5.26845E+01
7185	319	5.28382E+01
7275	241	5.29048E+01
7095	359	5.29363E+01
7095	564	5.29915E+01
7185	359	5.30221E+01
7095	203	5.31829E+01
7275	319	5.32135E+01
7275	359	5.33207E+01
7275	406	5.33446E+01
7185	203	5.34207E+01
7095	326	5.37150E+01
7095	366	5.37465E+01
7275	605	5.38097E+01
7275	203	5.38682E+01
7185	326	5.39684E+01
7185	440	5.39806E+01
7275	481	5.40104E+01
7095	611	5.40392E+01
7095	279	5.40498E+01
7275	440	5.40533E+01
7185	481	5.40756E+01
7185	366	5.40803E+01
7095	440	5.40874E+01
7095	447	5.41619E+01
7185	279	5.42569E+01
7095	481	5.42995E+01
7185	605	5.43702E+01
7275	326	5.44628E+01
7095	240	5.45375E+01
7185	447	5.46772E+01
7275	366	5.46820E+01
7275	279	5.46899E+01
7275	522	5.47026E+01
7185	611	5.47590E+01
7185	240	5.47790E+01
7185	399	5.47917E+01
7095	570	5.47935E+01
7095	399	5.47987E+01
7185	522	5.49356E+01
7275	399	5.49797E+01
7095	605	5.50112E+01
7095	202	5.50711E+01
7095	488	5.51280E+01
7275	240	5.52461E+01
7095	529	5.52566E+01
7095	522	5.52990E+01
7185	202	5.53285E+01
7275	447	5.54940E+01
7185	570	5.55512E+01
7275	611	5.57201E+01
7185	488	5.57657E+01
7275	202	5.58059E+01
7185	529	5.59820E+01
7095	318	5.59960E+01
7275	563	5.60431E+01
7185	318	5.61529E+01
7185	563	5.64787E+01
7275	318	5.65312E+01
7275	570	5.65857E+01
7095	358	5.66271E+01
7185	358	5.67084E+01
7275	488	5.67105E+01
7275	358	5.69977E+01
7275	529	5.70063E+01
7095	563	5.70075E+01
7095	278	5.71610E+01
7095	239	5.72271E+01
7095	407	5.72699E+01
7095	201	5.72842E+01
7185	278	5.73782E+01
7185	239	5.74836E+01
2828	366	5.75504E+01
7185	201	5.75603E+01
2828	326	5.76582E+01
7185	407	5.77665E+01
7275	278	5.78261E+01
2828	365	5.78530E+01
2934	366	5.78954E+01
2828	325	5.79067E+01
2828	406	5.79187E+01
7275	239	5.79741E+01
7275	604	5.79863E+01
2934	326	5.80243E+01
7275	201	5.80671E+01
1312	486	5.81369E+01
2934	365	5.81566E+01
3040	366	5.81605E+01
1312	528	5.81913E+01
2934	406	5.82109E+01
2934	325	5.82406E+01
2828	286	5.82556E+01
7185	439	5.82738E+01
1312	527	5.83035E+01
3040	326	5.83061E+01
7275	439	5.83110E+01
7095	612	5.83119E+01
1312	487	5.83140E+01
7275	480	5.83656E+01
1312	445	5.83788E+01
1312	569	5.83862E+01
7095	439	5.84015E+01
2828	407	5.84116E+01
3040	365	5.84689E+01
3040	406	5.84759E+01
7185	480	5.84827E+01
7275	407	5.85583E+01
3040	325	5.85729E+01
1312	446	5.85749E+01
2934	286	5.86203E+01
2828	367	5.86549E+01
7185	604	5.86604E+01
7095	480	5.87385E+01
2934	407	5.87582E+01
2828	447	5.87700E+01
2828	327	5.87878E+01
2828	405	5.88223E+01
7095	327	5.89084E+01
3040	286	5.89461E+01
1312	405	5.89599E+01
1312	570	5.89702E+01
1312	568	5.89786E+01
3040	407	5.89826E+01
2934	447	5.90327E+01
7185	398	5.90417E+01
2934	367	5.90448E+01
1312	611	5.90463E+01
7095	398	5.90579E+01
2934	405	5.90648E+01
2828	285	5.90764E+01
1312	404	5.90842E+01
1312	610	5.91271E+01
7095	367	5.91624E+01
2934	327	5.91883E+01
7185	327	5.92012E+01
7275	398	5.92115E+01
1312	485	5.92351E+01
7275	521	5.92411E+01
3040	367	5.92646E+01
3040	447	5.92684E+01
2828	446	5.93192E+01
1312	529	5.93208E+01
2827	442	5.93306E+01
3040	405	5.93732E+01
7095	604	5.93817E+01
7185	612	5.93915E+01
2934	285	5.94180E+01
3040	327	5.94204E+01
2827	483	5.94286E+01
2828	324	5.94440E+01
2827	401	5.94549E+01
1312	444	5.94667E+01
2828	364	5.95018E+01
2934	446	5.95203E+01
7185	521	5.95390E+01
7185	367	5.95723E+01
2828	448	5.95929E+01
1312	526	5.96516E+01
7095	448	5.96672E+01
7095	571	5.96808E+01
2933	442	5.96977E+01
2827	524	5.97200E+01
2827	441	5.97209E+01
7275	327	5.97375E+01
2934	324	5.97482E+01
7095	200	5.97667E+01
2934	364	5.97675E+01
1312	364	5.97784E+01
2933	483	5.97887E+01
1312	488	5.97924E+01
3040	446	5.97926E+01
7095	317	5.97948E+01
3040	285	5.97956E+01
2933	401	5.98121E+01
2827	482	5.98504E+01
2827	402	5.98671E+01
2934	448	5.99230E+01
2827	361	5.99301E+01
7095	521	5.99429E+01
7185	317	5.99574E+01
2827	360	5.99766E+01
2827	443	5.99883E+01
2827	400	5.99999E+01
3039	442	6.00230E+01
2933	441	6.00299E+01
2828	488	6.00337E+01
1312	612	6.00377E+01
2933	524	6.00528E+01
7185	200	6.00605E+01
2827	484	6.00929E+01
3039	483	6.01033E+01
1312	447	6.01122E+01
3040	448	6.01261E+01
3040	364	6.01282E+01
3040	324	6.01312E+01
2933	482	6.01437E+01
3039	401	6.01561E+01
1312	406	6.01695E+01
2827	525	6.01762E+01
1312	365	6.02182E+01
7095	238	6.02355E+01
2934	488	6.02414E+01
7275	367	6.02567E+01
7095	163	6.02734E+01
2827	565	6.02735E+01
2933	402	6.02781E+01
2828	408	6.03068E+01
2933	361	6.03075E+01
2933	400	6.03086E+01
2933	360	6.03113E+01
1312	609	6.03194E+01
7275	317	6.03429E+01
2827	523	6.03473E+01
7185	448	6.03488E+01
2827	566	6.03542E+01
3039	524	6.03616E+01
3039	441	6.03914E+01
2933	443	6.04203E+01
1312	403	6.04456E+01
3040	488	6.04584E+01
3039	482	6.04916E+01
7185	238	6.05067E+01
2933	484	6.05281E+01
2933	565	6.05571E+01
1312	363	6.05787E+01
7185	163	6.05792E+01
2828	487	6.05802E+01
3039	402	6.05843E+01
2827	320	6.05905E+01
2933	525	6.05929E+01
7275	200	6.05964E+01
2933	523	6.06063E+01
7095	530	6.06082E+01
3039	361	6.06417E+01
7095	277	6.06567E+01
3039	360	6.06847E+01
3039	400	6.06906E+01
1312	571	6.06931E+01
2827	321	6.07061E+01
3039	443	6.07109E+01
2934	408	6.07122E+01
2934	487	6.07154E+01
7095	489	6.07189E+01
7275	612	6.07228E+01
2933	566	6.07279E+01
1312	567	6.07527E+01
7185	571	6.07565E+01
2827	607	6.07916E+01
2828	489	6.08024E+01
3039	484	6.08122E+01
2827	359	6.08302E+01
2827	362	6.08322E+01
7275	562	6.08448E+01
3039	565	6.08618E+01
7095	357	6.08659E+01
3039	525	6.08755E+01
7185	277	6.08847E+01
3040	408	6.08993E+01
2933	320	6.09271E+01
3039	523	6.09452E+01
7185	357	6.09479E+01
3040	487	6.09617E+01
3039	566	6.10104E+01
2827	440	6.10210E+01
7275	238	6.10210E+01
2828	284	6.10375E+01
1312	324	6.10778E+01
2933	321	6.10779E+01
2828	404	6.10780E+01
2934	489	6.10892E+01
2933	607	6.10967E+01
7275	163	6.11257E+01
2933	359	6.11262E+01
2828	368	6.11903E+01
2827	606	6.11999E+01
2827	319	6.12097E+01
2827	481	6.12285E+01
7275	357	6.12353E+01
2828	445	6.12394E+01
2827	564	6.12439E+01
2933	362	6.12563E+01
2934	404	6.12756E+01
2933	440	6.12785E+01
3040	489	6.12820E+01
3039	320	6.13039E+01
7275	448	6.13443E+01
7275	277	6.13495E+01
7185	562	6.13527E+01
2934	284	6.13575E+01
2827	399	6.13602E+01
2827	403	6.13738E+01
3039	607	6.13777E+01
2934	445	6.13850E+01
2933	606	6.14118E+01
3039	321	6.14151E+01
2933	564	6.14492E+01
2827	608	6.14585E+01
2933	481	6.14631E+01
2933	319	6.15139E+01
3039	359	6.15378E+01
1312	484	6.15408E+01
1312	325	6.15478E+01
3039	362	6.15508E+01
2827	567	6.15673E+01
7185	489	6.15764E+01
7185	530	6.16046E+01
2933	399	6.16256E+01
2934	368	6.16283E+01
3040	404	6.16297E+01
2827	281	6.16362E+01
1312	530	6.16628E+01
3039	440	6.16767E+01
2828	529	6.16767E+01
2827	280	6.16920E+01
2827	322	6.16941E+01
3040	445	6.16976E+01
3039	606	6.17118E+01
1312	443	6.17426E+01
2828	449	6.17534E+01
3039	564	6.17812E+01
1312	323	6.17821E+01
3040	284	6.17861E+01
2934	529	6.17975E+01
3040	368	6.18050E+01
2827	526	6.18059E+01
2827	444	6.18161E+01
2933	403	6.18438E+01
3039	481	6.18462E+01
2933	608	6.18699E+01
7095	562	6.19263E+01
3039	319	6.19287E+01
2827	522	6.19362E+01
2827	485	6.19478E+01
2933	281	6.19825E+01
3040	529	6.19996E+01
1312	366	6.20083E+01
2933	280	6.20109E+01
2933	567	6.20424E+01
7122	323	6.20424E+01
1312	613	6.20435E+01
3039	399	6.20451E+01
2933	322	6.21041E+01
2828	530	6.21122E+01
3039	403	6.21128E+01
7122	363	6.21134E+01
7275	571	6.21209E+01
2933	522	6.21315E+01
3039	608	6.21387E+01
2828	323	6.21546E+01
2934	449	6.21561E+01
7122	324	6.21665E+01
1312	525	6.21880E+01
7122	364	6.22395E+01
7122	284	6.22804E+01
2827	282	6.22994E+01
3039	567	6.23086E+01
2933	526	6.23161E+01
2933	444	6.23197E+01
2934	530	6.23221E+01
3040	449	6.23310E+01
3039	281	6.23407E+01
2827	279	6.23442E+01
2828	245	6.23537E+01
2827	358	6.23573E+01
3039	322	6.24005E+01
2828	363	6.24024E+01
3039	280	6.24074E+01
2934	323	6.24318E+01
2827	318	6.24381E+01
7122	404	6.24426E+01
2933	485	6.24663E+01
2828	486	6.24711E+01
7095	199	6.24774E+01
1312	362	6.24830E+01
7095	162	6.24891E+01
2828	528	6.24909E+01
3039	522	6.25035E+01
3040	530	6.25078E+01
2934	528	6.25303E+01
2934	486	6.25411E+01
1312	489	6.25606E+01
3039	526	6.25773E+01
3039	444	6.25777E+01
2827	605	6.26054E+01
2933	358	6.26183E+01
1312	608	6.26319E+01
2934	363	6.26339E+01
2933	279	6.26377E+01
7122	283	6.26715E+01
2933	282	6.26751E+01
2934	245	6.26890E+01
2933	318	6.27127E+01
3039	485	6.27234E+01
2933	605	6.27374E+01
7212	323	6.27378E+01
7212	363	6.27421E+01
7275	489	6.27540E+01
3040	528	6.27549E+01
1312	407	6.27734E+01
7185	199	6.27880E+01
7122	403	6.28101E+01
7185	162	6.28131E+01
3040	486	6.28217E+01
2827	363	6.28233E+01
2828	490	6.28262E+01
7212	324	6.28497E+01
3040	323	6.28653E+01
7212	364	6.28782E+01
7275	530	6.29127E+01
1312	402	6.29161E+01
1312	285	6.29198E+01
3039	282	6.29933E+01
7122	285	6.29959E+01
2827	241	6.30022E+01
1312	284	6.30068E+01
1312	448	6.30087E+01
7212	404	6.30136E+01
7212	284	6.30139E+01
7122	245	6.30236E+01
3040	363	6.30439E+01
3039	605	6.30626E+01
3039	358	6.30668E+01
7122	322	6.30679E+01
3039	279	6.30705E+01
2827	242	6.30719E+01
2827	439	6.30867E+01
7275	603	6.31114E+01
3040	245	6.31436E+01
2827	563	6.31489E+01
3039	318	6.31638E+01
2934	490	6.31983E+01
7185	438	6.32243E+01
7122	444	6.32301E+01
7122	362	6.32311E+01
2827	609	6.32354E+01
7275	438	6.32421E+01
2933	563	6.32875E+01
2933	363	6.32980E+01
2933	439	6.32992E+01
2933	241	6.33110E+01
1312	326	6.33243E+01
7122	445	6.33300E+01
7212	403	6.33493E+01
7275	199	6.33527E+01
7095	438	6.33600E+01
3040	490	6.33721E+01
7275	162	6.33908E+01
2827	398	6.33983E+01
2933	242	6.34021E+01
2827	480	6.34182E+01
7212	283	6.34347E+01
2827	240	6.34363E+01
7122	405	6.34508E+01
7275	479	6.34635E+01
7122	244	6.34646E+01
2827	278	6.34860E+01
1312	572	6.34971E+01
1312	322	6.35111E+01
7095	237	6.35134E+01
3039	363	6.35527E+01
7122	325	6.35618E+01
2828	409	6.35751E+01
2933	480	6.36024E+01
7185	479	6.36109E+01
2933	398	6.36253E+01
3039	563	6.36508E+01
1312	566	6.36723E+01
7212	444	6.36860E+01
7095	613	6.36894E+01
2827	323	6.36969E+01
7212	285	6.37017E+01
3039	241	6.37114E+01
7122	365	6.37157E+01
2828	531	6.37233E+01
2933	240	6.37251E+01
3039	439	6.37342E+01
7095	408	6.37378E+01
2828	571	6.37513E+01
2827	243	6.37526E+01
2933	278	6.37563E+01
2933	609	6.37654E+01
3039	242	6.37658E+01
7212	322	6.37801E+01
7212	245	6.37978E+01
7185	237	6.37989E+01
2827	283	6.38162E+01
2934	570	6.38328E+01
2828	570	6.38350E+01
2934	571	6.38454E+01
7185	397	6.38537E+01
7212	445	6.38539E+01
7185	603	6.38581E+01
7212	362	6.38588E+01
7095	397	6.38711E+01
7095	479	6.38808E+01
2827	568	6.39517E+01
1312	286	6.39903E+01
7095	316	6.39937E+01
2828	283	6.40047E+01
7275	397	6.40167E+01
3040	570	6.40182E+01
3040	571	6.40212E+01
3039	480	6.40216E+01
2934	531	6.40291E+01
3039	609	6.40296E+01
7122	282	6.40370E+01
2934	409	6.40433E+01
7212	405	6.40682E+01
3039	398	6.40815E+01
7302	363	6.40863E+01
2827	404	6.40967E+01
1312	283	6.40994E+01
2933	243	6.41056E+01
7122	485	6.41119E+01
2933	323	6.41480E+01
3039	240	6.41602E+01
7185	316	6.41642E+01
2827	317	6.41673E+01
7302	323	6.41847E+01
3040	409	6.41965E+01
3040	531	6.42043E+01
7302	364	6.42150E+01
3039	278	6.42234E+01
2933	283	6.42235E+01
7212	325	6.42386E+01
7302	404	6.42434E+01
7302	324	6.42650E+01
7212	244	6.42786E+01
2827	239	6.42838E+01
2934	283	6.43048E+01
7275	237	6.43377E+01
2827	521	6.43440E+01
7185	408	6.43631E+01
7212	365	6.43745E+01
7122	486	6.43799E+01
3039	323	6.44028E+01
2933	317	6.44150E+01
3039	243	6.44305E+01
2827	357	6.44381E+01
7122	402	6.44570E+01
7212	485	6.44735E+01
7095	276	6.44744E+01
2933	521	6.44852E+01
2828	444	6.44892E+01
7122	443	6.44985E+01
3039	283	6.45000E+01
7302	284	6.45143E+01
2933	568	6.45389E+01
2933	239	6.45540E+01
7275	520	6.45574E+01
7275	316	6.45613E+01
7302	403	6.45628E+01
2934	527	6.45694E+01
2934	444	6.45858E+01
2828	527	6.46028E+01
2828	403	6.46046E+01
7095	603	6.46224E+01
2933	404	6.46310E+01
2827	203	6.46372E+01
2827	527	6.46596E+01
2933	357	6.46679E+01
7185	276	6.47139E+01
7122	243	6.47422E+01
7302	444	6.47531E+01
2934	403	6.47625E+01
2828	572	6.47736E+01
3040	283	6.47831E+01
2827	202	6.47946E+01
3039	568	6.47953E+01
3040	527	6.48224E+01
7212	282	6.48313E+01
7212	486	6.48474E+01
7122	446	6.48588E+01
3039	404	6.48643E+01
7095	161	6.48754E+01
3039	521	6.48923E+01
7185	520	6.48927E+01
2827	604	6.48929E+01
3039	317	6.49006E+01
7212	443	6.49059E+01
2827	204	6.49061E+01
2827	445	6.49092E+01
2933	203	6.49346E+01
3040	444	6.49420E+01
7122	286	6.49428E+01
1312	483	6.49460E+01
2933	604	6.49583E+01
2934	572	6.49718E+01
7302	445	6.49745E+01
7212	402	6.49780E+01
7302	283	6.49863E+01
1312	614	6.50009E+01
2934	569	6.50156E+01
3039	239	6.50217E+01
2827	277	6.50302E+01
2827	486	6.50629E+01
2933	202	6.50765E+01
1312	442	6.50772E+01
2828	569	6.51055E+01
7122	321	6.51104E+01
2828	244	6.51374E+01
3040	572	6.51444E+01
3039	357	6.51517E+01
7302	285	6.51528E+01
7185	613	6.51569E+01
1312	531	6.51639E+01
3040	403	6.51641E+01
2827	244	6.51656E+01
2828	450	6.51890E+01
7275	276	6.51978E+01
7185	161	6.52166E+01
3040	569	6.52175E+01
7302	362	6.52194E+01
2933	204	6.52198E+01
1312	367	6.52256E+01
7122	484	6.52474E+01
7302	322	6.52635E+01
2933	527	6.52728E+01
2933	277	6.52791E+01
7275	408	6.52927E+01
7122	526	6.52983E+01
2827	201	6.53033E+01
1312	245	6.53105E+01
3039	604	6.53137E+01
7095	520	6.53141E+01
7302	405	6.53284E+01
3039	203	6.53335E+01
1312	361	6.53378E+01
7302	245	6.53584E+01
7302	485	6.53756E+01
7095	198	6.53880E+01
2934	244	6.54582E+01
7122	361	6.54671E+01
7212	446	6.54709E+01
7122	527	6.54711E+01
2827	238	6.54714E+01
2933	445	6.54909E+01
3039	202	6.55081E+01
3039	527	6.55179E+01
7212	484	6.55286E+01
7212	526	6.55384E+01
2933	244	6.55429E+01
7095	356	6.55472E+01
2933	201	6.55708E+01
3039	204	6.55840E+01
7212	243	6.55954E+01
7212	286	6.56236E+01
7302	325	6.56279E+01
7185	356	6.56345E+01
2934	450	6.56691E+01
2933	486	6.56729E+01
2828	485	6.56964E+01
2934	485	6.57093E+01
7302	365	6.57134E+01
7185	198	6.57146E+01
3039	445	6.57192E+01
2933	238	6.57245E+01
7095	572	6.57297E+01
2827	438	6.57773E+01
3039	277	6.57785E+01
3040	450	6.58201E+01
1312	524	6.58214E+01
7275	161	6.58251E+01
3039	244	6.58272E+01
7302	486	6.58411E+01
7212	321	6.58434E+01
2827	562	6.58466E+01
7212	527	6.58535E+01
7122	406	6.58978E+01
7302	244	6.59020E+01
2828	322	6.59062E+01
3039	486	6.59070E+01
2934	612	6.59184E+01
7275	356	6.59275E+01
2933	562	6.59299E+01
7302	443	6.59386E+01
2933	438	6.59510E+01
3040	244	6.59607E+01
2828	612	6.59815E+01
2827	397	6.59878E+01
2828	491	6.60251E+01
3040	485	6.60288E+01
1312	607	6.60320E+01
2827	364	6.60321E+01
3039	201	6.60332E+01
1312	282	6.60416E+01
3040	612	6.60768E+01
7122	487	6.60803E+01
7212	361	6.61016E+01
2827	200	6.61038E+01
1312	321	6.61074E+01
7095	368	6.61076E+01
2827	610	6.61147E+01
2934	322	6.61587E+01
2933	397	6.61813E+01
7302	402	6.61888E+01
3039	238	6.62228E+01
7302	526	6.62386E+01
7122	281	6.62457E+01
2827	479	6.62712E+01
7275	198	6.63081E+01
2827	316	6.63083E+01
2828	613	6.63128E+01
2827	284	6.63272E+01
3039	562	6.63275E+01
7122	326	6.63307E+01
1312	401	6.63456E+01
2933	200	6.63578E+01
2934	613	6.63589E+01
7302	484	6.63637E+01
1312	244	6.63798E+01
2933	479	6.64128E+01
2828	532	6.64218E+01
3039	438	6.64222E+01
7275	561	6.64256E+01
2828	362	6.64349E+01
7302	282	6.64356E+01
2934	491	6.64878E+01
1312	327	6.65129E+01
3040	613	6.65200E+01
7122	525	6.65304E+01
2933	316	6.65320E+01
2934	611	6.65338E+01
2933	364	6.65616E+01
7212	406	6.65768E+01
1312	490	6.65772E+01
7095	449	6.65854E+01
7185	368	6.66051E+01
7122	366	6.66204E+01
2934	362	6.66359E+01
3040	322	6.66419E+01
3040	491	6.66476E+01
7122	568	6.66510E+01
7212	525	6.66599E+01
7302	446	6.66645E+01
3039	397	6.66729E+01
7212	487	6.66794E+01
7302	527	6.66810E+01
3040	611	6.66965E+01
2828	611	6.66976E+01
7122	242	6.67353E+01
2933	284	6.67682E+01
2933	610	6.67745E+01
3039	364	6.67771E+01
7122	567	6.67828E+01
1312	408	6.67937E+01
2828	573	6.68111E+01
2934	532	6.68295E+01
3039	200	6.68491E+01
2827	324	6.68531E+01
7212	567	6.68608E+01
3039	479	6.68682E+01
7275	613	6.68814E+01
7212	568	6.69033E+01
2827	276	6.69091E+01
2827	237	6.69433E+01
2827	356	6.69696E+01
7185	561	6.69726E+01
3040	532	6.69998E+01
3039	284	6.70018E+01
7212	326	6.70075E+01
7095	236	6.70275E+01
7302	286	6.70282E+01
7122	442	6.70375E+01
3039	610	6.70420E+01
3039	316	6.70500E+01
7122	528	6.70543E+01
7212	281	6.70718E+01
3040	362	6.70954E+01
2934	573	6.71200E+01
2933	276	6.71384E+01
7185	572	6.71490E+01
2827	199	6.71498E+01
2933	356	6.71718E+01
2933	237	6.71807E+01
2827	163	6.71807E+01
7095	531	6.71933E+01
1312	449	6.72466E+01
7122	401	6.72616E+01
7302	525	6.72631E+01
7302	243	6.72810E+01
3040	573	6.72955E+01
7302	567	6.73082E+01
7212	366	6.73097E+01
1312	573	6.73173E+01
7185	236	6.73271E+01
2933	324	6.73483E+01
7122	204	6.73518E+01
7302	321	6.73675E+01
7275	368	6.73827E+01
2933	199	6.73914E+01
7212	442	6.74149E+01
7095	160	6.74177E+01
2827	520	6.74180E+01
2933	163	6.74295E+01
2827	245	6.74428E+01
7185	449	6.74518E+01
2934	568	6.74529E+01
7302	361	6.74868E+01
2827	569	6.75043E+01
7302	568	6.75083E+01
2933	520	6.75145E+01
3039	324	6.75610E+01
7095	561	6.75625E+01
2828	614	6.76009E+01
7212	528	6.76100E+01
2828	568	6.76207E+01
7212	242	6.76265E+01
7095	490	6.76294E+01
1312	565	6.76557E+01
3039	276	6.76683E+01
3040	568	6.76784E+01
3039	356	6.76891E+01
3039	237	6.77077E+01
7122	483	6.77134E+01
2934	614	6.77636E+01
7185	160	6.77753E+01
7212	401	6.77766E+01
7302	487	6.77892E+01
7122	447	6.78366E+01
2828	282	6.78396E+01
2933	245	6.78459E+01
2827	162	6.78811E+01
7302	406	6.78822E+01
7275	236	6.78913E+01
7122	569	6.78969E+01
3039	199	6.79097E+01
3039	163	6.79193E+01
2827	603	6.79198E+01
2934	526	6.79269E+01
2933	603	6.79316E+01
3040	614	6.79340E+01
7212	483	6.79392E+01
3039	520	6.79578E+01
2828	526	6.80238E+01
7122	320	6.80356E+01
7122	609	6.80452E+01
3039	245	6.80879E+01
7212	609	6.81111E+01
2933	162	6.81205E+01
2934	282	6.81213E+01
2827	405	6.81326E+01
1312	243	6.81680E+01
2933	569	6.82138E+01
3040	526	6.82142E+01
7212	566	6.82431E+01
7212	204	6.82848E+01
2934	610	6.82889E+01
7122	566	6.83018E+01
3039	603	6.83210E+01
7212	569	6.83598E+01
7302	326	6.83770E+01
2827	198	6.84075E+01
7275	160	6.84140E+01
7302	609	6.84263E+01
7302	442	6.84317E+01
3040	610	6.84635E+01
3039	569	6.84672E+01
7095	197	6.84822E+01
7185	531	6.84838E+01
7212	608	6.85030E+01
7095	315	6.85231E+01
2828	610	6.85433E+01
7212	447	6.85573E+01
7095	275	6.85687E+01
7302	566	6.85688E+01
7302	528	6.85939E+01
3039	162	6.86352E+01
7122	608	6.86372E+01
7302	608	6.86375E+01
2933	198	6.86376E+01
7275	449	6.86425E+01
3040	282	6.86478E+01
2828	243	6.86584E+01
2827	236	6.86599E+01
7302	366	6.86613E+01
1312	281	6.86808E+01
7122	360	6.86859E+01
7185	437	6.86860E+01
7275	437	6.87001E+01
7185	315	6.87038E+01
7185	490	6.87277E+01
7302	281	6.87298E+01
7302	483	6.87319E+01
2933	405	6.87365E+01
2827	528	6.87467E+01
2827	161	6.87648E+01
2827	315	6.87905E+01
7212	320	6.87925E+01
7122	610	6.87952E+01
7095	437	6.88186E+01
7185	275	6.88205E+01
7185	197	6.88243E+01
7275	572	6.88647E+01
2933	236	6.88828E+01
3039	405	6.89361E+01
2827	437	6.89614E+01
2934	243	6.89656E+01
1312	360	6.89835E+01
7275	602	6.89866E+01
2828	443	6.89880E+01
2933	315	6.89926E+01
2933	161	6.89953E+01
7302	401	6.89975E+01
2827	396	6.90163E+01
2934	443	6.90422E+01
2827	275	6.90726E+01
2933	437	6.91025E+01
7212	610	6.91029E+01
7185	396	6.91070E+01
7122	524	6.91142E+01
7275	315	6.91170E+01
7095	396	6.91181E+01
7275	478	6.91378E+01
7302	569	6.91564E+01
7212	524	6.91644E+01
7122	280	6.91734E+01
2933	396	6.91811E+01
3039	198	6.91813E+01
2827	561	6.91818E+01
7122	488	6.91989E+01
2933	561	6.92208E+01
7275	396	6.92745E+01
2933	275	6.92844E+01
2828	402	6.92900E+01
7185	478	6.92946E+01
1312	482	6.93096E+01
1312	441	6.93170E+01
7275	275	6.93259E+01
2827	446	6.93282E+01
7212	360	6.93339E+01
7122	241	6.93340E+01
7302	242	6.93736E+01
2934	402	6.94133E+01
1312	320	6.94146E+01
3039	236	6.94368E+01
3040	443	6.94447E+01
7275	197	6.94466E+01
2827	487	6.94690E+01
2933	528	6.94716E+01
3040	243	6.95141E+01
3039	161	6.95334E+01
7122	203	6.95365E+01
3039	315	6.95413E+01
7095	478	6.95631E+01
3039	437	6.96089E+01
7302	610	6.96376E+01
2827	478	6.96433E+01
3039	561	6.96545E+01
7302	524	6.97015E+01
3039	396	6.97064E+01
3039	528	6.97065E+01
2933	478	6.97498E+01
1312	532	6.97593E+01
7185	602	6.97668E+01
7122	407	6.98089E+01
2827	160	6.98134E+01
3039	275	6.98427E+01
7302	447	6.98433E+01
2827	197	6.98542E+01
3040	402	6.98636E+01
2827	355	6.98651E+01
1312	368	6.99098E+01
7212	488	6.99546E+01
2827	285	6.99723E+01
2933	446	6.99946E+01
7122	529	7.00098E+01
7212	280	7.00315E+01
2933	160	7.00357E+01
2933	355	7.00433E+01
2827	611	7.00535E+01
2933	197	7.00735E+01
7095	614	7.00785E+01
7302	204	7.00867E+01
7275	531	7.00955E+01
7095	159	7.01079E+01
7275	490	7.01564E+01
2934	484	7.01677E+01
2933	487	7.01779E+01
3039	446	7.01966E+01
2828	484	7.02037E+01
3039	478	7.02412E+01
7212	241	7.02619E+01
7302	607	7.02922E+01
7212	607	7.02967E+01
7302	320	7.03609E+01
3039	487	7.03939E+01
1312	523	7.04213E+01
1312	606	7.04404E+01
2933	285	7.04490E+01
7122	570	7.04676E+01
7275	519	7.04696E+01
7185	159	7.04811E+01
7212	203	7.05088E+01
3040	484	7.05302E+01
1312	242	7.05361E+01
7095	602	7.05408E+01
7122	327	7.05468E+01
2828	321	7.05582E+01
7212	407	7.05652E+01
2827	365	7.05673E+01
1312	400	7.05727E+01
7095	355	7.05815E+01
7122	607	7.05869E+01
3039	355	7.05923E+01
2827	235	7.05952E+01
3039	160	7.05958E+01
3039	285	7.06387E+01
3039	197	7.06413E+01
7185	355	7.06785E+01
7122	441	7.07207E+01
7302	360	7.07511E+01
7095	235	7.07582E+01
7212	529	7.07680E+01
2934	321	7.07887E+01
2933	235	7.08050E+01
7185	519	7.08161E+01
7122	611	7.08272E+01
2933	611	7.08532E+01
7275	355	7.09845E+01
7122	367	7.09970E+01
2827	519	7.10060E+01
7212	565	7.10095E+01
2827	159	7.10142E+01
2933	519	7.10668E+01
7185	235	7.10718E+01
7212	441	7.10850E+01
7122	400	7.10867E+01
3039	611	7.11316E+01
7275	159	7.11498E+01
2933	365	7.11555E+01
7122	565	7.11668E+01
2934	567	7.11691E+01
7212	570	7.11749E+01
7302	488	7.12041E+01
2933	159	7.12289E+01
7212	327	7.12310E+01
7095	519	7.12349E+01
2934	609	7.12462E+01
7302	565	7.12505E+01
2827	325	7.12886E+01
3040	321	7.13205E+01
3039	365	7.13329E+01
3039	235	7.13843E+01
7122	482	7.13984E+01
2828	567	7.14037E+01
7212	611	7.14149E+01
3040	567	7.14249E+01
3040	609	7.14407E+01
2828	361	7.14627E+01
2827	196	7.14767E+01
2827	274	7.14849E+01
2933	602	7.14999E+01
2827	602	7.15295E+01
3039	519	7.15465E+01
2827	314	7.15576E+01
2828	609	7.15801E+01
7212	482	7.15921E+01
7212	400	7.16065E+01
2934	361	7.16371E+01
7095	409	7.16618E+01
7275	235	7.16625E+01
2933	274	7.16809E+01
2933	196	7.16864E+01
7122	319	7.17156E+01
7212	367	7.17284E+01
2933	314	7.17409E+01
7302	280	7.17440E+01
7095	196	7.17532E+01
1312	491	7.17818E+01
3039	159	7.18098E+01
2933	325	7.18309E+01
1312	280	7.18751E+01
3039	602	7.19257E+01
7302	407	7.19308E+01
7302	529	7.19358E+01
7185	614	7.19582E+01
3039	325	7.20015E+01
7302	241	7.20694E+01
7302	441	7.21036E+01
7185	196	7.21102E+01
3040	361	7.21457E+01
7122	202	7.21505E+01
2827	570	7.21860E+01
7302	570	7.21942E+01
7302	611	7.22044E+01
1312	409	7.22167E+01
7122	448	7.22437E+01
3039	274	7.22660E+01
3039	196	7.22766E+01
3039	314	7.23183E+01
2827	158	7.23599E+01
7302	482	7.23664E+01
7302	203	7.23739E+01
2827	395	7.23856E+01
2828	281	7.24068E+01
7185	409	7.24305E+01
7122	240	7.24425E+01
1312	204	7.24986E+01
7212	319	7.24989E+01
2827	436	7.25203E+01
2933	395	7.25262E+01
2933	158	7.25677E+01
2934	525	7.25709E+01
1312	564	7.25785E+01
7302	327	7.25877E+01
7275	560	7.25918E+01
2827	122	7.26289E+01
2933	436	7.26347E+01
2934	281	7.26719E+01
7122	279	7.27091E+01
2828	525	7.27213E+01
2827	234	7.27343E+01
7122	359	7.27514E+01
7275	196	7.27616E+01
1312	450	7.27805E+01
2828	242	7.27937E+01
2933	122	7.28369E+01
7095	573	7.28471E+01
7302	400	7.28492E+01
3040	525	7.28980E+01
7095	274	7.29063E+01
2933	234	7.29322E+01
7095	158	7.29440E+01
7122	523	7.29509E+01
7212	523	7.29520E+01
2827	560	7.29978E+01
2933	560	7.30027E+01
2933	570	7.30266E+01
2827	354	7.30519E+01
3039	395	7.30837E+01
2934	242	7.30884E+01
7212	448	7.30928E+01
7302	367	7.31036E+01
7185	560	7.31462E+01
7212	202	7.31598E+01
3039	158	7.31683E+01
7185	274	7.31712E+01
3039	436	7.31747E+01
2828	204	7.31780E+01
2933	354	7.32096E+01
3040	281	7.32448E+01
1312	359	7.32639E+01
2827	195	7.32705E+01
3039	570	7.32841E+01
1312	319	7.32859E+01
7095	314	7.33268E+01
7185	158	7.33321E+01
7302	606	7.33564E+01
1312	241	7.33593E+01
7095	122	7.33595E+01
2827	477	7.34009E+01
7212	240	7.34058E+01
7212	359	7.34187E+01
3039	122	7.34414E+01
7302	523	7.34533E+01
7212	606	7.34564E+01
2933	195	7.34714E+01
3039	560	7.34732E+01
2933	477	7.34794E+01
2934	204	7.34919E+01
7275	409	7.35112E+01
7185	314	7.35199E+01
3039	234	7.35354E+01
2827	406	7.35458E+01
7212	279	7.35993E+01
3040	242	7.36808E+01
7122	489	7.36839E+01
7275	274	7.37007E+01
7095	560	7.37281E+01
7185	122	7.37638E+01
3039	354	7.37886E+01
2827	121	7.38403E+01
2827	157	7.38493E+01
7122	606	7.38579E+01
7275	314	7.39539E+01
3039	477	7.40056E+01
7275	158	7.40307E+01
2827	529	7.40389E+01
2933	121	7.40435E+01
7122	612	7.40501E+01
2933	157	7.40506E+01
3039	195	7.40829E+01
3040	204	7.40950E+01
7275	614	7.40952E+01
7302	319	7.41149E+01
2827	273	7.41193E+01
2933	406	7.42244E+01
7122	530	7.42648E+01
7122	571	7.42783E+01
1312	440	7.42964E+01
2933	273	7.43016E+01
3039	406	7.43929E+01
1312	481	7.44682E+01
7275	122	7.44894E+01
7302	448	7.44905E+01
7185	436	7.45251E+01
7275	436	7.45507E+01
2827	313	7.45645E+01
7212	489	7.46197E+01
2828	442	7.46199E+01
7185	573	7.46323E+01
2934	442	7.46386E+01
7095	436	7.46448E+01
3039	121	7.46645E+01
3039	157	7.46700E+01
7095	395	7.46928E+01
7095	234	7.46940E+01
7185	395	7.46946E+01
2933	313	7.47314E+01
7095	450	7.48482E+01
1312	203	7.48740E+01
7302	359	7.48747E+01
7275	395	7.48773E+01
2827	286	7.48822E+01
2933	529	7.48835E+01
3039	273	7.49118E+01
7095	532	7.49204E+01
7212	612	7.49517E+01
2827	518	7.49647E+01
2827	612	7.49851E+01
2933	518	7.49981E+01
2828	401	7.49992E+01
7185	234	7.50216E+01
7212	564	7.50675E+01
2827	233	7.50684E+01
7302	202	7.50866E+01
3040	442	7.50893E+01
2934	401	7.50930E+01
2827	447	7.50964E+01
3039	529	7.51144E+01
7122	201	7.51284E+01
2827	488	7.51580E+01
7122	408	7.51709E+01
2827	120	7.51722E+01
7095	195	7.52013E+01
7275	477	7.52320E+01
2827	194	7.52369E+01
7212	530	7.52525E+01
2933	233	7.52558E+01
7212	571	7.52602E+01
7302	564	7.52611E+01
7302	240	7.52728E+01
7122	564	7.52865E+01
3039	313	7.53359E+01
7302	279	7.53669E+01
2933	120	7.53709E+01
7185	477	7.53785E+01
2933	286	7.53968E+01
7122	440	7.54030E+01
7275	601	7.54089E+01
2933	194	7.54297E+01
2934	608	7.54344E+01
1312	399	7.54365E+01
2827	156	7.54860E+01
1312	279	7.54992E+01
2933	601	7.55038E+01
3039	518	7.55136E+01
3039	286	7.55421E+01
2827	601	7.55633E+01
7185	195	7.55727E+01
3040	401	7.55924E+01
7095	477	7.56321E+01
7275	234	7.56401E+01
3040	608	7.56568E+01
2933	156	7.56814E+01
1312	605	7.57342E+01
7146	400	7.57592E+01
7212	440	7.57694E+01
7095	491	7.57748E+01
7122	399	7.57890E+01
2934	483	7.58214E+01
1312	522	7.58279E+01
7146	359	7.58295E+01
2828	608	7.58352E+01
2933	447	7.58535E+01
3039	233	7.58814E+01
7095	121	7.58906E+01
7095	354	7.58916E+01
7146	440	7.58962E+01
2828	483	7.58979E+01
7146	399	7.59072E+01
7185	450	7.59164E+01
7095	157	7.59298E+01
2933	612	7.59336E+01
7146	441	7.59564E+01
3039	601	7.59672E+01
2828	320	7.59718E+01
2933	488	7.59729E+01
7122	239	7.59820E+01
7185	354	7.60024E+01
3039	120	7.60075E+01
2827	394	7.60100E+01
7212	408	7.60200E+01
7302	612	7.60273E+01
7302	489	7.60314E+01
3039	447	7.60332E+01
7122	318	7.60355E+01
3039	194	7.60614E+01
7146	360	7.61180E+01
2933	394	7.61310E+01
7146	481	7.61375E+01
2934	566	7.61437E+01
7122	481	7.61611E+01
7146	319	7.61692E+01
7212	201	7.61728E+01
3039	488	7.61759E+01
2934	320	7.61828E+01
7185	601	7.61861E+01
7236	400	7.62028E+01
3040	483	7.62303E+01
3039	612	7.62305E+01
7146	482	7.62431E+01
7275	195	7.62537E+01
7236	359	7.62837E+01
7236	440	7.62981E+01
7185	121	7.63086E+01
7146	358	7.63110E+01
3039	156	7.63186E+01
7212	399	7.63233E+01
7275	354	7.63288E+01
7185	157	7.63322E+01
7236	399	7.63361E+01
7212	481	7.63443E+01
2827	435	7.63486E+01
7236	441	7.63949E+01
2828	566	7.64335E+01
3040	566	7.64366E+01
2933	435	7.64417E+01
7146	318	7.64495E+01
2827	353	7.64675E+01
7236	481	7.65055E+01
2827	366	7.65082E+01
7185	532	7.65256E+01
7302	571	7.65304E+01
1312	240	7.65305E+01
7146	401	7.65382E+01
7146	523	7.65621E+01
7236	360	7.65733E+01
7146	522	7.65746E+01
7146	320	7.65806E+01
2933	353	7.66082E+01
2827	119	7.66283E+01
7302	530	7.66295E+01
7236	319	7.66331E+01
7236	482	7.66713E+01
7275	573	7.67172E+01
3039	394	7.67188E+01
7146	439	7.67328E+01
7122	278	7.67590E+01
3040	320	7.67618E+01
7236	358	7.67685E+01
7146	279	7.67874E+01
7275	518	7.68042E+01
7302	440	7.68066E+01
2933	119	7.68227E+01
7146	398	7.68463E+01
7212	318	7.68470E+01
7122	368	7.68517E+01
7236	522	7.68934E+01
7236	318	7.69279E+01
7095	601	7.69415E+01
7146	564	7.69469E+01
2827	272	7.69542E+01
7236	523	7.69639E+01
7212	239	7.69791E+01
7146	480	7.69941E+01
7236	401	7.70055E+01
3039	435	7.70139E+01
7146	280	7.70226E+01
7236	320	7.70315E+01
7146	442	7.70543E+01
7275	157	7.70605E+01
7275	121	7.70623E+01
2827	326	7.71085E+01
7236	439	7.71110E+01
7146	278	7.71126E+01
7302	481	7.71234E+01
2933	272	7.71244E+01
2933	559	7.71261E+01
7185	491	7.71326E+01
7185	518	7.71375E+01
2827	559	7.71459E+01
2933	366	7.71591E+01
2828	203	7.72074E+01
3039	353	7.72152E+01
7146	563	7.72182E+01
7236	279	7.72610E+01
7326	400	7.72659E+01
7236	398	7.72684E+01
2827	155	7.72775E+01
7236	564	7.72968E+01
3039	366	7.73000E+01
7146	361	7.73089E+01
7146	317	7.73127E+01
7275	450	7.73174E+01
7236	480	7.73204E+01
7326	440	7.73351E+01
7326	359	7.73360E+01
2828	360	7.73429E+01
2827	193	7.73795E+01
7326	399	7.73836E+01
2827	476	7.74238E+01
2828	241	7.74343E+01
7146	357	7.74428E+01
7146	483	7.74509E+01
7095	273	7.74608E+01
7302	408	7.74611E+01
7236	563	7.74660E+01
2933	155	7.74676E+01
7236	280	7.74722E+01
3039	119	7.74745E+01
7326	441	7.74764E+01
7146	605	7.74791E+01
2933	476	7.74809E+01
2934	360	7.74942E+01
2934	203	7.75130E+01
7326	481	7.75230E+01
7122	358	7.75349E+01
1312	202	7.75360E+01
7095	518	7.75364E+01
7236	442	7.75443E+01
2933	193	7.75651E+01
7146	521	7.75767E+01
2828	280	7.75813E+01
2827	232	7.75913E+01
1312	318	7.75916E+01
7302	399	7.75989E+01
7236	278	7.76096E+01
7326	360	7.76220E+01
3039	559	7.76335E+01
7212	368	7.76367E+01
7326	319	7.76702E+01
7146	524	7.76772E+01
7212	278	7.76809E+01
7146	240	7.76840E+01
2933	326	7.77008E+01
2934	241	7.77175E+01
7185	273	7.77397E+01
7302	605	7.77397E+01
7236	605	7.77459E+01
3039	272	7.77583E+01
7326	482	7.77634E+01
2933	232	7.77694E+01
7236	361	7.77707E+01
2827	312	7.77714E+01
7146	565	7.77971E+01
7236	317	7.78068E+01
7146	321	7.78087E+01
7146	239	7.78117E+01
3039	326	7.78300E+01
7326	358	7.78301E+01
2934	280	7.78315E+01
7236	521	7.78372E+01
7326	522	7.78710E+01
7212	522	7.78839E+01
7212	605	7.78910E+01
7122	522	7.79037E+01
7236	357	7.79074E+01
7146	277	7.79093E+01
2933	312	7.79246E+01
7146	281	7.79252E+01
2827	571	7.79315E+01
7146	606	7.79329E+01
7236	483	7.79602E+01
7326	318	7.79907E+01
7122	449	7.80255E+01
7146	241	7.80302E+01
1312	358	7.80355E+01
3039	476	7.80406E+01
7326	523	7.80446E+01
7326	320	7.80453E+01
3040	360	7.80513E+01
7326	401	7.80944E+01
7146	604	7.81161E+01
7326	439	7.81182E+01
3039	155	7.81218E+01
7236	240	7.81525E+01
3040	203	7.81549E+01
7302	201	7.81595E+01
7236	524	7.81889E+01
3039	193	7.82159E+01
2827	118	7.82160E+01
7212	358	7.82263E+01
7236	321	7.82488E+01
7236	604	7.82669E+01
7236	565	7.82824E+01
7122	163	7.82828E+01
1312	563	7.82829E+01
7326	480	7.82837E+01
7326	279	7.82860E+01
7275	273	7.82961E+01
7236	239	7.83097E+01
7326	398	7.83098E+01
7146	438	7.83263E+01
7326	564	7.83329E+01
7146	238	7.83385E+01
7236	281	7.83504E+01
3040	241	7.83515E+01
7236	606	7.83550E+01
7122	613	7.83569E+01
7095	313	7.83570E+01
7122	605	7.83602E+01
7326	563	7.83745E+01
7302	522	7.83793E+01
7146	402	7.83825E+01
2933	118	7.84066E+01
3039	232	7.84161E+01
7122	200	7.84192E+01
2934	524	7.84228E+01
7236	277	7.84290E+01
3040	280	7.84488E+01
7146	397	7.84500E+01
7326	280	7.84580E+01
7275	532	7.84581E+01
7236	241	7.84674E+01
7146	562	7.84742E+01
7302	318	7.85136E+01
7095	120	7.85477E+01
3039	312	7.85544E+01
7185	313	7.85646E+01
2828	524	7.86164E+01
7236	562	7.86504E+01
7146	479	7.86656E+01
7146	316	7.86686E+01
7326	278	7.86740E+01
7326	442	7.86856E+01
7236	438	7.86920E+01
7326	605	7.86968E+01
7326	521	7.87380E+01
7146	201	7.87865E+01
3040	524	7.87943E+01
7326	361	7.88219E+01
7095	233	7.88272E+01
7275	491	7.88289E+01
7095	194	7.88302E+01
7236	238	7.88644E+01
7236	397	7.88721E+01
7236	402	7.88842E+01
7326	317	7.88976E+01
7302	239	7.89047E+01
2933	571	7.89114E+01
7146	202	7.89131E+01
7146	242	7.89414E+01
7236	479	7.89666E+01
7185	120	7.89788E+01
7326	357	7.89835E+01
7146	200	7.90016E+01
7212	449	7.90221E+01
7275	313	7.90244E+01
7302	368	7.90469E+01
7326	604	7.90719E+01
3039	118	7.90728E+01
7095	156	7.90730E+01
7146	276	7.91080E+01
7146	356	7.91209E+01
7326	240	7.91444E+01
7326	483	7.91481E+01
7275	559	7.91574E+01
2827	517	7.91643E+01
7185	233	7.91690E+01
2933	517	7.91780E+01
7236	316	7.91792E+01
3039	571	7.91798E+01
7146	237	7.92064E+01
7185	194	7.92158E+01
7122	572	7.92255E+01
2827	154	7.92324E+01
7326	321	7.92420E+01
7236	201	7.92719E+01
7326	281	7.92972E+01
7146	443	7.93229E+01
7236	242	7.93458E+01
7326	239	7.93505E+01
7236	202	7.93650E+01
7212	163	7.93950E+01
7326	524	7.93999E+01
7326	241	7.94092E+01
7146	520	7.94170E+01
2933	154	7.94177E+01
7146	203	7.94424E+01
1312	278	7.94478E+01
7122	490	7.94544E+01
7326	562	7.94637E+01
7326	565	7.94793E+01
7185	156	7.94893E+01
7326	606	7.94912E+01
7212	200	7.94967E+01
7302	278	7.95042E+01
7146	199	7.95100E+01
7236	200	7.95182E+01
7326	277	7.95330E+01
7146	362	7.95405E+01
7146	607	7.95822E+01
7236	356	7.95958E+01
7212	613	7.96019E+01
7146	282	7.96172E+01
7236	520	7.96410E+01
7236	276	7.96496E+01
7326	438	7.96833E+01
7185	559	7.96901E+01
2827	192	7.97008E+01
7146	603	7.97054E+01
7122	531	7.97237E+01
7302	358	7.97276E+01
3039	517	7.97282E+01
7236	237	7.97584E+01
7275	120	7.97604E+01
7236	603	7.97767E+01
2933	600	7.97924E+01
2827	393	7.98141E+01
7275	233	7.98168E+01
1312	439	7.98497E+01
7236	203	7.98586E+01
2827	600	7.98716E+01
7146	566	7.98751E+01
2933	192	7.98802E+01
7236	443	7.98805E+01
7146	484	7.98835E+01
7122	238	7.98909E+01
7326	479	7.98951E+01
7326	397	7.99166E+01
2933	393	7.99196E+01
7275	194	7.99269E+01
2827	117	7.99450E+01
7326	238	7.99528E+01
1312	239	7.99627E+01
2827	271	7.99677E+01
7146	163	7.99719E+01
7146	322	7.99892E+01
7326	402	8.00097E+01
7236	362	8.00155E+01
7236	282	8.00184E+01
7146	525	8.00324E+01
2827	352	8.00556E+01
7236	199	8.00559E+01
3039	154	8.00881E+01
2933	271	8.01278E+01
2933	117	8.01320E+01
2933	352	8.01827E+01
7236	607	8.02011E+01
7146	162	8.02077E+01
7326	242	8.02362E+01
7095	559	8.02433E+01
7275	156	8.02474E+01
1312	480	8.02492E+01
7326	201	8.02709E+01
7146	198	8.02757E+01
7212	563	8.02802E+01
3039	600	8.02936E+01
2827	231	8.02942E+01
7326	316	8.03002E+01
7326	202	8.03092E+01
2827	434	8.03539E+01
2827	407	8.03638E+01
7146	236	8.03731E+01
1312	201	8.04139E+01
7236	322	8.04216E+01
2933	434	8.04309E+01
7146	315	8.04445E+01
7146	204	8.04500E+01
7302	563	8.04630E+01
2933	231	8.04643E+01
7326	603	8.04744E+01
2827	530	8.04783E+01
7236	163	8.04797E+01
7326	520	8.04903E+01
7236	484	8.04964E+01
7095	394	8.04994E+01
7212	572	8.05087E+01
7185	394	8.05201E+01
7146	243	8.05248E+01
7122	563	8.05260E+01
7236	566	8.05310E+01
3039	393	8.05359E+01
7146	437	8.05439E+01
3039	192	8.05491E+01
7302	449	8.05496E+01
7146	561	8.05598E+01
7326	200	8.05702E+01
7212	490	8.05922E+01
7146	396	8.06044E+01
7185	435	8.06207E+01
7146	275	8.06563E+01
7146	161	8.06632E+01
7275	435	8.06720E+01
7236	525	8.06828E+01
7326	356	8.06916E+01
7236	561	8.06918E+01
7095	435	8.07189E+01
7275	394	8.07287E+01
7236	162	8.07455E+01
7326	203	8.07462E+01
3039	271	8.07837E+01
1312	398	8.07856E+01
7326	276	8.07934E+01
3039	117	8.08121E+01
3039	352	8.08159E+01
7236	204	8.08284E+01
2827	613	8.08328E+01
2934	607	8.08366E+01
7236	198	8.08490E+01
7326	237	8.08936E+01
7236	243	8.08949E+01
7122	317	8.08966E+01
7236	437	8.09070E+01
7212	238	8.09203E+01
7326	282	8.09264E+01
7122	439	8.09317E+01
7236	236	8.09497E+01
7212	531	8.09652E+01
7236	315	8.09722E+01
7302	613	8.09905E+01
7146	478	8.10062E+01
7236	396	8.10324E+01
3039	434	8.10334E+01
7326	362	8.10760E+01
3040	607	8.10946E+01
7326	443	8.10980E+01
2933	407	8.11220E+01
3039	231	8.11309E+01
2827	311	8.11404E+01
7326	199	8.11594E+01
7236	275	8.12191E+01
7122	398	8.12290E+01
7236	161	8.12292E+01
2934	441	8.12328E+01
2828	441	8.12430E+01
7122	277	8.12484E+01
7146	355	8.12569E+01
3039	407	8.12626E+01
7146	197	8.12733E+01
7122	162	8.12812E+01
2933	311	8.12824E+01
2828	607	8.12908E+01
7236	478	8.12964E+01
7212	439	8.13137E+01
7146	160	8.13180E+01
7095	119	8.13387E+01
2827	153	8.13568E+01
7326	322	8.13976E+01
7095	353	8.14085E+01
7146	403	8.14240E+01
7326	561	8.14411E+01
2933	530	8.14499E+01
2933	558	8.14564E+01
7302	163	8.14869E+01
2827	558	8.14923E+01
7326	163	8.15027E+01
7185	353	8.15367E+01
2933	153	8.15377E+01
7302	200	8.15420E+01
7326	607	8.15619E+01
2828	202	8.15812E+01
2828	400	8.15843E+01
7275	476	8.16033E+01
2827	475	8.16068E+01
2933	475	8.16486E+01
2934	400	8.16536E+01
7326	204	8.16574E+01
3039	530	8.16829E+01
7185	476	8.17212E+01
7326	243	8.17327E+01
3040	441	8.17330E+01
7212	317	8.17376E+01
7236	355	8.17447E+01
1312	604	8.17546E+01
7185	119	8.17824E+01
7212	398	8.17859E+01
7326	484	8.18019E+01
7146	235	8.18101E+01
7326	162	8.18211E+01
2827	116	8.18238E+01
7122	480	8.18426E+01
1312	521	8.18651E+01
7236	197	8.18722E+01
2934	202	8.18791E+01
7275	353	8.18911E+01
7326	437	8.18958E+01
7236	160	8.19105E+01
7326	566	8.19222E+01
3039	311	8.19358E+01
7122	409	8.19364E+01
2933	613	8.19380E+01
7146	519	8.19405E+01
7095	476	8.19484E+01
7236	403	8.19719E+01
7122	199	8.19853E+01
3039	558	8.19996E+01
7326	198	8.20024E+01
2933	116	8.20076E+01
2828	319	8.20175E+01
7212	480	8.20346E+01
7326	525	8.20518E+01
7302	572	8.20546E+01
2827	489	8.20879E+01
7146	602	8.20887E+01
7326	396	8.20887E+01
7236	602	8.21127E+01
7326	315	8.21259E+01
7326	236	8.21309E+01
7236	519	8.21474E+01
7146	159	8.21577E+01
7275	600	8.21840E+01
7302	490	8.21868E+01
2827	191	8.21985E+01
2827	448	8.21996E+01
7212	277	8.22015E+01
3040	400	8.22021E+01
7095	272	8.22071E+01
7326	478	8.22085E+01
2934	319	8.22116E+01
1312	317	8.22227E+01
3039	153	8.22237E+01
7146	283	8.22312E+01
3039	475	8.22403E+01
3039	613	8.22605E+01
2934	565	8.23070E+01
7326	161	8.23559E+01
2933	191	8.23722E+01
