GRAM	c2h2	chi_tot
6773	569	2.77874E+01
6773	528	2.78094E+01
6773	527	2.78233E+01
6773	570	2.78540E+01
6773	611	2.78585E+01
6773	486	2.78588E+01
6773	612	2.79548E+01
6773	568	2.79619E+01
6773	610	2.79716E+01
6773	487	2.79796E+01
6773	445	2.80095E+01
6773	485	2.80144E+01
6773	529	2.80409E+01
6773	444	2.80775E+01
6773	526	2.81077E+01
6863	569	2.81287E+01
6773	571	2.81325E+01
6863	611	2.81668E+01
6863	610	2.81838E+01
6863	527	2.81855E+01
6773	404	2.82159E+01
6863	568	2.82200E+01
6773	446	2.82263E+01
6773	613	2.82296E+01
6863	528	2.82464E+01
6773	403	2.82564E+01
6863	570	2.82841E+01
6863	486	2.82953E+01
6773	609	2.83232E+01
6773	488	2.83530E+01
6863	612	2.83650E+01
6863	485	2.83904E+01
6863	526	2.84006E+01
6773	567	2.84029E+01
4390	529	2.84269E+01
6773	363	2.84450E+01
6773	443	2.84460E+01
6863	609	2.84461E+01
4390	487	2.84510E+01
6773	484	2.84651E+01
6773	405	2.84704E+01
6863	487	2.84812E+01
4390	571	2.84846E+01
6773	530	2.84893E+01
6863	445	2.84937E+01
6863	444	2.85111E+01
4390	528	2.85187E+01
4390	488	2.85195E+01
4390	530	2.85399E+01
6773	362	2.85423E+01
4390	446	2.85504E+01
4390	570	2.85564E+01
6863	529	2.85577E+01
4390	572	2.85809E+01
6863	567	2.85846E+01
6773	572	2.85922E+01
6773	402	2.86024E+01
4390	445	2.86070E+01
4390	613	2.86106E+01
4390	486	2.86245E+01
4390	614	2.86450E+01
6773	364	2.86510E+01
6773	614	2.86520E+01
6863	571	2.86564E+01
6773	525	2.86827E+01
6773	447	2.87062E+01
4390	612	2.87098E+01
6863	404	2.87259E+01
6863	403	2.87264E+01
4390	404	2.87289E+01
4390	405	2.87333E+01
4493	529	2.87415E+01
6863	613	2.87461E+01
6773	322	2.87468E+01
4390	447	2.87479E+01
6863	446	2.87646E+01
4493	487	2.87670E+01
6773	323	2.87850E+01
6863	484	2.87855E+01
4493	571	2.87862E+01
4493	528	2.87874E+01
4390	489	2.88021E+01
4493	570	2.88107E+01
4390	573	2.88141E+01
4390	569	2.88269E+01
4390	531	2.88270E+01
6863	443	2.88330E+01
4390	527	2.88439E+01
4493	488	2.88796E+01
4493	613	2.88857E+01
4493	486	2.88963E+01
4493	446	2.88990E+01
4493	530	2.89003E+01
6863	525	2.89124E+01
4493	445	2.89136E+01
6863	488	2.89237E+01
4493	572	2.89293E+01
4390	364	2.89322E+01
4493	612	2.89372E+01
6773	608	2.89387E+01
4390	444	2.89401E+01
6773	361	2.89456E+01
6773	489	2.89512E+01
4390	363	2.89522E+01
6863	363	2.89652E+01
4493	614	2.89674E+01
4390	611	2.89736E+01
6863	608	2.89804E+01
6773	406	2.90020E+01
1296	527	2.90073E+01
4390	406	2.90079E+01
6773	321	2.90100E+01
4390	403	2.90132E+01
6863	405	2.90231E+01
6863	362	2.90328E+01
4493	569	2.90340E+01
6863	402	2.90353E+01
1296	569	2.90554E+01
4493	404	2.90562E+01
1296	485	2.90605E+01
4390	485	2.90641E+01
4493	527	2.90667E+01
6773	282	2.90807E+01
6863	530	2.90900E+01
1296	526	2.90963E+01
6773	283	2.90997E+01
4493	405	2.91002E+01
1296	568	2.91095E+01
6773	442	2.91234E+01
6773	531	2.91240E+01
6773	324	2.91245E+01
6773	566	2.91310E+01
1296	486	2.91347E+01
4493	447	2.91383E+01
1296	528	2.91440E+01
6773	365	2.91494E+01
4493	611	2.91528E+01
4390	323	2.91581E+01
4390	448	2.91727E+01
1296	611	2.91922E+01
1296	570	2.91949E+01
4390	365	2.91999E+01
1296	444	2.92011E+01
6773	573	2.92020E+01
6863	364	2.92027E+01
4493	444	2.92047E+01
4493	489	2.92059E+01
4493	573	2.92085E+01
6863	572	2.92136E+01
6773	483	2.92225E+01
4493	531	2.92327E+01
1296	484	2.92406E+01
6863	566	2.92438E+01
1296	610	2.92567E+01
4390	532	2.92567E+01
6773	401	2.92567E+01
1296	443	2.92627E+01
4390	490	2.92678E+01
6863	322	2.92686E+01
4390	362	2.92716E+01
6863	614	2.92783E+01
4493	363	2.92861E+01
1296	612	2.92886E+01
4493	485	2.92918E+01
4390	324	2.92919E+01
4493	403	2.93007E+01
6863	447	2.93020E+01
4493	364	2.93032E+01
6953	611	2.93213E+01
4390	322	2.93234E+01
4390	568	2.93248E+01
6863	323	2.93281E+01
6953	610	2.93479E+01
6773	281	2.93498E+01
6953	569	2.93527E+01
1296	567	2.93812E+01
1296	445	2.94038E+01
6863	361	2.94082E+01
6773	284	2.94133E+01
4493	406	2.94141E+01
6773	448	2.94229E+01
4390	526	2.94274E+01
1296	525	2.94304E+01
4390	610	2.94320E+01
1296	402	2.94370E+01
1296	403	2.94384E+01
6773	243	2.94386E+01
1296	487	2.94446E+01
4390	283	2.94530E+01
6863	442	2.94676E+01
6953	568	2.94687E+01
6953	527	2.94814E+01
1296	529	2.94824E+01
4493	568	2.94848E+01
6953	570	2.94920E+01
6863	483	2.94924E+01
1296	571	2.95010E+01
1296	609	2.95085E+01
6953	528	2.95105E+01
6863	321	2.95112E+01
6773	244	2.95159E+01
1296	613	2.95176E+01
6953	612	2.95184E+01
4493	323	2.95189E+01
4390	407	2.95283E+01
6773	524	2.95614E+01
4493	610	2.95634E+01
4390	443	2.95660E+01
6773	320	2.95665E+01
4493	362	2.95680E+01
4390	284	2.95808E+01
6863	489	2.95946E+01
1296	442	2.95978E+01
4390	402	2.95978E+01
6863	406	2.96001E+01
4493	448	2.96046E+01
4493	526	2.96046E+01
4493	365	2.96077E+01
6863	282	2.96152E+01
4390	282	2.96194E+01
6953	486	2.96243E+01
6953	609	2.96294E+01
6773	242	2.96300E+01
6863	283	2.96479E+01
4493	322	2.96493E+01
6773	360	2.96493E+01
6863	401	2.96551E+01
1296	483	2.96868E+01
4493	324	2.96871E+01
6863	324	2.96900E+01
4493	532	2.97068E+01
1296	362	2.97107E+01
1296	401	2.97138E+01
1296	404	2.97141E+01
4493	490	2.97149E+01
4390	325	2.97158E+01
1296	361	2.97245E+01
6863	524	2.97344E+01
6863	365	2.97345E+01
4390	366	2.97365E+01
6953	526	2.97366E+01
6773	490	2.97440E+01
6773	325	2.97573E+01
6953	485	2.97672E+01
6953	487	2.97695E+01
6773	407	2.97872E+01
4493	443	2.97886E+01
4390	484	2.97887E+01
4390	321	2.97887E+01
4390	449	2.97943E+01
6953	529	2.97973E+01
4390	244	2.97983E+01
6863	607	2.98077E+01
6863	531	2.98118E+01
4493	283	2.98207E+01
6773	607	2.98383E+01
4493	402	2.98453E+01
6953	445	2.98471E+01
1296	614	2.98504E+01
1296	446	2.98549E+01
6953	571	2.98558E+01
6953	567	2.98671E+01
6863	281	2.98707E+01
6773	245	2.98736E+01
4390	491	2.98850E+01
1296	566	2.98897E+01
4390	243	2.98909E+01
4390	361	2.98939E+01
6773	280	2.98943E+01
6953	613	2.99060E+01
6773	532	2.99137E+01
6953	444	2.99214E+01
6773	366	2.99222E+01
6863	573	2.99238E+01
6984	607	2.99398E+01
1296	572	2.99447E+01
4493	282	2.99544E+01
1296	488	2.99671E+01
1296	608	2.99710E+01
4493	484	2.99727E+01
4493	407	2.99733E+01
6863	284	2.99755E+01
1296	363	2.99766E+01
4493	284	2.99805E+01
6863	243	2.99844E+01
4390	245	2.99867E+01
1296	530	2.99953E+01
4390	285	3.00016E+01
1296	360	3.00145E+01
6773	204	3.00173E+01
6773	285	3.00213E+01
6984	606	3.00219E+01
1296	524	3.00227E+01
1296	321	3.00231E+01
6863	320	3.00481E+01
6953	446	3.00677E+01
6863	244	3.00691E+01
4390	281	3.00742E+01
4390	567	3.00749E+01
6773	241	3.00750E+01
6863	448	3.00791E+01
4493	321	3.00792E+01
6863	360	3.00857E+01
6953	404	3.01038E+01
6773	441	3.01092E+01
4390	609	3.01135E+01
4596	529	3.01154E+01
6984	565	3.01277E+01
4596	571	3.01392E+01
4797	606	3.01444E+01
4493	325	3.01449E+01
1296	320	3.01508E+01
4493	361	3.01525E+01
6984	608	3.01590E+01
6773	565	3.01594E+01
6863	242	3.01677E+01
1296	322	3.01685E+01
6953	403	3.01707E+01
4596	487	3.01770E+01
4797	607	3.01774E+01
6953	488	3.01780E+01
4493	366	3.01804E+01
4493	244	3.01808E+01
4493	567	3.01885E+01
6953	608	3.01931E+01
4493	609	3.01975E+01
6984	566	3.02033E+01
1296	441	3.02075E+01
6863	565	3.02113E+01
6773	400	3.02135E+01
4596	530	3.02160E+01
6953	484	3.02175E+01
4596	570	3.02181E+01
4596	528	3.02227E+01
4596	488	3.02242E+01
4596	613	3.02287E+01
4596	572	3.02310E+01
4493	243	3.02431E+01
1296	405	3.02526E+01
4390	242	3.02535E+01
1296	400	3.02649E+01
4596	614	3.02650E+01
4390	408	3.02654E+01
4493	449	3.02670E+01
4390	525	3.02890E+01
6773	482	3.02894E+01
4596	446	3.02926E+01
6953	525	3.02969E+01
6953	443	3.03065E+01
6953	530	3.03122E+01
4596	612	3.03278E+01
4797	605	3.03395E+01
6953	405	3.03401E+01
6863	325	3.03464E+01
6773	449	3.03465E+01
6984	524	3.03506E+01
6984	564	3.03570E+01
4493	491	3.03744E+01
6773	203	3.03745E+01
4596	486	3.03750E+01
4493	281	3.03759E+01
6953	363	3.03788E+01
4596	445	3.03798E+01
4493	245	3.03989E+01
6863	280	3.04016E+01
6773	319	3.04023E+01
1296	482	3.04033E+01
6984	605	3.04070E+01
6953	572	3.04115E+01
4390	326	3.04138E+01
6863	441	3.04147E+01
4493	525	3.04213E+01
1296	281	3.04272E+01
4493	285	3.04326E+01
6863	407	3.04331E+01
6863	245	3.04340E+01
4797	608	3.04404E+01
6984	523	3.04485E+01
6953	614	3.04512E+01
4596	573	3.04610E+01
4596	447	3.04624E+01
6863	490	3.04627E+01
7026	567	3.04798E+01
4390	401	3.04856E+01
5806	532	3.04871E+01
4596	489	3.04881E+01
5806	491	3.04894E+01
4596	405	3.04921E+01
4596	531	3.04929E+01
4390	442	3.04934E+01
1296	573	3.04964E+01
5806	490	3.04974E+01
4596	569	3.04992E+01
7026	609	3.05079E+01
4797	565	3.05091E+01
6863	482	3.05143E+01
4390	367	3.05168E+01
1296	364	3.05187E+01
6953	362	3.05228E+01
4596	404	3.05244E+01
1296	280	3.05248E+01
4797	564	3.05260E+01
5900	532	3.05302E+01
1296	447	3.05329E+01
7026	608	3.05331E+01
1296	319	3.05394E+01
6863	366	3.05425E+01
5806	449	3.05442E+01
6953	364	3.05446E+01
4390	320	3.05468E+01
7026	526	3.05476E+01
6953	402	3.05516E+01
4390	204	3.05548E+01
6984	525	3.05576E+01
6953	447	3.05606E+01
6863	204	3.05638E+01
4596	527	3.05672E+01
5900	490	3.05693E+01
6953	566	3.05697E+01
1296	359	3.05705E+01
4493	242	3.05747E+01
7026	525	3.05796E+01
6863	400	3.05803E+01
4390	450	3.05805E+01
6984	567	3.05812E+01
1296	282	3.05895E+01
1296	323	3.05934E+01
4596	611	3.05944E+01
6863	285	3.05978E+01
5900	491	3.06015E+01
6863	241	3.06041E+01
5806	448	3.06074E+01
7026	568	3.06150E+01
7026	484	3.06230E+01
6773	359	3.06414E+01
7026	566	3.06469E+01
1296	565	3.06479E+01
6984	483	3.06515E+01
6984	482	3.06516E+01
1296	531	3.06533E+01
5900	531	3.06561E+01
5806	531	3.06593E+01
1296	607	3.06624E+01
5900	449	3.06652E+01
6773	326	3.06683E+01
6984	609	3.06692E+01
4493	442	3.06741E+01
1296	489	3.06752E+01
5806	450	3.06787E+01
5806	407	3.06814E+01
5806	489	3.06910E+01
7026	485	3.06911E+01
6863	532	3.06911E+01
4493	401	3.06931E+01
5900	448	3.06957E+01
6773	279	3.06973E+01
5900	573	3.06991E+01
6773	491	3.06999E+01
5806	408	3.07056E+01
4390	286	3.07072E+01
4596	364	3.07153E+01
6953	323	3.07218E+01
5900	489	3.07234E+01
4797	566	3.07288E+01
4596	406	3.07323E+01
7026	443	3.07401E+01
6953	322	3.07445E+01
4596	444	3.07465E+01
6773	523	3.07481E+01
4493	408	3.07487E+01
4797	604	3.07534E+01
5806	573	3.07548E+01
6773	240	3.07570E+01
7026	610	3.07617E+01
4797	563	3.07713E+01
4596	363	3.07780E+01
6773	408	3.07978E+01
4493	320	3.08012E+01
5900	407	3.08044E+01
4390	280	3.08054E+01
4390	483	3.08100E+01
4390	360	3.08143E+01
7026	527	3.08185E+01
6953	489	3.08212E+01
5900	450	3.08332E+01
5806	366	3.08423E+01
4596	485	3.08429E+01
6984	522	3.08452E+01
4596	403	3.08479E+01
5900	408	3.08544E+01
7026	607	3.08608E+01
7026	444	3.08612E+01
6953	406	3.08614E+01
4596	448	3.08618E+01
6863	319	3.08648E+01
1296	279	3.08668E+01
6863	523	3.08713E+01
4390	241	3.08716E+01
7026	483	3.08741E+01
4493	326	3.08761E+01
1296	523	3.08783E+01
5806	367	3.08794E+01
6984	563	3.08850E+01
4493	204	3.08925E+01
5806	447	3.09010E+01
4797	523	3.09046E+01
7026	402	3.09051E+01
5806	406	3.09056E+01
4596	532	3.09134E+01
6863	203	3.09163E+01
6773	286	3.09165E+01
4797	609	3.09277E+01
1296	241	3.09280E+01
7026	524	3.09307E+01
1296	242	3.09354E+01
6984	441	3.09356E+01
4596	490	3.09371E+01
7026	442	3.09381E+01
6773	202	3.09390E+01
6863	606	3.09410E+01
4596	365	3.09421E+01
6773	367	3.09455E+01
5806	409	3.09462E+01
6984	481	3.09473E+01
4493	483	3.09508E+01
6984	484	3.09544E+01
5900	447	3.09576E+01
5900	530	3.09604E+01
6953	361	3.09792E+01
4596	323	3.09823E+01
5900	366	3.09845E+01
6953	483	3.09874E+01
6984	442	3.09896E+01
4797	522	3.09916E+01
5900	572	3.09963E+01
4493	367	3.09964E+01
5900	406	3.10039E+01
6953	324	3.10054E+01
5806	530	3.10089E+01
6953	365	3.10092E+01
6953	442	3.10109E+01
4596	568	3.10121E+01
5993	532	3.10134E+01
7026	403	3.10160E+01
5806	326	3.10167E+01
1296	283	3.10226E+01
6953	531	3.10228E+01
7026	569	3.10292E+01
6773	606	3.10342E+01
4493	360	3.10347E+01
1296	406	3.10360E+01
5900	367	3.10402E+01
4027	363	3.10415E+01
4390	608	3.10424E+01
4027	323	3.10510E+01
6953	283	3.10522E+01
4797	524	3.10526E+01
6863	359	3.10532E+01
4596	610	3.10598E+01
6953	607	3.10609E+01
7026	486	3.10645E+01
6863	449	3.10656E+01
6984	526	3.10675E+01
4596	324	3.10694E+01
6953	321	3.10730E+01
4493	280	3.10732E+01
4390	203	3.10733E+01
5993	490	3.10742E+01
5806	365	3.10787E+01
4493	608	3.10799E+01
1296	399	3.10804E+01
1296	440	3.10855E+01
6984	604	3.10878E+01
4027	404	3.10910E+01
4493	450	3.10933E+01
5806	325	3.10948E+01
4390	566	3.10972E+01
5900	488	3.10972E+01
5806	488	3.11028E+01
5806	572	3.11034E+01
5993	491	3.11051E+01
6953	282	3.11080E+01
7026	401	3.11112E+01
4027	283	3.11119E+01
5900	409	3.11213E+01
4027	322	3.11217E+01
6953	573	3.11260E+01
7026	361	3.11285E+01
4027	364	3.11313E+01
7026	565	3.11329E+01
5993	531	3.11339E+01
4596	362	3.11419E+01
5993	573	3.11455E+01
1296	240	3.11469E+01
7026	362	3.11470E+01
5806	368	3.11609E+01
4493	241	3.11610E+01
4493	566	3.11653E+01
5900	614	3.11671E+01
4493	286	3.11688E+01
6984	440	3.11699E+01
1296	318	3.11731E+01
4596	526	3.11744E+01
6953	524	3.11763E+01
5900	326	3.11803E+01
1296	243	3.11845E+01
4797	567	3.11859E+01
5993	449	3.11864E+01
4390	409	3.11870E+01
6863	279	3.11908E+01
4027	282	3.11939E+01
4596	322	3.11954E+01
4900	606	3.12011E+01
5900	365	3.12032E+01
5806	286	3.12042E+01
4130	363	3.12120E+01
4027	405	3.12150E+01
5806	327	3.12180E+01
4027	445	3.12200E+01
4596	407	3.12203E+01
5993	448	3.12275E+01
4797	562	3.12304E+01
5993	489	3.12320E+01
4130	323	3.12387E+01
4130	404	3.12466E+01
5900	325	3.12467E+01
6953	401	3.12489E+01
6984	568	3.12512E+01
4027	362	3.12619E+01
4027	403	3.12651E+01
7026	611	3.12662E+01
4027	244	3.12693E+01
4900	607	3.12714E+01
6863	240	3.12768E+01
6984	400	3.12788E+01
6863	326	3.12820E+01
4027	243	3.12839E+01
5806	285	3.12849E+01
4027	446	3.12895E+01
4027	324	3.12905E+01
7026	445	3.12914E+01
6953	284	3.12941E+01
4596	283	3.12944E+01
1296	324	3.12966E+01
6953	448	3.12988E+01
4130	322	3.12991E+01
4797	521	3.12994E+01
4130	283	3.13041E+01
4130	364	3.13182E+01
1296	365	3.13250E+01
7026	321	3.13287E+01
6984	401	3.13326E+01
4027	284	3.13364E+01
5900	368	3.13406E+01
6984	443	3.13420E+01
5993	450	3.13456E+01
4130	445	3.13475E+01
5806	614	3.13538E+01
5993	407	3.13545E+01
4900	605	3.13607E+01
4390	327	3.13634E+01
4797	603	3.13701E+01
7026	528	3.13705E+01
4596	284	3.13720E+01
5900	286	3.13747E+01
4797	481	3.13768E+01
1296	358	3.13785E+01
4130	282	3.13806E+01
4493	203	3.13814E+01
1296	481	3.13860E+01
5993	408	3.13865E+01
4130	405	3.13932E+01
5900	327	3.13936E+01
6773	440	3.13951E+01
4130	403	3.13997E+01
5806	405	3.14073E+01
4596	443	3.14092E+01
1296	448	3.14115E+01
4130	362	3.14173E+01
7026	360	3.14185E+01
4027	487	3.14235E+01
1296	532	3.14259E+01
4797	482	3.14278E+01
5993	572	3.14313E+01
5993	530	3.14353E+01
4027	444	3.14355E+01
1296	278	3.14358E+01
4596	366	3.14394E+01
7026	404	3.14396E+01
4390	524	3.14416E+01
4797	525	3.14435E+01
6773	450	3.14456E+01
4130	446	3.14457E+01
4596	325	3.14478E+01
5900	285	3.14496E+01
7026	482	3.14504E+01
6953	244	3.14505E+01
6984	610	3.14532E+01
6953	281	3.14547E+01
5806	446	3.14556E+01
7026	322	3.14563E+01
7026	441	3.14577E+01
6953	243	3.14580E+01
4596	449	3.14598E+01
6773	399	3.14608E+01
4130	244	3.14626E+01
4027	486	3.14668E+01
5900	571	3.14672E+01
5806	324	3.14738E+01
4596	402	3.14741E+01
6863	202	3.14749E+01
4130	243	3.14756E+01
5900	529	3.14768E+01
1296	203	3.14771E+01
7026	363	3.14777E+01
5900	405	3.14823E+01
5900	446	3.14823E+01
4130	324	3.14894E+01
6863	564	3.14916E+01
6773	564	3.14922E+01
6863	408	3.14934E+01
6863	491	3.14961E+01
6773	318	3.14996E+01
6984	399	3.15002E+01
7026	320	3.15007E+01
5993	447	3.15028E+01
4027	321	3.15052E+01
7026	606	3.15074E+01
6863	286	3.15078E+01
4596	282	3.15112E+01
4390	368	3.15113E+01
4027	365	3.15179E+01
6984	480	3.15249E+01
6984	521	3.15271E+01
4493	524	3.15298E+01
4130	284	3.15346E+01
4130	444	3.15364E+01
4596	491	3.15385E+01
1296	490	3.15390E+01
4130	487	3.15399E+01
4130	486	3.15490E+01
4027	245	3.15492E+01
4797	480	3.15496E+01
5993	366	3.15550E+01
5993	614	3.15571E+01
6984	485	3.15602E+01
5806	529	3.15686E+01
1296	204	3.15701E+01
4900	608	3.15733E+01
5993	406	3.15744E+01
1296	239	3.15758E+01
4027	281	3.15787E+01
1296	202	3.15834E+01
4027	242	3.15834E+01
4390	319	3.15838E+01
5993	367	3.15855E+01
6953	325	3.15871E+01
4900	564	3.15878E+01
6953	565	3.15907E+01
1296	606	3.15943E+01
4596	484	3.15998E+01
7026	281	3.16025E+01
6863	367	3.16026E+01
4900	565	3.16056E+01
7026	523	3.16084E+01
5993	488	3.16125E+01
5806	364	3.16132E+01
5900	324	3.16147E+01
4027	406	3.16175E+01
4027	447	3.16210E+01
5806	571	3.16242E+01
4797	610	3.16277E+01
4027	488	3.16296E+01
7026	400	3.16312E+01
5993	409	3.16372E+01
4596	244	3.16375E+01
4232	363	3.16423E+01
5900	613	3.16423E+01
6953	407	3.16437E+01
6773	239	3.16582E+01
6773	481	3.16598E+01
1296	564	3.16606E+01
4232	323	3.16647E+01
6863	440	3.16658E+01
6953	490	3.16673E+01
4390	400	3.16715E+01
4232	404	3.16733E+01
4130	321	3.16734E+01
5806	284	3.16741E+01
6984	360	3.16750E+01
6984	402	3.16753E+01
6984	439	3.16778E+01
6984	359	3.16839E+01
1296	244	3.16887E+01
7026	282	3.16912E+01
6773	201	3.16945E+01
7026	570	3.16949E+01
6984	562	3.16971E+01
6953	320	3.16991E+01
4027	528	3.17032E+01
4493	409	3.17079E+01
4596	321	3.17092E+01
4797	483	3.17166E+01
5900	364	3.17210E+01
4390	441	3.17220E+01
4130	365	3.17224E+01
5900	487	3.17228E+01
7026	487	3.17232E+01
6953	245	3.17253E+01
4390	240	3.17288E+01
4232	283	3.17309E+01
1296	284	3.17318E+01
4027	204	3.17348E+01
6953	242	3.17355E+01
4232	364	3.17378E+01
4232	322	3.17379E+01
6773	278	3.17395E+01
4900	604	3.17409E+01
6953	360	3.17419E+01
4596	285	3.17431E+01
4130	245	3.17443E+01
5806	245	3.17451E+01
4027	529	3.17503E+01
5993	326	3.17503E+01
4027	402	3.17505E+01
713	491	3.17508E+01
4596	609	3.17533E+01
6953	366	3.17545E+01
4130	528	3.17586E+01
4130	281	3.17605E+01
5806	487	3.17642E+01
4232	445	3.17729E+01
4596	245	3.17737E+01
4130	242	3.17739E+01
4596	243	3.17821E+01
4130	488	3.17822E+01
4596	567	3.17824E+01
4027	485	3.17842E+01
7026	280	3.17948E+01
4390	279	3.17963E+01
4027	361	3.17978E+01
6863	399	3.17986E+01
4900	563	3.17998E+01
5993	365	3.18010E+01
4390	202	3.18015E+01
4493	319	3.18019E+01
4130	447	3.18077E+01
4797	520	3.18096E+01
4596	361	3.18101E+01
4232	405	3.18117E+01
4130	406	3.18198E+01
4232	282	3.18215E+01
4027	325	3.18297E+01
5900	284	3.18333E+01
6953	285	3.18339E+01
4130	485	3.18349E+01
4232	403	3.18357E+01
6773	327	3.18362E+01
4493	400	3.18391E+01
6863	481	3.18452E+01
4130	529	3.18468E+01
823	491	3.18485E+01
5993	325	3.18488E+01
4493	327	3.18583E+01
4232	362	3.18591E+01
4900	566	3.18613E+01
4493	441	3.18613E+01
5993	368	3.18625E+01
4027	285	3.18645E+01
603	491	3.18648E+01
4232	446	3.18655E+01
4130	402	3.18661E+01
6984	527	3.18709E+01
713	450	3.18742E+01
1296	201	3.18743E+01
4797	568	3.18744E+01
4797	440	3.18786E+01
4797	561	3.18833E+01
5806	613	3.18840E+01
4232	244	3.18852E+01
7026	323	3.18902E+01
5993	571	3.18937E+01
4027	527	3.18963E+01
6953	532	3.18963E+01
4232	324	3.19031E+01
6773	358	3.19056E+01
4232	243	3.19130E+01
4130	527	3.19130E+01
5900	245	3.19168E+01
4596	408	3.19266E+01
7026	242	3.19271E+01
713	449	3.19272E+01
4130	204	3.19275E+01
4797	479	3.19283E+01
5993	327	3.19331E+01
6984	361	3.19372E+01
713	532	3.19378E+01
4130	361	3.19398E+01
4797	439	3.19426E+01
6863	318	3.19434E+01
7026	564	3.19459E+01
6984	358	3.19469E+01
4232	284	3.19477E+01
5993	529	3.19523E+01
4027	443	3.19539E+01
5993	286	3.19550E+01
603	450	3.19581E+01
7026	319	3.19598E+01
4232	487	3.19607E+01
713	490	3.19620E+01
4232	444	3.19687E+01
4232	486	3.19730E+01
823	450	3.19776E+01
6984	398	3.19805E+01
4493	240	3.19858E+01
7026	612	3.19906E+01
1296	522	3.19937E+01
6984	444	3.19961E+01
4900	523	3.19985E+01
6773	409	3.20026E+01
7026	359	3.20070E+01
4027	530	3.20091E+01
7026	446	3.20137E+01
5993	613	3.20158E+01
4596	281	3.20164E+01
4390	359	3.20209E+01
4493	368	3.20259E+01
823	532	3.20263E+01
603	449	3.20268E+01
4493	279	3.20297E+01
4130	443	3.20308E+01
6953	441	3.20341E+01
1296	317	3.20353E+01
4797	441	3.20360E+01
823	449	3.20368E+01
1296	407	3.20404E+01
4130	325	3.20406E+01
5993	446	3.20439E+01
6984	603	3.20475E+01
7026	241	3.20488E+01
4900	522	3.20532E+01
4027	489	3.20573E+01
7026	243	3.20640E+01
4596	525	3.20645E+01
823	490	3.20650E+01
6984	319	3.20655E+01
5993	285	3.20667E+01
4130	285	3.20692E+01
7026	283	3.20724E+01
4027	570	3.20736E+01
5993	405	3.20757E+01
4797	526	3.20784E+01
4493	202	3.20792E+01
6953	280	3.20793E+01
6953	482	3.20798E+01
4130	570	3.20897E+01
603	490	3.20933E+01
603	532	3.20962E+01
4900	609	3.21010E+01
4596	326	3.21015E+01
6953	204	3.21070E+01
7026	364	3.21168E+01
713	408	3.21222E+01
4232	321	3.21256E+01
4390	482	3.21309E+01
4232	365	3.21320E+01
5900	570	3.21454E+01
1296	398	3.21460E+01
4027	571	3.21464E+01
4130	530	3.21489E+01
4232	245	3.21523E+01
4027	241	3.21548E+01
7026	405	3.21642E+01
4797	602	3.21676E+01
6863	239	3.21680E+01
5806	323	3.21689E+01
6984	320	3.21714E+01
4130	569	3.21768E+01
7026	529	3.21770E+01
4232	528	3.21783E+01
4900	524	3.21796E+01
4027	366	3.21818E+01
4596	367	3.21820E+01
4027	448	3.21878E+01
713	409	3.21887E+01
6773	368	3.21907E+01
713	448	3.21931E+01
4596	242	3.21959E+01
6984	569	3.21965E+01
4027	320	3.21967E+01
1296	238	3.21983E+01
6984	318	3.22010E+01
4232	488	3.22012E+01
603	408	3.22028E+01
4493	359	3.22030E+01
4027	569	3.22056E+01
4130	571	3.22099E+01
4797	438	3.22107E+01
5806	404	3.22108E+01
4027	203	3.22137E+01
1296	277	3.22147E+01
4232	281	3.22158E+01
6863	278	3.22190E+01
1296	439	3.22191E+01
4232	447	3.22229E+01
4596	450	3.22233E+01
6863	201	3.22236E+01
4232	242	3.22262E+01
4900	562	3.22268E+01
4493	482	3.22291E+01
6863	450	3.22293E+01
4493	607	3.22300E+01
4232	406	3.22310E+01
823	408	3.22365E+01
6773	522	3.22374E+01
4390	607	3.22377E+01
5900	528	3.22378E+01
6953	606	3.22460E+01
4130	489	3.22479E+01
5993	487	3.22483E+01
5993	324	3.22506E+01
6953	449	3.22514E+01
4797	484	3.22524E+01
7026	279	3.22525E+01
603	409	3.22554E+01
4027	280	3.22559E+01
6953	400	3.22567E+01
4232	485	3.22635E+01
5900	404	3.22642E+01
4232	529	3.22672E+01
6953	241	3.22677E+01
1296	325	3.22689E+01
4027	407	3.22740E+01
713	407	3.22864E+01
5900	612	3.22889E+01
7026	440	3.22931E+01
6863	358	3.22942E+01
823	409	3.22959E+01
5900	445	3.22974E+01
5806	445	3.22983E+01
5900	323	3.22997E+01
603	448	3.23086E+01
823	448	3.23089E+01
4232	402	3.23124E+01
6984	403	3.23154E+01
6863	522	3.23178E+01
4900	603	3.23256E+01
713	531	3.23291E+01
4900	521	3.23297E+01
4232	527	3.23335E+01
1296	200	3.23362E+01
4130	526	3.23364E+01
4130	241	3.23445E+01
5993	364	3.23484E+01
7026	481	3.23489E+01
5806	570	3.23500E+01
4027	526	3.23550E+01
4900	567	3.23557E+01
7026	204	3.23561E+01
4130	320	3.23567E+01
6984	479	3.23655E+01
5806	528	3.23704E+01
713	489	3.23736E+01
4232	204	3.23753E+01
4596	442	3.23765E+01
1296	366	3.23771E+01
5806	244	3.23781E+01
5806	283	3.23786E+01
6953	523	3.23793E+01
603	407	3.23810E+01
6863	605	3.23832E+01
4232	361	3.23939E+01
4027	572	3.23942E+01
4027	484	3.23960E+01
4596	286	3.23996E+01
4390	565	3.24042E+01
4130	366	3.24047E+01
4596	401	3.24056E+01
4130	448	3.24064E+01
823	407	3.24078E+01
4130	203	3.24082E+01
7026	240	3.24135E+01
7026	203	3.24167E+01
4130	484	3.24182E+01
823	531	3.24222E+01
1296	357	3.24224E+01
4493	565	3.24281E+01
4797	442	3.24299E+01
4130	280	3.24337E+01
4797	398	3.24338E+01
713	367	3.24372E+01
6984	438	3.24407E+01
4232	325	3.24425E+01
4797	399	3.24428E+01
6984	357	3.24468E+01
4027	531	3.24498E+01
6953	326	3.24520E+01
7026	399	3.24552E+01
1296	245	3.24584E+01
1296	449	3.24611E+01
6984	486	3.24619E+01
4900	481	3.24635E+01
5806	363	3.24641E+01
4232	285	3.24689E+01
4232	443	3.24713E+01
7026	244	3.24738E+01
6984	520	3.24743E+01
6863	327	3.24757E+01
7026	605	3.24798E+01
823	489	3.24819E+01
6984	362	3.24847E+01
5993	284	3.24884E+01
6984	611	3.24896E+01
4596	204	3.24913E+01
4797	478	3.24926E+01
4797	519	3.25000E+01
4130	568	3.25004E+01
4130	407	3.25016E+01
603	531	3.25060E+01
4130	572	3.25068E+01
4232	570	3.25074E+01
4130	612	3.25081E+01
603	367	3.25095E+01
4596	320	3.25161E+01
603	489	3.25223E+01
6984	279	3.25236E+01
4797	611	3.25244E+01
713	573	3.25272E+01
1296	491	3.25274E+01
6773	605	3.25288E+01
5900	283	3.25326E+01
6984	321	3.25374E+01
4900	482	3.25450E+01
4027	612	3.25480E+01
5900	244	3.25488E+01
4027	401	3.25526E+01
713	368	3.25543E+01
823	367	3.25558E+01
6953	203	3.25558E+01
5900	363	3.25567E+01
6984	317	3.25598E+01
5993	570	3.25674E+01
4027	568	3.25709E+01
4232	530	3.25710E+01
5993	245	3.25742E+01
713	366	3.25763E+01
4130	611	3.25794E+01
7026	571	3.25819E+01
5806	612	3.25836E+01
4232	569	3.25916E+01
4027	613	3.25969E+01
823	573	3.26023E+01
4900	525	3.26045E+01
4900	480	3.26064E+01
6953	319	3.26081E+01
4130	613	3.26093E+01
7026	522	3.26111E+01
603	368	3.26148E+01
4797	397	3.26208E+01
1296	480	3.26233E+01
6773	200	3.26258E+01
6984	280	3.26286E+01
5900	486	3.26292E+01
7026	324	3.26293E+01
4232	571	3.26318E+01
4130	531	3.26343E+01
6984	278	3.26368E+01
7026	488	3.26424E+01
4027	360	3.26470E+01
5993	612	3.26494E+01
4130	401	3.26516E+01
4027	326	3.26516E+01
4596	483	3.26573E+01
6953	408	3.26580E+01
603	366	3.26606E+01
4797	437	3.26640E+01
4797	400	3.26645E+01
6953	286	3.26645E+01
823	368	3.26649E+01
4232	489	3.26659E+01
4027	611	3.26695E+01
4027	490	3.26767E+01
6953	491	3.26836E+01
4027	286	3.26868E+01
7026	318	3.26899E+01
7026	202	3.26903E+01
713	447	3.27001E+01
4596	608	3.27003E+01
6984	397	3.27016E+01
823	366	3.27031E+01
5806	486	3.27036E+01
4797	560	3.27060E+01
713	406	3.27090E+01
1296	285	3.27153E+01
5993	528	3.27180E+01
4390	201	3.27228E+01
603	573	3.27453E+01
6863	409	3.27495E+01
7026	284	3.27518E+01
6953	367	3.27562E+01
4232	526	3.27594E+01
6773	238	3.27605E+01
1296	605	3.27697E+01
6984	561	3.27716E+01
4130	360	3.27773E+01
4596	360	3.27775E+01
4797	569	3.27822E+01
4027	442	3.27861E+01
4027	614	3.27871E+01
4027	573	3.27874E+01
4596	280	3.27977E+01
6953	359	3.27986E+01
4232	366	3.28050E+01
4390	239	3.28072E+01
4900	520	3.28095E+01
4232	241	3.28119E+01
603	406	3.28177E+01
4232	448	3.28178E+01
713	326	3.28182E+01
4596	409	3.28185E+01
823	447	3.28223E+01
4232	320	3.28228E+01
4596	566	3.28304E+01
603	447	3.28314E+01
823	406	3.28379E+01
6773	317	3.28394E+01
4130	442	3.28416E+01
4900	610	3.28427E+01
4900	561	3.28490E+01
4232	484	3.28530E+01
4130	614	3.28533E+01
4130	610	3.28538E+01
713	327	3.28619E+01
4596	241	3.28644E+01
4900	483	3.28647E+01
4232	203	3.28711E+01
4130	326	3.28751E+01
5993	445	3.28789E+01
7026	358	3.28798E+01
1296	163	3.28813E+01
4390	318	3.28821E+01
5993	404	3.28835E+01
6863	368	3.28859E+01
4390	523	3.28892E+01
603	326	3.28907E+01
4130	286	3.28985E+01
7026	613	3.29028E+01
4232	280	3.29037E+01
4232	407	3.29061E+01
4130	490	3.29065E+01
713	530	3.29115E+01
4232	568	3.29140E+01
4027	202	3.29195E+01
1296	563	3.29234E+01
4232	612	3.29241E+01
603	327	3.29247E+01
4232	572	3.29338E+01
4493	523	3.29343E+01
6953	564	3.29348E+01
823	326	3.29429E+01
6984	445	3.29485E+01
6984	277	3.29502E+01
4130	573	3.29504E+01
4797	527	3.29515E+01
6984	528	3.29527E+01
4900	479	3.29555E+01
1296	199	3.29557E+01
7026	278	3.29576E+01
4027	449	3.29603E+01
6953	279	3.29643E+01
6773	439	3.29657E+01
4493	201	3.29697E+01
5993	323	3.29711E+01
6984	281	3.29714E+01
823	327	3.29775E+01
4797	357	3.29797E+01
6773	398	3.29815E+01
4900	440	3.29821E+01
4027	240	3.29828E+01
4797	396	3.29870E+01
4232	611	3.29892E+01
4027	610	3.29909E+01
713	365	3.29968E+01
1296	237	3.29983E+01
6773	277	3.30017E+01
7026	239	3.30043E+01
7026	447	3.30059E+01
4596	327	3.30079E+01
823	530	3.30092E+01
713	488	3.30139E+01
4900	439	3.30179E+01
4797	358	3.30188E+01
4390	278	3.30277E+01
4493	239	3.30313E+01
4232	613	3.30326E+01
4797	485	3.30376E+01
6953	240	3.30376E+01
4027	532	3.30425E+01
6984	240	3.30484E+01
4130	525	3.30504E+01
7026	365	3.30527E+01
4232	531	3.30589E+01
4596	203	3.30596E+01
6984	239	3.30615E+01
713	325	3.30617E+01
4493	318	3.30635E+01
5900	569	3.30642E+01
4797	443	3.30714E+01
6863	563	3.30789E+01
4900	568	3.30825E+01
7026	563	3.30838E+01
4130	567	3.30869E+01
4900	602	3.30930E+01
603	365	3.30931E+01
4027	367	3.30979E+01
4027	525	3.31006E+01
6773	163	3.31013E+01
603	530	3.31069E+01
713	572	3.31090E+01
4232	401	3.31093E+01
1296	316	3.31095E+01
4797	401	3.31151E+01
4130	202	3.31161E+01
4797	601	3.31203E+01
4797	356	3.31222E+01
6773	563	3.31232E+01
6984	316	3.31259E+01
823	488	3.31277E+01
823	365	3.31320E+01
4596	368	3.31399E+01
5900	611	3.31406E+01
4390	399	3.31434E+01
603	325	3.31442E+01
6863	200	3.31473E+01
4027	408	3.31559E+01
7026	201	3.31611E+01
6984	356	3.31665E+01
7026	245	3.31676E+01
4900	441	3.31678E+01
5993	486	3.31690E+01
7026	406	3.31715E+01
4130	240	3.31722E+01
603	488	3.31799E+01
6984	322	3.31804E+01
5003	607	3.31822E+01
4027	319	3.31844E+01
1296	276	3.31869E+01
5806	322	3.31877E+01
823	572	3.31881E+01
4027	567	3.31953E+01
823	325	3.31957E+01
713	286	3.31990E+01
6863	439	3.32056E+01
7026	530	3.32089E+01
4027	279	3.32106E+01
6953	202	3.32115E+01
4130	449	3.32118E+01
5993	363	3.32160E+01
4797	477	3.32203E+01
4493	278	3.32262E+01
5993	283	3.32270E+01
6984	241	3.32341E+01
1296	408	3.32372E+01
4390	440	3.32436E+01
4232	360	3.32444E+01
5993	244	3.32476E+01
4596	524	3.32504E+01
4797	359	3.32545E+01
6984	404	3.32548E+01
6984	238	3.32566E+01
4900	438	3.32577E+01
4232	610	3.32588E+01
6863	238	3.32595E+01
6984	602	3.32618E+01
6863	317	3.32652E+01
4232	326	3.32656E+01
603	286	3.32700E+01
5003	606	3.32702E+01
4493	399	3.32712E+01
4130	532	3.32726E+01
5900	527	3.32735E+01
4900	526	3.32742E+01
4797	436	3.32828E+01
4232	614	3.32846E+01
4232	286	3.32849E+01
4232	442	3.32918E+01
6863	398	3.32928E+01
5806	243	3.33091E+01
5900	322	3.33094E+01
5806	569	3.33131E+01
4130	483	3.33133E+01
4027	483	3.33159E+01
6773	480	3.33194E+01
823	286	3.33242E+01
4232	490	3.33242E+01
6984	363	3.33272E+01
5003	608	3.33331E+01
5806	403	3.33341E+01
4130	319	3.33376E+01
4130	367	3.33401E+01
4493	440	3.33419E+01
603	572	3.33462E+01
4797	518	3.33465E+01
1296	521	3.33573E+01
4130	609	3.33601E+01
6953	440	3.33675E+01
5900	403	3.33681E+01
1296	162	3.33794E+01
4232	573	3.33830E+01
4130	279	3.33852E+01
6953	450	3.33859E+01
6984	570	3.33966E+01
5806	282	3.33978E+01
4130	408	3.34096E+01
713	405	3.34147E+01
6773	357	3.34233E+01
5900	444	3.34254E+01
713	285	3.34297E+01
4900	484	3.34319E+01
4797	355	3.34320E+01
7026	439	3.34323E+01
6984	437	3.34371E+01
5806	527	3.34434E+01
1296	397	3.34436E+01
6984	478	3.34458E+01
6984	276	3.34484E+01
5806	444	3.34513E+01
4027	491	3.34576E+01
6863	277	3.34669E+01
4900	519	3.34704E+01
6863	480	3.34706E+01
713	446	3.34743E+01
4232	525	3.34778E+01
5900	243	3.34789E+01
5806	611	3.34855E+01
5993	569	3.34863E+01
6953	481	3.34885E+01
4900	478	3.34908E+01
5993	611	3.34927E+01
1296	326	3.34941E+01
4390	358	3.34976E+01
4232	567	3.35013E+01
603	285	3.35086E+01
4797	395	3.35152E+01
4900	398	3.35195E+01
603	405	3.35372E+01
4027	609	3.35405E+01
5900	282	3.35473E+01
4797	316	3.35485E+01
823	405	3.35512E+01
4900	399	3.35548E+01
7026	480	3.35589E+01
6953	399	3.35624E+01
823	285	3.35649E+01
7026	398	3.35691E+01
6984	282	3.35710E+01
5003	565	3.35714E+01
4797	317	3.35722E+01
6953	327	3.35786E+01
713	614	3.35863E+01
4900	442	3.35901E+01
1296	438	3.35905E+01
4232	202	3.35941E+01
5003	605	3.35943E+01
4797	612	3.35990E+01
6984	201	3.35991E+01
4596	319	3.36021E+01
823	446	3.36033E+01
713	324	3.36097E+01
6984	237	3.36185E+01
4232	449	3.36199E+01
603	446	3.36212E+01
6863	163	3.36306E+01
6984	242	3.36365E+01
4596	400	3.36370E+01
4493	358	3.36413E+01
5806	362	3.36420E+01
4900	560	3.36425E+01
823	614	3.36429E+01
6984	396	3.36438E+01
6984	487	3.36462E+01
4596	441	3.36478E+01
1296	450	3.36498E+01
1296	367	3.36502E+01
4232	240	3.36547E+01
7026	572	3.36587E+01
4493	606	3.36593E+01
6984	519	3.36612E+01
7026	325	3.36650E+01
5003	566	3.36654E+01
6984	200	3.36667E+01
4027	400	3.36689E+01
4797	559	3.36727E+01
7026	317	3.36740E+01
4900	397	3.36799E+01
4900	437	3.36830E+01
1296	356	3.36845E+01
4797	315	3.36865E+01
6984	202	3.36911E+01
4232	532	3.37001E+01
603	324	3.37022E+01
4797	360	3.37032E+01
4390	606	3.37105E+01
713	529	3.37133E+01
5003	609	3.37175E+01
6773	199	3.37179E+01
713	364	3.37185E+01
1296	198	3.37193E+01
5003	564	3.37211E+01
5900	362	3.37211E+01
4130	491	3.37272E+01
7026	285	3.37283E+01
4232	367	3.37315E+01
4027	327	3.37338E+01
4390	481	3.37452E+01
6953	605	3.37516E+01
823	324	3.37531E+01
4130	400	3.37536E+01
6984	612	3.37543E+01
4232	483	3.37560E+01
4232	609	3.37624E+01
5993	527	3.37632E+01
4797	318	3.37696E+01
4596	240	3.37708E+01
7026	604	3.37743E+01
4900	611	3.37818E+01
6953	318	3.37818E+01
6863	357	3.37902E+01
7026	489	3.37941E+01
4027	359	3.38001E+01
4493	481	3.38017E+01
4900	400	3.38026E+01
7026	238	3.38040E+01
4232	408	3.38081E+01
4797	402	3.38087E+01
7026	200	3.38146E+01
823	529	3.38159E+01
4232	319	3.38181E+01
4390	200	3.38218E+01
603	364	3.38268E+01
4027	201	3.38358E+01
4596	202	3.38360E+01
4596	279	3.38381E+01
5900	485	3.38411E+01
823	364	3.38625E+01
4232	279	3.38701E+01
6953	409	3.38723E+01
713	571	3.38749E+01
603	614	3.38798E+01
6984	199	3.38818E+01
6984	315	3.38842E+01
7026	277	3.38922E+01
4797	570	3.38934E+01
4797	354	3.38950E+01
6953	522	3.39007E+01
4027	450	3.39078E+01
713	487	3.39094E+01
4596	607	3.39200E+01
4130	359	3.39204E+01
603	529	3.39269E+01
7026	521	3.39283E+01
4027	441	3.39344E+01
5806	485	3.39453E+01
6984	203	3.39560E+01
1749	80	3.39576E+01
823	571	3.39581E+01
4130	566	3.39583E+01
1296	236	3.39605E+01
1296	286	3.39645E+01
4797	444	3.39661E+01
713	284	3.39699E+01
4130	327	3.39701E+01
4130	441	3.39719E+01
7026	614	3.39722E+01
1749	81	3.39729E+01
4797	314	3.39750E+01
4493	564	3.39805E+01
6953	368	3.39851E+01
1296	161	3.39928E+01
4390	564	3.39994E+01
5003	567	3.40049E+01
1749	79	3.40081E+01
6773	521	3.40147E+01
5993	403	3.40165E+01
4900	601	3.40175E+01
5993	322	3.40181E+01
4596	482	3.40182E+01
4900	396	3.40193E+01
7026	357	3.40206E+01
6953	239	3.40271E+01
823	487	3.40292E+01
4900	569	3.40295E+01
5993	444	3.40307E+01
4596	359	3.40319E+01
4130	201	3.40348E+01
4493	200	3.40373E+01
5003	523	3.40448E+01
6773	237	3.40458E+01
4797	435	3.40469E+01
4027	239	3.40504E+01
6773	162	3.40512E+01
4797	528	3.40515E+01
5003	524	3.40553E+01
603	284	3.40569E+01
6953	201	3.40577E+01
6863	521	3.40593E+01
4900	357	3.40676E+01
4797	486	3.40682E+01
4130	524	3.40705E+01
6984	560	3.40803E+01
4390	238	3.40884E+01
6984	355	3.40884E+01
4797	476	3.40887E+01
6953	278	3.40901E+01
603	487	3.40923E+01
1296	479	3.40967E+01
4797	276	3.40975E+01
4027	566	3.41001E+01
5003	563	3.41049E+01
6984	323	3.41123E+01
823	284	3.41154E+01
6984	275	3.41180E+01
1749	78	3.41223E+01
4130	608	3.41247E+01
6863	604	3.41260E+01
603	571	3.41311E+01
4900	358	3.41312E+01
4797	275	3.41313E+01
6953	358	3.41324E+01
6984	236	3.41336E+01
5003	604	3.41436E+01
4232	491	3.41449E+01
4027	524	3.41481E+01
4797	319	3.41549E+01
4596	565	3.41689E+01
1296	604	3.41822E+01
4900	527	3.41829E+01
4900	356	3.41850E+01
713	245	3.41867E+01
4797	394	3.41879E+01
6984	446	3.41894E+01
4900	477	3.41903E+01
4130	450	3.41926E+01
4797	600	3.42005E+01
4797	277	3.42104E+01
1749	602	3.42132E+01
5993	243	3.42197E+01
4232	400	3.42238E+01
5900	610	3.42306E+01
6863	199	3.42309E+01
6984	163	3.42315E+01
4027	409	3.42325E+01
6984	198	3.42325E+01
4027	368	3.42374E+01
4130	239	3.42399E+01
7026	448	3.42417E+01
4900	485	3.42491E+01
5900	568	3.42538E+01
4900	443	3.42601E+01
7026	366	3.42673E+01
4390	163	3.42686E+01
603	245	3.42696E+01
1749	603	3.42714E+01
6984	243	3.42739E+01
5003	522	3.42741E+01
4900	436	3.42742E+01
4900	401	3.42789E+01
4493	238	3.42791E+01
5993	282	3.42819E+01
4900	518	3.42886E+01
1749	601	3.42888E+01
6984	529	3.42934E+01
1749	77	3.42966E+01
4797	274	3.43032E+01
7026	163	3.43062E+01
6773	604	3.43136E+01
5003	525	3.43149E+01
5003	610	3.43238E+01
4797	517	3.43241E+01
823	245	3.43295E+01
1296	275	3.43371E+01
4027	608	3.43437E+01
4232	327	3.43496E+01
6984	162	3.43501E+01
713	613	3.43601E+01
4232	566	3.43758E+01
1296	315	3.43789E+01
4797	361	3.43819E+01
4900	359	3.43909E+01
5993	485	3.43998E+01
4232	359	3.44013E+01
4797	313	3.44029E+01
6773	316	3.44030E+01
6984	204	3.44098E+01
5993	362	3.44147E+01
823	613	3.44203E+01
713	404	3.44227E+01
4390	317	3.44227E+01
1296	562	3.44231E+01
4027	278	3.44249E+01
4232	441	3.44331E+01
7026	531	3.44352E+01
7026	407	3.44380E+01
6984	283	3.44434E+01
5806	204	3.44447E+01
4027	318	3.44526E+01
6773	276	3.44652E+01
6984	364	3.44670E+01
4900	355	3.44695E+01
713	323	3.44726E+01
1749	600	3.44800E+01
4390	277	3.44800E+01
4797	278	3.44801E+01
1749	604	3.44807E+01
6984	405	3.44887E+01
4493	163	3.44903E+01
4797	353	3.44964E+01
4130	368	3.44992E+01
4232	524	3.45046E+01
4130	409	3.45128E+01
4900	395	3.45208E+01
5003	482	3.45232E+01
5806	242	3.45249E+01
1749	76	3.45254E+01
4130	482	3.45258E+01
4232	608	3.45266E+01
4232	201	3.45278E+01
5806	321	3.45294E+01
6863	237	3.45335E+01
7026	562	3.45347E+01
713	445	3.45378E+01
5806	568	3.45429E+01
4027	482	3.45495E+01
603	404	3.45588E+01
823	404	3.45673E+01
4493	317	3.45673E+01
6863	162	3.45739E+01
603	323	3.45749E+01
6984	161	3.45789E+01
5993	610	3.45798E+01
4900	559	3.45814E+01
1749	560	3.45820E+01
5003	568	3.45840E+01
1296	409	3.45946E+01
6953	563	3.45958E+01
4130	278	3.45971E+01
4232	450	3.45978E+01
4130	318	3.46003E+01
4797	273	3.46049E+01
5900	526	3.46097E+01
1296	197	3.46130E+01
672	491	3.46165E+01
4797	236	3.46185E+01
5003	481	3.46187E+01
5806	610	3.46217E+01
4797	235	3.46237E+01
823	323	3.46257E+01
4390	522	3.46262E+01
5900	204	3.46279E+01
4493	522	3.46294E+01
4900	316	3.46298E+01
672	532	3.46345E+01
1749	559	3.46362E+01
7026	199	3.46363E+01
6984	436	3.46427E+01
5900	321	3.46430E+01
4493	277	3.46432E+01
1749	561	3.46574E+01
782	491	3.46653E+01
5003	483	3.46693E+01
603	613	3.46726E+01
823	445	3.46740E+01
4900	317	3.46767E+01
782	532	3.46774E+01
562	491	3.46786E+01
5993	568	3.46817E+01
5900	242	3.46941E+01
6984	601	3.46993E+01
603	445	3.46999E+01
5003	562	3.47065E+01
6984	197	3.47071E+01
1296	160	3.47110E+01
5806	281	3.47242E+01
5003	521	3.47276E+01
562	532	3.47298E+01
4596	523	3.47359E+01
4232	239	3.47376E+01
4797	237	3.47380E+01
6984	477	3.47386E+01
4900	315	3.47441E+01
4797	320	3.47453E+01
4797	234	3.47471E+01
6773	397	3.47547E+01
713	363	3.47551E+01
4797	403	3.47556E+01
4797	558	3.47564E+01
713	528	3.47611E+01
1749	599	3.47690E+01
672	490	3.47770E+01
6984	395	3.47855E+01
5806	402	3.47875E+01
6984	235	3.47898E+01
7026	237	3.47955E+01
6773	438	3.47999E+01
1749	75	3.48016E+01
1749	558	3.48033E+01
4596	201	3.48041E+01
5900	402	3.48044E+01
6863	316	3.48112E+01
5806	526	3.48129E+01
6984	314	3.48197E+01
713	283	3.48218E+01
5003	526	3.48254E+01
6984	571	3.48283E+01
782	490	3.48306E+01
4797	613	3.48316E+01
1749	113	3.48404E+01
562	490	3.48527E+01
713	570	3.48530E+01
1749	605	3.48563E+01
7026	438	3.48574E+01
4900	360	3.48630E+01
823	528	3.48691E+01
5900	281	3.48696E+01
603	363	3.48750E+01
1749	562	3.48795E+01
1749	112	3.48809E+01
4232	368	3.48821E+01
5900	443	3.48822E+01
672	450	3.48826E+01
4390	398	3.48841E+01
1749	114	3.48910E+01
7026	573	3.48946E+01
672	449	3.48949E+01
7026	316	3.48950E+01
4900	318	3.48965E+01
4596	239	3.48973E+01
4900	612	3.48995E+01
5003	603	3.49001E+01
4232	409	3.49053E+01
4900	354	3.49069E+01
823	363	3.49080E+01
6984	160	3.49095E+01
6863	276	3.49160E+01
603	283	3.49167E+01
4797	279	3.49198E+01
562	450	3.49238E+01
5806	443	3.49300E+01
782	450	3.49343E+01
4797	121	3.49343E+01
4797	434	3.49355E+01
5003	480	3.49404E+01
823	570	3.49407E+01
4797	120	3.49412E+01
1749	518	3.49452E+01
6984	274	3.49464E+01
4027	200	3.49467E+01
562	449	3.49477E+01
713	244	3.49481E+01
4596	318	3.49491E+01
1296	520	3.49493E+01
1296	327	3.49499E+01
1296	396	3.49521E+01
782	449	3.49523E+01
7026	397	3.49547E+01
6773	198	3.49552E+01
6863	562	3.49566E+01
4797	312	3.49583E+01
672	531	3.49706E+01
4493	398	3.49724E+01
823	283	3.49777E+01
4232	482	3.49783E+01
7026	326	3.49820E+01
4797	233	3.49829E+01
1749	517	3.49832E+01
4797	393	3.49871E+01
4797	238	3.49907E+01
603	528	3.49924E+01
7026	286	3.49945E+01
6953	439	3.49953E+01
4900	402	3.49981E+01
4797	122	3.50000E+01
1749	111	3.50067E+01
4900	314	3.50085E+01
4900	435	3.50112E+01
7026	162	3.50121E+01
6863	438	3.50129E+01
4797	196	3.50172E+01
782	531	3.50174E+01
4797	119	3.50190E+01
672	573	3.50274E+01
4797	272	3.50283E+01
4900	476	3.50313E+01
1749	519	3.50322E+01
6773	562	3.50359E+01
1749	115	3.50362E+01
603	244	3.50372E+01
7026	276	3.50391E+01
6863	397	3.50421E+01
4390	439	3.50426E+01
6984	518	3.50579E+01
4797	195	3.50599E+01
782	573	3.50604E+01
7026	479	3.50623E+01
1749	557	3.50671E+01
5003	484	3.50674E+01
1296	235	3.50698E+01
4900	600	3.50714E+01
4797	197	3.50730E+01
4797	475	3.50746E+01
6953	200	3.50789E+01
1859	80	3.50800E+01
562	531	3.50810E+01
4390	199	3.50828E+01
713	486	3.50834E+01
1859	81	3.50873E+01
4027	399	3.50898E+01
4232	318	3.50956E+01
6984	488	3.50957E+01
5003	440	3.50966E+01
4232	278	3.50972E+01
4493	439	3.51005E+01
823	244	3.51018E+01
5003	441	3.51035E+01
4797	445	3.51132E+01
5993	526	3.51142E+01
1296	368	3.51149E+01
6773	161	3.51149E+01
1749	74	3.51164E+01
4596	278	3.51181E+01
603	570	3.51276E+01
4130	565	3.51300E+01
1749	516	3.51311E+01
5003	611	3.51351E+01
1859	79	3.51378E+01
1749	598	3.51392E+01
672	448	3.51426E+01
1296	355	3.51450E+01
7026	490	3.51479E+01
4130	200	3.51484E+01
6953	398	3.51486E+01
5806	361	3.51488E+01
4596	399	3.51556E+01
672	489	3.51615E+01
4130	399	3.51629E+01
6984	244	3.51639E+01
4900	394	3.51671E+01
4797	118	3.51678E+01
4130	607	3.51687E+01
562	573	3.51695E+01
6773	356	3.51741E+01
1296	437	3.51771E+01
4900	570	3.51807E+01
4900	444	3.51835E+01
4900	276	3.51843E+01
4797	571	3.51891E+01
6984	354	3.51937E+01
4900	275	3.51959E+01
4797	194	3.51977E+01
4797	157	3.51979E+01
6953	480	3.51990E+01
6953	317	3.52009E+01
782	448	3.52061E+01
562	448	3.52071E+01
823	486	3.52097E+01
1749	110	3.52097E+01
4596	440	3.52142E+01
5900	361	3.52159E+01
6953	238	3.52177E+01
4797	158	3.52178E+01
782	489	3.52200E+01
4797	352	3.52213E+01
6984	613	3.52228E+01
4390	357	3.52253E+01
672	408	3.52284E+01
4797	198	3.52333E+01
4900	517	3.52391E+01
4027	358	3.52427E+01
6773	479	3.52465E+01
1859	602	3.52477E+01
562	489	3.52505E+01
4797	156	3.52581E+01
1859	78	3.52588E+01
1749	520	3.52595E+01
1749	563	3.52645E+01
4493	199	3.52667E+01
562	408	3.52689E+01
1749	116	3.52767E+01
603	486	3.52826E+01
1749	476	3.52868E+01
782	408	3.52882E+01
6984	196	3.52941E+01
1859	603	3.52953E+01
4027	565	3.52999E+01
4900	319	3.53034E+01
4797	362	3.53060E+01
4900	486	3.53121E+01
5003	439	3.53124E+01
713	612	3.53127E+01
1749	475	3.53163E+01
