      5.12652     0.120374  0.000334727      1.00000
      5.15676     0.113733   0.00313996      1.00000
      5.18700     0.112004   0.00449596      1.00000
      5.21725     0.105145   0.00596582      1.00000
      5.24749     0.104346   0.00178023      1.00000
      5.27773     0.104267   0.00348818      1.00000
      5.30797     0.106333   0.00407645      1.00000
      5.33821     0.112044  0.000232850      1.00000
      5.36846     0.110336   0.00499452      1.00000
      5.39870     0.113367  0.000376164      1.00000
      5.42894     0.114173  0.000761836      1.00000
      5.45918     0.114706   0.00294369      1.00000
      5.48942     0.113371   0.00290190      1.00000
      5.51967     0.114937   0.00279539      1.00000
      5.54991     0.113965   0.00185007      1.00000
      5.58015     0.114861   0.00320521      1.00000
      5.61039     0.113295   0.00174177      1.00000
      5.64063     0.113453   0.00136788      1.00000
      5.67088     0.111774  0.000516322      1.00000
      5.70112     0.113076  0.000226152      1.00000
      5.73136     0.112482   0.00208380      1.00000
      5.76160     0.111865   0.00551680      1.00000
      5.79184     0.113267   0.00294460      1.00000
      5.82209     0.117717   0.00154255      1.00000
      5.85233     0.114646   0.00250787      1.00000
      5.88257     0.114227   0.00527001      1.00000
      5.91281     0.118987   0.00788649      1.00000
      5.94305     0.117747   0.00618666      1.00000
      5.97330     0.119262   0.00582416      1.00000
      6.00354     0.118797   0.00416919      1.00000
      6.03378     0.120871   0.00510235      1.00000
      6.06402     0.116583   0.00247544      1.00000
      6.09426     0.116357   0.00342923      1.00000
      6.12451     0.116969   0.00303125      1.00000
      6.15475     0.116976   0.00296093      1.00000
      6.18499     0.118950   0.00240162      1.00000
      6.21523     0.120012   0.00471470      1.00000
      6.24547     0.122692  0.000383980      1.00000
      6.27572     0.118245  0.000633226      1.00000
      6.30596     0.122638   0.00535257      1.00000
      6.33620     0.121600   0.00370985      1.00000
      6.36644     0.119593   0.00640022      1.00000
      6.39668     0.122199    0.0108852      1.00000
      6.42693     0.123578   0.00753377      1.00000
      6.45717     0.121870   0.00465920      1.00000
      6.48741     0.121125   0.00166973      1.00000
      6.51765     0.118324   0.00110030      1.00000
      6.54789     0.119531   0.00229541      1.00000
      6.57814     0.121809  0.000747740      1.00000
      6.60838     0.120632   0.00405666      1.00000
      6.63862     0.113789   0.00409607      1.00000
      6.66886     0.119221  0.000854306      1.00000
      6.69910     0.117079   0.00426124      1.00000
      6.72935     0.116837   0.00199777      1.00000
      6.75959     0.116470   0.00122101      1.00000
      6.78983     0.121778  0.000729516      1.00000
      6.82007     0.119564   0.00328651      1.00000
      6.85031     0.121144   0.00621636      1.00000
      6.88056     0.117593   0.00622854      1.00000
      6.91080     0.117952   0.00167670      1.00000
      6.94104     0.119035  0.000238071      1.00000
      6.97128     0.115097  0.000588889      1.00000
      7.00152     0.109211   0.00286394      1.00000
      7.03177     0.113094   0.00625387      1.00000
      7.06201     0.116411   0.00106660      1.00000
      7.09225     0.114201   0.00539904      1.00000
      7.12249     0.110542   0.00457155      1.00000
      7.15273     0.107468   0.00258775      1.00000
      7.18298     0.106009    0.0196805      1.00000
      7.21322     0.107920    0.0281945      1.00000
      7.24346     0.117771   0.00677939      1.00000
      7.27370     0.113643   0.00360025      1.00000
      7.30394     0.108211   0.00623219      1.00000
      7.33419     0.104999  0.000718262      1.00000
      7.36443     0.111394  0.000971440      1.00000
      7.39467     0.110569   0.00737626      1.00000
      7.42491     0.116814    0.0111221      1.00000
      7.45515     0.111914   0.00197787      1.00000
      7.48540     0.107554   0.00509494      1.00000
      7.51564     0.106188  0.000291524      1.00000
      7.57612     0.104086   0.00539667      1.00000
      7.63660     0.103806   0.00225055      1.00000
      7.69709     0.103009   0.00531170      1.00000
      7.75757     0.102881   0.00282271      1.00000
      7.81805     0.104242   0.00113283      1.00000
      7.87854     0.105344   0.00121869      1.00000
      7.93902     0.106785   0.00102148      1.00000
      7.99951     0.109086  0.000218172      1.00000
      8.05999     0.111289  0.000492483      1.00000
      8.12047     0.112707   0.00268236      1.00000
      8.18096     0.111916  0.000478394      1.00000
      8.24144     0.109029  0.000719547      1.00000
      8.30192     0.109080  0.000328749      1.00000
      8.36241     0.108965  0.000217930      1.00000
      8.42289     0.110608  0.000757765      1.00000
      8.48337     0.108492   0.00213974      1.00000
      8.54386     0.107196   0.00131055      1.00000
      8.60434     0.108680  0.000363595      1.00000
      8.66483     0.109330  0.000218660      1.00000
      8.72531     0.106829   0.00381598      1.00000
      8.78579     0.105727   0.00114411      1.00000
      8.84628     0.105857   0.00215695      1.00000
      8.90676     0.104659   0.00370100      1.00000
      8.96724     0.104528  0.000287993      1.00000
      9.02773     0.104524   0.00189132      1.00000
      9.08821     0.105962   0.00102341      1.00000
      9.14869     0.100606  0.000759736      1.00000
      9.20918     0.102103  0.000647524      1.00000
      9.26966     0.100041  0.000767512      1.00000
      9.33015     0.100321   0.00317450      1.00000
      9.39063    0.0998112   0.00127170      1.00000
      9.45111    0.0966015   0.00125030      1.00000
      9.51160    0.0957895   0.00389345      1.00000
      9.57208    0.0949614   0.00548477      1.00000
      9.63256    0.0942008   0.00113075      1.00000
      9.69305    0.0963380   0.00121098      1.00000
      9.75353    0.0955957   0.00338052      1.00000
      9.81401    0.0958978   0.00182525      1.00000
      9.87450    0.0936678   0.00264197      1.00000
      9.93498    0.0963336   0.00671734      1.00000
      9.99547    0.0940445   0.00596669      1.00000
      10.0560    0.0944518   0.00278322      1.00000
      10.1164    0.0935770  0.000477300      1.00000
      10.1769    0.0922641  0.000204216      1.00000
      10.2374    0.0942951   0.00355041      1.00000
      10.2979    0.0940693   0.00192397      1.00000
      10.3584    0.0937758   0.00167637      1.00000
      10.4188    0.0947367   0.00111209      1.00000
      10.4793    0.0943367  0.000430084      1.00000
      10.5398    0.0951788   0.00121471      1.00000
      10.6003    0.0967135   0.00117025      1.00000
      10.6608    0.0960562   0.00178065      1.00000
      10.7213    0.0964164   0.00343620      1.00000
      10.7817    0.0952716   0.00146342      1.00000
      10.8422    0.0887160  0.000523363      1.00000
      10.9027    0.0926062   0.00305338      1.00000
      10.9632    0.0908664   0.00266526      1.00000
      11.0237    0.0949740   0.00253634      1.00000
      11.0842    0.0902514   0.00205695      1.00000
      11.1447    0.0878309   0.00258100      1.00000
      11.2051    0.0894805   0.00162717      1.00000
      11.2656    0.0909058   0.00242042      1.00000
      11.3261    0.0914673   0.00353309      1.00000
      11.3866    0.0907609  0.000297215      1.00000
      11.4471    0.0924317  0.000861140      1.00000
      11.5076    0.0873082  0.000614821      1.00000
      11.5680    0.0917395   0.00200663      1.00000
      11.6285    0.0878887   0.00709241      1.00000
      11.6890    0.0876426  0.000822548      1.00000
      11.7495    0.0856397   0.00250034      1.00000
      11.8100    0.0850319   0.00356660      1.00000
      11.8705    0.0826880  0.000270111      1.00000
      11.9309    0.0860616   0.00128816      1.00000
      11.9914    0.0850731   0.00400828      1.00000
      12.0519    0.0826396   0.00109415      1.00000
      12.1124    0.0866415   0.00205415      1.00000
      12.1729    0.0796792   0.00111612      1.00000
      12.2334    0.0805915   0.00410334      1.00000
      12.2938    0.0784789   0.00188787      1.00000
      12.3543    0.0774969   0.00688725      1.00000
      12.4148    0.0746583   0.00716776      1.00000
      12.4753    0.0725445   0.00115729      1.00000
      12.5358    0.0735670  0.000498511      1.00000
      12.5963    0.0754653  0.000150931      1.00000
      12.6567    0.0728994   0.00231592      1.00000
      12.7172    0.0731212   0.00490384      1.00000
      12.7777    0.0721686  0.000421567      1.00000
      12.8382    0.0710235   0.00283958      1.00000
      12.8987    0.0707636  0.000141527      1.00000
      12.9592    0.0701754  0.000715473      1.00000
      13.0197    0.0697189   0.00165654      1.00000
      13.0801    0.0691040   0.00195217      1.00000
      13.1406    0.0697909   0.00147212      1.00000
      13.2011    0.0675797   0.00218783      1.00000
      13.2616    0.0666759   0.00240387      1.00000
      13.3221    0.0646886   0.00633429      1.00000
      13.3826    0.0667231   0.00127228      1.00000
      13.4430    0.0618236   0.00288462      1.00000
      13.5035    0.0643970   0.00334333      1.00000
      13.5640    0.0608291   0.00604855      1.00000
      13.6245    0.0580846   0.00236490      1.00000
      13.6850    0.0517226  0.000178157      1.00000
      13.7455    0.0516749   0.00247143      1.00000
      13.8059    0.0584664  0.000829300      1.00000
      13.8664    0.0551836   0.00518267      1.00000
      13.9269    0.0550541   0.00174304      1.00000
      13.9847    0.0592490   0.00215865      1.00000
      13.9874    0.0631916  0.000494210      1.00000
      14.0479    0.0565380   0.00801072      1.00000
      14.0694    0.0620131  0.000536978      1.00000
      14.1083    0.0635626   0.00693197      1.00000
      14.1540    0.0614807   0.00186704      1.00000
      14.1688    0.0603649  0.000774964      1.00000
      14.2387    0.0633028  0.000482913      1.00000
      14.3234    0.0629976  0.000950672      1.00000
      14.4081    0.0620847  0.000668174      1.00000
      14.4927    0.0628879  0.000962514      1.00000
      14.5774    0.0609904  0.000689978      1.00000
      14.6621    0.0593002   0.00190913      1.00000
      14.7468    0.0588936   0.00410756      1.00000
      14.8315    0.0583933   0.00148253      1.00000
      14.9161    0.0585233   0.00113299      1.00000
      15.0008    0.0578164   0.00119409      1.00000
      15.0855    0.0604569  0.000372874      1.00000
      15.1701    0.0590268  0.000185136      1.00000
      15.2548    0.0592604   0.00365972      1.00000
      15.3395    0.0591997   0.00116623      1.00000
      15.4242    0.0587979  0.000713879      1.00000
      15.5089    0.0625101   0.00441656      1.00000
      15.5935    0.0598846   0.00641487      1.00000
      15.6782    0.0620468  0.000280888      1.00000
      15.7629    0.0561127  0.000986196      1.00000
      15.8476    0.0553870   0.00155888      1.00000
      15.9322    0.0561255   0.00111278      1.00000
      16.0169    0.0543112   0.00177665      1.00000
      16.1016    0.0553224  0.000427112      1.00000
      16.1863    0.0542164   0.00258539      1.00000
      16.2710    0.0499139   0.00544874      1.00000
      16.3556    0.0514008   0.00149774      1.00000
      16.4403    0.0498771   0.00215316      1.00000
      16.5250    0.0476468  9.52936e-05      1.00000
      16.6097    0.0484133   0.00108692      1.00000
      16.6943    0.0498518   0.00134670      1.00000
      16.7790    0.0501095   0.00350200      1.00000
      16.8637    0.0489154  0.000718143      1.00000
      16.9484    0.0499192   0.00371675      1.00000
      17.0330    0.0498663   0.00305177      1.00000
      17.1177    0.0512920   0.00100378      1.00000
      17.2024    0.0498668  9.97336e-05      1.00000
      17.2871    0.0506499   0.00226290      1.00000
      17.3717    0.0505745   0.00429575      1.00000
      17.4564    0.0490084   0.00457168      1.00000
      17.5411    0.0481218   0.00212911      1.00000
      17.6258    0.0463890   0.00113859      1.00000
      17.7105    0.0459895   0.00316736      1.00000
      17.7951    0.0445132   0.00139812      1.00000
      17.8798    0.0436685   0.00156177      1.00000
      17.9645    0.0467194   0.00705190      1.00000
      18.0492    0.0451863   0.00107059      1.00000
      18.1338    0.0446370  0.000884082      1.00000
      18.2185    0.0398919  0.000790454      1.00000
      18.3032    0.0432829   0.00347235      1.00000
      18.3879    0.0480058  0.000558518      1.00000
      18.4725    0.0436724   0.00239028      1.00000
      18.5572    0.0427208   0.00201487      1.00000
      18.6419    0.0522300   0.00978047      1.00000
      18.7266    0.0440577    0.0115222      1.00000
      18.8113    0.0502726   0.00282285      1.00000
      18.8959    0.0454866   0.00260242      1.00000
      18.9806    0.0406929   0.00161525      1.00000
      19.0653    0.0387515   0.00101688      1.00000
      19.1500    0.0406673  0.000296865      1.00000
      19.2346    0.0413853   0.00181507      1.00000
      19.3193    0.0342632   0.00262422      1.00000
      19.4040    0.0354891   0.00128119      1.00000
      19.4887    0.0369437  0.000770077      1.00000
      19.5734    0.0391296   0.00159292      1.00000
      19.6580    0.0383789  8.21538e-05      1.00000
      19.7427    0.0376233  0.000496881      1.00000
      19.8274    0.0379196  0.000682773      1.00000
      19.9121    0.0382621  0.000150843      1.00000
      19.9967    0.0388804  9.64645e-05      1.00000
      20.0814    0.0423745   0.00138039      1.00000
      20.1661    0.0396488   0.00156222      1.00000
      20.2508    0.0389487   0.00133105      1.00000
      20.3354    0.0393799   0.00117943      1.00000
      20.4201    0.0347495  0.000223279      1.00000
      20.5048    0.0398473   0.00353992      1.00000
      20.5895    0.0343784   0.00347490      1.00000
      20.7588    0.0336482   0.00187393      1.00000
      20.9282    0.0336405   0.00195206      1.00000
      21.0975    0.0314649  0.000488892      1.00000
      21.2669    0.0330788  0.000206509      1.00000
      21.4362    0.0362149  0.000539179      1.00000
      21.6056    0.0347242   0.00335898      1.00000
      21.7750    0.0361926   0.00265685      1.00000
      21.9443    0.0344292   0.00380251      1.00000
      22.1137    0.0357875  8.78286e-05      1.00000
      22.2830    0.0325639   0.00465718      1.00000
      22.4524    0.0299561  0.000405385      1.00000
      22.6217    0.0302352   0.00150898      1.00000
      22.7911    0.0289302  0.000109223      1.00000
      22.9604    0.0293687   0.00135513      1.00000
      23.1298    0.0298894  0.000237966      1.00000
      23.2991    0.0306992  0.000750613      1.00000
      23.4685    0.0299080  0.000934844      1.00000
      23.6378    0.0253916   0.00115949      1.00000
      23.8072    0.0263285   0.00193468      1.00000
      23.9765    0.0244212   0.00223048      1.00000
      24.1459    0.0243044   0.00278648      1.00000
      24.3153    0.0264887   0.00464656      1.00000
      24.4846    0.0237423   0.00153898      1.00000
      24.6540    0.0264464  0.000756312      1.00000
      24.8233    0.0257927   0.00248286      1.00000
      24.9927    0.0258882  0.000925051      1.00000
      25.1620    0.0242092  0.000106066      1.00000
      25.3314    0.0237638   0.00172843      1.00000
      25.5007    0.0236200  0.000922119      1.00000
      25.6701    0.0211373  0.000341494      1.00000
      25.8394    0.0212033   0.00166588      1.00000
      26.0088    0.0206386   0.00345101      1.00000
      26.1782    0.0229501  7.87770e-05      1.00000
      26.3475    0.0225701   0.00127643      1.00000
      26.5168    0.0193994   0.00178380      1.00000
      26.6862    0.0205729   0.00308264      1.00000
      26.8556    0.0212980   0.00365871      1.00000
      27.0249    0.0211964   0.00267641      1.00000
      27.1943    0.0201441   0.00262523      1.00000
      27.3636    0.0208364   0.00444127      1.00000
      27.5330    0.0176775   0.00210641      1.00000
      27.7023    0.0178399  0.000395318      1.00000
      27.8717    0.0153549   0.00160016      1.00000
      28.0410    0.0182905   0.00394054      1.00000
      28.2104    0.0186373   0.00141882      1.00000
      28.3797    0.0182385   0.00221371      1.00000
      28.5491    0.0149104   0.00229465      1.00000
      28.7185    0.0195493   0.00504256      1.00000
      28.8878    0.0174457   0.00471558      1.00000
      29.0572    0.0151370   0.00431708      1.00000
      29.2265    0.0133507   0.00567569      1.00000
      29.3959   0.00996327   0.00203915      1.00000
      29.5652    0.0139616   0.00234276      1.00000
      29.7346    0.0118341   0.00319713      1.00000
      29.9039    0.0118346   0.00522758      1.00000
      30.0733    0.0115681   0.00193423      1.00000
      30.2426    0.0111455  0.000286787      1.00000
      30.4120    0.0102440  0.000974378      1.00000
      30.5813    0.0102118  9.61461e-05      1.00000
      30.7507    0.0149896   0.00365292      1.00000
      30.9200   0.00778398   0.00700512      1.00000
      31.0894   0.00839452   0.00144015      1.00000
      31.2588   0.00775751   0.00298853      1.00000
      31.4281   0.00695925   0.00396449      1.00000
      31.5975   0.00722748   0.00101108      1.00000
      31.7668    0.0109272   0.00159942      1.00000
      31.9362   0.00717986   0.00355580      1.00000
      32.1055    0.0121385   0.00940723      1.00000
      32.2749   0.00651411   0.00641343      1.00000
      32.4442    0.0117889   0.00481921      1.00000
      32.6136   0.00872571   0.00261860      1.00000
      32.7829   0.00206628   0.00704142      1.00000
      32.9523   0.00860312    0.0108621      1.00000
      33.1217    0.0106220    0.0139149      1.00000
      33.2910    0.0104651    0.0211095      1.00000
      33.4604   0.00379532    0.0470169      1.00000
      33.6297      0.00000    0.0445319      1.00000
      33.7991    0.0208042    0.0269394      1.00000
      33.9684   0.00595459    0.0120175      1.00000
      34.1378    0.0137847   0.00352011      1.00000
      34.3071    0.0236908    0.0106811      1.00000
      34.4765  0.000989634    0.0211607      1.00000
      34.6458    0.0169805    0.0378461      1.00000
      34.8152      0.00000    0.0612862      1.00000
      34.9845    0.0201969    0.0268926      1.00000
      35.1539      0.00000   0.00451704      1.00000
      35.3232      0.00000   0.00782139      1.00000
      35.4926      0.00000    0.0207382      1.00000
      35.6620    0.0100294    0.0170433      1.00000
      35.8313      0.00000    0.0143204      1.00000
      36.0007      0.00000    0.0501986      1.00000
      36.1700      0.00000    0.0137996      1.00000
      36.3394      0.00000    0.0110787      1.00000
      36.5087      0.00000   0.00322117      1.00000
      36.6781      0.00000   0.00143761      1.00000
      36.8474      0.00000    0.0376207      1.00000
