GRAM	c2h2	chi_tot
9879	374	8.34170E+01
9879	424	8.34731E+01
9879	334	8.36399E+01
9879	464	8.36813E+01
9879	373	8.37531E+01
9879	425	8.37703E+01
9879	335	8.38181E+01
9879	465	8.40528E+01
9879	375	8.40587E+01
9879	556	8.41369E+01
9879	286	8.42467E+01
9879	555	8.42481E+01
9879	333	8.43034E+01
9879	423	8.43093E+01
9879	599	8.45626E+01
9879	463	8.45717E+01
9879	285	8.45914E+01
9879	336	8.48126E+01
9879	600	8.48825E+01
9879	372	8.51037E+01
9879	640	8.51412E+01
9879	426	8.51533E+01
9879	557	8.53505E+01
9879	641	8.55627E+01
9879	466	8.56233E+01
9879	284	8.56301E+01
9879	376	8.56404E+01
9879	598	8.57146E+01
9879	554	8.57669E+01
9879	332	8.58326E+01
9879	681	8.58809E+01
9879	682	8.61098E+01
9879	639	8.62422E+01
9879	422	8.63296E+01
9879	601	8.65706E+01
9879	337	8.65968E+01
9879	723	8.66280E+01
9879	462	8.67907E+01
9879	722	8.68412E+01
9879	680	8.72167E+01
9879	764	8.73047E+01
9879	283	8.73745E+01
9879	642	8.73816E+01
9879	371	8.75068E+01
9879	427	8.75761E+01
9879	683	8.77603E+01
9879	558	8.78070E+01
9879	724	8.78628E+01
9879	765	8.79237E+01
9879	377	8.81229E+01
9879	763	8.81653E+01
9879	806	8.81953E+01
9879	331	8.82529E+01
9879	467	8.83333E+01
9879	805	8.83515E+01
9879	597	8.84357E+01
9879	721	8.86585E+01
9879	553	8.87740E+01
9879	638	8.89800E+01
9879	338	8.91453E+01
9879	807	8.93795E+01
9879	602	8.95219E+01
9879	421	8.95887E+01
9879	282	8.98402E+01
9879	766	8.98518E+01
9879	804	9.00247E+01
9879	679	9.02461E+01
9879	725	9.03851E+01
9879	461	9.04052E+01
9879	643	9.04706E+01
9879	762	9.06694E+01
9879	684	9.06865E+01
9879	428	9.09920E+01
9879	370	9.10045E+01
9879	559	9.14257E+01
9879	378	9.14694E+01
9879	330	9.15951E+01
9879	808	9.17304E+01
9879	468	9.21224E+01
9879	720	9.22180E+01
9879	596	9.28087E+01
9879	767	9.29232E+01
9879	281	9.30488E+01
9879	552	9.33405E+01
9879	803	9.33807E+01
9879	637	9.34484E+01
9879	603	9.36314E+01
9879	726	9.40396E+01
9879	420	9.41426E+01
3437	333	9.46301E+01
3437	373	9.46838E+01
9879	644	9.47039E+01
3331	333	9.47236E+01
9879	234	9.47310E+01
3437	372	9.47359E+01
3437	332	9.47376E+01
9879	685	9.47461E+01
3331	373	9.47957E+01
3437	284	9.47979E+01
3331	332	9.48033E+01
3331	372	9.48154E+01
3437	423	9.48252E+01
3331	284	9.48648E+01
3331	423	9.49246E+01
9879	761	9.49582E+01
3437	424	9.50208E+01
9879	678	9.50710E+01
9879	809	9.50850E+01
3437	283	9.51213E+01
3437	285	9.51430E+01
3331	424	9.51576E+01
3331	283	9.51652E+01
3437	464	9.52006E+01
3331	285	9.52325E+01
3437	334	9.53347E+01
3331	464	9.53397E+01
9879	429	9.53524E+01
3437	463	9.53724E+01
3225	333	9.54283E+01
3331	334	9.54555E+01
3331	463	9.54691E+01
9879	460	9.54762E+01
3225	373	9.54921E+01
3225	332	9.55171E+01
3225	372	9.55315E+01
3437	374	9.55681E+01
3225	284	9.55719E+01
3225	423	9.56380E+01
9879	369	9.56442E+01
9879	379	9.56485E+01
3437	331	9.56816E+01
3437	422	9.57025E+01
3331	374	9.57122E+01
3331	331	9.57192E+01
3437	371	9.57599E+01
3331	422	9.57645E+01
3437	555	9.57904E+01
3331	371	9.58067E+01
3225	424	9.58361E+01
3225	283	9.58748E+01
9879	329	9.58978E+01
3437	556	9.59000E+01
3331	555	9.59074E+01
3225	285	9.59363E+01
3225	464	9.60246E+01
3331	556	9.60644E+01
9879	560	9.61238E+01
3437	282	9.61290E+01
3437	286	9.61443E+01
3437	465	9.61479E+01
3331	282	9.61493E+01
3225	334	9.61501E+01
3225	463	9.62051E+01
3437	425	9.62429E+01
3331	286	9.62559E+01
3331	465	9.63293E+01
3225	374	9.63869E+01
3331	425	9.64168E+01
3225	331	9.64409E+01
3225	422	9.65096E+01
3225	371	9.65407E+01
3437	599	9.66321E+01
3437	600	9.66403E+01
3225	555	9.66458E+01
3437	462	9.67226E+01
3225	556	9.67308E+01
3331	599	9.67529E+01
3331	462	9.67770E+01
3331	600	9.68130E+01
3437	335	9.68276E+01
3225	282	9.68608E+01
3437	554	9.68998E+01
9879	469	9.69254E+01
3225	286	9.69555E+01
3225	465	9.69591E+01
3331	554	9.69695E+01
3331	335	9.69754E+01
9879	768	9.69827E+01
9879	280	9.70302E+01
3225	425	9.70578E+01
3437	557	9.71572E+01
3437	375	9.73544E+01
3331	557	9.73688E+01
3225	600	9.74898E+01
3437	330	9.74911E+01
3331	330	9.75003E+01
3225	599	9.75223E+01
3331	375	9.75304E+01
3437	641	9.75427E+01
3225	462	9.75598E+01
9879	719	9.76254E+01
3225	335	9.76586E+01
3437	421	9.77032E+01
3331	641	9.77044E+01
3331	421	9.77276E+01
3225	554	9.77743E+01
3437	370	9.77957E+01
3437	601	9.78055E+01
3331	370	9.78095E+01
3331	281	9.78379E+01
3437	281	9.78414E+01
3437	598	9.78667E+01
3331	598	9.79357E+01
3225	557	9.79582E+01
3437	640	9.79588E+01
3331	601	9.80299E+01
3331	640	9.80650E+01
9879	233	9.81181E+01
3437	466	9.81585E+01
3225	375	9.81817E+01
3225	330	9.82288E+01
3437	642	9.82802E+01
3331	466	9.83821E+01
3225	641	9.84376E+01
3437	426	9.84488E+01
3331	234	9.84730E+01
3437	234	9.84944E+01
3331	642	9.84972E+01
3225	421	9.85016E+01
3225	281	9.85505E+01
9879	802	9.85587E+01
3225	370	9.85594E+01
3225	601	9.86080E+01
3331	426	9.86596E+01
9879	727	9.86805E+01
3225	598	9.87907E+01
9879	604	9.87946E+01
9879	595	9.88921E+01
3225	640	9.89091E+01
3437	682	9.89394E+01
3225	466	9.89531E+01
3437	683	9.89936E+01
3331	682	9.90696E+01
3437	336	9.90833E+01
3225	642	9.91121E+01
3225	234	9.91672E+01
3331	683	9.91815E+01
3331	336	9.92576E+01
3225	426	9.92604E+01
9879	810	9.92936E+01
3437	553	9.92979E+01
3437	461	9.93119E+01
3331	553	9.93205E+01
3331	461	9.93239E+01
3437	558	9.94915E+01
9879	551	9.95196E+01
7660	332	9.95310E+01
7660	372	9.95646E+01
7660	333	9.95779E+01
7679	814	9.95992E+01
3437	639	9.96270E+01
3331	639	9.96776E+01
7750	332	9.96938E+01
7660	284	9.96940E+01
9879	636	9.97102E+01
7750	372	9.97140E+01
7750	333	9.97182E+01
3331	558	9.97503E+01
7660	373	9.97888E+01
7660	423	9.98029E+01
9879	686	9.98041E+01
7679	772	9.98247E+01
7750	284	9.98557E+01
3225	683	9.98958E+01
3225	682	9.99181E+01
3225	336	9.99282E+01
7660	283	9.99330E+01
7750	373	9.99354E+01
7750	423	9.99515E+01
9879	645	9.99596E+01
3437	376	1.00007E+02
7840	333	1.00026E+02
3437	681	1.00030E+02
3437	602	1.00040E+02
9879	419	1.00044E+02
7840	372	1.00063E+02
3437	643	1.00069E+02
3437	684	1.00081E+02
7840	332	1.00099E+02
3331	681	1.00102E+02
7750	283	1.00127E+02
7366	466	1.00132E+02
7679	771	1.00133E+02
7660	285	1.00137E+02
3225	461	1.00149E+02
7679	773	1.00149E+02
7679	813	1.00155E+02
3331	329	1.00183E+02
3225	553	1.00186E+02
3437	329	1.00203E+02
7366	426	1.00209E+02
3331	376	1.00215E+02
7840	373	1.00217E+02
7660	463	1.00235E+02
7679	730	1.00236E+02
7840	284	1.00249E+02
7840	423	1.00257E+02
3225	558	1.00258E+02
3331	280	1.00259E+02
7660	422	1.00264E+02
7750	285	1.00268E+02
7366	557	1.00284E+02
3437	280	1.00287E+02
3331	602	1.00316E+02
3331	684	1.00326E+02
7660	371	1.00336E+02
7660	331	1.00336E+02
3331	643	1.00341E+02
7750	463	1.00371E+02
7750	422	1.00392E+02
7679	729	1.00419E+02
3437	597	1.00424E+02
3437	724	1.00429E+02
3331	597	1.00442E+02
7660	424	1.00450E+02
7660	334	1.00453E+02
3331	233	1.00484E+02
7366	425	1.00485E+02
7366	465	1.00489E+02
7750	371	1.00493E+02
7366	375	1.00522E+02
3437	233	1.00525E+02
7750	331	1.00525E+02
7366	601	1.00527E+02
7366	558	1.00538E+02
7840	285	1.00554E+02
3331	724	1.00566E+02
7750	334	1.00574E+02
9879	430	1.00609E+02
3225	639	1.00625E+02
7750	424	1.00626E+02
7840	283	1.00630E+02
9879	380	1.00636E+02
3437	725	1.00643E+02
7840	463	1.00656E+02
7679	688	1.00701E+02
7366	376	1.00706E+02
7660	464	1.00707E+02
7840	422	1.00729E+02
7679	731	1.00768E+02
3225	602	1.00790E+02
7840	334	1.00790E+02
3225	643	1.00832E+02
3331	725	1.00838E+02
3225	376	1.00841E+02
3331	420	1.00867E+02
3331	369	1.00869E+02
7660	282	1.00869E+02
7660	555	1.00878E+02
3437	420	1.00880E+02
3437	369	1.00889E+02
3225	684	1.00899E+02
7750	464	1.00906E+02
7840	424	1.00913E+02
3225	329	1.00917E+02
7840	371	1.00919E+02
7366	467	1.00921E+02
7679	687	1.00950E+02
7366	642	1.00968E+02
3225	280	1.00972E+02
7660	374	1.00973E+02
7366	427	1.00986E+02
7660	462	1.00991E+02
7366	602	1.00998E+02
7840	331	1.01032E+02
7750	555	1.01041E+02
7750	462	1.01075E+02
3225	681	1.01077E+02
7750	282	1.01097E+02
7750	374	1.01122E+02
9879	760	1.01136E+02
7366	336	1.01146E+02
7679	770	1.01148E+02
7660	554	1.01157E+02
3225	233	1.01178E+02
3437	467	1.01180E+02
9879	328	1.01208E+02
7750	554	1.01222E+02
7840	464	1.01229E+02
3437	723	1.01235E+02
7679	646	1.01243E+02
7660	286	1.01251E+02
7679	689	1.01264E+02
7366	556	1.01273E+02
7366	374	1.01299E+02
7366	643	1.01311E+02
3331	723	1.01313E+02
7366	600	1.01316E+02
7366	335	1.01319E+02
7840	555	1.01339E+02
7840	462	1.01340E+02
7679	812	1.01343E+02
7840	374	1.01344E+02
7750	286	1.01353E+02
5103	604	1.01366E+02
3225	597	1.01375E+02
7679	728	1.01399E+02
7840	554	1.01425E+02
3331	467	1.01445E+02
5103	646	1.01450E+02
3225	724	1.01452E+02
5103	645	1.01471E+02
9879	368	1.01476E+02
7840	286	1.01536E+02
5103	687	1.01568E+02
3225	725	1.01570E+02
7679	647	1.01575E+02
5103	560	1.01580E+02
7366	684	1.01585E+02
3437	427	1.01597E+02
3225	369	1.01633E+02
5103	688	1.01645E+02
7366	683	1.01651E+02
3225	420	1.01667E+02
7660	599	1.01687E+02
7840	282	1.01713E+02
9879	677	1.01756E+02
3437	726	1.01759E+02
7366	337	1.01794E+02
9879	561	1.01813E+02
7366	377	1.01814E+02
9879	279	1.01825E+02
7679	645	1.01832E+02
3331	427	1.01844E+02
5103	605	1.01848E+02
5103	603	1.01849E+02
7660	598	1.01854E+02
7366	424	1.01859E+02
7750	599	1.01861E+02
7750	598	1.01882E+02
7660	556	1.01882E+02
7660	421	1.01884E+02
5103	730	1.01887E+02
9879	769	1.01888E+02
7366	641	1.01892E+02
7679	605	1.01904E+02
5103	559	1.01910E+02
7679	732	1.01943E+02
3225	467	1.01954E+02
7366	559	1.01957E+02
5103	468	1.01964E+02
5103	729	1.01967E+02
7750	421	1.01999E+02
3331	726	1.02011E+02
7840	598	1.02020E+02
7660	330	1.02022E+02
7366	464	1.02048E+02
9879	459	1.02051E+02
3437	337	1.02075E+02
7366	725	1.02078E+02
3437	685	1.02092E+02
7679	686	1.02099E+02
9879	232	1.02133E+02
7660	335	1.02134E+02
7660	370	1.02143E+02
7750	556	1.02156E+02
7660	425	1.02157E+02
7679	604	1.02162E+02
7840	599	1.02178E+02
7750	335	1.02238E+02
7750	330	1.02239E+02
5103	561	1.02247E+02
5103	647	1.02273E+02
3331	337	1.02275E+02
3437	766	1.02277E+02
5103	686	1.02308E+02
7750	370	1.02312E+02
7366	334	1.02334E+02
3225	723	1.02344E+02
7660	465	1.02346E+02
7840	335	1.02368E+02
7750	425	1.02368E+02
5103	772	1.02372E+02
3437	680	1.02374E+02
5206	604	1.02381E+02
7840	421	1.02382E+02
5206	645	1.02383E+02
3331	680	1.02387E+02
5103	469	1.02389E+02
3331	685	1.02393E+02
3331	766	1.02399E+02
3225	427	1.02402E+02
3437	767	1.02406E+02
5103	644	1.02425E+02
5206	687	1.02430E+02
5103	731	1.02444E+02
5103	689	1.02457E+02
7769	814	1.02478E+02
5206	646	1.02483E+02
7660	281	1.02520E+02
7366	726	1.02527E+02
5103	773	1.02529E+02
5103	467	1.02557E+02
7660	640	1.02558E+02
7679	690	1.02560E+02
7840	556	1.02575E+02
3225	726	1.02584E+02
3331	767	1.02585E+02
7679	606	1.02594E+02
5103	428	1.02602E+02
7750	465	1.02618E+02
3331	638	1.02632E+02
5206	560	1.02632E+02
7366	603	1.02632E+02
3437	638	1.02636E+02
7769	813	1.02646E+02
7840	425	1.02648E+02
7679	561	1.02653E+02
5206	688	1.02660E+02
7366	685	1.02661E+02
9879	470	1.02671E+02
7750	640	1.02693E+02
5206	729	1.02712E+02
7679	648	1.02742E+02
5103	728	1.02761E+02
7366	767	1.02762E+02
7366	428	1.02771E+02
5103	771	1.02773E+02
7366	724	1.02773E+02
5206	603	1.02777E+02
7750	553	1.02777E+02
7750	281	1.02785E+02
7660	553	1.02795E+02
7366	468	1.02799E+02
7366	644	1.02805E+02
3437	644	1.02810E+02
5206	730	1.02811E+02
3225	685	1.02819E+02
7840	370	1.02824E+02
3437	559	1.02834E+02
7660	600	1.02843E+02
7840	330	1.02855E+02
7769	771	1.02879E+02
7750	639	1.02880E+02
7679	560	1.02899E+02
7840	639	1.02902E+02
5206	559	1.02906E+02
7840	553	1.02909E+02
5103	427	1.02927E+02
7769	772	1.02931E+02
3225	337	1.02932E+02
7660	639	1.02937E+02
7679	769	1.02956E+02
5206	605	1.02957E+02
7840	640	1.02975E+02
7366	682	1.02991E+02
7840	465	1.02997E+02
3331	552	1.03022E+02
5206	468	1.03024E+02
5206	686	1.03024E+02
7660	461	1.03039E+02
3437	765	1.03041E+02
3437	552	1.03047E+02
7366	373	1.03071E+02
7750	461	1.03080E+02
7660	375	1.03083E+02
3331	232	1.03088E+02
7366	766	1.03094E+02
5206	772	1.03100E+02
3331	765	1.03104E+02
7366	286	1.03111E+02
3331	644	1.03136E+02
3331	559	1.03139E+02
3437	232	1.03149E+02
3331	460	1.03166E+02
3437	722	1.03177E+02
7750	600	1.03179E+02
3331	722	1.03195E+02
3437	460	1.03196E+02
5103	606	1.03211E+02
5206	644	1.03223E+02
5103	429	1.03238E+02
7750	375	1.03238E+02
7679	811	1.03239E+02
7366	338	1.03239E+02
3437	603	1.03258E+02
7679	727	1.03269E+02
7769	729	1.03284E+02
5206	771	1.03303E+02
5103	558	1.03310E+02
3437	768	1.03313E+02
7840	597	1.03325E+02
7750	597	1.03331E+02
5206	728	1.03334E+02
7840	461	1.03346E+02
5206	561	1.03364E+02
3225	766	1.03374E+02
5103	602	1.03381E+02
7679	562	1.03387E+02
3225	767	1.03392E+02
7840	375	1.03410E+02
7660	234	1.03417E+02
7769	730	1.03425E+02
5103	814	1.03429E+02
7660	597	1.03431E+02
7679	644	1.03433E+02
5206	647	1.03437E+02
7366	768	1.03444E+02
3331	279	1.03451E+02
7769	812	1.03452E+02
7679	603	1.03456E+02
5206	773	1.03461E+02
7366	599	1.03463E+02
3225	680	1.03478E+02
5206	469	1.03481E+02
3437	377	1.03489E+02
3225	644	1.03496E+02
7366	809	1.03501E+02
3437	279	1.03504E+02
5103	377	1.03505E+02
7679	469	1.03506E+02
7840	281	1.03516E+02
7660	641	1.03525E+02
7769	770	1.03542E+02
3331	768	1.03548E+02
5206	731	1.03554E+02
3225	559	1.03561E+02
5103	732	1.03576E+02
7366	555	1.03581E+02
3331	603	1.03585E+02
5206	467	1.03590E+02
7660	681	1.03618E+02
7769	773	1.03622E+02
5206	689	1.03633E+02
7750	681	1.03638E+02
3437	727	1.03669E+02
3225	638	1.03672E+02
5206	428	1.03677E+02
7366	808	1.03696E+02
7840	600	1.03704E+02
3331	377	1.03728E+02
5103	378	1.03731E+02
7750	234	1.03731E+02
5103	470	1.03773E+02
3225	232	1.03781E+02
7840	681	1.03783E+02
5103	770	1.03799E+02
7366	378	1.03811E+02
3331	328	1.03813E+02
5206	814	1.03830E+02
7769	687	1.03832E+02
5103	562	1.03839E+02
3437	328	1.03861E+02
7769	688	1.03861E+02
7679	470	1.03863E+02
5103	648	1.03864E+02
7750	641	1.03871E+02
5103	690	1.03932E+02
3225	552	1.03942E+02
7769	728	1.03949E+02
3225	603	1.03950E+02
5103	685	1.03956E+02
3331	727	1.03977E+02
7366	727	1.03987E+02
5206	427	1.04000E+02
3225	460	1.04029E+02
7840	680	1.04081E+02
7660	557	1.04094E+02
7660	682	1.04112E+02
5206	770	1.04138E+02
7679	607	1.04151E+02
7679	468	1.04156E+02
3225	279	1.04164E+02
9879	728	1.04173E+02
5103	376	1.04176E+02
3225	768	1.04182E+02
7366	810	1.04199E+02
7366	640	1.04200E+02
7679	559	1.04205E+02
7366	333	1.04215E+02
5103	466	1.04222E+02
9879	811	1.04222E+02
5206	602	1.04231E+02
5103	813	1.04237E+02
3225	765	1.04239E+02
7679	685	1.04247E+02
5206	558	1.04257E+02
5103	426	1.04257E+02
7750	680	1.04271E+02
7769	731	1.04288E+02
7769	646	1.04305E+02
5206	429	1.04320E+02
3225	377	1.04327E+02
3331	596	1.04338E+02
7840	638	1.04340E+02
5103	727	1.04354E+02
3225	722	1.04362E+02
3437	596	1.04372E+02
7366	423	1.04377E+02
3225	727	1.04385E+02
3437	809	1.04387E+02
7750	682	1.04389E+02
5103	643	1.04405E+02
5206	606	1.04422E+02
5206	813	1.04429E+02
7366	285	1.04430E+02
7840	641	1.04450E+02
7366	560	1.04466E+02
7660	680	1.04486E+02
7750	557	1.04492E+02
3437	808	1.04513E+02
7679	691	1.04521E+02
3331	809	1.04524E+02
5206	685	1.04536E+02
7750	638	1.04537E+02
3225	328	1.04551E+02
7679	429	1.04556E+02
7840	234	1.04566E+02
7366	765	1.04579E+02
5206	377	1.04594E+02
7660	336	1.04596E+02
3331	808	1.04597E+02
7660	329	1.04625E+02
7769	645	1.04667E+02
7679	649	1.04672E+02
7750	336	1.04686E+02
7769	689	1.04712E+02
7769	686	1.04712E+02
7660	420	1.04718E+02
7840	336	1.04734E+02
7366	723	1.04749E+02
7366	686	1.04758E+02
5206	727	1.04764E+02
7660	638	1.04764E+02
7840	722	1.04789E+02
5103	430	1.04793E+02
5206	378	1.04805E+02
3437	764	1.04815E+02
3331	764	1.04818E+02
5103	379	1.04825E+02
7750	420	1.04827E+02
5103	338	1.04832E+02
5103	337	1.04866E+02
7366	463	1.04870E+02
7769	647	1.04873E+02
7750	329	1.04873E+02
5206	732	1.04876E+02
7660	426	1.04881E+02
3437	769	1.04894E+02
5206	470	1.04901E+02
9879	605	1.04907E+02
7660	723	1.04910E+02
7840	682	1.04913E+02
7660	280	1.04915E+02
7366	807	1.04919E+02
3437	686	1.04920E+02
7750	722	1.04920E+02
3437	810	1.04928E+02
9879	718	1.04944E+02
7769	811	1.04975E+02
7343	559	1.04982E+02
7679	430	1.04984E+02
7769	769	1.05007E+02
7366	769	1.05011E+02
7750	723	1.05014E+02
7769	605	1.05023E+02
5206	562	1.05025E+02
7679	563	1.05026E+02
7660	369	1.05031E+02
3331	368	1.05036E+02
7840	557	1.05054E+02
7343	603	1.05080E+02
7679	428	1.05084E+02
3437	368	1.05088E+02
7660	466	1.05093E+02
5206	643	1.05098E+02
7769	604	1.05101E+02
7660	722	1.05112E+02
3331	810	1.05118E+02
7750	426	1.05134E+02
3437	468	1.05158E+02
7679	471	1.05162E+02
5206	648	1.05164E+02
3331	769	1.05182E+02
7343	467	1.05202E+02
7750	369	1.05217E+02
7750	280	1.05218E+02
7343	468	1.05222E+02
7660	601	1.05228E+02
3331	419	1.05234E+02
5206	466	1.05236E+02
7343	644	1.05243E+02
7840	420	1.05270E+02
5206	690	1.05274E+02
3331	686	1.05276E+02
5206	376	1.05283E+02
3437	419	1.05285E+02
5206	426	1.05333E+02
7366	604	1.05333E+02
7840	723	1.05334E+02
7366	645	1.05340E+02
3225	596	1.05341E+02
5103	607	1.05382E+02
7343	602	1.05391E+02
7660	233	1.05401E+02
3437	807	1.05414E+02
7840	426	1.05420E+02
3331	807	1.05441E+02
7750	466	1.05446E+02
3331	468	1.05466E+02
3225	809	1.05479E+02
7343	558	1.05495E+02
7343	427	1.05504E+02
7343	428	1.05510E+02
7769	727	1.05516E+02
7366	429	1.05521E+02
5103	769	1.05527E+02
3225	686	1.05551E+02
7343	685	1.05552E+02
5206	812	1.05586E+02
5103	812	1.05598E+02
7840	329	1.05602E+02
7343	560	1.05614E+02
3225	769	1.05639E+02
3437	428	1.05644E+02
7679	768	1.05654E+02
9879	801	1.05656E+02
7366	811	1.05671E+02
5206	769	1.05683E+02
7840	721	1.05692E+02
7343	643	1.05696E+02
7366	469	1.05704E+02
5103	336	1.05711E+02
3225	808	1.05727E+02
7660	642	1.05728E+02
7366	681	1.05733E+02
9879	687	1.05734E+02
7750	601	1.05740E+02
7769	561	1.05744E+02
7750	233	1.05751E+02
7750	552	1.05772E+02
3437	338	1.05776E+02
5103	375	1.05776E+02
7343	686	1.05784E+02
7769	732	1.05801E+02
3225	368	1.05812E+02
7840	369	1.05824E+02
7660	683	1.05843E+02
5103	557	1.05851E+02
7343	727	1.05853E+02
7660	552	1.05859E+02
7769	560	1.05861E+02
7840	552	1.05862E+02
7679	467	1.05874E+02
7366	372	1.05876E+02
7679	602	1.05876E+02
5206	379	1.05886E+02
5206	430	1.05886E+02
3225	810	1.05891E+02
7840	466	1.05899E+02
7343	604	1.05901E+02
7769	606	1.05901E+02
7343	645	1.05904E+02
3225	468	1.05909E+02
5206	338	1.05918E+02
7840	679	1.05925E+02
3331	428	1.05928E+02
7679	379	1.05929E+02
7679	810	1.05933E+02
7660	724	1.05948E+02
7343	377	1.05968E+02
5206	337	1.05981E+02
3331	338	1.06002E+02
5103	691	1.06005E+02
7840	764	1.06006E+02
3331	679	1.06019E+02
7679	378	1.06034E+02
3437	811	1.06040E+02
5103	601	1.06049E+02
7769	644	1.06054E+02
5103	471	1.06055E+02
3225	419	1.06056E+02
3437	679	1.06063E+02
7750	764	1.06067E+02
7840	280	1.06068E+02
7660	376	1.06083E+02
3225	764	1.06105E+02
9879	646	1.06121E+02
7679	726	1.06133E+02
7679	643	1.06148E+02
5103	649	1.06152E+02
7840	596	1.06172E+02
7750	721	1.06224E+02
7769	603	1.06226E+02
7840	763	1.06232E+02
7343	726	1.06247E+02
7750	376	1.06248E+02
7660	764	1.06252E+02
7343	769	1.06263E+02
3437	728	1.06269E+02
3331	811	1.06280E+02
5103	563	1.06284E+02
7769	648	1.06286E+02
7750	596	1.06287E+02
7343	378	1.06301E+02
7750	642	1.06303E+02
7769	690	1.06304E+02
7343	469	1.06318E+02
7343	466	1.06319E+02
3331	721	1.06323E+02
3331	231	1.06324E+02
7679	431	1.06325E+02
7366	728	1.06336E+02
3437	721	1.06366E+02
7750	724	1.06371E+02
7840	376	1.06378E+02
7750	683	1.06397E+02
3437	645	1.06403E+02
7750	679	1.06403E+02
3437	231	1.06404E+02
7343	684	1.06422E+02
7343	728	1.06435E+02
7660	765	1.06436E+02
7660	460	1.06437E+02
3225	428	1.06440E+02
7750	460	1.06448E+02
7343	768	1.06449E+02
7366	284	1.06472E+02
7660	596	1.06494E+02
7840	601	1.06502E+02
7679	608	1.06506E+02
7343	429	1.06521E+02
7769	469	1.06533E+02
7343	426	1.06548E+02
7343	376	1.06559E+02
7750	765	1.06604E+02
7769	685	1.06605E+02
5103	684	1.06612E+02
7679	427	1.06613E+02
7769	562	1.06616E+02
3331	728	1.06630E+02
5103	425	1.06635E+02
3225	338	1.06643E+02
7679	558	1.06648E+02
7343	811	1.06661E+02
7366	379	1.06670E+02
7660	721	1.06686E+02
7840	233	1.06695E+02
7679	380	1.06695E+02
5206	607	1.06699E+02
9879	594	1.06712E+02
9879	431	1.06714E+02
7840	460	1.06734E+02
3225	807	1.06741E+02
5206	557	1.06758E+02
5103	380	1.06763E+02
3331	645	1.06782E+02
7750	763	1.06802E+02
9879	231	1.06816E+02
7660	679	1.06826E+02
5206	601	1.06830E+02
7343	810	1.06839E+02
5103	726	1.06840E+02
5206	336	1.06858E+02
3225	811	1.06869E+02
3225	728	1.06870E+02
5206	375	1.06905E+02
7343	601	1.06933E+02
7343	770	1.06935E+02
7859	813	1.06950E+02
7769	470	1.06977E+02
7366	332	1.06984E+02
3331	637	1.06999E+02
7343	687	1.07002E+02
7343	338	1.07004E+02
3225	645	1.07008E+02
3225	231	1.07015E+02
5103	465	1.07015E+02
7679	377	1.07034E+02
7769	559	1.07047E+02
3437	770	1.07053E+02
3437	637	1.07058E+02
7366	598	1.07063E+02
5206	684	1.07066E+02
5206	726	1.07098E+02
7840	765	1.07099E+02
7769	468	1.07103E+02
3437	560	1.07113E+02
7343	337	1.07122E+02
7859	812	1.07149E+02
3331	806	1.07170E+02
7840	724	1.07183E+02
3437	806	1.07201E+02
7840	642	1.07210E+02
3225	679	1.07214E+02
7840	805	1.07214E+02
5206	471	1.07225E+02
5103	431	1.07227E+02
7343	557	1.07232E+02
7343	812	1.07237E+02
7366	554	1.07285E+02
7679	650	1.07299E+02
7769	810	1.07308E+02
7343	561	1.07311E+02
7366	806	1.07312E+02
7660	763	1.07313E+02
9879	418	1.07331E+02
7840	683	1.07336E+02
9879	550	1.07338E+02
7679	472	1.07343E+02
7366	770	1.07348E+02
7366	764	1.07362E+02
3437	604	1.07371E+02
5206	811	1.07371E+02
7769	768	1.07376E+02
7343	642	1.07378E+02
7840	637	1.07378E+02
5103	335	1.07388E+02
3331	770	1.07392E+02
7859	814	1.07404E+02
7840	806	1.07417E+02
7660	558	1.07439E+02
7750	806	1.07443E+02
7859	771	1.07449E+02
3331	278	1.07463E+02
3331	560	1.07465E+02
9879	278	1.07485E+02
7679	684	1.07502E+02
7679	564	1.07504E+02
5103	642	1.07508E+02
9879	770	1.07510E+02
5206	691	1.07519E+02
7343	379	1.07528E+02
3437	278	1.07541E+02
5206	563	1.07545E+02
7859	770	1.07566E+02
7343	646	1.07570E+02
9879	327	1.07576E+02
7769	429	1.07578E+02
5103	811	1.07580E+02
5206	649	1.07594E+02
7343	767	1.07612E+02
3225	721	1.07615E+02
3437	812	1.07636E+02
7769	607	1.07656E+02
3331	763	1.07659E+02
7660	806	1.07664E+02
3225	770	1.07669E+02
3437	763	1.07716E+02
5206	425	1.07717E+02
7660	766	1.07726E+02
7343	725	1.07741E+02
3331	604	1.07748E+02
7750	637	1.07750E+02
7343	605	1.07758E+02
7366	687	1.07759E+02
3437	378	1.07766E+02
9879	635	1.07790E+02
3225	560	1.07797E+02
7366	812	1.07809E+02
7660	337	1.07813E+02
5206	380	1.07816E+02
7750	805	1.07846E+02
7840	337	1.07863E+02
7343	729	1.07878E+02
7343	809	1.07882E+02
7750	337	1.07892E+02
3331	812	1.07925E+02
7840	762	1.07927E+02
7859	729	1.07942E+02
7750	558	1.07971E+02
7366	561	1.07982E+02
7660	232	1.07988E+02
7660	807	1.07997E+02
3225	604	1.08000E+02
7366	639	1.08001E+02
5206	465	1.08016E+02
5206	768	1.08028E+02
3331	378	1.08035E+02
5103	768	1.08046E+02
7769	430	1.08053E+02
7859	772	1.08063E+02
7769	428	1.08066E+02
7343	336	1.08067E+02
7679	338	1.08073E+02
7859	811	1.08083E+02
7366	422	1.08088E+02
7660	725	1.08090E+02
7660	279	1.08091E+02
7769	726	1.08092E+02
5206	642	1.08109E+02
7343	375	1.08110E+02
3331	551	1.08122E+02
3225	637	1.08122E+02
7660	637	1.08123E+02
7859	728	1.08138E+02
7366	722	1.08148E+02
7840	720	1.08171E+02
3225	278	1.08175E+02
7750	807	1.08177E+02
7660	328	1.08189E+02
3437	551	1.08193E+02
7750	766	1.08266E+02
5103	608	1.08294E+02
3225	812	1.08327E+02
5206	431	1.08335E+02
5103	374	1.08342E+02
3331	459	1.08347E+02
7840	804	1.08351E+02
7343	771	1.08357E+02
7769	471	1.08371E+02
7750	232	1.08375E+02
7769	563	1.08401E+02
9879	562	1.08403E+02
3437	459	1.08419E+02
7343	470	1.08426E+02
7750	279	1.08434E+02
3331	327	1.08439E+02
7660	805	1.08443E+02
7859	687	1.08458E+02
3437	687	1.08466E+02
7769	649	1.08468E+02
7343	813	1.08471E+02
7750	328	1.08472E+02
7769	602	1.08489E+02
7343	430	1.08491E+02
7859	769	1.08507E+02
3437	327	1.08517E+02
7343	683	1.08520E+02
7679	432	1.08538E+02
9879	367	1.08547E+02
7769	691	1.08566E+02
7769	643	1.08568E+02
5206	335	1.08569E+02
7859	730	1.08572E+02
7660	427	1.08580E+02
3225	378	1.08606E+02
3225	806	1.08631E+02
7343	465	1.08631E+02
7660	684	1.08685E+02
7343	425	1.08688E+02
7840	558	1.08699E+02
7679	466	1.08721E+02
7660	602	1.08746E+02
7769	467	1.08751E+02
7840	807	1.08802E+02
7366	646	1.08808E+02
7660	419	1.08818E+02
7750	725	1.08851E+02
3331	687	1.08875E+02
7750	427	1.08880E+02
7859	688	1.08890E+02
7660	467	1.08895E+02
7750	419	1.08929E+02
7750	762	1.08949E+02
7769	379	1.08950E+02
7859	686	1.08958E+02
7679	376	1.08962E+02
3225	687	1.08994E+02
7366	605	1.09004E+02
7366	462	1.09021E+02
7769	378	1.09044E+02
7750	720	1.09048E+02
7660	368	1.09049E+02
7660	643	1.09052E+02
5103	650	1.09076E+02
3225	763	1.09086E+02
3225	551	1.09088E+02
7343	688	1.09097E+02
7859	646	1.09153E+02
5103	472	1.09178E+02
3225	327	1.09181E+02
7840	427	1.09185E+02
7679	426	1.09189E+02
7366	430	1.09190E+02
7859	645	1.09211E+02
3225	459	1.09243E+02
7366	283	1.09248E+02
7750	368	1.09258E+02
7859	727	1.09258E+02
9879	759	1.09260E+02
9879	471	1.09288E+02
7660	808	1.09301E+02
7840	328	1.09320E+02
7859	773	1.09330E+02
7750	467	1.09338E+02
7679	337	1.09341E+02
7679	767	1.09354E+02
7840	766	1.09358E+02
7769	558	1.09380E+02
7840	279	1.09406E+02
7840	678	1.09414E+02
7840	232	1.09432E+02
7769	431	1.09445E+02
7840	419	1.09446E+02
7750	602	1.09448E+02
3437	729	1.09463E+02
7366	729	1.09463E+02
5206	374	1.09497E+02
7679	601	1.09515E+02
5103	564	1.09518E+02
7679	809	1.09528E+02
7750	684	1.09532E+02
7750	804	1.09534E+02
7769	427	1.09561E+02
7366	470	1.09572E+02
7679	609	1.09600E+02
5103	556	1.09605E+02
7769	684	1.09619E+02
7343	380	1.09625E+02
3437	813	1.09644E+02
3331	595	1.09674E+02
3437	771	1.09703E+02
5206	608	1.09723E+02
7769	380	1.09732E+02
7660	720	1.09747E+02
7366	371	1.09749E+02
9879	812	1.09753E+02
7660	762	1.09756E+02
3437	595	1.09757E+02
7859	604	1.09785E+02
7343	600	1.09804E+02
7859	810	1.09849E+02
7343	335	1.09861E+02
5206	810	1.09866E+02
7750	643	1.09872E+02
3331	729	1.09876E+02
7840	467	1.09880E+02
7343	766	1.09885E+02
7750	808	1.09901E+02
3331	805	1.09902E+02
7343	808	1.09917E+02
5103	334	1.09920E+02
7859	605	1.09926E+02
7660	377	1.09936E+02
7859	731	1.09939E+02
5103	600	1.09940E+02
3225	729	1.09945E+02
7840	368	1.09969E+02
3331	813	1.09979E+02
7660	767	1.09981E+02
7343	562	1.09990E+02
3437	805	1.09992E+02
7366	680	1.10002E+02
3437	469	1.10037E+02
7769	377	1.10039E+02
7859	647	1.10045E+02
7343	730	1.10080E+02
7679	642	1.10084E+02
3331	771	1.10092E+02
5103	424	1.10103E+02
7679	725	1.10108E+02
7750	377	1.10116E+02
7750	678	1.10126E+02
7343	647	1.10143E+02
9879	458	1.10152E+02
7859	689	1.10161E+02
3225	771	1.10186E+02
7840	725	1.10190E+02
3225	813	1.10193E+02
7840	377	1.10211E+02
7769	608	1.10215E+02
3331	230	1.10238E+02
7750	551	1.10261E+02
5103	810	1.10262E+02
7343	556	1.10271E+02
7343	814	1.10281E+02
7679	557	1.10302E+02
7859	644	1.10316E+02
9879	676	1.10322E+02
5103	725	1.10326E+02
7840	551	1.10338E+02
3437	230	1.10339E+02
7366	771	1.10350E+02
5103	286	1.10354E+02
3331	367	1.10355E+02
7679	473	1.10355E+02
7366	380	1.10368E+02
7859	768	1.10375E+02
5103	683	1.10383E+02
3331	469	1.10385E+02
5206	472	1.10395E+02
9879	729	1.10396E+02
7660	551	1.10400E+02
7343	641	1.10405E+02
7343	772	1.10438E+02
3437	367	1.10441E+02
5206	725	1.10443E+02
7343	724	1.10470E+02
7840	602	1.10471E+02
7660	804	1.10477E+02
5206	556	1.10479E+02
7859	685	1.10495E+02
5103	432	1.10503E+02
7366	813	1.10521E+02
3437	429	1.10546E+02
7343	606	1.10556E+02
7769	809	1.10556E+02
7859	560	1.10594E+02
7859	561	1.10608E+02
7840	595	1.10620E+02
7769	472	1.10653E+02
7343	374	1.10659E+02
5206	600	1.10664E+02
5206	650	1.10665E+02
7366	331	1.10665E+02
7859	603	1.10711E+02
5206	683	1.10724E+02
7660	678	1.10726E+02
3225	595	1.10736E+02
3437	646	1.10754E+02
3225	469	1.10760E+02
7769	767	1.10761E+02
7679	565	1.10765E+02
3331	720	1.10792E+02
7750	595	1.10807E+02
5206	564	1.10859E+02
3331	429	1.10866E+02
3331	418	1.10867E+02
3437	720	1.10893E+02
7750	767	1.10912E+02
7840	684	1.10918E+02
3225	230	1.10927E+02
3437	418	1.10956E+02
7840	803	1.10976E+02
5103	464	1.10991E+02
7366	805	1.11025E+02
7769	564	1.11032E+02
7859	606	1.11043E+02
3331	678	1.11068E+02
7660	595	1.11101E+02
7769	338	1.11114E+02
7840	643	1.11136E+02
5206	334	1.11138E+02
3225	367	1.11141E+02
3437	678	1.11169E+02
3331	646	1.11184E+02
5206	424	1.11198E+02
7660	726	1.11203E+02
7840	808	1.11212E+02
7660	231	1.11218E+02
7840	761	1.11219E+02
7750	459	1.11225E+02
7660	459	1.11233E+02
3225	646	1.11274E+02
5206	767	1.11274E+02
3225	429	1.11331E+02
7859	469	1.11351E+02
7769	650	1.11354E+02
7343	431	1.11375E+02
7859	726	1.11414E+02
7660	809	1.11441E+02
7679	336	1.11443E+02
5103	767	1.11454E+02
7343	471	1.11477E+02
3225	805	1.11514E+02
7769	466	1.11535E+02
7840	459	1.11554E+02
7366	688	1.11561E+02
7366	763	1.11588E+02
5206	286	1.11604E+02
5206	432	1.11629E+02
7859	562	1.11629E+02
7750	231	1.11644E+02
7859	559	1.11667E+02
3225	418	1.11708E+02
7769	432	1.11716E+02
7840	338	1.11731E+02
3331	762	1.11736E+02
7660	338	1.11759E+02
7769	725	1.11794E+02
7859	648	1.11798E+02
7750	338	1.11831E+02
5103	641	1.11838E+02
7660	559	1.11844E+02
3437	762	1.11852E+02
7679	375	1.11853E+02
7859	470	1.11855E+02
9879	606	1.11866E+02
7859	468	1.11876E+02
5103	609	1.11890E+02
5103	373	1.11909E+02
7769	376	1.11966E+02
7343	424	1.11969E+02
7859	732	1.11970E+02
7343	689	1.11974E+02
7343	682	1.11976E+02
7679	683	1.11981E+02
5206	464	1.11986E+02
7769	601	1.11986E+02
3437	814	1.12001E+02
7840	636	1.12080E+02
7660	278	1.12096E+02
7769	426	1.12110E+02
7859	690	1.12187E+02
3225	720	1.12195E+02
7343	464	1.12197E+02
7366	597	1.12202E+02
9879	230	1.12215E+02
3437	561	1.12253E+02
3437	605	1.12293E+02
7750	726	1.12316E+02
7769	642	1.12317E+02
7840	719	1.12324E+02
3331	277	1.12348E+02
3225	678	1.12356E+02
5206	641	1.12357E+02
3331	814	1.12380E+02
7769	337	1.12398E+02
3225	814	1.12405E+02
7859	429	1.12416E+02
9879	688	1.12422E+02
7366	562	1.12424E+02
3437	277	1.12451E+02
7366	553	1.12461E+02
7750	809	1.12476E+02
7750	278	1.12481E+02
7660	685	1.12512E+02
7750	559	1.12521E+02
7343	334	1.12527E+02
7859	809	1.12557E+02
7859	643	1.12575E+02
7750	636	1.12579E+02
7750	761	1.12627E+02
7840	767	1.12631E+02
3437	688	1.12637E+02
7750	803	1.12644E+02
3331	561	1.12651E+02
3331	605	1.12720E+02
7679	465	1.12753E+02
7660	327	1.12764E+02
7366	282	1.12770E+02
3437	772	1.12771E+02
7859	602	1.12800E+02
3437	379	1.12808E+02
7840	231	1.12814E+02
3331	636	1.12825E+02
3225	605	1.12855E+02
7679	425	1.12857E+02
7859	430	1.12882E+02
3225	561	1.12890E+02
7859	428	1.12924E+02
7769	557	1.12936E+02
3437	636	1.12938E+02
5103	285	1.12952E+02
7343	731	1.12953E+02
7343	286	1.13035E+02
7366	421	1.13046E+02
7859	607	1.13052E+02
3225	277	1.13059E+02
3225	688	1.13060E+02
7660	636	1.13070E+02
7660	768	1.13070E+02
7343	807	1.13080E+02
9879	647	1.13081E+02
7750	327	1.13084E+02
5206	373	1.13092E+02
5103	473	1.13094E+02
3331	688	1.13098E+02
7343	773	1.13098E+02
7366	721	1.13101E+02
3331	379	1.13107E+02
7366	647	1.13111E+02
3225	772	1.13117E+02
5206	809	1.13163E+02
3437	730	1.13168E+02
7859	684	1.13183E+02
3331	772	1.13207E+02
7660	428	1.13211E+02
7366	730	1.13269E+02
3225	762	1.13289E+02
7859	767	1.13290E+02
7660	603	1.13304E+02
7859	471	1.13322E+02
5103	333	1.13328E+02
7660	644	1.13388E+02
7366	638	1.13396E+02
7343	765	1.13408E+02
7840	559	1.13433E+02
5206	609	1.13437E+02
7750	719	1.13482E+02
5103	565	1.13490E+02
7859	467	1.13494E+02
7769	609	1.13521E+02
3225	730	1.13526E+02
7343	648	1.13529E+02
7366	606	1.13553E+02
7750	428	1.13564E+02
7343	563	1.13570E+02
7859	563	1.13577E+02
7840	278	1.13578E+02
9879	432	1.13626E+02
3331	730	1.13631E+02
3225	379	1.13647E+02
7750	685	1.13667E+02
7660	761	1.13692E+02
7660	468	1.13696E+02
7366	814	1.13731E+02
5103	809	1.13735E+02
7366	431	1.13736E+02
9879	771	1.13738E+02
3331	804	1.13751E+02
7769	473	1.13773E+02
7859	379	1.13794E+02
7769	683	1.13875E+02
7660	803	1.13897E+02
7840	428	1.13897E+02
3437	804	1.13900E+02
7859	558	1.13908E+02
7366	772	1.13930E+02
7859	378	1.13955E+02
3225	636	1.14020E+02
7840	327	1.14057E+02
9879	277	1.14064E+02
7343	599	1.14102E+02
3331	326	1.14109E+02
7679	808	1.14138E+02
7679	766	1.14174E+02
9879	717	1.14186E+02
7750	603	1.14208E+02
7343	607	1.14209E+02
7840	726	1.14211E+02
3437	326	1.14217E+02
7660	418	1.14225E+02
7750	468	1.14237E+02
7343	373	1.14242E+02
5206	285	1.14243E+02
7660	367	1.14245E+02
7859	431	1.14276E+02
7660	810	1.14293E+02
7859	649	1.14337E+02
7366	471	1.14338E+02
7750	418	1.14346E+02
5206	473	1.14362E+02
7660	719	1.14384E+02
7679	335	1.14403E+02
7750	768	1.14406E+02
7859	427	1.14452E+02
7769	565	1.14453E+02
7750	644	1.14465E+02
7679	600	1.14469E+02
7750	367	1.14482E+02
7840	809	1.14501E+02
7859	380	1.14516E+02
7769	336	1.14519E+02
7366	461	1.14561E+02
7343	723	1.14575E+02
5206	333	1.14586E+02
7660	378	1.14608E+02
7840	677	1.14610E+02
5103	555	1.14643E+02
3331	550	1.14644E+02
11141	468	1.14651E+02
11141	603	1.14683E+02
7343	555	1.14691E+02
11141	559	1.14696E+02
5103	423	1.14707E+02
9879	800	1.14717E+02
7859	725	1.14728E+02
7366	370	1.14732E+02
3437	550	1.14759E+02
11141	560	1.14789E+02
7750	378	1.14807E+02
7769	808	1.14837E+02
3225	326	1.14854E+02
7769	375	1.14860E+02
11141	644	1.14870E+02
7840	378	1.14874E+02
3331	229	1.14879E+02
7840	468	1.14884E+02
3331	458	1.14893E+02
7343	640	1.14894E+02
7859	691	1.14898E+02
5206	724	1.14913E+02
5206	565	1.14916E+02
5103	724	1.14923E+02
7840	418	1.14953E+02
11141	428	1.14966E+02
11141	469	1.14968E+02
11141	429	1.14974E+02
3437	229	1.15001E+02
3437	458	1.15006E+02
7859	377	1.15026E+02
11222	468	1.15027E+02
9879	326	1.15048E+02
11141	685	1.15071E+02
11222	559	1.15071E+02
11222	603	1.15080E+02
7660	230	1.15134E+02
7343	432	1.15134E+02
5103	599	1.15144E+02
7660	727	1.15160E+02
11222	560	1.15195E+02
7840	802	1.15212E+02
7679	556	1.15243E+02
11222	644	1.15285E+02
7769	766	1.15286E+02
7366	330	1.15288E+02
11141	604	1.15291E+02
11141	602	1.15305E+02
7840	367	1.15307E+02
7679	724	1.15316E+02
11141	643	1.15316E+02
11141	726	1.15320E+02
11222	428	1.15337E+02
7679	641	1.15350E+02
11222	429	1.15352E+02
11222	469	1.15363E+02
11141	378	1.15379E+02
5103	682	1.15380E+02
7343	472	1.15411E+02
11141	379	1.15443E+02
11141	467	1.15472E+02
11222	685	1.15491E+02
5206	555	1.15495E+02
7750	677	1.15498E+02
3225	804	1.15501E+02
7769	465	1.15514E+02
7840	603	1.15515E+02
11708	375	1.15518E+02
7840	685	1.15526E+02
11638	375	1.15526E+02
5206	766	1.15532E+02
7343	690	1.15546E+02
3225	229	1.15565E+02
11141	768	1.15577E+02
7750	230	1.15601E+02
11708	425	1.15614E+02
5206	682	1.15622E+02
11638	425	1.15622E+02
11141	684	1.15628E+02
11141	645	1.15646E+02
3225	550	1.15649E+02
11141	727	1.15654E+02
11222	602	1.15659E+02
11222	643	1.15671E+02
7859	472	1.15690E+02
11638	426	1.15700E+02
11708	426	1.15702E+02
11141	809	1.15714E+02
11222	726	1.15726E+02
11222	604	1.15735E+02
11141	686	1.15737E+02
7679	374	1.15745E+02
11222	378	1.15750E+02
3437	470	1.15751E+02
11141	767	1.15751E+02
7769	425	1.15757E+02
3437	647	1.15774E+02
7750	810	1.15774E+02
9879	813	1.15789E+02
9879	563	1.15807E+02
11222	379	1.15812E+02
3225	458	1.15815E+02
5206	423	1.15820E+02
5206	599	1.15821E+02
11708	465	1.15824E+02
11638	465	1.15828E+02
11222	467	1.15833E+02
11141	558	1.15833E+02
11708	376	1.15848E+02
11638	376	1.15852E+02
5103	766	1.15860E+02
7343	285	1.15861E+02
7859	608	1.15880E+02
7366	679	1.15906E+02
11708	336	1.15925E+02
11638	336	1.15936E+02
11222	684	1.15973E+02
11141	430	1.15977E+02
11304	468	1.16002E+02
11141	427	1.16004E+02
11141	810	1.16018E+02
11141	561	1.16021E+02
9879	417	1.16023E+02
11304	559	1.16046E+02
11222	768	1.16052E+02
7366	689	1.16069E+02
11304	603	1.16078E+02
7343	333	1.16088E+02
7859	642	1.16100E+02
7840	644	1.16110E+02
11638	466	1.16110E+02
11222	767	1.16117E+02
11708	466	1.16123E+02
11222	645	1.16124E+02
11708	335	1.16133E+02
11222	809	1.16135E+02
3331	470	1.16141E+02
11638	335	1.16142E+02
7859	601	1.16148E+02
11222	727	1.16154E+02
7859	338	1.16157E+02
11222	558	1.16181E+02
11708	374	1.16184E+02
3437	773	1.16194E+02
11638	374	1.16195E+02
11304	560	1.16198E+02
7840	760	1.16203E+02
7366	804	1.16203E+02
3225	647	1.16204E+02
5103	463	1.16208E+02
11141	725	1.16219E+02
11141	377	1.16228E+02
11222	686	1.16236E+02
7660	677	1.16244E+02
3331	647	1.16255E+02
9879	593	1.16257E+02
3437	430	1.16259E+02
7859	466	1.16267E+02
7750	550	1.16273E+02
5103	284	1.16287E+02
11304	644	1.16308E+02
11304	428	1.16312E+02
11304	429	1.16319E+02
7859	808	1.16331E+02
11304	469	1.16347E+02
11141	470	1.16350E+02
11222	430	1.16363E+02
7840	550	1.16368E+02
11222	427	1.16371E+02
11638	557	1.16373E+02
7859	564	1.16385E+02
11708	557	1.16389E+02
11141	380	1.16390E+02
3225	773	1.16401E+02
7343	732	1.16420E+02
11708	556	1.16422E+02
11638	556	1.16431E+02
7343	423	1.16440E+02
3225	470	1.16444E+02
7660	550	1.16447E+02
11222	561	1.16461E+02
3331	594	1.16468E+02
11141	769	1.16503E+02
5103	372	1.16510E+02
11304	685	1.16526E+02
11222	725	1.16535E+02
11141	808	1.16535E+02
7859	432	1.16559E+02
11708	337	1.16559E+02
11222	810	1.16566E+02
11638	337	1.16571E+02
3437	594	1.16600E+02
11222	377	1.16603E+02
11304	602	1.16610E+02
3331	430	1.16614E+02
11304	643	1.16622E+02
7750	727	1.16639E+02
3331	719	1.16666E+02
3331	773	1.16675E+02
11708	424	1.16676E+02
11638	424	1.16692E+02
7840	594	1.16700E+02
9879	472	1.16708E+02
11304	378	1.16730E+02
11141	338	1.16733E+02
11304	726	1.16745E+02
7769	724	1.16750E+02
11222	380	1.16760E+02
11222	470	1.16766E+02
11304	379	1.16773E+02
7840	768	1.16778E+02
9879	549	1.16786E+02
11304	604	1.16787E+02
11708	464	1.16800E+02
11304	467	1.16803E+02
7769	600	1.16812E+02
11638	464	1.16819E+02
3437	719	1.16827E+02
11638	600	1.16829E+02
11708	600	1.16832E+02
11222	808	1.16834E+02
3331	366	1.16859E+02
7660	769	1.16874E+02
11638	427	1.16880E+02
9879	366	1.16885E+02
7840	230	1.16888E+02
11708	427	1.16893E+02
11304	684	1.16909E+02
7750	594	1.16918E+02
7343	681	1.16923E+02
3437	366	1.16979E+02
7660	277	1.16983E+02
11141	605	1.17018E+02
3225	430	1.17029E+02
7859	376	1.17037E+02
7859	426	1.17046E+02
7366	281	1.17060E+02
11141	728	1.17073E+02
7343	463	1.17081E+02
11304	767	1.17086E+02
11222	769	1.17091E+02
11141	642	1.17115E+02
11222	338	1.17115E+02
11304	558	1.17134E+02
3331	761	1.17135E+02
11708	377	1.17135E+02
11638	377	1.17135E+02
7859	683	1.17146E+02
11304	768	1.17176E+02
11141	766	1.17180E+02
11304	809	1.17188E+02
5206	463	1.17205E+02
7660	686	1.17207E+02
11708	334	1.17207E+02
11638	334	1.17214E+02
11304	645	1.17228E+02
7660	560	1.17233E+02
9879	730	1.17240E+02
11141	601	1.17267E+02
7660	594	1.17276E+02
7750	802	1.17290E+02
11141	811	1.17299E+02
11304	727	1.17305E+02
3437	731	1.17308E+02
3437	761	1.17311E+02
11304	430	1.17326E+02
3437	689	1.17351E+02
11638	601	1.17351E+02
11304	427	1.17358E+02
5206	808	1.17365E+02
11304	686	1.17377E+02
7859	766	1.17380E+02
7366	762	1.17391E+02
11708	601	1.17392E+02
7859	557	1.17395E+02
7750	277	1.17411E+02
7769	641	1.17415E+02
11222	642	1.17416E+02
11304	725	1.17431E+02
7750	458	1.17440E+02
11222	766	1.17443E+02
7660	458	1.17454E+02
11141	687	1.17489E+02
5103	640	1.17494E+02
11304	561	1.17498E+02
11141	466	1.17499E+02
7769	335	1.17502E+02
11638	641	1.17502E+02
11222	605	1.17512E+02
11708	641	1.17514E+02
7343	806	1.17518E+02
11141	646	1.17522E+02
3225	731	1.17538E+02
7859	337	1.17550E+02
11141	683	1.17551E+02
3331	677	1.17576E+02
3225	594	1.17581E+02
11222	601	1.17582E+02
7859	650	1.17592E+02
11638	467	1.17603E+02
11304	377	1.17605E+02
5206	284	1.17621E+02
5103	332	1.17635E+02
11708	467	1.17636E+02
11638	558	1.17643E+02
7343	649	1.17650E+02
3225	366	1.17652E+02
3225	689	1.17662E+02
7679	424	1.17663E+02
7366	731	1.17668E+02
9879	634	1.17670E+02
11222	728	1.17672E+02
11708	558	1.17688E+02
11304	380	1.17705E+02
11304	808	1.17711E+02
7366	563	1.17712E+02
5206	372	1.17727E+02
3437	677	1.17733E+02
11708	599	1.17744E+02
7660	811	1.17746E+02
11304	470	1.17763E+02
11638	599	1.17775E+02
3331	417	1.17789E+02
7769	556	1.17793E+02
11304	810	1.17804E+02
7679	682	1.17806E+02
3331	731	1.17818E+02
11222	683	1.17826E+02
7840	458	1.17834E+02
11222	466	1.17848E+02
3331	689	1.17861E+02
11708	555	1.17870E+02
11708	373	1.17882E+02
11638	373	1.17895E+02
11638	555	1.17903E+02
3437	417	1.17914E+02
7750	760	1.17923E+02
11141	431	1.17923E+02
3437	606	1.17938E+02
5206	640	1.17946E+02
11222	811	1.17976E+02
7343	564	1.17981E+02
11708	286	1.17991E+02
11638	286	1.17995E+02
7366	773	1.18014E+02
11708	338	1.18014E+02
11638	338	1.18026E+02
11141	376	1.18029E+02
7679	464	1.18030E+02
7750	560	1.18065E+02
11222	646	1.18067E+02
11222	687	1.18071E+02
5103	808	1.18100E+02
11304	338	1.18136E+02
11141	426	1.18142E+02
11141	337	1.18147E+02
3331	276	1.18156E+02
7366	648	1.18158E+02
3225	719	1.18166E+02
3437	562	1.18177E+02
7840	718	1.18212E+02
11708	640	1.18214E+02
7679	334	1.18242E+02
11638	640	1.18247E+02
11638	682	1.18252E+02
11708	682	1.18265E+02
11304	766	1.18267E+02
11638	642	1.18268E+02
3437	276	1.18284E+02
11141	557	1.18288E+02
11141	562	1.18297E+02
11304	642	1.18302E+02
11222	431	1.18319E+02
11708	642	1.18329E+02
7343	764	1.18330E+02
11304	769	1.18378E+02
9879	229	1.18380E+02
11141	770	1.18386E+02
7660	326	1.18397E+02
11222	376	1.18408E+02
3331	606	1.18413E+02
3225	606	1.18429E+02
7840	635	1.18473E+02
11304	601	1.18493E+02
11222	426	1.18506E+02
11141	724	1.18508E+02
7840	810	1.18535E+02
11222	337	1.18538E+02
3437	380	1.18592E+02
11222	557	1.18613E+02
3331	562	1.18620E+02
7750	769	1.18624E+02
11304	605	1.18625E+02
7660	645	1.18627E+02
7840	277	1.18638E+02
7343	608	1.18643E+02
3225	417	1.18645E+02
11141	807	1.18647E+02
7679	286	1.18659E+02
11304	683	1.18674E+02
7750	686	1.18683E+02
11141	471	1.18721E+02
7660	429	1.18728E+02
11222	724	1.18739E+02
7750	326	1.18758E+02
7769	374	1.18760E+02
3225	562	1.18763E+02
11222	562	1.18774E+02
3225	761	1.18800E+02
7660	604	1.18807E+02
7660	802	1.18811E+02
3331	803	1.18819E+02
11304	466	1.18819E+02
11222	807	1.18830E+02
3225	276	1.18865E+02
7366	607	1.18894E+02
7343	372	1.18895E+02
7859	473	1.18907E+02
3331	380	1.18920E+02
5206	332	1.18934E+02
11708	423	1.18937E+02
3225	677	1.18942E+02
7366	596	1.18950E+02
11638	423	1.18959E+02
11638	683	1.18960E+02
11304	728	1.18962E+02
3437	803	1.19027E+02
11708	683	1.19033E+02
11708	681	1.19047E+02
7750	635	1.19049E+02
11638	723	1.19076E+02
11708	723	1.19077E+02
11638	681	1.19090E+02
11222	770	1.19091E+02
7840	727	1.19114E+02
11708	463	1.19115E+02
11638	428	1.19116E+02
7366	432	1.19120E+02
7750	429	1.19139E+02
11708	428	1.19140E+02
11638	463	1.19149E+02
11222	471	1.19160E+02
11708	333	1.19169E+02
7366	552	1.19171E+02
11638	333	1.19175E+02
7840	560	1.19179E+02
7660	760	1.19206E+02
11638	602	1.19234E+02
11304	646	1.19258E+02
11304	431	1.19282E+02
7366	234	1.19298E+02
7366	420	1.19304E+02
11708	602	1.19315E+02
11304	687	1.19326E+02
9879	758	1.19329E+02
7859	724	1.19334E+02
11638	378	1.19340E+02
11708	378	1.19344E+02
