GRAM	c2h2	chi_tot
6826	338	4.97065E+01
6736	338	4.99215E+01
6826	378	5.01716E+01
6803	380	5.01744E+01
6826	337	5.02006E+01
6826	379	5.02719E+01
6713	380	5.02951E+01
6803	379	5.03522E+01
6826	377	5.03737E+01
6736	378	5.03886E+01
6736	337	5.04174E+01
6916	338	5.04493E+01
6736	379	5.04744E+01
6713	379	5.04870E+01
6736	377	5.06032E+01
6893	380	5.06414E+01
6826	380	5.06723E+01
6803	338	5.07810E+01
6893	379	5.08220E+01
6803	378	5.08413E+01
6736	380	5.08583E+01
6826	376	5.08815E+01
6916	378	5.08832E+01
6713	338	5.09047E+01
6826	336	5.09467E+01
6916	379	5.09694E+01
6916	337	5.09700E+01
6713	378	5.09884E+01
6916	377	5.11022E+01
6736	376	5.11216E+01
6826	428	5.11222E+01
6736	336	5.11644E+01
6826	427	5.12704E+01
6893	338	5.13027E+01
6893	378	5.13165E+01
6826	429	5.13246E+01
6736	428	5.13436E+01
6916	380	5.13583E+01
6803	430	5.14682E+01
6736	429	5.15164E+01
6736	427	5.15182E+01
6803	429	5.15317E+01
6713	430	5.15886E+01
6916	376	5.16297E+01
6803	377	5.16451E+01
6713	429	5.16816E+01
6826	375	5.17001E+01
6916	336	5.17446E+01
6803	431	5.17515E+01
6826	426	5.17778E+01
6713	377	5.18023E+01
6916	428	5.18294E+01
6713	431	5.18393E+01
6803	337	5.18413E+01
6826	430	5.18688E+01
6893	430	5.19312E+01
6736	375	5.19488E+01
6826	335	5.19495E+01
6803	428	5.19522E+01
6713	337	5.19654E+01
6916	427	5.19811E+01
6893	429	5.19815E+01
6736	430	5.20277E+01
6916	429	5.20327E+01
6736	426	5.20487E+01
2590	380	5.21068E+01
6893	377	5.21281E+01
6713	428	5.21284E+01
6736	335	5.21669E+01
6893	431	5.22315E+01
6826	467	5.22332E+01
6826	468	5.22504E+01
6803	432	5.23691E+01
6893	337	5.23805E+01
6893	428	5.23929E+01
2696	380	5.23985E+01
6713	432	5.24212E+01
2484	380	5.24334E+01
6736	468	5.24615E+01
6916	375	5.24707E+01
6736	467	5.24897E+01
6916	426	5.24965E+01
2590	379	5.25453E+01
6916	430	5.25819E+01
6826	466	5.26125E+01
6826	469	5.26461E+01
6826	425	5.26534E+01
6803	427	5.27391E+01
6826	431	5.27446E+01
6803	376	5.27678E+01
6916	335	5.27774E+01
6736	469	5.28070E+01
6803	469	5.28073E+01
6826	374	5.28356E+01
2696	379	5.28466E+01
6736	431	5.28677E+01
6893	432	5.28697E+01
2484	379	5.28783E+01
6736	466	5.29096E+01
6916	467	5.29276E+01
6713	376	5.29334E+01
6713	427	5.29383E+01
6803	470	5.29409E+01
6736	425	5.29441E+01
6713	469	5.29579E+01
6916	468	5.29614E+01
6713	470	5.30416E+01
6826	286	5.30441E+01
6803	468	5.30514E+01
6736	374	5.30909E+01
6803	336	5.31654E+01
6893	427	5.31748E+01
6826	334	5.32139E+01
6736	286	5.32302E+01
6713	468	5.32475E+01
6893	469	5.32489E+01
6893	376	5.32614E+01
2590	378	5.32882E+01
6713	336	5.32888E+01
2590	338	5.32923E+01
6916	466	5.32967E+01
6826	559	5.33411E+01
2590	431	5.33544E+01
6826	558	5.33760E+01
6916	469	5.33798E+01
6916	425	5.33846E+01
6826	470	5.34001E+01
6826	465	5.34042E+01
2590	430	5.34162E+01
6893	470	5.34179E+01
6736	334	5.34301E+01
6803	471	5.34303E+01
6893	468	5.34631E+01
6916	431	5.34669E+01
6713	471	5.34770E+01
6736	470	5.35066E+01
6736	559	5.35640E+01
2696	378	5.35995E+01
2696	338	5.36138E+01
2590	432	5.36169E+01
2484	338	5.36228E+01
2484	378	5.36270E+01
6916	374	5.36317E+01
2696	431	5.36399E+01
6736	558	5.36639E+01
2484	431	5.36738E+01
6803	467	5.36935E+01
6826	560	5.37028E+01
2696	430	5.37095E+01
6893	336	5.37235E+01
6736	465	5.37367E+01
2484	430	5.37477E+01
2590	429	5.38141E+01
6826	557	5.38350E+01
6736	560	5.38546E+01
2696	432	5.38953E+01
6803	426	5.39019E+01
6826	424	5.39061E+01
2484	432	5.39234E+01
6713	467	5.39304E+01
6916	286	5.39376E+01
6826	432	5.39393E+01
6893	471	5.39478E+01
6736	432	5.40235E+01
6916	558	5.40480E+01
6916	559	5.40507E+01
6916	334	5.40737E+01
6893	467	5.40811E+01
6916	465	5.40848E+01
2696	429	5.41160E+01
6713	426	5.41208E+01
6803	560	5.41548E+01
2484	429	5.41567E+01
6916	470	5.41622E+01
6736	557	5.41812E+01
6736	424	5.42129E+01
6803	375	5.42158E+01
6713	472	5.42414E+01
6803	561	5.42496E+01
6803	472	5.42522E+01
6826	373	5.42952E+01
6713	560	5.43294E+01
6893	426	5.43368E+01
2590	377	5.43390E+01
6713	561	5.43537E+01
6713	375	5.43876E+01
6826	602	5.44057E+01
6826	285	5.44220E+01
6826	561	5.44300E+01
6803	559	5.44485E+01
6916	560	5.44578E+01
6916	557	5.44780E+01
6826	471	5.44906E+01
6736	561	5.45053E+01
6826	603	5.45344E+01
6736	471	5.45386E+01
2590	337	5.45449E+01
6736	373	5.45551E+01
2590	428	5.45580E+01
6893	560	5.45754E+01
6736	285	5.46027E+01
6826	464	5.46215E+01
6916	424	5.46545E+01
2696	377	5.46607E+01
6916	432	5.46747E+01
2484	377	5.46829E+01
6736	602	5.46852E+01
6713	559	5.46881E+01
6826	601	5.46919E+01
6803	562	5.47004E+01
6893	375	5.47224E+01
6736	603	5.47239E+01
6893	561	5.47285E+01
6713	562	5.47291E+01
6826	556	5.47416E+01
6826	333	5.47455E+01
6803	466	5.47523E+01
6803	335	5.47586E+01
2590	470	5.47821E+01
6893	472	5.48148E+01
6893	559	5.48178E+01
2590	471	5.48347E+01
2696	428	5.48690E+01
2696	337	5.48772E+01
2484	337	5.48774E+01
6713	335	5.48804E+01
2484	428	5.49107E+01
6736	333	5.49593E+01
6736	464	5.49841E+01
6713	466	5.50249E+01
6826	604	5.50396E+01
6736	601	5.50537E+01
2590	469	5.50722E+01
2696	470	5.50754E+01
6916	602	5.50809E+01
2484	470	5.51150E+01
6916	373	5.51197E+01
6893	466	5.51219E+01
2696	471	5.51221E+01
6736	604	5.51325E+01
6736	556	5.51391E+01
2484	471	5.51492E+01
6803	558	5.51622E+01
2590	472	5.52081E+01
6916	561	5.52376E+01
6893	562	5.52437E+01
6916	603	5.52757E+01
6916	471	5.52864E+01
6916	464	5.53056E+01
6713	473	5.53102E+01
6916	601	5.53110E+01
6893	335	5.53373E+01
6916	285	5.53497E+01
6916	556	5.53649E+01
2696	469	5.53721E+01
6803	473	5.53819E+01
6803	604	5.54039E+01
2484	469	5.54223E+01
6713	563	5.54246E+01
6826	600	5.54275E+01
6826	643	5.54293E+01
6803	425	5.54504E+01
6713	558	5.54605E+01
6803	563	5.54755E+01
6736	562	5.54847E+01
6893	558	5.54878E+01
2696	472	5.54905E+01
6826	562	5.54906E+01
2484	472	5.55031E+01
6826	423	5.55443E+01
6803	603	5.55455E+01
6826	644	5.55596E+01
6713	604	5.55601E+01
6803	605	5.56247E+01
6916	333	5.56391E+01
2590	427	5.56572E+01
6713	425	5.56855E+01
6713	605	5.56859E+01
6826	642	5.56951E+01
2590	376	5.57026E+01
6736	643	5.57200E+01
2590	468	5.57252E+01
6736	644	5.57371E+01
6713	603	5.57907E+01
6893	604	5.58423E+01
6916	604	5.58558E+01
6736	600	5.58630E+01
6736	423	5.58638E+01
6736	605	5.58722E+01
2590	473	5.58792E+01
6736	472	5.58803E+01
6826	605	5.58817E+01
6893	425	5.58889E+01
6826	472	5.58942E+01
6893	603	5.59049E+01
2696	427	5.59781E+01
6893	473	5.59939E+01
6803	374	5.59962E+01
6916	600	5.60014E+01
6826	284	5.60127E+01
2484	427	5.60190E+01
2696	468	5.60326E+01
2696	376	5.60353E+01
6826	645	5.60415E+01
2484	376	5.60511E+01
2590	336	5.60588E+01
6826	372	5.60860E+01
6893	563	5.60885E+01
6803	602	5.60901E+01
6736	642	5.60905E+01
2484	468	5.60911E+01
6736	645	5.60989E+01
6916	643	5.61005E+01
6826	555	5.61148E+01
6713	606	5.61300E+01
2590	562	5.61418E+01
6893	605	5.61495E+01
2484	473	5.61536E+01
2696	473	5.61573E+01
6803	606	5.61686E+01
6713	374	5.61724E+01
6736	284	5.61874E+01
2590	561	5.62175E+01
6803	465	5.62441E+01
6826	463	5.62754E+01
6916	642	5.62840E+01
6803	286	5.63107E+01
6916	423	5.63147E+01
6916	644	5.63239E+01
6803	557	5.63241E+01
6736	372	5.63484E+01
6916	562	5.63571E+01
2590	563	5.63773E+01
6893	602	5.63790E+01
6826	684	5.63823E+01
6713	286	5.63877E+01
6826	685	5.63921E+01
2484	336	5.63929E+01
6826	641	5.63994E+01
2696	336	5.64023E+01
6713	564	5.64106E+01
6713	602	5.64175E+01
2696	562	5.64340E+01
2484	562	5.64639E+01
2696	561	5.65135E+01
6893	374	5.65186E+01
6803	645	5.65246E+01
6803	564	5.65447E+01
6713	465	5.65473E+01
6826	332	5.65496E+01
6736	555	5.65558E+01
2484	561	5.65640E+01
6736	685	5.65969E+01
6893	465	5.66023E+01
6893	557	5.66144E+01
6803	334	5.66270E+01
2590	560	5.66335E+01
6826	599	5.66414E+01
6736	463	5.66626E+01
2696	563	5.66665E+01
2484	563	5.66736E+01
6713	557	5.66744E+01
6803	644	5.66797E+01
6713	645	5.66875E+01
6803	646	5.67047E+01
6736	684	5.67200E+01
6916	555	5.67277E+01
6916	472	5.67287E+01
6826	686	5.67317E+01
6713	334	5.67460E+01
6826	683	5.67494E+01
6713	646	5.67508E+01
6736	332	5.67601E+01
2590	467	5.67603E+01
6736	563	5.67619E+01
6736	646	5.67629E+01
6916	605	5.67803E+01
6893	606	5.67860E+01
6736	686	5.67965E+01
6826	646	5.68312E+01
6826	563	5.68531E+01
6713	607	5.68577E+01
6736	641	5.68898E+01
2590	564	5.68961E+01
6736	606	5.69057E+01
6916	645	5.69081E+01
6916	641	5.69183E+01
2696	560	5.69344E+01
6916	372	5.69420E+01
6713	644	5.69536E+01
6893	286	5.69603E+01
6893	645	5.69640E+01
6916	463	5.69700E+01
6916	284	5.69756E+01
6803	607	5.70002E+01
2484	560	5.70030E+01
6893	644	5.70145E+01
6916	684	5.70222E+01
6826	606	5.70223E+01
2696	467	5.70761E+01
6803	601	5.70768E+01
6713	647	5.71030E+01
2590	426	5.71212E+01
6826	726	5.71239E+01
2484	467	5.71405E+01
6736	599	5.71411E+01
6916	685	5.71489E+01
2484	564	5.71656E+01
6803	647	5.71786E+01
6916	599	5.71820E+01
2696	564	5.71832E+01
6736	683	5.72112E+01
6803	643	5.72150E+01
6893	334	5.72277E+01
6893	564	5.72324E+01
6826	727	5.72443E+01
6893	646	5.72563E+01
6736	687	5.72758E+01
6916	683	5.72839E+01
6893	601	5.73049E+01
6826	725	5.73176E+01
2590	606	5.73520E+01
6826	687	5.73568E+01
6736	727	5.73728E+01
2590	375	5.73856E+01
6803	424	5.73945E+01
6736	726	5.74083E+01
2590	559	5.74198E+01
2590	605	5.74293E+01
2696	426	5.74526E+01
6893	643	5.74541E+01
6713	601	5.74784E+01
6916	332	5.74788E+01
2484	426	5.74910E+01
6803	686	5.74952E+01
6736	473	5.75074E+01
6803	687	5.75216E+01
6826	682	5.75401E+01
2590	607	5.75506E+01
6826	422	5.75751E+01
6826	640	5.75799E+01
6826	473	5.75865E+01
6713	643	5.75924E+01
6713	687	5.75994E+01
6736	728	5.76018E+01
6916	686	5.76150E+01
6826	728	5.76350E+01
6713	424	5.76423E+01
2696	606	5.76459E+01
6713	565	5.76596E+01
2484	606	5.76715E+01
2590	565	5.76718E+01
6736	647	5.76902E+01
6713	686	5.77083E+01
6713	648	5.77093E+01
6893	607	5.77156E+01
2696	605	5.77245E+01
2696	559	5.77265E+01
2696	375	5.77298E+01
2484	375	5.77380E+01
6826	768	5.77401E+01
6736	725	5.77506E+01
6713	688	5.77584E+01
2484	605	5.77798E+01
6803	685	5.77828E+01
6916	563	5.77843E+01
6916	646	5.78079E+01
2484	559	5.78105E+01
2590	604	5.78148E+01
6826	283	5.78175E+01
6803	688	5.78205E+01
6916	726	5.78269E+01
2484	607	5.78378E+01
6713	608	5.78388E+01
2590	335	5.78397E+01
6893	424	5.78410E+01
2696	607	5.78442E+01
6893	647	5.78485E+01
6826	769	5.78565E+01
6826	724	5.78729E+01
6803	565	5.78801E+01
6916	725	5.78841E+01
6826	767	5.78853E+01
6826	647	5.78887E+01
6893	686	5.78976E+01
6736	422	5.79037E+01
6803	648	5.79102E+01
2484	565	5.79134E+01
6736	769	5.79400E+01
2696	565	5.79576E+01
6803	556	5.79584E+01
6826	554	5.79679E+01
6916	682	5.79827E+01
6736	283	5.79857E+01
6736	688	5.79962E+01
2590	608	5.79968E+01
6736	768	5.79968E+01
6916	606	5.80097E+01
6916	640	5.80428E+01
6736	729	5.80578E+01
6893	685	5.80584E+01
6893	687	5.80584E+01
6803	608	5.80885E+01
6916	727	5.80937E+01
6736	770	5.81028E+01
2696	604	5.81121E+01
6736	682	5.81154E+01
6803	373	5.81173E+01
6713	685	5.81252E+01
6713	689	5.81509E+01
6736	640	5.81543E+01
2484	335	5.81752E+01
6803	642	5.81761E+01
6803	464	5.81832E+01
6826	810	5.81884E+01
2484	604	5.81948E+01
2696	335	5.81949E+01
2590	466	5.81951E+01
6826	770	5.81967E+01
6736	607	5.81993E+01
6826	371	5.82145E+01
6803	728	5.82159E+01
6893	556	5.82221E+01
6826	688	5.82270E+01
6826	811	5.82319E+01
6803	285	5.82453E+01
2484	608	5.82505E+01
6826	729	5.82567E+01
6803	729	5.82776E+01
2696	608	5.82908E+01
6713	729	5.82932E+01
6713	373	5.82956E+01
6736	564	5.83083E+01
6736	767	5.83094E+01
6916	724	5.83151E+01
6713	285	5.83158E+01
6736	811	5.83202E+01
6893	642	5.83303E+01
6826	766	5.83350E+01
2590	647	5.83389E+01
6713	556	5.83532E+01
6826	598	5.83557E+01
6803	689	5.83563E+01
2590	648	5.83592E+01
6736	812	5.83661E+01
6826	809	5.83666E+01
6916	422	5.83724E+01
6826	462	5.83736E+01
6916	687	5.83742E+01
6713	728	5.83857E+01
6803	727	5.84137E+01
6713	730	5.84219E+01
6826	607	5.84267E+01
6803	684	5.84306E+01
6736	554	5.84447E+01
6736	724	5.84451E+01
6736	771	5.84541E+01
6736	810	5.84617E+01
6916	473	5.84642E+01
6826	812	5.84658E+01
6736	371	5.84773E+01
6916	767	5.84777E+01
6826	564	5.84883E+01
6916	768	5.84942E+01
6893	688	5.84978E+01
6713	464	5.85115E+01
2696	466	5.85202E+01
6893	464	5.85366E+01
6713	649	5.85396E+01
6803	600	5.85408E+01
2590	603	5.85437E+01
6803	730	5.85639E+01
2590	646	5.85665E+01
6736	813	5.85742E+01
6916	554	5.85806E+01
2484	466	5.85881E+01
6893	684	5.85888E+01
2590	649	5.85998E+01
2590	558	5.86050E+01
6826	331	5.86309E+01
2696	647	5.86331E+01
6916	728	5.86386E+01
6893	565	5.86465E+01
6713	642	5.86485E+01
2484	648	5.86552E+01
2696	648	5.86553E+01
6893	373	5.86581E+01
2590	609	5.86643E+01
2484	647	5.86725E+01
6893	728	5.86806E+01
6893	648	5.87035E+01
6736	730	5.87085E+01
6893	600	5.87189E+01
6893	727	5.87258E+01
6826	771	5.87284E+01
6713	727	5.87331E+01
6803	770	5.87402E+01
6713	731	5.87439E+01
6713	690	5.87474E+01
6713	771	5.87477E+01
6803	771	5.87499E+01
6916	766	5.87761E+01
6803	333	5.87768E+01
6713	772	5.87784E+01
6736	462	5.87797E+01
6916	769	5.87805E+01
6826	681	5.87980E+01
6826	808	5.88029E+01
6916	283	5.88167E+01
6736	809	5.88201E+01
6736	331	5.88369E+01
6826	723	5.88381E+01
2696	603	5.88444E+01
6736	648	5.88468E+01
2484	649	5.88573E+01
2696	646	5.88597E+01
6826	813	5.88640E+01
6803	649	5.88689E+01
6916	598	5.88756E+01
2484	609	5.88838E+01
6713	333	5.88920E+01
6713	684	5.88947E+01
2696	649	5.88986E+01
6893	729	5.89008E+01
6713	770	5.89059E+01
6893	608	5.89064E+01
6736	598	5.89094E+01
6803	726	5.89117E+01
2696	558	5.89186E+01
6736	766	5.89186E+01
6893	285	5.89192E+01
6736	814	5.89234E+01
6736	689	5.89242E+01
2484	646	5.89365E+01
6713	814	5.89486E+01
6803	769	5.89500E+01
6803	772	5.89508E+01
2484	603	5.89514E+01
6916	809	5.89583E+01
2696	609	5.89596E+01
2590	425	5.89598E+01
6916	810	5.89610E+01
6736	772	5.89683E+01
6713	773	5.89751E+01
6916	647	5.89817E+01
2590	690	5.89941E+01
6803	813	5.90053E+01
6713	600	5.90078E+01
2484	558	5.90150E+01
2590	689	5.90274E+01
2590	650	5.90357E+01
6713	609	5.90457E+01
6803	731	5.90457E+01
6713	813	5.90465E+01
2590	645	5.90741E+01
6826	730	5.90760E+01
6893	726	5.90791E+01
6803	814	5.90860E+01
6916	462	5.90861E+01
6803	812	5.90924E+01
6803	690	5.90988E+01
6916	371	5.91051E+01
6826	765	5.91356E+01
2590	691	5.91400E+01
6916	681	5.91643E+01
6916	723	5.91705E+01
6893	689	5.91787E+01
6826	648	5.91791E+01
6916	811	5.91920E+01
6916	808	5.92224E+01
6713	732	5.92353E+01
6893	770	5.92379E+01
2484	650	5.92538E+01
2590	688	5.92633E+01
6826	639	5.92670E+01
6893	769	5.92752E+01
6713	769	5.92801E+01
2484	690	5.92814E+01
2696	690	5.92919E+01
6916	770	5.92967E+01
2696	425	5.93025E+01
6826	689	5.93081E+01
6713	812	5.93104E+01
6803	773	5.93192E+01
2696	689	5.93209E+01
2590	732	5.93292E+01
2484	425	5.93366E+01
2696	650	5.93379E+01
6893	730	5.93503E+01
2484	689	5.93570E+01
2696	645	5.93674E+01
6803	811	5.93712E+01
6713	726	5.93746E+01
2590	286	5.93813E+01
2484	691	5.93845E+01
6916	688	5.93847E+01
2590	374	5.93956E+01
6893	333	5.94011E+01
6826	814	5.94044E+01
6803	609	5.94056E+01
6803	768	5.94130E+01
6916	729	5.94205E+01
6893	771	5.94247E+01
6826	772	5.94247E+01
6736	808	5.94303E+01
6916	765	5.94384E+01
2696	691	5.94429E+01
6736	681	5.94743E+01
2484	645	5.94790E+01
6803	683	5.94870E+01
6916	564	5.94891E+01
2590	731	5.94920E+01
6916	607	5.95086E+01
6713	691	5.95228E+01
6736	731	5.95268E+01
6736	723	5.95380E+01
6826	807	5.95385E+01
6893	683	5.95393E+01
2696	688	5.95533E+01
6713	650	5.95671E+01
6893	768	5.95721E+01
6893	812	5.95748E+01
6916	331	5.95976E+01
6803	641	5.96065E+01
6916	812	5.96182E+01
6736	773	5.96237E+01
2696	732	5.96245E+01
2484	732	5.96319E+01
2484	688	5.96342E+01
2590	602	5.96526E+01
6893	811	5.96664E+01
6893	813	5.96784E+01
6893	641	5.96880E+01
6916	639	5.96890E+01
6803	732	5.96986E+01
2484	286	5.97031E+01
6736	608	5.97236E+01
2590	687	5.97282E+01
6803	423	5.97435E+01
2696	286	5.97500E+01
2484	374	5.97513E+01
2696	374	5.97518E+01
6803	725	5.97555E+01
6713	811	5.97631E+01
2696	731	5.97810E+01
6893	725	5.97881E+01
6893	649	5.97896E+01
6916	807	5.97971E+01
6893	772	5.98062E+01
2590	730	5.98260E+01
6826	282	5.98358E+01
2484	731	5.98397E+01
6736	765	5.98688E+01
6803	810	5.98690E+01
2590	773	5.98863E+01
2590	334	5.98940E+01
2590	644	5.98984E+01
6713	768	5.99027E+01
6736	639	5.99131E+01
6893	814	5.99526E+01
2696	602	5.99580E+01
6893	810	5.99823E+01
6736	282	5.99969E+01
6893	731	5.99987E+01
6713	423	6.00004E+01
6826	421	6.00033E+01
6916	771	6.00090E+01
2696	687	6.00155E+01
6803	691	6.00220E+01
6803	650	6.00271E+01
6736	690	6.00317E+01
2590	465	6.00452E+01
6713	683	6.00636E+01
6826	731	6.00649E+01
6826	608	6.00652E+01
6893	690	6.00701E+01
6803	555	6.00840E+01
2484	602	6.00860E+01
6736	565	6.00970E+01
2696	730	6.01096E+01
2484	687	6.01394E+01
6713	641	6.01639E+01
2696	773	6.01640E+01
6803	767	6.01688E+01
6893	767	6.01699E+01
2696	644	6.01929E+01
6893	423	6.02024E+01
6736	649	6.02040E+01
6916	813	6.02123E+01
2590	557	6.02151E+01
2484	730	6.02182E+01
2484	334	6.02305E+01
6826	722	6.02594E+01
2696	334	6.02612E+01
6826	773	6.02634E+01
2484	773	6.02816E+01
6826	553	6.03083E+01
6893	609	6.03298E+01
6893	555	6.03305E+01
6736	807	6.03314E+01
6826	764	6.03354E+01
2484	644	6.03364E+01
6736	421	6.03374E+01
2590	729	6.03530E+01
6713	725	6.03540E+01
2590	772	6.03560E+01
6893	773	6.03579E+01
6826	565	6.03690E+01
2696	465	6.03806E+01
6916	648	6.03935E+01
6916	730	6.04046E+01
6803	284	6.04048E+01
6713	810	6.04312E+01
2484	465	6.04493E+01
2590	686	6.04531E+01
6713	284	6.04684E+01
6736	732	6.04905E+01
6916	722	6.04993E+01
6803	599	6.05113E+01
6916	764	6.05157E+01
6713	555	6.05158E+01
2696	557	6.05370E+01
6893	809	6.05570E+01
6826	680	6.05593E+01
6826	690	6.05709E+01
6803	463	6.05810E+01
6826	597	6.05838E+01
6803	372	6.05867E+01
6916	689	6.06108E+01
6826	806	6.06187E+01
6803	809	6.06187E+01
2696	772	6.06269E+01
2696	729	6.06320E+01
2484	557	6.06424E+01
6893	599	6.06510E+01
6826	649	6.06726E+01
6826	370	6.06851E+01
6916	806	6.07303E+01
2696	686	6.07388E+01
6713	372	6.07652E+01
2484	729	6.07887E+01
2484	772	6.07969E+01
6713	767	6.08116E+01
6736	553	6.08126E+01
6893	732	6.08209E+01
6916	421	6.08325E+01
6916	680	6.08668E+01
6916	282	6.08724E+01
6916	772	6.08893E+01
2484	686	6.09031E+01
6893	724	6.09042E+01
6826	461	6.09191E+01
6713	463	6.09287E+01
6916	553	6.09308E+01
6893	463	6.09364E+01
6736	370	6.09462E+01
6916	814	6.09512E+01
6893	682	6.09599E+01
6826	330	6.09928E+01
2590	771	6.09938E+01
6803	724	6.09943E+01
6803	682	6.10002E+01
2590	814	6.10186E+01
6713	599	6.10340E+01
6736	722	6.10732E+01
6893	650	6.10786E+01
2590	643	6.10791E+01
6916	597	6.10963E+01
2590	728	6.10981E+01
6893	284	6.11041E+01
6893	766	6.11156E+01
6893	691	6.11450E+01
6893	372	6.11488E+01
2505	380	6.11651E+01
2590	601	6.11768E+01
6736	597	6.11807E+01
2590	424	6.11829E+01
6736	330	6.11932E+01
6826	732	6.12003E+01
6736	764	6.12055E+01
6803	332	6.12139E+01
6916	608	6.12462E+01
2696	771	6.12587E+01
6803	766	6.12619E+01
2696	814	6.12681E+01
6736	691	6.12946E+01
6736	680	6.13223E+01
6713	332	6.13242E+01
6736	461	6.13384E+01
6713	809	6.13460E+01
2696	728	6.13733E+01
2696	643	6.13763E+01
6893	808	6.14307E+01
6916	565	6.14437E+01
6736	609	6.14524E+01
2590	285	6.14703E+01
2590	685	6.14739E+01
2484	771	6.14797E+01
6826	638	6.14807E+01
2696	601	6.14882E+01
2696	424	6.15376E+01
2484	814	6.15417E+01
6803	640	6.15442E+01
2484	643	6.15480E+01
6916	731	6.15617E+01
2484	424	6.15656E+01
6736	806	6.15661E+01
6893	640	6.15667E+01
2484	728	6.15762E+01
6916	370	6.16134E+01
2484	601	6.16334E+01
6916	461	6.16568E+01
6803	808	6.16586E+01
6713	682	6.16782E+01
6713	724	6.17185E+01
6736	650	6.17357E+01
2590	373	6.17408E+01
2696	685	6.17594E+01
2590	813	6.17822E+01
2484	285	6.17919E+01
2590	770	6.18205E+01
2696	285	6.18505E+01
6893	332	6.18634E+01
6916	638	6.18783E+01
2611	380	6.19074E+01
6826	609	6.19107E+01
6916	773	6.19144E+01
2505	432	6.19176E+01
2484	685	6.19609E+01
6826	763	6.19809E+01
2505	379	6.19889E+01
6826	691	6.19906E+01
6916	330	6.19988E+01
6916	649	6.20128E+01
6916	690	6.20224E+01
2696	813	6.20249E+01
6713	766	6.20494E+01
6916	763	6.20577E+01
2505	431	6.20593E+01
6826	281	6.20655E+01
6916	805	6.20724E+01
2696	770	6.20803E+01
6826	805	6.20903E+01
2590	727	6.20909E+01
2484	373	6.20992E+01
2696	373	6.21096E+01
6713	640	6.21752E+01
6826	721	6.21761E+01
6736	638	6.21852E+01
6736	281	6.22192E+01
2590	333	6.22280E+01
2590	556	6.22724E+01
2590	464	6.23242E+01
6826	650	6.23429E+01
6916	721	6.23435E+01
2484	813	6.23500E+01
2484	770	6.23505E+01
2696	727	6.23635E+01
6893	765	6.24600E+01
6893	723	6.24796E+01
2717	380	6.25025E+01
6803	422	6.25050E+01
2505	430	6.25325E+01
6713	808	6.25437E+01
2484	333	6.25652E+01
2696	556	6.26037E+01
2696	333	6.26076E+01
2484	727	6.26099E+01
6893	807	6.26492E+01
2590	642	6.26566E+01
2696	464	6.26710E+01
6803	723	6.26777E+01
2611	432	6.26958E+01
2611	379	6.27121E+01
2590	812	6.27135E+01
6803	554	6.27143E+01
2484	556	6.27147E+01
2484	464	6.27379E+01
6803	765	6.27406E+01
6713	422	6.27673E+01
6803	283	6.27905E+01
2611	431	6.28118E+01
6826	420	6.28292E+01
2590	684	6.28308E+01
6713	283	6.28468E+01
6826	679	6.28491E+01
2590	769	6.28602E+01
6916	732	6.28679E+01
6893	681	6.28965E+01
2696	812	6.29502E+01
6893	554	6.29533E+01
2696	642	6.29578E+01
6736	763	6.29726E+01
6893	422	6.29810E+01
6803	598	6.30098E+01
6803	681	6.30138E+01
6803	807	6.30318E+01
6736	721	6.30876E+01
2696	769	6.31158E+01
6916	679	6.31172E+01
2696	684	6.31173E+01
2505	378	6.31223E+01
6893	598	6.31235E+01
6826	552	6.31349E+01
6916	281	6.31404E+01
2590	600	6.31478E+01
2484	642	6.31537E+01
6736	420	6.31650E+01
6713	554	6.31751E+01
6736	805	6.31784E+01
6916	609	6.31948E+01
2611	430	6.32600E+01
2717	432	6.32902E+01
2717	379	6.33082E+01
2484	812	6.33252E+01
6826	596	6.33285E+01
2505	429	6.33484E+01
2484	684	6.33524E+01
2590	726	6.33658E+01
2505	338	6.33973E+01
6826	234	6.34037E+01
2717	431	6.34049E+01
6803	371	6.34115E+01
2505	472	6.34294E+01
2484	769	6.34331E+01
6803	462	6.34450E+01
2696	600	6.34667E+01
2505	471	6.34820E+01
6826	369	6.34988E+01
6713	723	6.35156E+01
6893	283	6.35161E+01
6736	234	6.35273E+01
6713	598	6.35779E+01
6713	371	6.35879E+01
6916	691	6.35939E+01
2484	600	6.36249E+01
6826	329	6.36365E+01
2696	726	6.36371E+01
6736	552	6.36585E+01
6713	765	6.36622E+01
6736	679	6.36830E+01
2505	473	6.36832E+01
6916	420	6.36951E+01
6736	369	6.37561E+01
6916	552	6.37777E+01
6713	681	6.37804E+01
2590	284	6.37846E+01
2590	423	6.37999E+01
6713	462	6.38065E+01
6893	462	6.38094E+01
6916	650	6.38123E+01
2611	378	6.38269E+01
6736	329	6.38303E+01
2590	811	6.38329E+01
6916	596	6.38473E+01
2717	430	6.38522E+01
2505	470	6.38636E+01
6916	804	6.38719E+01
6826	460	6.39083E+01
2484	726	6.39239E+01
6803	331	6.39432E+01
6736	596	6.39575E+01
6893	639	6.39973E+01
6893	371	6.39977E+01
6826	804	6.39982E+01
6803	639	6.40188E+01
6713	331	6.40475E+01
2611	429	6.40516E+01
2696	811	6.40646E+01
6713	807	6.40656E+01
2484	284	6.41059E+01
6916	762	6.41071E+01
2611	338	6.41075E+01
6826	762	6.41114E+01
2590	768	6.41410E+01
2696	423	6.41673E+01
2696	284	6.41767E+01
2484	423	6.41873E+01
2611	472	6.42111E+01
6826	637	6.42281E+01
2611	471	6.42315E+01
6893	764	6.42556E+01
6893	806	6.42622E+01
6736	460	6.43349E+01
2696	768	6.43936E+01
2717	378	6.44244E+01
2590	372	6.44293E+01
6916	369	6.44680E+01
2484	811	6.44875E+01
2611	473	6.44977E+01
6826	280	6.45043E+01
2505	428	6.45164E+01
6916	234	6.45283E+01
6893	722	6.45634E+01
2590	683	6.45656E+01
2505	377	6.45691E+01
2611	470	6.45817E+01
2505	469	6.45955E+01
6826	720	6.46155E+01
6916	637	6.46181E+01
6893	331	6.46195E+01
2717	429	6.46434E+01
6736	280	6.46501E+01
6803	764	6.46545E+01
2590	641	6.46687E+01
6916	460	6.46783E+01
6916	329	6.46836E+01
6713	639	6.47108E+01
2717	338	6.47116E+01
6916	720	6.47325E+01
2484	768	6.47551E+01
2505	563	6.47781E+01
6803	806	6.47853E+01
2484	372	6.47897E+01
2590	555	6.47943E+01
2717	472	6.48069E+01
2696	372	6.48113E+01
2717	471	6.48237E+01
2590	332	6.48478E+01
6803	722	6.48522E+01
2696	683	6.48547E+01
2505	564	6.48599E+01
2590	725	6.49616E+01
2696	641	6.49758E+01
6736	637	6.49766E+01
2505	562	6.49886E+01
2505	337	6.50102E+01
2590	463	6.50432E+01
2717	473	6.50977E+01
2484	683	6.51189E+01
2696	555	6.51365E+01
2590	810	6.51634E+01
2717	470	6.51710E+01
2484	332	6.51854E+01
2484	641	6.51911E+01
2611	428	6.51961E+01
6736	762	6.52065E+01
2505	565	6.52078E+01
6736	804	6.52098E+01
2696	725	6.52331E+01
2696	332	6.52403E+01
2484	555	6.52493E+01
2611	377	6.52554E+01
2611	469	6.52832E+01
6893	680	6.53865E+01
2696	810	6.53913E+01
6803	282	6.54013E+01
2696	463	6.54023E+01
6713	282	6.54497E+01
2484	463	6.54646E+01
6826	233	6.55103E+01
2505	561	6.55191E+01
2611	563	6.55417E+01
2484	725	6.55562E+01
6803	680	6.55633E+01
2590	599	6.55913E+01
6736	720	6.56063E+01
6916	280	6.56184E+01
6736	233	6.56262E+01
2611	564	6.56625E+01
6826	678	6.56772E+01
6803	421	6.56834E+01
2590	767	6.56956E+01
6713	764	6.56969E+01
2505	468	6.56977E+01
2611	337	6.57060E+01
2611	562	6.57139E+01
2717	428	6.57879E+01
6713	722	6.57895E+01
2717	377	6.58546E+01
6803	553	6.58553E+01
2484	810	6.58595E+01
2717	469	6.58700E+01
2505	607	6.59041E+01
2505	608	6.59059E+01
2696	599	6.59193E+01
6916	678	6.59265E+01
2696	767	6.59466E+01
6713	421	6.59475E+01
6713	806	6.59560E+01
2505	427	6.60456E+01
6826	419	6.60458E+01
6803	597	6.60481E+01
2611	565	6.60501E+01
2484	599	6.60860E+01
6893	553	6.60968E+01
2717	563	6.61361E+01
2505	609	6.61393E+01
6893	597	6.61489E+01
6893	282	6.61540E+01
2505	606	6.61596E+01
6916	803	6.61697E+01
6893	421	6.61813E+01
2611	561	6.62069E+01
2717	564	6.62633E+01
2717	562	6.63026E+01
2717	337	6.63127E+01
6893	805	6.63210E+01
2590	283	6.63254E+01
2505	376	6.63340E+01
6713	553	6.63367E+01
2484	767	6.63488E+01
2611	468	6.63559E+01
6826	803	6.63795E+01
6736	419	6.63796E+01
2505	560	6.63983E+01
6713	680	6.64039E+01
6826	551	6.64360E+01
6893	763	6.65519E+01
6826	328	6.65598E+01
6736	678	6.65648E+01
6826	595	6.65795E+01
6803	370	6.65959E+01
2505	649	6.66413E+01
2505	650	6.66431E+01
2484	283	6.66462E+01
6713	597	6.66506E+01
6826	368	6.66509E+01
2717	565	6.66577E+01
2611	607	6.66651E+01
6916	233	6.66694E+01
6916	761	6.66935E+01
2505	605	6.67005E+01
2611	427	6.67025E+01
2611	608	6.67119E+01
2590	682	6.67191E+01
2696	283	6.67296E+01
2590	809	6.67321E+01
6736	328	6.67459E+01
6826	761	6.67538E+01
6713	370	6.67682E+01
6803	461	6.67772E+01
2717	561	6.67906E+01
2590	422	6.68182E+01
2505	648	6.68468E+01
2611	606	6.68762E+01
2505	336	6.68897E+01
6736	368	6.69022E+01
2590	724	6.69197E+01
2717	468	6.69409E+01
6916	419	6.69533E+01
2696	809	6.69572E+01
6803	805	6.69668E+01
6803	330	6.69679E+01
6736	551	6.69703E+01
2611	609	6.69908E+01
6893	638	6.69990E+01
2611	376	6.70025E+01
2696	682	6.70128E+01
6803	638	6.70484E+01
2611	560	6.70498E+01
6803	763	6.70500E+01
2505	691	6.70572E+01
6713	330	6.70652E+01
6916	551	6.71092E+01
6916	595	6.71182E+01
6713	461	6.71467E+01
2590	640	6.71483E+01
6826	279	6.71506E+01
6893	461	6.71578E+01
2505	467	6.71886E+01
2696	724	6.71930E+01
6893	721	6.71962E+01
2696	422	6.71993E+01
6893	370	6.72092E+01
2484	422	6.72093E+01
6736	595	6.72290E+01
2717	607	6.72596E+01
2505	647	6.72838E+01
6736	279	6.72880E+01
2717	427	6.72949E+01
2484	682	6.73008E+01
2717	608	6.73151E+01
6826	459	6.73275E+01
2505	690	6.73396E+01
2611	605	6.73736E+01
2611	649	6.74250E+01
2717	606	6.74627E+01
2696	640	6.74629E+01
2484	809	6.74677E+01
2590	371	6.74679E+01
2611	650	6.74767E+01
6826	636	6.74999E+01
2484	724	6.75478E+01
6803	721	6.75559E+01
2505	604	6.75587E+01
2590	766	6.75609E+01
2611	336	6.75711E+01
2611	648	6.75809E+01
6826	719	6.75882E+01
2717	609	6.76032E+01
2717	376	6.76038E+01
2717	560	6.76291E+01
6916	328	6.76497E+01
2505	559	6.76556E+01
6916	368	6.76638E+01
6893	330	6.76728E+01
6916	719	6.76790E+01
2484	640	6.76924E+01
6736	803	6.76941E+01
2505	732	6.77131E+01
6826	232	6.77480E+01
6736	459	6.77558E+01
2590	331	6.77584E+01
6713	638	6.77878E+01
2590	554	6.77929E+01
2696	766	6.78118E+01
2505	689	6.78151E+01
2611	467	6.78185E+01
2484	371	6.78297E+01
2611	691	6.78399E+01
6736	232	6.78560E+01
2696	371	6.78636E+01
6916	636	6.79000E+01
6736	761	6.79313E+01
2505	426	6.79455E+01
2717	605	6.79526E+01
2611	647	6.79688E+01
2505	646	6.79792E+01
2717	649	6.80246E+01
2611	690	6.80695E+01
2717	650	6.80873E+01
2484	331	6.80961E+01
6916	459	6.81372E+01
2696	554	6.81471E+01
2696	331	6.81641E+01
2717	648	6.81700E+01
2717	336	6.81806E+01
2611	604	6.81894E+01
6713	763	6.81973E+01
2590	462	6.82092E+01
6803	281	6.82342E+01
2484	766	6.82505E+01
2484	554	6.82580E+01
6713	805	6.82599E+01
2611	559	6.82722E+01
6713	281	6.82743E+01
6736	636	6.82778E+01
2505	731	6.82946E+01
6916	279	6.83044E+01
2717	467	6.84024E+01
2611	732	6.84087E+01
2505	375	6.84239E+01
2717	691	6.84395E+01
6893	679	6.84541E+01
2611	689	6.84924E+01
2505	688	6.85061E+01
2590	598	6.85258E+01
2717	647	6.85479E+01
2590	808	6.85698E+01
6713	721	6.85759E+01
2611	426	6.85804E+01
2696	462	6.85817E+01
2611	646	6.86160E+01
2484	462	6.86366E+01
6736	719	6.86382E+01
2717	690	6.86568E+01
6803	679	6.86713E+01
2717	604	6.87617E+01
2505	603	6.87691E+01
2696	808	6.87937E+01
2717	559	6.88479E+01
2696	598	6.88646E+01
2505	773	6.88731E+01
6893	804	6.88737E+01
2611	731	6.89360E+01
6916	232	6.89417E+01
2505	645	6.89647E+01
2717	732	6.89861E+01
6916	802	6.89929E+01
6893	281	6.90147E+01
2484	598	6.90349E+01
6826	677	6.90350E+01
2505	335	6.90415E+01
2505	730	6.90626E+01
2717	689	6.90679E+01
2611	375	6.90749E+01
2505	466	6.90857E+01
2590	282	6.90913E+01
2611	688	6.91313E+01
2717	426	6.91739E+01
2717	646	6.91857E+01
6826	802	6.92578E+01
6803	420	6.92777E+01
2590	723	6.92811E+01
6916	677	6.92867E+01
2505	558	6.93192E+01
2590	681	6.93279E+01
2484	808	6.93426E+01
2611	603	6.93588E+01
6893	762	6.93900E+01
2484	282	6.94114E+01
2505	687	6.94380E+01
2611	773	6.94437E+01
2717	731	6.95004E+01
6803	552	6.95036E+01
2696	282	6.95079E+01
6713	420	6.95398E+01
2611	645	6.95543E+01
2696	723	6.95583E+01
6713	679	6.95696E+01
6803	804	6.96208E+01
6803	596	6.96261E+01
2696	681	6.96280E+01
6826	418	6.96362E+01
2611	730	6.96499E+01
2717	375	6.96786E+01
2611	466	6.96885E+01
2717	688	6.96953E+01
2611	335	6.97087E+01
6893	596	6.97275E+01
6803	234	6.97390E+01
6713	234	6.97429E+01
2505	772	6.97495E+01
6826	327	6.97555E+01
6893	552	6.97576E+01
2590	765	6.97764E+01
6893	420	6.98021E+01
6916	760	6.98282E+01
2611	558	6.99023E+01
6826	760	6.99168E+01
2717	603	6.99252E+01
6736	327	6.99328E+01
2484	681	6.99341E+01
2484	723	6.99390E+01
6736	677	6.99583E+01
6736	418	6.99644E+01
6803	762	6.99649E+01
2717	773	6.99871E+01
6713	552	6.99971E+01
6826	278	7.00025E+01
2611	687	7.00118E+01
2696	765	7.00291E+01
2505	729	7.00378E+01
2717	645	7.01154E+01
6826	231	7.01195E+01
2590	639	7.01197E+01
6826	367	7.01276E+01
6736	278	7.01311E+01
6803	369	7.01401E+01
6826	550	7.01863E+01
2717	730	7.02018E+01
6736	231	7.02196E+01
2505	425	7.02260E+01
2590	421	7.02420E+01
6713	596	7.02516E+01
2611	772	7.02660E+01
2717	466	7.02720E+01
2505	644	7.02766E+01
6803	329	7.02887E+01
6713	369	7.03060E+01
6826	594	7.03107E+01
2717	335	7.03213E+01
2505	602	7.03680E+01
6736	367	7.03708E+01
6713	329	7.03778E+01
6893	720	7.04048E+01
2696	639	7.04439E+01
2717	558	7.04754E+01
2484	765	7.04991E+01
2717	687	7.05651E+01
6893	234	7.05709E+01
2611	729	7.05715E+01
6803	460	7.05716E+01
6893	637	7.05759E+01
6916	418	7.05897E+01
2484	421	7.06356E+01
6803	637	7.06363E+01
2696	421	7.06375E+01
2505	686	7.06412E+01
6736	802	7.06518E+01
2484	639	7.06816E+01
2590	807	7.07113E+01
6736	550	7.07228E+01
2505	814	7.07260E+01
6893	369	7.07832E+01
2717	772	7.07962E+01
2505	771	7.08099E+01
6803	720	7.08132E+01
2611	644	7.08203E+01
2611	425	7.08396E+01
2505	374	7.08466E+01
2590	370	7.08609E+01
2505	286	7.08657E+01
6916	594	7.08829E+01
6916	327	7.08896E+01
4500	338	7.08903E+01
4500	337	7.08991E+01
6916	550	7.08998E+01
2611	602	7.09183E+01
2696	807	7.09357E+01
6713	460	7.09432E+01
2590	330	7.09629E+01
6736	594	7.09692E+01
6893	460	7.09755E+01
6713	804	7.10184E+01
6893	329	7.10236E+01
6826	718	7.10847E+01
2717	729	7.11113E+01
2611	814	7.11335E+01
4500	336	7.11448E+01
6826	458	7.11510E+01
6736	760	7.11537E+01
2611	686	7.11645E+01
6916	718	7.11741E+01
6916	367	7.11869E+01
6916	278	7.11969E+01
6713	762	7.11983E+01
2484	370	7.12233E+01
2505	728	7.12443E+01
6826	635	7.12691E+01
2696	370	7.12710E+01
2590	553	7.12724E+01
2611	771	7.12725E+01
6803	280	7.12862E+01
2484	330	7.13003E+01
6713	280	7.13174E+01
6916	231	7.13482E+01
4500	376	7.13668E+01
4500	377	7.13684E+01
2717	644	7.13736E+01
2696	330	7.13823E+01
2505	465	7.14045E+01
6713	637	7.14087E+01
2505	557	7.14149E+01
2717	425	7.14348E+01
2505	334	7.14720E+01
2717	602	7.14798E+01
2611	374	7.14805E+01
2484	807	7.15182E+01
2611	286	7.15405E+01
6736	458	7.15750E+01
2717	814	7.16305E+01
4603	338	7.16314E+01
4500	335	7.16315E+01
2696	553	7.16402E+01
4603	337	7.16491E+01
4500	375	7.16562E+01
4500	378	7.16568E+01
6916	635	7.16965E+01
2717	686	7.17078E+01
2611	728	7.17252E+01
2484	553	7.17452E+01
2717	771	7.17900E+01
2590	461	7.18235E+01
2505	813	7.18824E+01
6713	720	7.18971E+01
4603	336	7.19042E+01
2505	643	7.19540E+01
6893	803	7.19591E+01
2590	597	7.19604E+01
2611	557	7.19663E+01
2611	465	7.19815E+01
6916	458	7.20070E+01
4500	426	7.20532E+01
4500	427	7.20590E+01
6736	635	7.20615E+01
2505	770	7.20742E+01
2590	281	7.20791E+01
2590	722	7.20830E+01
2717	374	7.20869E+01
6893	280	7.20952E+01
6893	678	7.21062E+01
4603	377	7.21136E+01
4603	376	7.21202E+01
2611	334	7.21250E+01
2505	685	7.21508E+01
2717	286	7.21618E+01
6736	718	7.21724E+01
2696	461	7.22105E+01
4500	379	7.22288E+01
2611	813	7.22374E+01
4500	374	7.22425E+01
2717	728	7.22535E+01
2484	461	7.22551E+01
4500	286	7.22854E+01
2696	597	7.23116E+01
6803	678	7.23434E+01
6916	801	7.23491E+01
4500	334	7.23640E+01
2696	722	7.23662E+01
6713	233	7.23728E+01
6803	233	7.23771E+01
2590	764	7.23815E+01
4500	425	7.23900E+01
2505	601	7.23901E+01
4603	378	7.23943E+01
2484	281	7.23984E+01
4500	428	7.23989E+01
4603	335	7.24007E+01
4603	375	7.24185E+01
2590	680	7.24198E+01
2611	643	7.24536E+01
2484	597	7.24804E+01
2611	770	7.24836E+01
2696	281	7.25085E+01
2717	557	7.25375E+01
2717	465	7.25654E+01
4397	338	7.25895E+01
4397	337	7.26144E+01
2611	685	7.26251E+01
6826	230	7.26312E+01
6826	801	7.26380E+01
2696	764	7.26381E+01
2505	727	7.27109E+01
2717	813	7.27216E+01
6736	230	7.27231E+01
2696	680	7.27286E+01
2717	334	7.27409E+01
2484	722	7.27662E+01
6803	803	7.27825E+01
6893	761	7.27963E+01
4603	427	7.28084E+01
4603	426	7.28093E+01
4500	466	7.28482E+01
4397	336	7.28761E+01
6826	676	7.28938E+01
2505	424	7.28973E+01
2611	601	7.29030E+01
4500	467	7.29567E+01
4603	379	7.29594E+01
2717	770	7.29889E+01
2717	643	7.30002E+01
4603	374	7.30143E+01
2484	680	7.30460E+01
6826	277	7.30570E+01
4500	429	7.30648E+01
4603	286	7.30657E+01
4397	377	7.30735E+01
4500	424	7.30774E+01
4500	380	7.30822E+01
4397	376	7.30917E+01
4500	465	7.31193E+01
4500	373	7.31322E+01
2484	764	7.31332E+01
2611	727	7.31400E+01
4603	428	7.31426E+01
4603	334	7.31436E+01
4603	425	7.31536E+01
2717	685	7.31594E+01
4500	285	7.31683E+01
6916	676	7.31692E+01
6736	277	7.31764E+01
2590	806	7.31935E+01
6826	326	7.32093E+01
2505	812	7.32223E+01
6893	233	7.32341E+01
6803	419	7.32785E+01
6713	678	7.32820E+01
2505	285	7.32881E+01
4397	378	7.33418E+01
4500	333	7.33476E+01
6736	326	7.33767E+01
4397	335	7.33787E+01
4397	375	7.34006E+01
2696	806	7.34204E+01
6803	761	7.34226E+01
4500	468	7.34298E+01
2717	601	7.34607E+01
2611	424	7.34904E+01
6916	759	7.34998E+01
2590	234	7.35148E+01
2611	812	7.35255E+01
6713	419	7.35347E+01
2505	769	7.35657E+01
6826	417	7.35707E+01
6826	759	7.35880E+01
2590	638	7.35961E+01
4603	466	7.36044E+01
2505	373	7.36105E+01
6803	551	7.36433E+01
2717	727	7.36576E+01
4603	467	7.37090E+01
6803	595	7.37290E+01
4397	427	7.37704E+01
4500	464	7.37824E+01
4397	426	7.37892E+01
4500	557	7.37924E+01
4500	558	7.37947E+01
4603	429	7.38037E+01
4603	380	7.38065E+01
2484	234	7.38232E+01
6893	419	7.38338E+01
6736	676	7.38344E+01
6893	595	7.38445E+01
4603	424	7.38495E+01
4603	465	7.38806E+01
6736	417	7.38897E+01
4397	379	7.38933E+01
6916	230	7.38948E+01
6803	328	7.39020E+01
6826	366	7.39045E+01
4603	373	7.39142E+01
6893	551	7.39200E+01
2611	769	7.39226E+01
2696	638	7.39318E+01
2611	285	7.39508E+01
2696	234	7.39514E+01
4603	285	7.39589E+01
2505	556	7.39647E+01
6713	328	7.39818E+01
2717	812	7.39974E+01
4397	374	7.40062E+01
2505	684	7.40064E+01
2484	806	7.40310E+01
2505	642	7.40368E+01
6803	368	7.40368E+01
4397	286	7.40385E+01
4500	430	7.40481E+01
2590	420	7.40698E+01
4397	428	7.40852E+01
6736	801	7.40854E+01
2717	424	7.40877E+01
4500	423	7.41234E+01
4397	334	7.41271E+01
6736	366	7.41377E+01
4603	333	7.41379E+01
6713	551	7.41404E+01
4397	425	7.41499E+01
2505	464	7.41589E+01
2484	638	7.41717E+01
4603	468	7.41795E+01
4500	559	7.41818E+01
2505	333	7.41877E+01
6713	368	7.41943E+01
6893	719	7.41968E+01
4500	556	7.41969E+01
2611	373	7.42275E+01
4500	469	7.42503E+01
4500	284	7.42503E+01
6713	803	7.42634E+01
6916	277	7.42923E+01
4500	372	7.43320E+01
6826	549	7.43444E+01
6713	595	7.43659E+01
6916	326	7.43888E+01
2717	769	7.44164E+01
2611	684	7.44335E+01
2590	329	7.44615E+01
2484	420	7.44647E+01
2505	726	7.44711E+01
6826	593	7.44789E+01
2696	420	7.44805E+01
2611	556	7.44861E+01
2611	642	7.44946E+01
4603	557	7.45499E+01
4603	464	7.45500E+01
4603	558	7.45511E+01
6803	279	7.45546E+01
6916	417	7.45744E+01
2717	285	7.45756E+01
6713	279	7.45765E+01
4500	332	7.45871E+01
4397	466	7.45881E+01
2590	369	7.46078E+01
6803	719	7.46299E+01
4397	467	7.46663E+01
6893	328	7.46684E+01
4500	601	7.46762E+01
2611	464	7.47113E+01
6893	368	7.47125E+01
6893	636	7.47144E+01
6713	761	7.47206E+01
4397	429	7.47254E+01
4397	380	7.47259E+01
2505	811	7.47657E+01
6803	636	7.47684E+01
4603	430	7.47829E+01
4500	602	7.47856E+01
2484	329	7.47983E+01
6803	459	7.48111E+01
2611	333	7.48266E+01
2717	373	7.48370E+01
4500	463	7.48476E+01
2611	726	7.48498E+01
6736	759	7.48597E+01
4397	424	7.48607E+01
2505	600	7.48664E+01
6736	549	7.48749E+01
4397	465	7.48884E+01
2696	329	7.48951E+01
4603	423	7.49049E+01
4397	373	7.49150E+01
4500	560	7.49278E+01
4397	285	7.49348E+01
4603	559	7.49387E+01
4603	556	7.49571E+01
2717	684	7.49598E+01
4500	600	7.49690E+01
2484	369	7.49703E+01
4603	469	7.49984E+01
6916	366	7.50126E+01
2611	811	7.50177E+01
4500	555	7.50259E+01
2696	369	7.50328E+01
2717	642	7.50356E+01
4603	284	7.50516E+01
2717	556	7.50566E+01
6826	717	7.50733E+01
6916	593	7.50973E+01
6916	549	7.51075E+01
4397	468	7.51083E+01
4603	372	7.51248E+01
4397	333	7.51265E+01
6736	593	7.51350E+01
6713	232	7.51388E+01
6803	232	7.51516E+01
6713	459	7.51788E+01
6916	717	7.51866E+01
2590	552	7.52282E+01
6893	459	7.52450E+01
4500	603	7.52656E+01
2590	280	7.52856E+01
6826	229	7.52902E+01
2717	464	7.52963E+01
2505	768	7.53114E+01
6826	457	7.53376E+01
4500	431	7.53386E+01
2611	600	7.53443E+01
2590	721	7.53535E+01
2717	726	7.53577E+01
6736	229	7.53738E+01
4603	332	7.53888E+01
6893	279	7.53928E+01
4500	470	7.53987E+01
2590	763	7.54114E+01
4603	601	7.54332E+01
2717	333	7.54461E+01
2717	811	7.54779E+01
6826	634	7.54896E+01
4397	558	7.55190E+01
4500	283	7.55330E+01
4500	422	7.55347E+01
4603	602	7.55458E+01
4397	557	7.55527E+01
6713	636	7.55589E+01
4500	642	7.55776E+01
4397	464	7.55797E+01
6893	802	7.56005E+01
2484	280	7.56039E+01
2696	552	7.56107E+01
2611	768	7.56170E+01
4603	463	7.56231E+01
4500	643	7.56439E+01
2696	721	7.56452E+01
2696	763	7.56743E+01
4397	430	7.56824E+01
4603	560	7.56867E+01
4500	599	7.56908E+01
2484	552	7.57058E+01
4603	600	7.57248E+01
2696	280	7.57279E+01
6736	457	7.57518E+01
6713	719	7.57572E+01
4603	555	7.57904E+01
4500	371	7.58478E+01
4397	559	7.58689E+01
2590	460	7.58789E+01
2590	596	7.58922E+01
4397	469	7.58967E+01
4500	641	7.58977E+01
2717	600	7.58993E+01
4397	423	7.59295E+01
2505	284	7.59413E+01
6916	634	7.59610E+01
2505	423	7.59687E+01
4397	556	7.59917E+01
4500	561	7.60037E+01
2590	679	7.60101E+01
4397	284	7.60304E+01
4603	603	7.60307E+01
6893	232	7.60338E+01
2590	805	7.60529E+01
2484	721	7.60570E+01
4500	644	7.60585E+01
4603	431	7.60703E+01
4500	604	7.60808E+01
4500	331	7.60871E+01
2717	768	7.61001E+01
4397	372	7.61337E+01
4603	470	7.61465E+01
6736	717	7.61771E+01
2484	763	7.61873E+01
6916	800	7.62215E+01
6916	457	7.62462E+01
2505	683	7.62492E+01
2696	596	7.62575E+01
2696	460	7.62814E+01
6736	634	7.62819E+01
2590	233	7.62844E+01
2696	805	7.62845E+01
4500	554	7.62922E+01
6826	276	7.63072E+01
2484	460	7.63129E+01
4500	462	7.63228E+01
4603	422	7.63267E+01
6893	677	7.63294E+01
2696	679	7.63300E+01
4603	642	7.63334E+01
4603	283	7.63453E+01
4397	332	7.63819E+01
4500	684	7.63864E+01
4603	643	7.64069E+01
6736	276	7.64169E+01
2484	596	7.64197E+01
4397	601	7.64362E+01
4603	599	7.64473E+01
6803	802	7.64716E+01
4500	683	7.64770E+01
6826	800	7.65023E+01
4397	602	7.65031E+01
2505	810	7.65348E+01
2611	423	7.65420E+01
2505	641	7.65626E+01
2505	725	7.65627E+01
6803	677	7.65653E+01
4397	560	7.65766E+01
6916	229	7.65890E+01
2484	233	7.65919E+01
2611	284	7.65919E+01
4500	685	7.66224E+01
2611	683	7.66316E+01
4500	640	7.66385E+01
4603	641	7.66486E+01
2484	679	7.66515E+01
4603	371	7.66523E+01
4397	463	7.66722E+01
2505	372	7.67238E+01
2696	233	7.67324E+01
2611	810	7.67366E+01
4603	561	7.67659E+01
4397	600	7.67698E+01
6893	760	7.67764E+01
4500	645	7.67811E+01
4603	644	7.68305E+01
4603	604	7.68525E+01
4397	555	7.68536E+01
4500	471	7.68538E+01
4500	598	7.68622E+01
2611	725	7.68932E+01
6826	325	7.68984E+01
4603	331	7.69005E+01
2484	805	7.69163E+01
4500	432	7.69232E+01
4500	682	7.69355E+01
4397	603	7.69390E+01
4397	431	7.69459E+01
2611	641	7.69811E+01
2505	555	7.69859E+01
4397	470	7.70122E+01
4500	282	7.70160E+01
6736	325	7.70552E+01
4603	554	7.70630E+01
4603	462	7.71073E+01
4500	726	7.71149E+01
4500	725	7.71291E+01
2717	423	7.71420E+01
4500	686	7.71433E+01
4603	684	7.71474E+01
2717	683	7.71511E+01
2717	810	7.71859E+01
4500	605	7.71948E+01
2505	332	7.71951E+01
6826	675	7.72042E+01
2717	284	7.72202E+01
4603	683	7.72276E+01
4500	421	7.73163E+01
2611	372	7.73243E+01
4397	283	7.73268E+01
2505	767	7.73430E+01
4397	642	7.73498E+01
2505	463	7.73596E+01
4397	422	7.73630E+01
4397	643	7.73677E+01
4500	727	7.73686E+01
4500	562	7.73790E+01
4603	640	7.73868E+01
2717	725	7.73925E+01
4603	685	7.73958E+01
6803	760	7.74267E+01
4500	724	7.74522E+01
2611	555	7.74794E+01
2717	641	7.75179E+01
6916	675	7.75236E+01
6713	677	7.75260E+01
4397	599	7.75304E+01
4603	645	7.75639E+01
2590	637	7.75765E+01
6916	276	7.75838E+01
2611	767	7.75990E+01
4603	471	7.76023E+01
4397	561	7.76131E+01
4603	598	7.76218E+01
4603	432	7.76527E+01
6803	418	7.76644E+01
4500	768	7.76645E+01
4397	371	7.76683E+01
6916	758	7.76722E+01
4603	682	7.76779E+01
4500	370	7.76844E+01
