GRAM	c2h2	chi_tot
8665	330	4.02171E+01
8665	281	4.02675E+01
8665	370	4.03323E+01
8665	371	4.03428E+01
8665	331	4.03504E+01
8665	282	4.04270E+01
8665	234	4.04699E+01
8665	421	4.04821E+01
8665	422	4.05430E+01
8665	280	4.05947E+01
8665	233	4.05982E+01
8665	329	4.06826E+01
8665	462	4.06845E+01
8753	330	4.08362E+01
8753	281	4.08999E+01
8753	370	4.09354E+01
8753	371	4.09407E+01
8753	331	4.09551E+01
8665	461	4.09758E+01
8665	372	4.10149E+01
8665	369	4.10260E+01
8753	282	4.10402E+01
8665	283	4.10417E+01
8665	332	4.10444E+01
8753	421	4.10629E+01
8665	554	4.10882E+01
8753	234	4.11114E+01
8665	232	4.11269E+01
8753	422	4.11331E+01
8665	553	4.12011E+01
8665	420	4.12029E+01
8665	463	4.12153E+01
8753	280	4.12474E+01
8753	462	4.12554E+01
8753	233	4.12597E+01
8753	329	4.13179E+01
8665	423	4.13420E+01
8665	279	4.14477E+01
5019	231	4.14913E+01
8665	598	4.15145E+01
8753	461	4.15217E+01
5019	278	4.15877E+01
5019	279	4.15970E+01
4916	231	4.16090E+01
8753	372	4.16102E+01
8753	332	4.16364E+01
8753	283	4.16368E+01
8753	369	4.16371E+01
5019	230	4.16385E+01
8753	554	4.16544E+01
8665	597	4.16716E+01
4916	278	4.16979E+01
5019	328	4.17031E+01
8753	553	4.17195E+01
4916	279	4.17259E+01
4916	230	4.17387E+01
5019	232	4.17729E+01
8753	420	4.17789E+01
8665	328	4.17903E+01
8753	232	4.18093E+01
8753	463	4.18171E+01
4916	328	4.18298E+01
8665	555	4.18365E+01
8841	330	4.18722E+01
8841	371	4.19052E+01
4916	232	4.19073E+01
8841	331	4.19331E+01
5019	327	4.19390E+01
8841	370	4.19437E+01
8753	423	4.19452E+01
8841	281	4.19638E+01
8665	639	4.19793E+01
8841	421	4.20256E+01
5019	368	4.20386E+01
8841	282	4.20404E+01
4916	327	4.20465E+01
8753	598	4.20654E+01
8841	422	4.20763E+01
8665	284	4.20875E+01
8665	231	4.20953E+01
5019	329	4.20999E+01
8753	279	4.21221E+01
5019	280	4.21236E+01
8665	460	4.21308E+01
5019	277	4.21414E+01
8753	597	4.21507E+01
4916	368	4.21632E+01
8841	462	4.21794E+01
5019	369	4.21838E+01
8841	234	4.21895E+01
8665	552	4.22178E+01
4916	277	4.22321E+01
4916	329	4.22448E+01
8665	599	4.22501E+01
5019	229	4.22573E+01
4813	231	4.22585E+01
8665	333	4.22680E+01
4916	280	4.22703E+01
8665	373	4.23102E+01
4916	369	4.23258E+01
4916	229	4.23393E+01
4813	278	4.23506E+01
8665	638	4.23733E+01
4813	279	4.23761E+01
8841	280	4.23776E+01
4813	230	4.23886E+01
8841	233	4.23999E+01
8841	329	4.24158E+01
8841	461	4.24377E+01
5019	233	4.24429E+01
8753	328	4.24436E+01
8753	555	4.24587E+01
8665	368	4.24677E+01
4813	328	4.24823E+01
8753	639	4.24897E+01
8665	640	4.24997E+01
5019	419	4.25064E+01
8665	464	4.25232E+01
8841	372	4.25362E+01
4813	232	4.25562E+01
8841	332	4.25600E+01
8841	554	4.25674E+01
5019	420	4.25714E+01
8841	283	4.25758E+01
8841	553	4.25825E+01
4916	233	4.25932E+01
8665	680	4.25994E+01
5019	367	4.26245E+01
4916	419	4.26367E+01
8753	460	4.26583E+01
8753	284	4.26655E+01
8841	369	4.26952E+01
8753	552	4.26971E+01
4813	327	4.27055E+01
4916	420	4.27169E+01
4916	367	4.27305E+01
8665	681	4.27372E+01
8665	419	4.27466E+01
8841	463	4.27608E+01
8665	596	4.27659E+01
8841	420	4.27694E+01
8753	638	4.27887E+01
8753	231	4.27999E+01
4813	368	4.28232E+01
8665	424	4.28370E+01
8753	333	4.28487E+01
5019	326	4.28503E+01
8665	278	4.28720E+01
8841	423	4.28770E+01
8753	599	4.28836E+01
4813	277	4.28869E+01
4813	329	4.28901E+01
8753	373	4.29054E+01
4813	280	4.29177E+01
4916	326	4.29377E+01
8841	597	4.29547E+01
8841	598	4.29640E+01
4813	369	4.29724E+01
5019	460	4.29799E+01
4813	229	4.29892E+01
8841	232	4.30142E+01
5019	370	4.30193E+01
8753	680	4.30324E+01
5019	330	4.30854E+01
8753	368	4.30898E+01
8753	640	4.31187E+01
4916	460	4.31249E+01
5019	281	4.31259E+01
8665	722	4.31586E+01
8753	464	4.31615E+01
4916	370	4.31776E+01
8753	596	4.31846E+01
5019	418	4.32364E+01
4813	233	4.32412E+01
4916	330	4.32477E+01
4916	281	4.32897E+01
5019	276	4.33011E+01
8753	681	4.33024E+01
4813	419	4.33059E+01
8841	279	4.33217E+01
8753	419	4.33222E+01
8841	639	4.33417E+01
4916	418	4.33500E+01
4813	420	4.33646E+01
4916	276	4.33714E+01
5019	461	4.33794E+01
5019	228	4.33872E+01
8665	679	4.33890E+01
5019	421	4.33961E+01
8665	556	4.33975E+01
4813	367	4.34024E+01
5019	459	4.34065E+01
8841	555	4.34371E+01
4916	228	4.34500E+01
8753	424	4.34570E+01
5019	234	4.34672E+01
8841	638	4.35021E+01
8841	552	4.35269E+01
8665	721	4.35322E+01
4916	461	4.35352E+01
4916	459	4.35386E+01
8841	284	4.35456E+01
8665	285	4.35459E+01
8665	230	4.35475E+01
4916	421	4.35553E+01
8753	278	4.35693E+01
8841	460	4.35785E+01
8665	327	4.35855E+01
4813	326	4.36023E+01
8841	328	4.36077E+01
8753	722	4.36213E+01
5019	552	4.36252E+01
4916	234	4.36327E+01
8665	723	4.36573E+01
8753	679	4.37063E+01
8841	333	4.37211E+01
8665	637	4.37275E+01
8665	682	4.37410E+01
4916	552	4.37804E+01
8841	680	4.37822E+01
4813	460	4.37924E+01
8841	373	4.37980E+01
4813	370	4.38094E+01
8665	600	4.38246E+01
8753	721	4.38431E+01
8665	764	4.38556E+01
8665	641	4.38757E+01
4813	330	4.38850E+01
8841	599	4.38968E+01
8841	596	4.39155E+01
4813	281	4.39338E+01
8665	763	4.39574E+01
5019	366	4.39732E+01
8665	334	4.39962E+01
5019	551	4.40122E+01
4813	276	4.40279E+01
4813	418	4.40383E+01
4916	366	4.40595E+01
8753	637	4.40623E+01
8841	231	4.40722E+01
8753	556	4.40832E+01
5019	553	4.40897E+01
4813	228	4.40998E+01
8753	285	4.41079E+01
8841	640	4.41343E+01
8841	464	4.41358E+01
4916	551	4.41587E+01
4813	461	4.41699E+01
8665	551	4.41708E+01
4813	421	4.41791E+01
8665	459	4.41831E+01
8665	374	4.41962E+01
8841	368	4.42038E+01
4813	459	4.42354E+01
4916	553	4.42510E+01
8753	327	4.42589E+01
8841	681	4.42610E+01
8753	763	4.42641E+01
8753	230	4.42754E+01
8841	679	4.42774E+01
4813	234	4.42794E+01
8753	723	4.42891E+01
8753	764	4.43488E+01
8841	419	4.43496E+01
5019	596	4.43753E+01
8841	424	4.43847E+01
8841	721	4.44187E+01
8841	722	4.44445E+01
8753	682	4.44529E+01
4813	552	4.44552E+01
5019	325	4.44696E+01
5019	371	4.45026E+01
8665	805	4.45333E+01
4916	325	4.45360E+01
4916	596	4.45410E+01
8753	600	4.45504E+01
8665	765	4.45565E+01
8665	465	4.45644E+01
8753	334	4.45671E+01
5019	462	4.45694E+01
5019	282	4.45700E+01
8665	806	4.45752E+01
8753	641	4.46153E+01
5019	331	4.46195E+01
8753	551	4.46204E+01
8841	637	4.46641E+01
4916	371	4.46762E+01
5019	597	4.46766E+01
5019	458	4.46834E+01
8665	367	4.46966E+01
8753	459	4.46989E+01
4916	462	4.47342E+01
4813	366	4.47418E+01
4916	282	4.47502E+01
5019	417	4.47849E+01
8753	374	4.47934E+01
4916	331	4.47983E+01
4916	458	4.48006E+01
8753	805	4.48274E+01
8665	595	4.48278E+01
8665	720	4.48380E+01
8841	278	4.48416E+01
4916	597	4.48433E+01
8841	763	4.48623E+01
4813	551	4.48735E+01
4916	417	4.48803E+01
4813	553	4.48809E+01
8665	277	4.49141E+01
8841	285	4.49309E+01
8665	762	4.49339E+01
5019	422	4.49394E+01
5019	595	4.49406E+01
8665	724	4.49534E+01
8665	425	4.49907E+01
8753	720	4.50169E+01
5019	227	4.50570E+01
8753	762	4.50745E+01
8753	806	4.50883E+01
5019	275	4.50984E+01
4916	227	4.51001E+01
4916	595	4.51019E+01
4916	422	4.51108E+01
5019	142	4.51282E+01
8841	556	4.51416E+01
8665	418	4.51460E+01
4916	275	4.51477E+01
8665	678	4.51501E+01
4916	142	4.51656E+01
8753	595	4.51985E+01
4813	325	4.52054E+01
4813	596	4.52395E+01
8753	465	4.52444E+01
8753	765	4.52541E+01
8841	764	4.52624E+01
5019	550	4.52726E+01
5019	638	4.52844E+01
4813	371	4.52919E+01
8665	804	4.52980E+01
5019	637	4.53307E+01
8753	367	4.53327E+01
4813	462	4.53328E+01
8665	807	4.53458E+01
8753	678	4.53696E+01
5019	554	4.53711E+01
8841	720	4.53807E+01
4813	282	4.53906E+01
8841	334	4.53914E+01
8841	723	4.53920E+01
8753	804	4.53940E+01
8841	762	4.53948E+01
8665	286	4.54024E+01
4916	550	4.54078E+01
4813	331	4.54269E+01
8841	551	4.54343E+01
8841	805	4.54483E+01
4916	638	4.54611E+01
4813	597	4.54854E+01
8841	327	4.54935E+01
4916	637	4.55111E+01
4813	458	4.55230E+01
8665	229	4.55266E+01
4916	554	4.55357E+01
8665	683	4.55371E+01
4813	417	4.55852E+01
8841	230	4.56181E+01
8753	425	4.56311E+01
8753	277	4.56358E+01
8841	459	4.56364E+01
8841	682	4.56474E+01
8841	374	4.56573E+01
8841	804	4.56738E+01
8841	600	4.56966E+01
4813	422	4.57087E+01
8665	557	4.57213E+01
8753	418	4.57259E+01
4813	227	4.57495E+01
8753	724	4.57696E+01
8841	678	4.57952E+01
4813	275	4.58054E+01
4813	142	4.58085E+01
5019	598	4.58110E+01
8841	641	4.58171E+01
4813	595	4.58505E+01
8841	595	4.58791E+01
8753	286	4.59493E+01
4916	598	4.59753E+01
8665	766	4.59780E+01
8665	642	4.60390E+01
8665	636	4.60692E+01
5019	639	4.60756E+01
8841	806	4.60880E+01
8753	807	4.60954E+01
5019	365	4.61000E+01
8665	326	4.61090E+01
4813	554	4.61164E+01
5019	679	4.61253E+01
4813	638	4.61395E+01
4813	550	4.61575E+01
4916	365	4.61654E+01
8665	601	4.61784E+01
8665	335	4.62089E+01
4916	639	4.62445E+01
5019	636	4.62456E+01
4813	637	4.62558E+01
8841	465	4.62593E+01
8753	229	4.62790E+01
4916	679	4.63201E+01
8753	636	4.63390E+01
5019	594	4.63906E+01
8753	683	4.64087E+01
5019	680	4.64243E+01
4916	636	4.64255E+01
5019	283	4.64303E+01
8753	557	4.64776E+01
5019	463	4.65085E+01
8841	367	4.65091E+01
8841	765	4.65154E+01
4916	594	4.65441E+01
4813	598	4.65554E+01
8841	425	4.65616E+01
5019	372	4.65944E+01
4916	680	4.66066E+01
4916	283	4.66263E+01
8665	375	4.66457E+01
5019	678	4.66570E+01
5019	332	4.66688E+01
4916	463	4.66805E+01
8841	286	4.67171E+01
8665	808	4.67612E+01
8753	335	4.67714E+01
4916	372	4.67822E+01
8841	418	4.67996E+01
8753	326	4.68044E+01
5019	324	4.68102E+01
5019	457	4.68181E+01
8753	761	4.68379E+01
8841	803	4.68394E+01
8665	761	4.68404E+01
4813	639	4.68495E+01
4916	324	4.68549E+01
4813	365	4.68564E+01
8753	803	4.68573E+01
8841	636	4.68581E+01
4916	678	4.68592E+01
4916	332	4.68634E+01
8753	766	4.68951E+01
8753	642	4.69102E+01
4916	457	4.69183E+01
8841	761	4.69225E+01
8665	803	4.69356E+01
8665	725	4.69640E+01
8841	277	4.69842E+01
8753	601	4.70054E+01
4813	679	4.70636E+01
5019	141	4.70688E+01
8665	550	4.70771E+01
4916	141	4.70884E+01
8665	719	4.71164E+01
5019	721	4.71232E+01
8665	458	4.71521E+01
5019	416	4.71570E+01
5019	423	4.71595E+01
8841	724	4.71799E+01
8753	719	4.71846E+01
4813	636	4.72286E+01
4916	416	4.72328E+01
4813	463	4.72398E+01
8753	375	4.72473E+01
4813	283	4.72625E+01
4813	680	4.72678E+01
5019	226	4.72808E+01
8665	466	4.72992E+01
4916	226	4.73036E+01
4916	721	4.73305E+01
4813	594	4.73360E+01
4916	423	4.73419E+01
8841	719	4.73759E+01
4813	372	4.73806E+01
5019	549	4.74112E+01
5019	720	4.74173E+01
5019	555	4.74261E+01
4813	332	4.74826E+01
8841	807	4.75057E+01
8753	550	4.75067E+01
5019	681	4.75092E+01
4813	324	4.75281E+01
4916	549	4.75324E+01
5019	274	4.75453E+01
8841	335	4.75502E+01
4916	274	4.75730E+01
4916	555	4.75918E+01
5019	722	4.76021E+01
8665	276	4.76139E+01
8841	557	4.76292E+01
4916	720	4.76404E+01
5019	640	4.76583E+01
4813	457	4.76624E+01
8753	458	4.76633E+01
4916	681	4.76743E+01
4813	678	4.76763E+01
8841	229	4.76952E+01
4813	141	4.77308E+01
5019	599	4.77334E+01
8665	366	4.77394E+01
8753	808	4.77618E+01
8665	426	4.77724E+01
4916	722	4.77882E+01
4916	640	4.78155E+01
8841	683	4.78629E+01
8665	594	4.78697E+01
4916	599	4.78922E+01
8665	677	4.79060E+01
4813	423	4.79118E+01
4813	416	4.79514E+01
4813	226	4.79524E+01
8753	725	4.79774E+01
8753	466	4.80259E+01
8665	767	4.80344E+01
5019	635	4.80424E+01
8665	684	4.80455E+01
5019	677	4.80461E+01
8753	677	4.80468E+01
8665	228	4.80684E+01
4813	721	4.80822E+01
8841	375	4.80866E+01
8841	326	4.81142E+01
4813	555	4.81191E+01
8753	594	4.82051E+01
5019	763	4.82128E+01
4916	635	4.82174E+01
4813	274	4.82315E+01
4813	681	4.82454E+01
4916	677	4.82506E+01
8841	601	4.83015E+01
4813	549	4.83116E+01
8841	642	4.83183E+01
8841	550	4.83231E+01
4813	640	4.83406E+01
8753	276	4.83614E+01
8841	677	4.83620E+01
8753	366	4.83928E+01
5019	762	4.84026E+01
4813	599	4.84050E+01
8665	417	4.84184E+01
4916	763	4.84346E+01
8753	426	4.84365E+01
4813	722	4.84427E+01
4813	720	4.84800E+01
5019	719	4.85248E+01
8841	766	4.85314E+01
8841	458	4.86316E+01
4916	762	4.86481E+01
5019	284	4.86877E+01
5019	593	4.87246E+01
5019	764	4.87259E+01
8665	809	4.87381E+01
4916	719	4.87578E+01
8665	558	4.87587E+01
5019	723	4.87979E+01
8753	228	4.88465E+01
8841	594	4.88594E+01
4916	593	4.88669E+01
8665	336	4.88882E+01
4916	284	4.88989E+01
8665	643	4.89167E+01
4916	764	4.89181E+01
4916	723	4.89575E+01
5019	364	4.89965E+01
8841	802	4.90011E+01
8753	417	4.90077E+01
4916	364	4.90403E+01
4813	635	4.90706E+01
8753	684	4.90879E+01
8841	466	4.90910E+01
4813	677	4.91318E+01
5019	464	4.91535E+01
8753	767	4.91832E+01
5019	333	4.92072E+01
4813	763	4.92110E+01
8665	602	4.92497E+01
5019	373	4.92608E+01
8753	802	4.92681E+01
5019	682	4.93214E+01
4916	464	4.93308E+01
5019	761	4.93460E+01
5019	805	4.93571E+01
8841	426	4.93763E+01
8665	325	4.93873E+01
8665	635	4.94050E+01
4916	333	4.94167E+01
8753	336	4.94438E+01
5019	140	4.94595E+01
4916	140	4.94610E+01
4916	373	4.94619E+01
4916	682	4.94649E+01
8841	760	4.94849E+01
8665	802	4.94939E+01
4813	723	4.95069E+01
4813	762	4.95249E+01
4813	284	4.95305E+01
5019	804	4.95544E+01
4813	764	4.95847E+01
8753	760	4.95902E+01
8753	558	4.95922E+01
4916	805	4.95990E+01
8665	726	4.96038E+01
4916	761	4.96088E+01
8841	808	4.96090E+01
8753	635	4.96261E+01
8665	376	4.96358E+01
8841	366	4.96381E+01
4813	719	4.96750E+01
4813	593	4.96953E+01
8665	760	4.97106E+01
8841	725	4.97189E+01
4813	364	4.97382E+01
5019	806	4.97877E+01
8841	276	4.97894E+01
5019	456	4.97959E+01
4916	804	4.98271E+01
4813	464	4.98482E+01
5019	323	4.98592E+01
4916	456	4.98773E+01
5019	765	4.98783E+01
4916	323	4.98816E+01
8753	643	4.99290E+01
4813	682	4.99392E+01
5019	641	4.99751E+01
4916	806	4.99926E+01
8753	809	5.00011E+01
5019	424	5.00178E+01
4813	333	5.00258E+01
4916	765	5.00355E+01
4813	373	5.00418E+01
5019	225	5.00537E+01
4916	225	5.00560E+01
8841	635	5.00924E+01
4813	140	5.01026E+01
8753	325	5.01068E+01
4916	641	5.01168E+01
8841	417	5.01373E+01
8841	336	5.01796E+01
8753	602	5.01861E+01
5019	556	5.02077E+01
4916	424	5.02099E+01
8753	376	5.02438E+01
5019	676	5.02999E+01
5019	415	5.03339E+01
8841	228	5.03390E+01
8753	718	5.03645E+01
4916	556	5.03720E+01
8665	718	5.03842E+01
4916	415	5.03887E+01
5019	600	5.03909E+01
5019	548	5.04110E+01
4813	805	5.04241E+01
8841	718	5.04253E+01
5019	803	5.04364E+01
5019	718	5.04666E+01
4916	676	5.05016E+01
4916	548	5.05157E+01
4916	600	5.05412E+01
4813	641	5.05564E+01
4813	323	5.05576E+01
4813	761	5.05753E+01
4813	765	5.05844E+01
5019	273	5.06282E+01
4916	273	5.06339E+01
4813	456	5.06389E+01
8665	768	5.06416E+01
5019	724	5.06428E+01
8665	467	5.06925E+01
4813	806	5.06980E+01
4916	718	5.07034E+01
4813	225	5.07039E+01
5019	634	5.07141E+01
4916	803	5.07333E+01
4813	424	5.07501E+01
4813	804	5.07626E+01
4916	724	5.07714E+01
5019	568	5.07767E+01
5019	807	5.07803E+01
8841	684	5.08225E+01
8753	726	5.08252E+01
4813	556	5.08423E+01
8841	558	5.08495E+01
4916	634	5.08800E+01
4916	568	5.08881E+01
8665	549	5.09330E+01
4916	807	5.09431E+01
4813	600	5.09821E+01
8665	275	5.09957E+01
8665	457	5.10368E+01
8841	376	5.10626E+01
5019	760	5.10764E+01
4813	415	5.11183E+01
8665	427	5.11563E+01
8665	685	5.11847E+01
8665	227	5.11949E+01
8665	810	5.11974E+01
4813	724	5.12089E+01
8841	767	5.12171E+01
4813	273	5.12928E+01
4813	548	5.13189E+01
5019	285	5.13279E+01
4916	760	5.13498E+01
8753	549	5.13526E+01
4813	676	5.14369E+01
8753	467	5.14707E+01
8665	142	5.14743E+01
8841	325	5.14961E+01
4813	807	5.15211E+01
8753	457	5.15507E+01
4916	285	5.15537E+01
8841	643	5.15614E+01
5019	766	5.15989E+01
8665	365	5.16019E+01
8841	602	5.16474E+01
8665	676	5.16564E+01
4813	718	5.16871E+01
4813	568	5.17062E+01
4916	766	5.17165E+01
8753	676	5.17384E+01
4813	803	5.17682E+01
8753	275	5.17703E+01
4813	634	5.17745E+01
5019	683	5.17926E+01
1269	465	5.18430E+01
8753	427	5.18474E+01
1269	558	5.18782E+01
1269	466	5.18807E+01
8665	593	5.18821E+01
1269	557	5.18833E+01
4916	683	5.19105E+01
5019	592	5.19210E+01
1269	425	5.19501E+01
8841	676	5.19797E+01
1269	602	5.19959E+01
8753	227	5.19996E+01
8665	337	5.20178E+01
8753	768	5.20320E+01
5019	802	5.20460E+01
4916	592	5.20487E+01
4813	766	5.21411E+01
1269	424	5.21413E+01
4813	285	5.21801E+01
8841	801	5.21900E+01
8841	549	5.21900E+01
8753	593	5.21954E+01
5019	334	5.22145E+01
5019	808	5.22658E+01
1269	374	5.22671E+01
4916	139	5.22737E+01
8753	365	5.22759E+01
4813	683	5.22822E+01
1269	601	5.22838E+01
5019	139	5.22907E+01
8753	142	5.22983E+01
8841	809	5.23060E+01
1269	603	5.23575E+01
4916	802	5.23598E+01
1269	644	5.23749E+01
4916	808	5.23818E+01
1269	426	5.23870E+01
1269	373	5.23883E+01
4813	760	5.23940E+01
8753	685	5.24074E+01
8665	644	5.24347E+01
4916	334	5.24384E+01
8665	559	5.24617E+01
5019	465	5.24632E+01
5019	374	5.24741E+01
1269	464	5.24908E+01
1269	643	5.24966E+01
1269	559	5.25317E+01
8665	416	5.25591E+01
8841	457	5.25635E+01
8753	337	5.25678E+01
1269	467	5.25704E+01
1269	556	5.25885E+01
8841	467	5.25950E+01
5019	363	5.26286E+01
4916	465	5.26441E+01
4916	363	5.26499E+01
8753	801	5.26533E+01
4916	374	5.26876E+01
1269	333	5.26952E+01
1269	375	5.27190E+01
8753	810	5.27316E+01
1269	334	5.27352E+01
8665	727	5.27905E+01
8841	427	5.28026E+01
4813	808	5.28263E+01
1269	645	5.28291E+01
1269	686	5.28340E+01
8841	593	5.28476E+01
4813	592	5.29063E+01
4813	139	5.29145E+01
8841	726	5.29176E+01
5019	642	5.29613E+01
8665	603	5.29760E+01
1269	423	5.29934E+01
8665	801	5.29978E+01
1269	685	5.30022E+01
4813	334	5.30365E+01
5019	725	5.30631E+01
4916	642	5.30841E+01
8841	759	5.30952E+01
1269	372	5.31129E+01
4813	465	5.31169E+01
8665	377	5.31467E+01
4916	725	5.31564E+01
8753	416	5.31629E+01
1269	687	5.31666E+01
1269	332	5.31799E+01
1269	284	5.31870E+01
5019	717	5.32430E+01
1269	285	5.32446E+01
4813	374	5.32477E+01
1269	642	5.32532E+01
8841	337	5.32631E+01
1269	600	5.32723E+01
1269	335	5.32759E+01
8841	275	5.32810E+01
1269	604	5.33162E+01
4916	224	5.33323E+01
8753	759	5.33416E+01
5019	224	5.33508E+01
4813	363	5.33530E+01
8753	559	5.33786E+01
5019	675	5.34048E+01
8665	324	5.34226E+01
1269	427	5.34252E+01
1269	728	5.34293E+01
4813	642	5.34333E+01
4813	725	5.34764E+01
4916	717	5.34776E+01
5019	425	5.34814E+01
4813	802	5.34818E+01
1269	729	5.35082E+01
8665	759	5.35534E+01
1269	283	5.35660E+01
8841	227	5.35711E+01
4916	322	5.35757E+01
5019	322	5.35759E+01
5019	455	5.35777E+01
8841	365	5.35964E+01
8753	644	5.35965E+01
4916	675	5.35985E+01
5019	759	5.36073E+01
4916	455	5.36385E+01
5019	557	5.36678E+01
4916	425	5.36820E+01
8665	634	5.37182E+01
1269	376	5.37184E+01
1269	286	5.37209E+01
8665	769	5.37214E+01
5019	601	5.37264E+01
1269	684	5.37305E+01
8753	377	5.37632E+01
1269	727	5.37878E+01
1269	646	5.38013E+01
1269	560	5.38021E+01
5019	767	5.38146E+01
4916	557	5.38286E+01
1269	463	5.38620E+01
4916	601	5.38654E+01
1269	468	5.38817E+01
4916	759	5.38844E+01
4916	767	5.38885E+01
8753	634	5.39072E+01
8841	142	5.39075E+01
1269	688	5.39453E+01
1269	730	5.39765E+01
4813	224	5.39793E+01
8753	603	5.40291E+01
1269	555	5.40360E+01
8665	811	5.40668E+01
1269	771	5.41287E+01
8753	324	5.41682E+01
5019	809	5.41761E+01
4813	767	5.41836E+01
4813	425	5.41906E+01
1269	331	5.42189E+01
8753	727	5.42285E+01
4813	601	5.42301E+01
5019	547	5.42325E+01
5019	633	5.42329E+01
1269	772	5.42347E+01
4813	557	5.42384E+01
4916	809	5.42413E+01
4813	322	5.42536E+01
5019	414	5.42710E+01
4916	272	5.42902E+01
1269	336	5.42970E+01
4916	414	5.43039E+01
5019	272	5.43065E+01
4916	547	5.43183E+01
5019	286	5.43392E+01
8841	634	5.43513E+01
8841	416	5.43578E+01
1269	770	5.43678E+01
4916	633	5.43855E+01
1269	282	5.44043E+01
5019	801	5.44082E+01
4813	455	5.44136E+01
8841	685	5.44398E+01
1269	371	5.44773E+01
8841	768	5.44817E+01
4813	717	5.45160E+01
8841	717	5.45232E+01
1269	422	5.45449E+01
4813	809	5.45477E+01
8753	717	5.45494E+01
8841	377	5.45653E+01
4813	675	5.45775E+01
4916	286	5.45790E+01
8665	717	5.46334E+01
1269	726	5.46378E+01
5019	567	5.46423E+01
1269	773	5.46496E+01
1269	641	5.47026E+01
8665	468	5.47108E+01
8665	141	5.47294E+01
4916	801	5.47312E+01
4916	567	5.47352E+01
8841	559	5.47534E+01
1269	731	5.47921E+01
1269	605	5.48187E+01
5019	684	5.48498E+01
8665	686	5.48756E+01
8665	226	5.49093E+01
4916	684	5.49385E+01
4813	272	5.49489E+01
4813	759	5.49936E+01
1269	769	5.49940E+01
1269	599	5.50105E+01
4813	414	5.50417E+01
1269	428	5.50421E+01
8665	274	5.50597E+01
1269	814	5.50754E+01
1269	683	5.50803E+01
8665	428	5.51190E+01
1269	689	5.51209E+01
4813	547	5.51398E+01
4813	286	5.51997E+01
4813	684	5.52027E+01
1269	647	5.52366E+01
1269	377	5.52444E+01
4813	633	5.53127E+01
1269	813	5.53424E+01
8753	769	5.53613E+01
8841	644	5.54689E+01
4916	138	5.54986E+01
8841	810	5.55102E+01
5019	138	5.55340E+01
8753	468	5.55451E+01
4813	567	5.55729E+01
8753	141	5.55776E+01
8665	338	5.55830E+01
8841	324	5.56411E+01
1269	561	5.56456E+01
8841	603	5.56694E+01
5019	335	5.56745E+01
1269	234	5.56894E+01
8665	548	5.57101E+01
1269	281	5.57313E+01
8753	226	5.57414E+01
1269	337	5.57806E+01
1269	469	5.57837E+01
8665	456	5.58107E+01
8753	428	5.58403E+01
1269	330	5.58482E+01
8753	274	5.58625E+01
8753	811	5.58789E+01
4916	335	5.59123E+01
1269	812	5.59183E+01
1269	732	5.59194E+01
4813	801	5.59270E+01
8665	568	5.59306E+01
5019	591	5.59365E+01
5019	726	5.59839E+01
1269	462	5.59967E+01
1269	725	5.60382E+01
4916	726	5.60384E+01
4916	591	5.60465E+01
1269	768	5.60550E+01
8753	338	5.61287E+01
8753	548	5.61298E+01
4813	138	5.61383E+01
5019	375	5.62115E+01
4813	726	5.62365E+01
8665	364	5.62629E+01
1269	554	5.62672E+01
8753	686	5.62864E+01
8753	568	5.63171E+01
8753	456	5.63346E+01
8665	675	5.63766E+01
5019	466	5.64010E+01
8841	800	5.64094E+01
8753	675	5.64200E+01
4916	375	5.64367E+01
5019	810	5.64469E+01
8665	728	5.64475E+01
5019	768	5.64546E+01
4916	810	5.64582E+01
4916	768	5.64814E+01
4813	335	5.64987E+01
8665	645	5.65197E+01
1269	370	5.65227E+01
5019	643	5.65490E+01
4916	466	5.65840E+01
4813	810	5.66230E+01
8841	675	5.66247E+01
4813	768	5.66431E+01
4916	643	5.66498E+01
1269	690	5.66510E+01
8841	727	5.66879E+01
8841	468	5.67373E+01
8665	560	5.67812E+01
8841	338	5.67859E+01
1269	606	5.68118E+01
8841	428	5.68169E+01
8665	592	5.68312E+01
5019	716	5.68327E+01
1269	421	5.68375E+01
1269	811	5.68402E+01
1269	640	5.68991E+01
4813	643	5.69043E+01
4813	591	5.69263E+01
5019	758	5.69308E+01
4916	362	5.69356E+01
5019	362	5.69371E+01
8753	364	5.69606E+01
4813	375	5.69759E+01
8841	548	5.70067E+01
4813	466	5.70097E+01
8753	800	5.70132E+01
4916	716	5.70591E+01
1269	233	5.70778E+01
1269	648	5.70847E+01
4916	223	5.70877E+01
1269	682	5.71123E+01
5019	223	5.71268E+01
8841	568	5.71347E+01
8753	592	5.71355E+01
8665	378	5.71616E+01
8665	770	5.72037E+01
4916	758	5.72047E+01
1269	429	5.72168E+01
8841	141	5.72585E+01
1269	378	5.72798E+01
8665	812	5.72830E+01
8665	604	5.72935E+01
5019	674	5.73261E+01
8841	226	5.73939E+01
8841	456	5.74053E+01
8665	800	5.74461E+01
8841	274	5.74585E+01
4916	674	5.75070E+01
5019	426	5.75236E+01
5019	800	5.75273E+01
8665	415	5.75361E+01
1269	598	5.75433E+01
1269	280	5.75843E+01
1269	767	5.76036E+01
4813	362	5.76422E+01
5019	602	5.76812E+01
1269	338	5.77111E+01
4916	426	5.77316E+01
4813	223	5.77336E+01
8841	758	5.77384E+01
5019	558	5.77597E+01
8753	560	5.77873E+01
8753	378	5.77886E+01
4916	602	5.78063E+01
8841	592	5.78098E+01
8753	645	5.78383E+01
4916	800	5.78520E+01
4916	321	5.78730E+01
5019	321	5.78960E+01
4916	558	5.79148E+01
1269	562	5.80152E+01
1269	724	5.80496E+01
8753	758	5.80755E+01
4813	602	5.80912E+01
5019	454	5.81014E+01
8753	728	5.81092E+01
1269	329	5.81099E+01
4813	716	5.81402E+01
4916	454	5.81403E+01
1269	810	5.81502E+01
8753	415	5.81591E+01
8665	323	5.81872E+01
4813	426	5.82067E+01
8841	769	5.82411E+01
1269	470	5.82426E+01
4813	558	5.82610E+01
8665	758	5.83513E+01
8841	364	5.83623E+01
4813	758	5.83655E+01
5019	685	5.84197E+01
8665	140	5.84614E+01
8753	604	5.84701E+01
4916	685	5.84759E+01
4916	271	5.84768E+01
1269	691	5.84993E+01
5019	271	5.85151E+01
4813	674	5.85192E+01
5019	632	5.85505E+01
4813	321	5.85520E+01
8841	378	5.85776E+01
4813	685	5.86288E+01
8841	686	5.86315E+01
4916	632	5.86861E+01
5019	546	5.88149E+01
4916	546	5.88795E+01
5019	413	5.89007E+01
4916	413	5.89107E+01
1269	232	5.89126E+01
4813	454	5.89249E+01
1269	461	5.89338E+01
8753	323	5.89606E+01
8665	633	5.89680E+01
4916	811	5.89749E+01
4813	811	5.89956E+01
5019	811	5.90202E+01
8665	687	5.90441E+01
4916	137	5.90874E+01
8753	770	5.90991E+01
4813	800	5.91069E+01
4813	271	5.91352E+01
5019	137	5.91411E+01
8753	633	5.91414E+01
8841	811	5.91434E+01
8665	225	5.91935E+01
1269	607	5.92441E+01
5019	566	5.92696E+01
8841	560	5.92904E+01
1269	369	5.92928E+01
1269	649	5.93012E+01
8665	469	5.93175E+01
1269	553	5.93197E+01
5019	727	5.93340E+01
8753	140	5.93343E+01
4916	566	5.93418E+01
4916	727	5.93466E+01
8753	812	5.93779E+01
4813	727	5.94192E+01
8841	415	5.94284E+01
4916	769	5.94305E+01
5019	769	5.94537E+01
4813	769	5.94558E+01
5019	336	5.95724E+01
8841	633	5.95936E+01
8841	716	5.96366E+01
8665	429	5.96367E+01
4813	632	5.96371E+01
4813	413	5.96539E+01
1269	766	5.96965E+01
8753	716	5.97061E+01
4813	546	5.97141E+01
4813	137	5.97261E+01
8665	273	5.97769E+01
1269	379	5.98114E+01
4916	336	5.98234E+01
8665	716	5.98304E+01
1269	681	5.98822E+01
1269	639	5.98902E+01
1269	809	5.98956E+01
1269	420	5.99122E+01
1269	430	5.99280E+01
8841	645	5.99644E+01
1269	279	6.00081E+01
8753	225	6.00537E+01
4813	566	6.01933E+01
8753	469	6.02124E+01
8841	604	6.03019E+01
8753	429	6.03913E+01
4813	336	6.03972E+01
5019	376	6.04537E+01
8665	729	6.05064E+01
8841	323	6.05204E+01
8753	273	6.06089E+01
8753	687	6.06497E+01
5019	644	6.06697E+01
4916	376	6.06897E+01
5019	590	6.07083E+01
1269	723	6.07313E+01
4916	644	6.07456E+01
8665	813	6.07914E+01
4916	590	6.07979E+01
1269	563	6.08625E+01
4813	644	6.09018E+01
1269	597	6.09081E+01
5019	467	6.09344E+01
8841	728	6.09488E+01
5019	757	6.10174E+01
8665	771	6.10271E+01
1269	328	6.10495E+01
8841	140	6.10884E+01
8665	646	6.11009E+01
4916	467	6.11179E+01
5019	715	6.11939E+01
4813	376	6.12068E+01
1269	471	6.12208E+01
1269	231	6.12386E+01
4916	222	6.12581E+01
4916	757	6.12813E+01
5019	222	6.13175E+01
8665	547	6.13543E+01
5019	799	6.13861E+01
8841	429	6.13951E+01
4916	715	6.14065E+01
8665	455	6.14197E+01
8841	469	6.14808E+01
4813	467	6.14943E+01
4813	812	6.16153E+01
8665	567	6.16160E+01
8841	799	6.16331E+01
8665	561	6.16636E+01
8665	379	6.16668E+01
8665	363	6.16724E+01
4813	590	6.16929E+01
4916	799	6.17048E+01
4916	812	6.17403E+01
8753	547	6.17838E+01
8841	225	6.17884E+01
4916	361	6.18172E+01
5019	361	6.18418E+01
5019	812	6.18444E+01
1269	650	6.18487E+01
4813	222	6.19028E+01
8753	455	6.19605E+01
5019	673	6.20097E+01
8753	567	6.20104E+01
8665	674	6.20179E+01
8753	674	6.20426E+01
1269	608	6.20694E+01
5019	427	6.21214E+01
1269	808	6.21270E+01
8665	605	6.21376E+01
4916	673	6.21731E+01
5019	603	6.21961E+01
1242	689	6.22467E+01
8841	674	6.22476E+01
1242	732	6.22846E+01
8841	273	6.22921E+01
4916	603	6.23047E+01
8753	379	6.23065E+01
8753	799	6.23202E+01
4916	427	6.23357E+01
1242	647	6.23659E+01
1242	690	6.23879E+01
1269	765	6.23911E+01
8753	363	6.23967E+01
8753	729	6.23976E+01
8841	770	6.24199E+01
5019	686	6.24319E+01
5019	559	6.24377E+01
1242	731	6.24382E+01
4916	686	6.24528E+01
4813	757	6.24801E+01
1242	646	6.24910E+01
4813	686	6.24912E+01
4813	603	6.25066E+01
4813	715	6.25183E+01
1242	688	6.25250E+01
4813	361	6.25257E+01
4813	770	6.25645E+01
1242	605	6.25751E+01
8753	646	6.25826E+01
4916	559	6.25851E+01
8665	139	6.26487E+01
8665	591	6.26592E+01
4916	770	6.26777E+01
4916	320	6.26914E+01
1269	460	6.27069E+01
1242	648	6.27176E+01
8841	547	6.27182E+01
1242	604	6.27313E+01
5019	320	6.27369E+01
5019	770	6.27534E+01
8753	561	6.27643E+01
4813	427	6.27757E+01
8665	799	6.28105E+01
1269	380	6.28294E+01
1269	368	6.28295E+01
4813	559	6.28649E+01
8841	567	6.28816E+01
1242	691	6.29095E+01
1242	560	6.29188E+01
4813	728	6.29603E+01
1242	730	6.29674E+01
8753	591	6.29674E+01
1242	606	6.29692E+01
4916	136	6.29744E+01
4813	799	6.30041E+01
4916	728	6.30157E+01
5019	136	6.30461E+01
5019	728	6.30477E+01
1269	278	6.30511E+01
1242	561	6.30777E+01
8841	379	6.30861E+01
8841	455	6.31019E+01
4916	270	6.31104E+01
8841	812	6.31371E+01
1242	645	6.31441E+01
1269	431	6.31532E+01
5019	270	6.31702E+01
8753	813	6.31726E+01
8753	771	6.31824E+01
4813	673	6.32083E+01
1269	552	6.32238E+01
1242	773	6.32555E+01
1242	687	6.32673E+01
5019	453	6.32863E+01
8665	414	6.32888E+01
4916	453	6.33020E+01
8841	687	6.33197E+01
4813	320	6.33705E+01
8841	757	6.33714E+01
1242	559	6.33821E+01
1269	680	6.34365E+01
8753	605	6.34435E+01
1242	468	6.34451E+01
1242	603	6.34903E+01
1242	649	6.35000E+01
8753	139	6.35467E+01
5019	631	6.36003E+01
4813	136	6.36120E+01
8665	322	6.36230E+01
8665	688	6.36230E+01
1242	469	6.36573E+01
8841	591	6.36872E+01
1269	638	6.37119E+01
4916	631	6.37153E+01
8753	757	6.37485E+01
4813	270	6.37679E+01
1269	419	6.38045E+01
1242	562	6.38143E+01
1242	467	6.38598E+01
1242	607	6.38625E+01
8841	363	6.38848E+01
5019	337	6.38935E+01
1242	729	6.39112E+01
8753	414	6.39358E+01
8665	224	6.40075E+01
8665	757	6.40609E+01
1242	772	6.40778E+01
5019	545	6.40794E+01
4813	453	6.40922E+01
1269	230	6.41034E+01
4916	545	6.41211E+01
4916	412	6.41222E+01
5019	412	6.41356E+01
1269	722	6.41365E+01
1269	564	6.41410E+01
4916	337	6.41570E+01
1242	428	6.42682E+01
1242	427	6.43062E+01
1242	644	6.43809E+01
8841	561	6.44059E+01
8753	322	6.44256E+01
4813	813	6.44392E+01
1242	470	6.44653E+01
8665	470	6.44707E+01
1242	558	6.45091E+01
1242	686	6.45246E+01
8665	814	6.45470E+01
1242	650	6.46729E+01
1269	472	6.46789E+01
4813	631	6.46818E+01
8665	430	6.46838E+01
4916	813	6.47109E+01
1269	327	6.47121E+01
4813	337	6.47173E+01
1242	429	6.48128E+01
4813	412	6.48683E+01
5019	813	6.48757E+01
8753	224	6.48960E+01
1269	807	6.48970E+01
1242	602	6.49040E+01
8665	730	6.49074E+01
1242	466	6.49306E+01
1242	426	6.49476E+01
4813	545	6.49635E+01
8841	646	6.49740E+01
1242	563	6.50820E+01
8665	272	6.50891E+01
8665	632	6.50907E+01
1269	596	6.51315E+01
8665	772	6.51390E+01
5019	377	6.51829E+01
1242	608	6.52076E+01
1269	609	6.52480E+01
5019	645	6.52563E+01
1242	377	6.52569E+01
8753	632	6.52646E+01
1242	771	6.52744E+01
1242	376	6.52866E+01
8841	414	6.52878E+01
4916	645	6.53048E+01
1242	728	6.53142E+01
4916	381	6.53264E+01
5019	381	6.53562E+01
4813	645	6.53598E+01
8841	139	6.53748E+01
8753	688	6.54288E+01
4916	377	6.54290E+01
8753	470	6.54304E+01
8753	430	6.54749E+01
8841	605	6.54778E+01
8841	729	6.56276E+01
8841	715	6.57072E+01
1269	764	6.57418E+01
1242	378	6.57538E+01
8841	632	6.57545E+01
4916	221	6.57635E+01
8753	715	6.57764E+01
5019	756	6.58176E+01
1242	471	6.58344E+01
5019	221	6.58426E+01
1242	375	6.58623E+01
8665	715	6.59177E+01
4813	771	6.59190E+01
1242	430	6.59202E+01
4813	377	6.59227E+01
5019	798	6.59465E+01
8753	272	6.59508E+01
5019	468	6.60313E+01
4813	381	6.60531E+01
4916	756	6.60653E+01
8841	322	6.60750E+01
8665	647	6.61118E+01
1242	814	6.61424E+01
5019	589	6.61567E+01
4916	771	6.61722E+01
4916	468	6.62137E+01
1242	425	6.62164E+01
4916	589	6.62233E+01
4916	798	6.62518E+01
1242	643	6.62589E+01
5019	714	6.62659E+01
5019	771	6.63026E+01
1242	557	6.63405E+01
1242	336	6.63482E+01
1242	685	6.63527E+01
4813	221	6.64069E+01
1242	337	6.64137E+01
4916	714	6.64595E+01
8841	430	6.65116E+01
4813	468	6.65383E+01
8665	380	6.66521E+01
1242	465	6.66884E+01
8841	224	6.67135E+01
4813	687	6.67256E+01
1269	277	6.67602E+01
1242	335	6.67624E+01
1242	379	6.67627E+01
8841	470	6.67830E+01
4813	729	6.68022E+01
4916	687	6.68043E+01
5019	687	6.68211E+01
1242	564	6.68349E+01
1269	432	6.68688E+01
1242	770	6.68851E+01
1242	338	6.69405E+01
8841	771	6.69527E+01
1242	609	6.69628E+01
4916	729	6.69876E+01
1242	374	6.70078E+01
1242	601	6.70235E+01
8753	730	6.70323E+01
8665	562	6.70513E+01
5019	729	6.70665E+01
4916	135	6.70825E+01
4813	589	6.71269E+01
1269	367	6.71668E+01
5019	135	6.71716E+01
4916	360	6.71983E+01
5019	604	6.72113E+01
8753	814	6.72169E+01
1242	727	6.72265E+01
5019	360	6.72459E+01
8665	138	6.72487E+01
5019	428	6.72528E+01
4813	756	6.72887E+01
4916	604	6.73011E+01
8753	380	6.73067E+01
1269	459	6.73391E+01
5019	672	6.73837E+01
4813	604	6.74171E+01
4813	814	6.74315E+01
8841	813	6.74330E+01
8665	606	6.74434E+01
4916	428	6.74724E+01
4916	672	6.75255E+01
1269	229	6.75502E+01
8753	772	6.75577E+01
1242	431	6.75699E+01
4813	798	6.75806E+01
4813	714	6.75902E+01
1242	813	6.76055E+01
5019	560	6.76542E+01
1242	334	6.76768E+01
4813	135	6.77190E+01
8841	272	6.77221E+01
1242	472	6.77276E+01
8665	362	6.77542E+01
8753	647	6.77618E+01
8665	454	6.77854E+01
8665	546	6.77888E+01
4916	560	6.77918E+01
8841	798	6.78069E+01
1269	679	6.78075E+01
1269	565	6.78096E+01
4916	814	6.78506E+01
4813	428	6.78755E+01
4813	360	6.79070E+01
1242	286	6.79174E+01
4916	319	6.79355E+01
1269	551	6.79980E+01
4813	560	6.80025E+01
5019	319	6.80031E+01
5019	814	6.80778E+01
8841	380	6.80805E+01
4916	269	6.80959E+01
8665	566	6.80969E+01
1242	424	6.81424E+01
8753	138	6.81720E+01
5019	269	6.81766E+01
8753	546	6.82375E+01
8753	562	6.82513E+01
1269	806	6.82574E+01
1242	380	6.82730E+01
1269	721	6.83067E+01
8753	454	6.83499E+01
1269	637	6.83860E+01
8841	688	6.84336E+01
8753	362	6.85075E+01
8665	673	6.85093E+01
8753	566	6.85093E+01
8753	798	6.85202E+01
8753	673	6.85348E+01
1269	418	6.85387E+01
8665	689	6.85528E+01
4813	672	6.85738E+01
1269	473	6.85793E+01
4813	319	6.86139E+01
5019	338	6.86242E+01
1242	285	6.87354E+01
4813	269	6.87523E+01
1242	373	6.87524E+01
8841	673	6.87757E+01
1242	684	6.88118E+01
1242	642	6.88365E+01
8753	606	6.88837E+01
4916	338	6.88997E+01
1242	556	6.89171E+01
1242	769	6.89547E+01
4916	452	6.90276E+01
1242	565	6.90307E+01
5019	452	6.90360E+01
8665	798	6.90371E+01
1242	333	6.91153E+01
1269	326	6.91345E+01
1242	464	6.91684E+01
8841	546	6.92460E+01
8665	590	6.92870E+01
8665	223	6.92895E+01
5019	630	6.92989E+01
4916	630	6.93903E+01
1242	812	6.94436E+01
4813	338	6.94456E+01
8841	566	6.94525E+01
4813	772	6.94764E+01
8665	773	6.94961E+01
8841	454	6.95736E+01
8665	731	6.95990E+01
8753	590	6.96114E+01
8665	321	6.96476E+01
1242	726	6.97038E+01
8665	413	6.97325E+01
1242	432	6.97405E+01
1269	763	6.97957E+01
4813	452	6.98200E+01
4916	411	6.98373E+01
4916	772	6.98706E+01
4916	339	6.98719E+01
5019	411	6.98743E+01
1242	600	6.98984E+01
8841	756	6.99254E+01
5019	544	6.99315E+01
5019	339	6.99393E+01
4916	544	6.99489E+01
1242	284	6.99936E+01
8841	562	7.00404E+01
5019	772	7.00574E+01
8841	138	7.00741E+01
8841	362	7.00863E+01
1242	473	7.01085E+01
8665	471	7.01237E+01
8753	223	7.02063E+01
4813	646	7.02146E+01
1269	595	7.02252E+01
8665	431	7.02325E+01
5019	646	7.02446E+01
4916	646	7.02632E+01
8753	756	7.02930E+01
4813	630	7.03643E+01
5019	378	7.03836E+01
8841	590	7.03989E+01
8753	413	7.04076E+01
8841	647	7.04282E+01
8753	321	7.04806E+01
4916	220	7.05119E+01
8753	689	7.05630E+01
4813	339	7.05641E+01
4813	411	7.05839E+01
5019	220	7.06100E+01
8665	756	7.06152E+01
4916	378	7.06391E+01
8841	730	7.06610E+01
1242	423	7.07624E+01
4813	544	7.07943E+01
4813	730	7.08942E+01
8665	271	7.09125E+01
8753	431	7.10633E+01
1242	332	7.11068E+01
4813	378	7.11081E+01
8841	606	7.11301E+01
1242	372	7.11316E+01
5019	797	7.11519E+01
8753	471	7.11522E+01
4813	220	7.11540E+01
1269	276	7.11710E+01
4916	730	7.12112E+01
5019	755	7.12644E+01
4813	688	7.12736E+01
4916	134	7.13313E+01
5019	730	7.13390E+01
5019	134	7.14369E+01
4916	797	7.14370E+01
4916	688	7.14713E+01
4916	755	7.14900E+01
8665	648	7.14921E+01
5019	688	7.15280E+01
1242	768	7.15331E+01
1269	228	7.16109E+01
5019	469	7.16551E+01
1242	811	7.16975E+01
1242	283	7.17135E+01
8841	772	7.17837E+01
8753	271	7.18043E+01
4916	469	7.18349E+01
8841	413	7.18495E+01
8753	731	7.19612E+01
1242	683	7.19629E+01
4813	134	7.19667E+01
5019	713	7.19714E+01
8841	814	7.19829E+01
8665	631	7.20025E+01
4813	469	7.21055E+01
8841	223	7.21064E+01
8841	431	7.21386E+01
4916	713	7.21412E+01
1242	641	7.21696E+01
8753	773	7.21808E+01
5019	588	7.21858E+01
8753	631	7.21921E+01
8665	137	7.21977E+01
8841	321	7.22211E+01
4916	588	7.22274E+01
1269	805	7.22553E+01
1242	555	7.22805E+01
1269	366	7.23223E+01
1242	463	7.24102E+01
8841	471	7.25963E+01
8841	714	7.26530E+01
5019	605	7.26656E+01
8753	714	7.26803E+01
4813	755	7.27251E+01
4916	605	7.27344E+01
8841	631	7.27476E+01
4813	605	7.27621E+01
4813	797	7.27807E+01
1242	725	7.28059E+01
8665	714	7.28159E+01
1269	458	7.28375E+01
8665	563	7.28853E+01
5019	429	7.28940E+01
4916	359	7.29705E+01
1269	678	7.30103E+01
5019	359	7.30409E+01
4916	429	7.31177E+01
4813	588	7.31335E+01
8753	137	7.31460E+01
8665	607	7.31496E+01
4813	773	7.32013E+01
1269	720	7.32678E+01
4813	713	7.32797E+01
8753	648	7.33147E+01
4916	268	7.33336E+01
5019	561	7.33569E+01
5019	671	7.33602E+01
5019	268	7.34344E+01
4916	671	7.34768E+01
4813	429	7.34820E+01
4916	561	7.34828E+01
4916	318	7.35002E+01
1242	599	7.35753E+01
5019	318	7.35894E+01
4813	561	7.36220E+01
1269	550	7.36441E+01
8841	271	7.36637E+01
4813	359	7.36782E+01
1242	331	7.36863E+01
4916	773	7.37372E+01
8665	690	7.37825E+01
8841	689	7.39108E+01
1269	636	7.39164E+01
1242	282	7.39228E+01
5019	773	7.39821E+01
4813	268	7.39886E+01
1242	422	7.41188E+01
1269	417	7.41207E+01
4813	318	7.41774E+01
1242	371	7.41867E+01
8753	563	7.41891E+01
1269	325	7.43342E+01
1293	142	7.43589E+01
8665	361	7.44107E+01
1293	227	7.44120E+01
1242	810	7.44129E+01
4813	671	7.45288E+01
8665	732	7.45392E+01
1293	141	7.45720E+01
1269	762	7.45865E+01
1293	275	7.45960E+01
1293	228	7.46457E+01
1242	767	7.46753E+01
1293	226	7.46906E+01
8753	607	7.47288E+01
8665	453	7.48102E+01
8841	797	7.48515E+01
1293	276	7.48759E+01
8665	545	7.49181E+01
1293	274	7.49277E+01
8665	222	7.49591E+01
1293	325	7.49942E+01
1293	324	7.51021E+01
8841	137	7.51213E+01
4813	731	7.51929E+01
8753	361	7.51952E+01
1293	140	7.52039E+01
4916	451	7.52088E+01
5019	451	7.52417E+01
1293	229	7.53647E+01
8753	545	7.53946E+01
8753	453	7.54043E+01
4916	219	7.54061E+01
4813	647	7.54064E+01
1293	225	7.54935E+01
1293	365	7.54941E+01
5019	219	7.55223E+01
8753	797	7.55356E+01
5019	629	7.55473E+01
4916	647	7.55606E+01
1293	326	7.55701E+01
5019	647	7.55739E+01
4916	629	7.56125E+01
4916	731	7.56425E+01
4916	133	7.56440E+01
1293	366	7.56822E+01
1293	277	7.57405E+01
8665	672	7.57601E+01
5019	133	7.57653E+01
8753	672	7.58047E+01
5019	731	7.58211E+01
1242	682	7.58644E+01
1293	273	7.58771E+01
1293	323	7.59000E+01
8753	222	7.59038E+01
4916	410	7.59447E+01
8841	731	7.59949E+01
4813	451	7.60000E+01
8753	690	7.60008E+01
5019	410	7.60054E+01
5019	379	7.60427E+01
4813	219	7.60469E+01
8665	797	7.60494E+01
1293	364	7.60543E+01
4813	689	7.60835E+01
8841	672	7.61151E+01
8841	563	7.61338E+01
8665	320	7.61615E+01
1269	594	7.61827E+01
8665	472	7.62291E+01
1293	416	7.62302E+01
1293	417	7.62435E+01
8665	432	7.62536E+01
4916	543	7.62546E+01
1293	139	7.62600E+01
5019	543	7.62627E+01
8841	648	7.62643E+01
4813	133	7.62783E+01
1269	275	7.62987E+01
1269	227	7.62994E+01
4916	379	7.63067E+01
1242	640	7.63092E+01
1242	234	7.63512E+01
4916	689	7.64017E+01
1242	462	7.64549E+01
1242	554	7.64707E+01
8841	545	7.64924E+01
5019	689	7.65004E+01
1293	230	7.65310E+01
4813	629	7.65864E+01
1269	142	7.65930E+01
1242	724	7.65931E+01
1293	367	7.66103E+01
8665	589	7.66174E+01
1242	281	7.66569E+01
4813	410	7.66898E+01
8841	453	7.67208E+01
4813	379	7.67496E+01
8665	412	7.67631E+01
1293	327	7.68026E+01
1293	224	7.68150E+01
8841	773	7.68671E+01
8841	361	7.68677E+01
1242	330	7.68956E+01
1269	804	7.69292E+01
5019	796	7.69296E+01
1293	457	7.69546E+01
8753	589	7.69693E+01
1293	415	7.70060E+01
8753	320	7.70256E+01
1293	418	7.70479E+01
4813	543	7.70986E+01
8753	432	7.71275E+01
8753	732	7.71414E+01
8665	270	7.71459E+01
1293	278	7.71491E+01
4916	796	7.71883E+01
8665	649	7.71902E+01
8841	607	7.71954E+01
1293	458	7.72327E+01
5019	754	7.72752E+01
8841	755	7.73093E+01
8753	472	7.73304E+01
1293	363	7.73484E+01
1293	322	7.73694E+01
8665	136	7.74138E+01
1293	272	7.74261E+01
8753	412	7.74700E+01
4916	754	7.74737E+01
1293	456	7.74969E+01
8753	755	7.76199E+01
1242	809	7.76392E+01
1293	138	7.77297E+01
5019	470	7.77628E+01
8841	589	7.78451E+01
8841	222	7.78852E+01
1293	549	7.78914E+01
8665	755	7.79264E+01
4916	470	7.79384E+01
1242	370	7.79634E+01
8753	270	7.80675E+01
1242	598	7.80955E+01
1293	231	7.81018E+01
4813	470	7.81531E+01
1293	550	7.81753E+01
5019	712	7.82176E+01
4916	287	7.82344E+01
8841	432	7.82472E+01
1293	368	7.82515E+01
1242	421	7.82560E+01
1269	365	7.82887E+01
1293	459	7.83310E+01
5019	287	7.83472E+01
4916	712	7.83595E+01
8753	136	7.83866E+01
1242	766	7.84383E+01
1293	548	7.84418E+01
4813	606	7.84812E+01
5019	606	7.84980E+01
4813	796	7.85329E+01
4916	606	7.85437E+01
1293	414	7.85460E+01
1293	419	7.86259E+01
1293	223	7.86306E+01
1293	328	7.86513E+01
5019	587	7.86849E+01
4916	587	7.86999E+01
4813	754	7.87082E+01
4916	267	7.87242E+01
8665	381	7.87337E+01
1293	568	7.87969E+01
1293	455	7.88386E+01
5019	267	7.88442E+01
8841	320	7.88578E+01
8841	472	7.88730E+01
4813	287	7.88980E+01
1242	233	7.89837E+01
8841	412	7.90075E+01
1293	593	7.90087E+01
5019	430	7.90179E+01
4916	358	7.90201E+01
1269	719	7.90263E+01
1269	677	7.90401E+01
1293	279	7.90552E+01
1293	594	7.90910E+01
8665	564	7.91114E+01
5019	358	7.91127E+01
1269	457	7.91862E+01
8753	649	7.91892E+01
8665	608	7.92028E+01
4916	430	7.92445E+01
8665	691	7.92700E+01
4916	317	7.92759E+01
1293	551	7.92957E+01
1293	362	7.93388E+01
4813	267	7.93776E+01
5019	317	7.93858E+01
1293	321	7.94684E+01
5019	562	7.94890E+01
4813	712	7.94954E+01
8753	381	7.94959E+01
1293	271	7.95332E+01
4813	430	7.95685E+01
1293	137	7.95843E+01
4916	562	7.96013E+01
8665	630	7.96013E+01
4813	587	7.96029E+01
4813	732	7.96627E+01
4813	562	7.96670E+01
11362	808	7.96702E+01
8841	690	7.96982E+01
4813	358	7.97257E+01
11440	808	7.97415E+01
1293	592	7.97574E+01
1293	547	7.98038E+01
11362	766	7.98075E+01
8753	630	7.98209E+01
5019	670	7.98360E+01
11440	766	7.98478E+01
4916	670	7.99242E+01
11362	725	7.99319E+01
4813	317	7.99512E+01
4916	132	7.99520E+01
1242	280	7.99595E+01
11440	807	7.99787E+01
11362	807	7.99830E+01
11440	725	8.00008E+01
11362	767	8.00089E+01
1293	595	8.00113E+01
8841	270	8.00140E+01
1293	232	8.00354E+01
5019	132	8.00881E+01
11362	683	8.01075E+01
11440	767	8.01178E+01
1269	761	8.01313E+01
1293	635	8.01337E+01
11440	683	8.01407E+01
1269	549	8.01418E+01
11362	724	8.01575E+01
11362	809	8.01677E+01
11440	724	8.01689E+01
1293	567	8.02008E+01
11362	684	8.02195E+01
11362	642	8.02298E+01
1293	460	8.02311E+01
4916	732	8.02457E+01
11440	642	8.02725E+01
1269	635	8.02873E+01
1269	324	8.02998E+01
11440	684	8.03022E+01
11440	809	8.03181E+01
8753	713	8.03183E+01
4916	218	8.03515E+01
8841	713	8.03721E+01
1293	634	8.04070E+01
8665	713	8.04271E+01
8841	136	8.04336E+01
11362	601	8.04586E+01
11440	765	8.04620E+01
8841	630	8.04677E+01
11464	229	8.04715E+01
5019	732	8.04767E+01
5019	218	8.04846E+01
11362	765	8.04866E+01
11440	601	8.05012E+01
8753	564	8.05230E+01
1269	416	8.05311E+01
11362	643	8.05361E+01
11362	726	8.05595E+01
1293	369	8.05671E+01
1242	681	8.05680E+01
