GRAM	c2h2	chi_tot
4717	286	5.70287E+01
4717	335	5.71822E+01
4717	334	5.72125E+01
4717	285	5.74475E+01
4717	336	5.80045E+01
4717	333	5.81194E+01
4717	374	5.81770E+01
4717	375	5.84458E+01
4717	284	5.85990E+01
4717	373	5.89256E+01
4717	337	5.96586E+01
4717	376	5.96957E+01
4717	425	5.98842E+01
4717	332	5.99334E+01
4717	424	6.02326E+01
4717	283	6.05082E+01
4717	426	6.06510E+01
4717	372	6.07340E+01
4717	423	6.17516E+01
4717	377	6.18934E+01
4717	465	6.19785E+01
4717	338	6.21275E+01
10356	337	6.21346E+01
10356	336	6.22071E+01
10440	337	6.22530E+01
10440	336	6.23255E+01
10524	337	6.24496E+01
4717	427	6.24820E+01
10524	336	6.25374E+01
4717	466	6.25449E+01
4717	464	6.26101E+01
4717	331	6.26959E+01
10356	338	6.29420E+01
10440	338	6.30621E+01
10356	335	6.31793E+01
4717	282	6.32076E+01
10524	338	6.32458E+01
10440	335	6.32994E+01
10524	335	6.35291E+01
4717	371	6.36549E+01
10356	376	6.38533E+01
10356	286	6.39530E+01
10440	376	6.39896E+01
10440	286	6.40865E+01
10356	375	6.42129E+01
4717	467	6.42391E+01
10524	376	6.42408E+01
10524	286	6.43218E+01
10440	375	6.43334E+01
4717	557	6.43391E+01
4717	422	6.45036E+01
4717	463	6.45141E+01
10356	377	6.45386E+01
10524	375	6.45822E+01
4717	556	6.46047E+01
10440	377	6.46936E+01
10524	377	6.49512E+01
4717	378	6.50088E+01
10356	334	6.50749E+01
10440	334	6.51985E+01
4717	558	6.52634E+01
4717	428	6.53274E+01
10524	334	6.54487E+01
10356	374	6.56549E+01
10440	374	6.57626E+01
10524	374	6.60133E+01
4717	555	6.61520E+01
10356	378	6.62348E+01
10356	285	6.62534E+01
10356	426	6.62632E+01
10440	285	6.63999E+01
10440	426	6.64102E+01
10440	378	6.64114E+01
4717	330	6.64612E+01
4717	601	6.66573E+01
10524	285	6.66660E+01
10524	378	6.66792E+01
10524	426	6.67109E+01
4717	281	6.67394E+01
10356	427	6.68487E+01
10356	425	6.68789E+01
10440	425	6.69888E+01
4717	468	6.69912E+01
4717	600	6.70233E+01
10440	427	6.70375E+01
10524	425	6.72628E+01
4717	559	6.72875E+01
10524	427	6.73712E+01
4717	602	6.74510E+01
4717	370	6.77509E+01
4717	462	6.77694E+01
4717	234	6.78975E+01
10356	333	6.79224E+01
10440	333	6.80513E+01
10356	373	6.82208E+01
10440	373	6.83190E+01
10524	333	6.83248E+01
4717	421	6.85582E+01
10524	373	6.85762E+01
10356	428	6.85786E+01
4717	599	6.86586E+01
10356	424	6.87541E+01
10440	428	6.88138E+01
10440	424	6.88319E+01
10356	379	6.89125E+01
4717	642	6.89168E+01
4717	379	6.90152E+01
10356	466	6.90269E+01
4717	554	6.90751E+01
10524	424	6.90857E+01
10440	379	6.91135E+01
4717	429	6.91370E+01
10524	428	6.91863E+01
10440	466	6.91989E+01
4717	643	6.92054E+01
4717	603	6.92966E+01
10356	284	6.93445E+01
10524	379	6.93953E+01
10356	465	6.94703E+01
10440	284	6.95049E+01
10524	466	6.95636E+01
10440	465	6.95770E+01
4717	641	6.97528E+01
10524	284	6.98037E+01
10524	465	6.98820E+01
10356	467	6.98894E+01
10440	467	7.01334E+01
4717	560	7.03205E+01
4717	644	7.04988E+01
10524	467	7.05665E+01
4717	469	7.07288E+01
4717	684	7.09594E+01
4717	280	7.11568E+01
4717	329	7.12950E+01
10356	464	7.13013E+01
10440	464	7.13500E+01
10356	429	7.13964E+01
4717	683	7.14341E+01
4717	685	7.14548E+01
10524	464	7.16044E+01
4717	598	7.16733E+01
10440	429	7.16823E+01
4717	233	7.17088E+01
10356	332	7.17581E+01
4717	640	7.18365E+01
10356	557	7.18717E+01
10440	332	7.18942E+01
10356	423	7.19525E+01
10356	372	7.19603E+01
10356	468	7.19766E+01
10440	423	7.20036E+01
10440	557	7.20331E+01
10440	372	7.20524E+01
4717	604	7.20880E+01
10524	429	7.20992E+01
10524	332	7.21939E+01
10524	423	7.22443E+01
10440	468	7.22989E+01
10524	372	7.23208E+01
10356	558	7.23646E+01
10524	557	7.24314E+01
4717	461	7.24548E+01
10356	380	7.25459E+01
10440	558	7.26292E+01
4717	645	7.26829E+01
10440	380	7.27741E+01
4717	726	7.27892E+01
10356	556	7.27931E+01
4717	686	7.28030E+01
10524	468	7.28084E+01
10440	556	7.28605E+01
4717	682	7.30048E+01
10524	380	7.30735E+01
4717	369	7.30899E+01
10524	558	7.31325E+01
10524	556	7.31650E+01
4717	727	7.31725E+01
4717	725	7.32378E+01
10356	283	7.32559E+01
10440	283	7.34314E+01
4717	553	7.34659E+01
10524	283	7.37646E+01
4717	430	7.38603E+01
4717	380	7.38884E+01
4717	420	7.39844E+01
10356	559	7.41647E+01
4717	561	7.42705E+01
4717	728	7.42820E+01
4717	768	7.44114E+01
4717	769	7.44865E+01
10440	559	7.45408E+01
10440	463	7.46042E+01
10356	463	7.46057E+01
4717	724	7.46362E+01
10356	601	7.46824E+01
10524	463	7.48179E+01
4717	687	7.48981E+01
10440	601	7.49018E+01
4717	767	7.50544E+01
10356	600	7.51494E+01
10524	559	7.51594E+01
4717	770	7.51873E+01
10356	469	7.52049E+01
10440	555	7.52213E+01
10440	600	7.52365E+01
10356	555	7.52380E+01
10356	430	7.52462E+01
4717	639	7.52905E+01
4717	470	7.53778E+01
10524	601	7.54067E+01
10524	555	7.54445E+01
10440	430	7.55868E+01
10524	600	7.56020E+01
10440	469	7.56113E+01
10356	602	7.56301E+01
4717	646	7.56519E+01
4717	811	7.56942E+01
4717	605	7.57225E+01
4717	681	7.58025E+01
4717	812	7.59001E+01
10440	602	7.59925E+01
4717	729	7.60255E+01
4717	810	7.60332E+01
10524	430	7.60532E+01
4717	597	7.61715E+01
10524	469	7.62046E+01
4717	232	7.62762E+01
4717	771	7.64341E+01
4717	279	7.65214E+01
4717	766	7.65215E+01
10356	422	7.65461E+01
10440	422	7.65760E+01
4717	813	7.65829E+01
10356	331	7.66308E+01
10524	602	7.66500E+01
10440	331	7.67763E+01
10524	422	7.68111E+01
10356	371	7.69343E+01
4717	809	7.69980E+01
10440	371	7.70239E+01
10524	331	7.71054E+01
4717	723	7.71127E+01
10440	599	7.71324E+01
10356	560	7.71639E+01
10356	599	7.71655E+01
4717	328	7.72658E+01
10524	371	7.73085E+01
10356	642	7.73352E+01
10524	599	7.73734E+01
10440	642	7.75934E+01
4717	688	7.76475E+01
10440	560	7.76588E+01
4717	814	7.76851E+01
10356	641	7.77496E+01
10440	641	7.78376E+01
10356	603	7.78601E+01
10356	282	7.80253E+01
4717	772	7.81598E+01
10524	642	7.81905E+01
10440	282	7.82170E+01
10524	641	7.82496E+01
4717	730	7.83242E+01
10356	643	7.83274E+01
10440	603	7.83749E+01
10524	560	7.84020E+01
10524	282	7.85868E+01
4717	460	7.86382E+01
4717	808	7.86822E+01
10440	643	7.87681E+01
4717	765	7.89305E+01
4649	331	7.89845E+01
4649	282	7.90114E+01
4717	562	7.90471E+01
10524	603	7.91967E+01
4649	283	7.92038E+01
10440	554	7.92277E+01
4717	647	7.93115E+01
10356	554	7.93178E+01
10524	554	7.93834E+01
4717	552	7.94022E+01
4649	332	7.94069E+01
10440	462	7.94312E+01
4717	431	7.94470E+01
10356	462	7.94748E+01
4649	330	7.94831E+01
10356	470	7.94891E+01
10524	643	7.95651E+01
4649	281	7.95763E+01
10524	462	7.96149E+01
10440	640	7.96596E+01
10356	683	7.97131E+01
10356	640	7.97277E+01
4717	368	7.97347E+01
4649	371	7.97459E+01
10524	640	7.99039E+01
4717	680	7.99568E+01
10440	683	7.99723E+01
10440	470	7.99848E+01
10356	431	8.00729E+01
4717	606	8.01049E+01
4649	284	8.01191E+01
4717	638	8.02282E+01
4649	372	8.02726E+01
4649	370	8.03054E+01
4717	773	8.03074E+01
10356	682	8.04046E+01
10356	684	8.04267E+01
10440	682	8.04575E+01
10440	431	8.04719E+01
10356	644	8.05739E+01
10524	683	8.06236E+01
4649	234	8.06305E+01
10524	470	8.06683E+01
4649	333	8.07063E+01
10440	598	8.07263E+01
4717	722	8.08010E+01
4717	419	8.08405E+01
10524	598	8.08594E+01
4717	471	8.08645E+01
10356	598	8.08660E+01
10524	682	8.08802E+01
10440	684	8.09058E+01
4649	280	8.09427E+01
4649	329	8.09591E+01
4717	689	8.09722E+01
10524	431	8.09927E+01
4717	731	8.11111E+01
4649	422	8.11187E+01
4717	807	8.11915E+01
10440	644	8.12074E+01
10356	604	8.12421E+01
10356	561	8.12527E+01
4649	421	8.14420E+01
4717	231	8.16483E+01
4649	285	8.17317E+01
4649	233	8.17429E+01
10524	684	8.18024E+01
4649	373	8.18312E+01
10440	561	8.18730E+01
10440	604	8.19174E+01
10356	724	8.19383E+01
4649	423	8.20042E+01
4649	369	8.20136E+01
10356	725	8.21286E+01
10440	724	8.21467E+01
10524	644	8.22171E+01
4717	596	8.22396E+01
10356	685	8.23790E+01
4717	764	8.24092E+01
10440	681	8.25388E+01
10440	725	8.25915E+01
10356	330	8.26041E+01
10356	421	8.26134E+01
10440	421	8.26281E+01
10356	681	8.26756E+01
10524	561	8.27490E+01
10524	681	8.27527E+01
10440	330	8.27611E+01
10524	724	8.27972E+01
4649	462	8.28293E+01
4649	334	8.28503E+01
10524	421	8.28655E+01
4717	278	8.28964E+01
10524	604	8.29135E+01
4649	420	8.30420E+01
10440	685	8.30895E+01
10524	330	8.31232E+01
10440	723	8.31354E+01
4649	279	8.31645E+01
10356	723	8.31659E+01
10356	370	8.32144E+01
10440	639	8.32189E+01
10440	370	8.33053E+01
10524	639	8.33153E+01
4649	463	8.33993E+01
10356	639	8.34268E+01
4649	328	8.34758E+01
7326	331	8.34910E+01
10524	723	8.35173E+01
4649	232	8.35288E+01
10524	725	8.35294E+01
10356	726	8.35604E+01
4717	648	8.35808E+01
4649	461	8.35913E+01
10524	370	8.36116E+01
7326	282	8.36295E+01
7326	330	8.36928E+01
10356	281	8.37016E+01
10356	766	8.37125E+01
7236	331	8.38126E+01
7236	330	8.39074E+01
7236	282	8.39102E+01
10440	281	8.39108E+01
10356	645	8.39296E+01
7326	281	8.39931E+01
7326	283	8.40120E+01
4649	286	8.40219E+01
4649	424	8.40348E+01
7326	371	8.40615E+01
10440	766	8.40947E+01
7236	281	8.41532E+01
7326	370	8.41923E+01
7326	332	8.42044E+01
10356	765	8.42310E+01
10524	685	8.42454E+01
10440	726	8.42904E+01
10524	281	8.43192E+01
10440	765	8.43281E+01
4717	732	8.43292E+01
7146	331	8.43537E+01
4649	374	8.43774E+01
7236	371	8.43958E+01
7236	283	8.44089E+01
4717	327	8.44333E+01
7146	330	8.44402E+01
7146	282	8.44479E+01
7236	370	8.44483E+01
10356	767	8.44565E+01
4717	563	8.45663E+01
7236	332	8.46263E+01
4717	806	8.46429E+01
7146	281	8.46703E+01
10356	471	8.47454E+01
10440	645	8.47646E+01
4717	690	8.48048E+01
7326	329	8.48671E+01
4649	554	8.48678E+01
10524	765	8.49114E+01
7146	371	8.49324E+01
4649	368	8.49336E+01
7146	283	8.49652E+01
7236	329	8.49668E+01
10440	553	8.49888E+01
7146	370	8.49974E+01
10524	766	8.50033E+01
7326	372	8.50217E+01
7326	421	8.50867E+01
10524	553	8.50918E+01
7326	284	8.51059E+01
10440	767	8.51382E+01
10356	553	8.51403E+01
7326	234	8.51435E+01
7326	280	8.51476E+01
4717	607	8.51511E+01
7146	332	8.51727E+01
7236	280	8.51819E+01
4649	464	8.52235E+01
4649	553	8.52528E+01
7236	234	8.52604E+01
10356	234	8.52922E+01
10440	471	8.53351E+01
7326	422	8.53669E+01
10356	808	8.53878E+01
7236	421	8.54011E+01
10356	686	8.54158E+01
7236	372	8.54231E+01
10356	807	8.54589E+01
7326	369	8.54781E+01
7146	329	8.54883E+01
10524	726	8.55312E+01
10440	234	8.55334E+01
4717	679	8.55831E+01
7236	284	8.56148E+01
7236	369	8.56439E+01
10356	605	8.56498E+01
7146	280	8.56768E+01
10440	807	8.56910E+01
7236	422	8.57100E+01
10440	722	8.57474E+01
4649	460	8.57576E+01
7146	234	8.57604E+01
7326	333	8.57887E+01
4649	335	8.58150E+01
10356	432	8.58220E+01
4717	721	8.58303E+01
4717	432	8.58467E+01
4649	555	8.58484E+01
10524	722	8.58836E+01
10440	461	8.59213E+01
7146	372	8.59420E+01
10440	808	8.59476E+01
7146	421	8.59625E+01
10524	234	8.59663E+01
4649	419	8.59812E+01
10524	645	8.59977E+01
10356	722	8.59979E+01
10356	461	8.59981E+01
10440	764	8.60262E+01
4649	231	8.60337E+01
10356	727	8.60725E+01
10524	461	8.60864E+01
7326	420	8.61063E+01
7236	233	8.61111E+01
10524	471	8.61148E+01
7326	233	8.61168E+01
10440	597	8.61476E+01
7146	284	8.61882E+01
10524	597	8.61915E+01
10356	764	8.61963E+01
7146	369	8.62001E+01
7146	422	8.62276E+01
10440	432	8.62829E+01
10356	768	8.62955E+01
4649	278	8.63019E+01
7236	333	8.63044E+01
10524	764	8.63057E+01
10356	562	8.63240E+01
4717	459	8.63624E+01
10440	686	8.63670E+01
7236	420	8.63741E+01
10356	597	8.63789E+01
10524	767	8.63897E+01
10440	680	8.63932E+01
10524	680	8.64218E+01
10356	809	8.64422E+01
10440	605	8.64926E+01
10524	807	8.64929E+01
7146	233	8.65860E+01
7326	461	8.66256E+01
7326	462	8.66640E+01
10356	680	8.67008E+01
4717	637	8.67381E+01
10440	806	8.67507E+01
10356	806	8.68297E+01
7146	333	8.68532E+01
10524	432	8.68626E+01
7326	423	8.68765E+01
7326	285	8.68847E+01
4717	551	8.69334E+01
7146	420	8.69707E+01
7236	461	8.69857E+01
7236	462	8.69973E+01
4649	598	8.70118E+01
7326	373	8.70178E+01
7236	279	8.70505E+01
7236	328	8.70552E+01
10440	562	8.70753E+01
7326	328	8.70783E+01
10440	727	8.70799E+01
4649	552	8.70870E+01
4717	763	8.70887E+01
4649	327	8.70948E+01
4717	472	8.71194E+01
10524	808	8.71279E+01
7326	279	8.71473E+01
4649	425	8.71540E+01
10524	806	8.71945E+01
7236	423	8.72312E+01
10440	768	8.72881E+01
10440	809	8.73429E+01
4649	597	8.74401E+01
7236	373	8.74756E+01
7236	285	8.75017E+01
7146	462	8.75199E+01
7146	279	8.75211E+01
7146	328	8.75621E+01
7146	461	8.75865E+01
7236	232	8.76174E+01
10524	605	8.76716E+01
7146	423	8.76967E+01
4717	367	8.77282E+01
7326	232	8.77497E+01
10524	686	8.77935E+01
4717	230	8.78730E+01
4649	375	8.78749E+01
4649	599	8.79614E+01
7146	373	8.79720E+01
7326	368	8.79846E+01
7326	460	8.80397E+01
7236	368	8.80478E+01
7146	232	8.80658E+01
7326	463	8.80769E+01
7146	285	8.80906E+01
10524	562	8.80911E+01
4649	556	8.81023E+01
7326	553	8.81376E+01
7326	334	8.82112E+01
4649	465	8.82268E+01
10356	646	8.82602E+01
7236	463	8.83585E+01
4717	649	8.83915E+01
7236	460	8.84003E+01
10356	810	8.84665E+01
7326	419	8.84925E+01
7236	553	8.85290E+01
7146	368	8.86054E+01
10524	638	8.86349E+01
10524	727	8.86359E+01
10440	638	8.86639E+01
7236	419	8.86950E+01
7146	463	8.87906E+01
7326	554	8.88074E+01
7236	334	8.88146E+01
10524	768	8.88962E+01
10524	809	8.89173E+01
7326	552	8.89901E+01
10356	638	8.89932E+01
7146	460	8.90660E+01
10356	769	8.90805E+01
7236	554	8.90869E+01
4717	691	8.90876E+01
4649	367	8.91175E+01
7146	553	8.91249E+01
4717	418	8.91585E+01
4717	805	8.91610E+01
4649	639	8.91977E+01
10440	646	8.93039E+01
4649	230	8.93059E+01
7146	419	8.93174E+01
10440	805	8.93205E+01
7326	286	8.93283E+01
4649	596	8.93405E+01
7146	334	8.93633E+01
4649	459	8.93829E+01
10440	763	8.93863E+01
10524	763	8.93885E+01
10356	687	8.93983E+01
10524	805	8.94312E+01
7236	552	8.94586E+01
10356	728	8.95218E+01
7326	424	8.95496E+01
7146	554	8.95555E+01
4649	336	8.95805E+01
10356	805	8.96897E+01
10440	810	8.97182E+01
4649	640	8.97496E+01
10356	329	8.97520E+01
10356	763	8.98017E+01
7236	278	8.98194E+01
7236	231	8.98253E+01
7236	424	8.98998E+01
10440	329	8.99229E+01
4717	595	8.99289E+01
7326	597	8.99371E+01
7326	374	9.00051E+01
4649	638	9.00212E+01
7236	286	9.00498E+01
7326	278	9.00529E+01
7326	231	9.00882E+01
10524	721	9.00885E+01
7146	552	9.01635E+01
10440	721	9.01709E+01
4649	600	9.01823E+01
10356	420	9.02311E+01
7236	327	9.02357E+01
10440	420	9.02369E+01
7146	231	9.02458E+01
7146	278	9.02639E+01
4649	418	9.03046E+01
7146	424	9.03055E+01
10524	329	9.03216E+01
4717	277	9.03357E+01
10356	280	9.03451E+01
7236	597	9.03562E+01
7326	327	9.03901E+01
10440	769	9.03930E+01
4649	277	9.04122E+01
4649	551	9.04333E+01
10524	420	9.04850E+01
7236	374	9.05094E+01
10440	280	9.05730E+01
10440	687	9.05977E+01
10356	721	9.06189E+01
7326	596	9.06190E+01
7146	286	9.06524E+01
7146	327	9.07246E+01
4717	564	9.07540E+01
10524	646	9.07693E+01
7326	464	9.07820E+01
4717	608	9.07900E+01
10440	728	9.08146E+01
7326	598	9.08282E+01
10356	369	9.08760E+01
10356	472	9.08955E+01
7326	555	9.09072E+01
10356	606	9.09662E+01
7146	597	9.09672E+01
7326	459	9.09677E+01
10440	369	9.09722E+01
7146	374	9.09785E+01
7236	464	9.09886E+01
10524	280	9.10226E+01
7236	555	9.10420E+01
7236	598	9.10456E+01
10356	233	9.11484E+01
7236	596	9.11953E+01
7236	459	9.13014E+01
10524	369	9.13059E+01
4649	426	9.13123E+01
7146	464	9.13184E+01
10356	811	9.13250E+01
7146	555	9.13668E+01
10440	233	9.14095E+01
7326	551	9.14372E+01
7326	335	9.14476E+01
7146	598	9.14786E+01
4649	681	9.14998E+01
4649	557	9.15381E+01
4649	641	9.15588E+01
10440	472	9.15832E+01
4649	680	9.16261E+01
10524	810	9.16988E+01
7236	367	9.17152E+01
7326	367	9.17674E+01
7326	638	9.17724E+01
4649	326	9.18637E+01
10524	233	9.18830E+01
7236	551	9.19457E+01
7146	596	9.19610E+01
10440	606	9.19823E+01
7146	459	9.20177E+01
10524	679	9.20518E+01
7236	335	9.21331E+01
10440	679	9.21820E+01
7146	367	9.22681E+01
7236	638	9.22685E+01
10356	563	9.22783E+01
4649	376	9.22916E+01
7326	418	9.22954E+01
10524	687	9.23041E+01
4717	720	9.23097E+01
4649	637	9.23205E+01
4649	466	9.23402E+01
10524	769	9.23685E+01
7236	418	9.24132E+01
10524	472	9.24643E+01
7326	639	9.25191E+01
10440	552	9.25961E+01
4649	682	9.26137E+01
7326	637	9.26325E+01
10356	679	9.26381E+01
10524	552	9.26622E+01
7146	335	9.26789E+01
10356	770	9.26825E+01
10524	728	9.26958E+01
7236	639	9.27267E+01
7146	551	9.27403E+01
4717	678	9.27650E+01
4649	595	9.27808E+01
7236	230	9.27836E+01
10356	552	9.27963E+01
4717	326	9.28341E+01
10440	811	9.29353E+01
7146	638	9.29422E+01
7326	595	9.29551E+01
7146	418	9.30518E+01
4717	762	9.30905E+01
4649	679	9.31159E+01
7236	599	9.31600E+01
10440	563	9.31654E+01
7146	639	9.31741E+01
7146	230	9.31749E+01
7326	230	9.31811E+01
7326	599	9.31850E+01
7326	425	9.33290E+01
10524	606	9.33513E+01
7236	637	9.33625E+01
4649	229	9.33906E+01
7146	599	9.33939E+01
10524	804	9.34076E+01
10356	647	9.34463E+01
10524	596	9.34782E+01
10440	596	9.35033E+01
7236	277	9.35477E+01
4649	601	9.35654E+01
10440	804	9.35992E+01
4649	722	9.36020E+01
7236	595	9.36409E+01
7236	425	9.36592E+01
7326	679	9.36666E+01
4717	650	9.36851E+01
10356	729	9.37843E+01
10356	596	9.38098E+01
4649	723	9.38262E+01
7326	277	9.39235E+01
7326	375	9.39472E+01
7326	680	9.39627E+01
7146	277	9.39639E+01
7146	425	9.39975E+01
4717	473	9.40792E+01
4649	337	9.41292E+01
10440	460	9.41504E+01
10356	688	9.42059E+01
10356	804	9.42331E+01
7146	637	9.42336E+01
10356	460	9.42508E+01
7236	680	9.42623E+01
7236	556	9.42972E+01
10524	460	9.43090E+01
10440	770	9.43217E+01
10524	563	9.43271E+01
7236	679	9.43319E+01
7326	556	9.43371E+01
10524	762	9.43549E+01
7146	556	9.44628E+01
7236	375	9.44883E+01
4649	458	9.44914E+01
4649	642	9.45018E+01
7146	595	9.45360E+01
7236	326	9.45589E+01
4649	366	9.45923E+01
10440	762	9.45985E+01
4649	721	9.46017E+01
7236	640	9.46237E+01
7326	465	9.47008E+01
10440	647	9.47046E+01
7326	640	9.47535E+01
7146	680	9.47996E+01
7236	465	9.48104E+01
7146	640	9.48190E+01
4649	683	9.48355E+01
7326	326	9.48528E+01
4717	636	9.48680E+01
4717	804	9.48688E+01
10356	812	9.49017E+01
7146	375	9.49254E+01
4717	229	9.49905E+01
7326	678	9.49972E+01
7146	326	9.50262E+01
7146	465	9.50270E+01
7146	679	9.51376E+01
4649	724	9.51396E+01
7326	636	9.51849E+01
10356	762	9.52329E+01
4649	550	9.53198E+01
10524	811	9.53312E+01
10440	729	9.53689E+01
7326	721	9.53880E+01
7326	458	9.54410E+01
7326	336	9.54776E+01
7326	550	9.55167E+01
4649	276	9.55386E+01
4717	458	9.56305E+01
7236	681	9.56375E+01
4649	764	9.56528E+01
10440	688	9.56595E+01
7236	458	9.57195E+01
7326	681	9.57615E+01
7326	720	9.57833E+01
7146	681	9.58757E+01
7236	721	9.59154E+01
4649	765	9.59454E+01
7236	678	9.59630E+01
10524	637	9.59831E+01
4649	417	9.60260E+01
7236	550	9.60268E+01
4717	550	9.60659E+01
4649	558	9.60680E+01
4649	678	9.60688E+01
7236	636	9.60896E+01
10440	637	9.61126E+01
4649	636	9.61629E+01
7236	336	9.62397E+01
10524	720	9.63006E+01
10524	647	9.64095E+01
4649	763	9.64379E+01
4649	427	9.64636E+01
7146	458	9.64715E+01
7326	722	9.65063E+01
7236	722	9.65379E+01
7236	229	9.65388E+01
10356	637	9.65427E+01
10440	720	9.65703E+01
7236	600	9.65844E+01
7146	600	9.66002E+01
7146	721	9.66353E+01
10524	770	9.66728E+01
7236	366	9.66776E+01
7236	720	9.67390E+01
7146	336	9.67799E+01
7326	366	9.68580E+01
10440	812	9.68762E+01
7326	600	9.68886E+01
7146	550	9.68904E+01
7146	229	9.68998E+01
7146	722	9.69204E+01
4649	720	9.69461E+01
4666	380	9.69479E+01
4717	609	9.69621E+01
7326	594	9.69859E+01
10356	771	9.69917E+01
7146	678	9.70024E+01
7326	762	9.70690E+01
7326	229	9.70748E+01
4717	366	9.70789E+01
10356	607	9.70886E+01
7146	636	9.71265E+01
4649	766	9.71821E+01
10356	720	9.71896E+01
7146	366	9.72196E+01
7326	763	9.73241E+01
4649	725	9.74084E+01
4649	467	9.74984E+01
7326	417	9.75346E+01
4717	565	9.75472E+01
7236	417	9.75484E+01
10524	729	9.75828E+01
4649	377	9.75975E+01
10524	688	9.76531E+01
7236	763	9.76842E+01
4649	806	9.76877E+01
4666	379	9.77162E+01
7236	594	9.77312E+01
7146	641	9.77498E+01
7146	720	9.77601E+01
4649	594	9.77889E+01
4649	325	9.78025E+01
7326	719	9.78136E+01
7236	641	9.78292E+01
10356	232	9.78309E+01
4649	807	9.78453E+01
10356	473	9.78681E+01
7236	762	9.79793E+01
4649	602	9.80041E+01
10356	279	9.80238E+01
4649	684	9.80352E+01
7326	677	9.80384E+01
10440	232	9.81127E+01
10356	328	9.81486E+01
7326	426	9.81643E+01
7146	417	9.81930E+01
7146	682	9.82302E+01
10440	279	9.82718E+01
7236	276	9.82808E+01
10440	607	9.82827E+01
7236	682	9.83175E+01
4649	228	9.83216E+01
7146	763	9.83233E+01
7326	761	9.83344E+01
10440	328	9.83358E+01
7326	641	9.83399E+01
4649	762	9.84305E+01
4649	643	9.84576E+01
7236	426	9.84598E+01
7236	723	9.84643E+01
4649	805	9.84705E+01
7146	723	9.84789E+01
7326	804	9.85290E+01
4666	338	9.85410E+01
10524	232	9.86286E+01
10440	473	9.86575E+01
7146	276	9.86670E+01
7236	764	9.86954E+01
7146	426	9.87234E+01
7146	594	9.87286E+01
7146	557	9.87493E+01
10356	730	9.87547E+01
7236	557	9.87569E+01
10524	279	9.87651E+01
10524	328	9.87752E+01
7326	276	9.88042E+01
7326	376	9.88116E+01
4649	808	9.88185E+01
4717	276	9.88702E+01
7326	682	9.89155E+01
4717	417	9.89297E+01
7146	764	9.89347E+01
7326	764	9.89522E+01
10440	771	9.89627E+01
7146	762	9.89827E+01
7326	723	9.89865E+01
7326	557	9.89993E+01
10356	564	9.90291E+01
10356	813	9.90996E+01
7236	719	9.91209E+01
7326	805	9.91781E+01
7236	677	9.92334E+01
4649	767	9.92366E+01
4717	594	9.92425E+01
7326	803	9.92651E+01
10524	803	9.93128E+01
7236	376	9.93800E+01
10356	648	9.93862E+01
7236	805	9.93875E+01
7236	804	9.93987E+01
4649	338	9.94458E+01
10356	419	9.94604E+01
10440	419	9.94639E+01
7326	635	9.94680E+01
4666	378	9.94696E+01
10524	473	9.96446E+01
10524	812	9.96939E+01
7236	761	9.97165E+01
10524	419	9.97315E+01
10356	689	9.97360E+01
7236	466	9.97536E+01
7326	466	9.97618E+01
10524	678	9.97676E+01
10440	803	9.97704E+01
7146	376	9.97806E+01
7146	466	9.98466E+01
10524	607	9.98476E+01
7146	805	9.99782E+01
10356	368	9.99848E+01
4666	431	1.00023E+02
10440	678	1.00027E+02
7236	325	1.00049E+02
10440	564	1.00056E+02
10440	368	1.00091E+02
4666	430	1.00174E+02
7326	337	1.00283E+02
4717	719	1.00310E+02
4649	804	1.00322E+02
7146	719	1.00402E+02
7146	804	1.00409E+02
10524	368	1.00458E+02
7146	677	1.00468E+02
7236	635	1.00485E+02
7326	325	1.00490E+02
7146	325	1.00491E+02
4649	809	1.00493E+02
4649	726	1.00507E+02
4717	761	1.00509E+02
7236	806	1.00538E+02
4649	677	1.00545E+02
10356	678	1.00606E+02
10440	730	1.00636E+02
10356	803	1.00638E+02
7146	765	1.00670E+02
7146	806	1.00675E+02
7236	803	1.00718E+02
4649	719	1.00726E+02
4666	432	1.00832E+02
7236	765	1.00859E+02
10440	648	1.00864E+02
7146	601	1.00984E+02
7146	761	1.01042E+02
7326	806	1.01053E+02
4649	457	1.01065E+02
7236	337	1.01116E+02
7236	228	1.01127E+02
7146	724	1.01162E+02
7236	601	1.01203E+02
7326	549	1.01221E+02
7326	760	1.01231E+02
4666	429	1.01331E+02
4649	365	1.01347E+02
10524	761	1.01368E+02
10524	564	1.01369E+02
10440	813	1.01442E+02
7326	457	1.01448E+02
10440	689	1.01449E+02
7146	228	1.01456E+02
7326	802	1.01522E+02
4717	677	1.01539E+02
7236	724	1.01541E+02
7326	718	1.01554E+02
4649	635	1.01570E+02
4649	559	1.01606E+02
7236	457	1.01643E+02
7146	337	1.01648E+02
7146	635	1.01654E+02
4666	337	1.01657E+02
7236	549	1.01693E+02
10524	771	1.01695E+02
4649	275	1.01696E+02
7146	683	1.01720E+02
4649	549	1.01730E+02
4649	761	1.01741E+02
7326	765	1.01789E+02
7326	228	1.01804E+02
7326	601	1.01819E+02
10440	761	1.01821E+02
7146	642	1.01836E+02
4717	803	1.01873E+02
10356	772	1.01916E+02
4649	768	1.01995E+02
4649	685	1.02090E+02
10440	551	1.02106E+02
7146	803	1.02107E+02
10524	551	1.02152E+02
7236	683	1.02155E+02
7236	642	1.02209E+02
4666	377	1.02234E+02
10356	551	1.02341E+02
7146	807	1.02354E+02
7146	457	1.02416E+02
4717	325	1.02467E+02
4649	428	1.02561E+02
7146	549	1.02604E+02
10356	761	1.02644E+02
7326	724	1.02666E+02
7236	807	1.02698E+02
7326	593	1.02700E+02
4649	810	1.02765E+02
10524	595	1.02785E+02
10524	648	1.02814E+02
7326	676	1.02820E+02
10440	595	1.02857E+02
7236	365	1.02930E+02
7236	760	1.02996E+02
4717	228	1.03023E+02
4666	471	1.03100E+02
4649	416	1.03116E+02
7236	718	1.03129E+02
7326	642	1.03139E+02
10524	730	1.03189E+02
10356	595	1.03221E+02
7326	365	1.03250E+02
7326	683	1.03270E+02
4649	644	1.03310E+02
4649	803	1.03362E+02
7146	766	1.03380E+02
4649	603	1.03394E+02
4666	470	1.03432E+02
7236	593	1.03454E+02
7146	365	1.03455E+02
7236	802	1.03469E+02
4666	428	1.03547E+02
4649	468	1.03636E+02
4666	472	1.03703E+02
7095	337	1.03715E+02
10524	689	1.03735E+02
4649	378	1.03765E+02
7185	337	1.03767E+02
10356	814	1.03837E+02
7095	336	1.03843E+02
7185	336	1.03889E+02
10356	608	1.03931E+02
7275	337	1.03934E+02
7326	807	1.03989E+02
7326	427	1.04008E+02
7236	766	1.04023E+02
7236	275	1.04038E+02
7236	416	1.04078E+02
7275	336	1.04098E+02
4649	227	1.04112E+02
7146	558	1.04136E+02
10440	459	1.04163E+02
7236	676	1.04169E+02
7326	416	1.04187E+02
10440	772	1.04222E+02
7236	427	1.04255E+02
10356	459	1.04277E+02
4649	727	1.04322E+02
10524	459	1.04328E+02
7236	558	1.04330E+02
4649	593	1.04343E+02
10356	731	1.04344E+02
7146	275	1.04392E+02
7095	338	1.04424E+02
7146	427	1.04437E+02
7185	338	1.04485E+02
7146	593	1.04526E+02
7326	377	1.04568E+02
7146	760	1.04596E+02
4717	635	1.04611E+02
7275	338	1.04615E+02
7146	718	1.04624E+02
10524	719	1.04640E+02
10524	813	1.04686E+02
7326	275	1.04713E+02
7146	416	1.04718E+02
4666	469	1.04768E+02
7326	558	1.04800E+02
7146	725	1.04825E+02
7095	335	1.04828E+02
7185	335	1.04870E+02
7146	808	1.04876E+02
4649	324	1.04892E+02
10440	719	1.05062E+02
7275	335	1.05127E+02
7236	377	1.05154E+02
4666	473	1.05177E+02
7146	802	1.05187E+02
7095	376	1.05226E+02
7185	376	1.05275E+02
10440	608	1.05307E+02
4649	769	1.05354E+02
10356	231	1.05391E+02
7326	801	1.05395E+02
10524	636	1.05428E+02
7275	376	1.05443E+02
7095	286	1.05462E+02
7326	634	1.05463E+02
7146	377	1.05514E+02
7185	286	1.05538E+02
4649	811	1.05545E+02
7146	676	1.05557E+02
7236	725	1.05618E+02
10440	636	1.05631E+02
7326	766	1.05669E+02
7095	377	1.05672E+02
4666	336	1.05685E+02
10440	231	1.05694E+02
7146	467	1.05711E+02
7236	808	1.05722E+02
7236	467	1.05751E+02
7185	377	1.05756E+02
7095	375	1.05775E+02
7185	375	1.05792E+02
7326	759	1.05819E+02
10356	719	1.05823E+02
7326	338	1.05847E+02
7326	467	1.05897E+02
10356	690	1.05902E+02
7275	286	1.05906E+02
4666	563	1.05929E+02
7275	377	1.05930E+02
7275	375	1.05964E+02
4649	718	1.05989E+02
10356	649	1.05995E+02
4666	376	1.06039E+02
4666	562	1.06134E+02
10356	636	1.06140E+02
7146	684	1.06207E+02
10524	231	1.06254E+02
4717	457	1.06394E+02
7146	602	1.06433E+02
4649	760	1.06446E+02
10356	565	1.06503E+02
10440	731	1.06526E+02
7236	634	1.06528E+02
10440	814	1.06550E+02
4649	676	1.06556E+02
7236	227	1.06564E+02
4666	564	1.06572E+02
1138	284	1.06663E+02
7236	324	1.06690E+02
7095	334	1.06695E+02
918	284	1.06713E+02
7185	334	1.06736E+02
1028	284	1.06741E+02
7236	338	1.06747E+02
4717	549	1.06752E+02
10356	278	1.06804E+02
1138	333	1.06861E+02
7146	227	1.06861E+02
4666	427	1.06877E+02
4649	686	1.06888E+02
7236	602	1.06903E+02
918	333	1.06907E+02
7146	767	1.06928E+02
1138	332	1.06935E+02
1028	333	1.06945E+02
1138	283	1.06946E+02
7146	643	1.06948E+02
918	332	1.06977E+02
918	283	1.06985E+02
1028	332	1.07002E+02
1028	283	1.07008E+02
7236	684	1.07008E+02
7326	717	1.07020E+02
7275	334	1.07045E+02
10524	608	1.07073E+02
10440	278	1.07074E+02
7095	378	1.07077E+02
7146	324	1.07104E+02
1138	285	1.07117E+02
918	285	1.07178E+02
4666	468	1.07186E+02
7185	378	1.07201E+02
1028	285	1.07212E+02
4666	561	1.07264E+02
7146	338	1.07268E+02
7326	324	1.07285E+02
10524	802	1.07295E+02
10524	772	1.07341E+02
7185	374	1.07345E+02
7095	374	1.07354E+02
10356	773	1.07377E+02
7326	227	1.07385E+02
7326	725	1.07386E+02
7275	378	1.07389E+02
7095	426	1.07488E+02
7185	426	1.07505E+02
7275	374	1.07529E+02
7095	427	1.07611E+02
10524	278	1.07613E+02
7275	426	1.07626E+02
7236	643	1.07633E+02
7095	285	1.07649E+02
1138	334	1.07670E+02
10440	565	1.07673E+02
4649	802	1.07683E+02
10440	649	1.07696E+02
7185	427	1.07699E+02
918	334	1.07717E+02
7236	801	1.07732E+02
7185	285	1.07738E+02
4717	365	1.07748E+02
1028	334	1.07769E+02
7146	634	1.07794E+02
7326	808	1.07830E+02
10356	327	1.07854E+02
7326	602	1.07861E+02
7236	759	1.07869E+02
10440	690	1.07878E+02
7275	427	1.07885E+02
1138	331	1.07926E+02
918	331	1.07963E+02
1138	372	1.07963E+02
1138	373	1.07975E+02
1028	331	1.07977E+02
10440	802	1.07977E+02
4666	565	1.07994E+02
1138	282	1.07995E+02
918	372	1.08009E+02
918	373	1.08012E+02
918	282	1.08020E+02
1028	372	1.08034E+02
1028	282	1.08039E+02
7236	767	1.08042E+02
1028	373	1.08060E+02
10440	327	1.08060E+02
4649	560	1.08066E+02
7146	809	1.08115E+02
4666	607	1.08138E+02
7275	285	1.08179E+02
1138	286	1.08289E+02
4666	608	1.08341E+02
918	286	1.08359E+02
1028	286	1.08399E+02
4649	142	1.08442E+02
7185	425	1.08452E+02
7326	548	1.08486E+02
4717	275	1.08493E+02
7095	425	1.08498E+02
4649	634	1.08512E+02
7275	425	1.08523E+02
10524	327	1.08544E+02
2933	331	1.08581E+02
7326	684	1.08676E+02
4666	606	1.08713E+02
4649	728	1.08752E+02
4649	812	1.08752E+02
3039	331	1.08756E+02
7326	568	1.08768E+02
7236	717	1.08774E+02
2933	282	1.08803E+02
7095	428	1.08814E+02
4649	274	1.08861E+02
7236	548	1.08883E+02
7326	456	1.08926E+02
2933	330	1.08946E+02
4649	645	1.08949E+02
7185	428	1.08980E+02
3039	282	1.08984E+02
1138	374	1.09011E+02
7236	456	1.09011E+02
7326	643	1.09015E+02
1138	371	1.09021E+02
4649	456	1.09033E+02
918	374	1.09035E+02
2933	371	1.09038E+02
10356	802	1.09043E+02
918	371	1.09073E+02
1028	371	1.09076E+02
2933	332	1.09107E+02
1028	374	1.09109E+02
2933	283	1.09111E+02
10524	565	1.09141E+02
3039	330	1.09153E+02
3039	371	1.09215E+02
4649	770	1.09225E+02
2933	281	1.09227E+02
7275	428	1.09244E+02
3039	332	1.09254E+02
4666	609	1.09255E+02
7236	568	1.09258E+02
3039	283	1.09264E+02
7326	675	1.09313E+02
4649	364	1.09323E+02
7146	726	1.09332E+02
1138	335	1.09335E+02
918	335	1.09382E+02
4717	760	1.09395E+02
4666	560	1.09409E+02
7095	379	1.09413E+02
10524	731	1.09421E+02
3039	281	1.09437E+02
1028	335	1.09449E+02
7095	333	1.09472E+02
7236	809	1.09480E+02
2933	370	1.09496E+02
7185	333	1.09515E+02
4649	429	1.09558E+02
1138	423	1.09567E+02
7185	379	1.09581E+02
4649	548	1.09593E+02
918	423	1.09616E+02
4666	649	1.09627E+02
10524	677	1.09632E+02
2933	372	1.09633E+02
4649	604	1.09634E+02
1028	423	1.09644E+02
7146	759	1.09691E+02
3039	370	1.09704E+02
7146	801	1.09724E+02
3039	372	1.09781E+02
4666	650	1.09784E+02
7146	456	1.09788E+02
7275	379	1.09792E+02
7146	548	1.09820E+02
2827	331	1.09843E+02
1138	281	1.09844E+02
4717	718	1.09850E+02
918	281	1.09857E+02
1028	281	1.09871E+02
1138	330	1.09881E+02
7275	333	1.09881E+02
1138	424	1.09888E+02
10524	649	1.09896E+02
918	424	1.09909E+02
918	330	1.09911E+02
1028	330	1.09914E+02
7185	373	1.09973E+02
1028	424	1.09977E+02
10440	677	1.09988E+02
7095	373	1.10003E+02
7185	466	1.10007E+02
7095	466	1.10019E+02
10440	773	1.10021E+02
7326	592	1.10030E+02
7275	466	1.10066E+02
2827	282	1.10071E+02
2933	422	1.10086E+02
4717	416	1.10094E+02
2933	284	1.10114E+02
7095	467	1.10114E+02
4717	593	1.10126E+02
4666	648	1.10139E+02
4666	605	1.10144E+02
7275	373	1.10178E+02
7185	467	1.10217E+02
4649	568	1.10220E+02
2827	330	1.10224E+02
10524	814	1.10224E+02
3039	284	1.10240E+02
4717	802	1.10247E+02
7146	568	1.10247E+02
3039	422	1.10258E+02
2933	329	1.10262E+02
2933	234	1.10264E+02
2827	371	1.10296E+02
10356	418	1.10330E+02
10440	418	1.10338E+02
2827	332	1.10354E+02
2933	421	1.10365E+02
2827	283	1.10369E+02
7275	467	1.10417E+02
7236	364	1.10419E+02
1138	422	1.10423E+02
2933	280	1.10427E+02
7146	717	1.10435E+02
7326	767	1.10443E+02
10524	690	1.10462E+02
10356	732	1.10478E+02
3039	234	1.10480E+02
2933	333	1.10482E+02
1028	422	1.10488E+02
918	422	1.10496E+02
3039	329	1.10500E+02
2827	281	1.10504E+02
10524	760	1.10534E+02
7146	559	1.10535E+02
4666	691	1.10546E+02
7236	726	1.10556E+02
3039	421	1.10567E+02
10356	367	1.10581E+02
7095	284	1.10592E+02
7185	424	1.10596E+02
3039	333	1.10600E+02
7275	424	1.10632E+02
10524	418	1.10634E+02
4666	335	1.10647E+02
10356	677	1.10664E+02
3039	280	1.10668E+02
4649	469	1.10683E+02
7185	284	1.10696E+02
7095	424	1.10697E+02
10440	367	1.10700E+02
7236	142	1.10724E+02
7236	675	1.10737E+02
7236	592	1.10742E+02
4649	226	1.10747E+02
4666	467	1.10764E+02
4649	379	1.10768E+02
2827	370	1.10780E+02
7236	274	1.10798E+02
7326	428	1.10813E+02
2827	372	1.10865E+02
7326	364	1.10891E+02
1138	234	1.10917E+02
7326	800	1.10919E+02
918	234	1.10920E+02
7146	364	1.10921E+02
4666	375	1.10923E+02
7236	559	1.10927E+02
1028	234	1.10941E+02
7275	465	1.10964E+02
7146	142	1.10971E+02
2933	423	1.10978E+02
7236	428	1.10997E+02
7185	465	1.11026E+02
1138	375	1.11030E+02
918	375	1.11039E+02
7095	429	1.11042E+02
2933	369	1.11071E+02
7146	428	1.11090E+02
10524	367	1.11107E+02
7146	274	1.11119E+02
3039	423	1.11123E+02
1028	375	1.11141E+02
7095	465	1.11144E+02
10440	760	1.11156E+02
7326	378	1.11187E+02
7146	768	1.11190E+02
1138	370	1.11205E+02
7275	284	1.11213E+02
2933	373	1.11228E+02
1028	370	1.11243E+02
2933	233	1.11255E+02
918	370	1.11261E+02
4666	690	1.11270E+02
7185	429	1.11292E+02
3039	369	1.11311E+02
918	425	1.11318E+02
1138	425	1.11329E+02
2827	422	1.11334E+02
3039	373	1.11348E+02
7095	468	1.11352E+02
2827	284	1.11363E+02
4666	426	1.11375E+02
4666	647	1.11385E+02
10356	609	1.11423E+02
1028	425	1.11428E+02
2933	462	1.11458E+02
4649	415	1.11495E+02
3039	233	1.11498E+02
2827	234	1.11536E+02
2827	329	1.11554E+02
7146	685	1.11560E+02
7185	468	1.11580E+02
7326	274	1.11629E+02
3039	462	1.11641E+02
7275	429	1.11647E+02
7326	559	1.11649E+02
2827	421	1.11652E+02
7326	142	1.11687E+02
2827	333	1.11711E+02
2827	280	1.11712E+02
7236	378	1.11783E+02
2933	285	1.11786E+02
1138	464	1.11795E+02
918	464	1.11824E+02
1138	336	1.11836E+02
1138	463	1.11855E+02
7146	592	1.11859E+02
918	336	1.11882E+02
1028	464	1.11883E+02
2933	420	1.11884E+02
4717	676	1.11884E+02
3039	285	1.11885E+02
7236	415	1.11927E+02
918	463	1.11932E+02
1028	463	1.11935E+02
7275	468	1.11941E+02
7146	810	1.11959E+02
1028	336	1.11964E+02
4717	227	1.11967E+02
2933	463	1.11981E+02
7326	758	1.12094E+02
7146	378	1.12097E+02
3039	420	1.12117E+02
10356	760	1.12132E+02
3039	463	1.12138E+02
7326	415	1.12177E+02
2827	423	1.12185E+02
2933	461	1.12225E+02
7146	675	1.12236E+02
4649	813	1.12319E+02
4649	687	1.12327E+02
4649	592	1.12367E+02
4666	732	1.12373E+02
2827	369	1.12378E+02
2827	373	1.12431E+02
3039	461	1.12435E+02
7326	809	1.12438E+02
2933	279	1.12459E+02
1138	421	1.12522E+02
4666	604	1.12524E+02
2827	233	1.12533E+02
7095	558	1.12539E+02
918	280	1.12540E+02
1138	280	1.12542E+02
1028	280	1.12551E+02
7146	415	1.12553E+02
7146	468	1.12554E+02
7185	558	1.12570E+02
1028	421	1.12573E+02
4649	759	1.12573E+02
2933	328	1.12592E+02
918	421	1.12614E+02
10356	691	1.12631E+02
4666	689	1.12640E+02
7095	380	1.12651E+02
4666	559	1.12666E+02
7275	558	1.12669E+02
2933	334	1.12672E+02
2827	462	1.12721E+02
4649	717	1.12730E+02
3039	279	1.12731E+02
7236	468	1.12737E+02
7236	685	1.12743E+02
3039	334	1.12762E+02
7236	768	1.12790E+02
7236	226	1.12838E+02
7146	603	1.12841E+02
1138	329	1.12859E+02
3039	328	1.12863E+02
7185	380	1.12867E+02
7275	557	1.12872E+02
1028	329	1.12874E+02
918	329	1.12880E+02
2933	232	1.12894E+02
918	465	1.12915E+02
1138	465	1.12941E+02
10440	732	1.12962E+02
7146	644	1.12967E+02
2933	424	1.12979E+02
10440	609	1.12984E+02
7185	557	1.12990E+02
7326	726	1.12999E+02
2827	285	1.13024E+02
1028	465	1.13034E+02
7326	468	1.13038E+02
4649	323	1.13064E+02
7326	633	1.13092E+02
3039	424	1.13099E+02
7146	226	1.13102E+02
7275	380	1.13110E+02
7095	557	1.13118E+02
918	233	1.13145E+02
2933	554	1.13147E+02
1138	233	1.13158E+02
1028	233	1.13165E+02
3039	232	1.13165E+02
4666	286	1.13165E+02
7095	559	1.13167E+02
2827	463	1.13187E+02
7275	464	1.13190E+02
1138	462	1.13196E+02
7095	332	1.13197E+02
10356	650	1.13200E+02
2827	420	1.13205E+02
7185	332	1.13243E+02
1028	462	1.13266E+02
4717	324	1.13283E+02
918	462	1.13314E+02
3039	554	1.13323E+02
4649	801	1.13340E+02
7185	464	1.13352E+02
7185	559	1.13370E+02
4666	646	1.13442E+02
10440	550	1.13521E+02
10524	773	1.13529E+02
4649	771	1.13530E+02
7236	800	1.13536E+02
2827	461	1.13541E+02
7095	464	1.13563E+02
10524	550	1.13565E+02
7236	603	1.13574E+02
2933	553	1.13621E+02
7095	469	1.13654E+02
7275	332	1.13672E+02
4649	729	1.13708E+02
7275	559	1.13711E+02
2933	464	1.13715E+02
7185	372	1.13723E+02
2827	279	1.13752E+02
7095	372	1.13770E+02
10356	550	1.13777E+02
2933	374	1.13779E+02
918	426	1.13791E+02
7326	226	1.13805E+02
3039	553	1.13821E+02
2933	368	1.13827E+02
1138	426	1.13839E+02
3039	464	1.13850E+02
7236	810	1.13855E+02
3039	374	1.13872E+02
10356	230	1.13875E+02
2827	334	1.13882E+02
2827	328	1.13898E+02
1028	426	1.13945E+02
7275	372	1.13960E+02
7236	644	1.13977E+02
2933	555	1.13991E+02
918	376	1.13992E+02
7185	423	1.13998E+02
1138	376	1.14000E+02
7275	423	1.14013E+02
7185	469	1.14016E+02
4666	731	1.14029E+02
4649	675	1.14057E+02
3039	368	1.14101E+02
2933	286	1.14105E+02
10524	594	1.14116E+02
1138	555	1.14123E+02
1028	376	1.14123E+02
7236	633	1.14141E+02
2827	424	1.14142E+02
3039	555	1.14146E+02
7095	423	1.14147E+02
7326	716	1.14164E+02
2827	232	1.14177E+02
3039	286	1.14179E+02
10440	230	1.14201E+02
918	555	1.14211E+02
1028	555	1.14213E+02
10440	594	1.14214E+02
7095	430	1.14239E+02
7095	283	1.14322E+02
7236	758	1.14327E+02
1138	556	1.14342E+02
4649	141	1.14351E+02
2933	460	1.14353E+02
918	556	1.14356E+02
2827	554	1.14398E+02
7275	556	1.14419E+02
7236	323	1.14422E+02
1028	556	1.14434E+02
7185	283	1.14442E+02
7275	469	1.14555E+02
7146	727	1.14562E+02
1138	369	1.14578E+02
7185	430	1.14580E+02
3039	460	1.14593E+02
1028	369	1.14599E+02
10356	594	1.14616E+02
918	369	1.14634E+02
2933	419	1.14705E+02
4666	688	1.14721E+02
7185	556	1.14728E+02
7146	323	1.14804E+02
10524	230	1.14808E+02
2827	464	1.14862E+02
10440	691	1.14872E+02
7326	603	1.14900E+02
7095	560	1.14902E+02
2827	553	1.14942E+02
2827	374	1.14951E+02
10524	609	1.14955E+02
2933	598	1.14970E+02
3039	419	1.14971E+02
7326	685	1.14995E+02
7095	556	1.15001E+02
7275	430	1.15039E+02
7275	283	1.15039E+02
7095	602	1.15106E+02
10440	650	1.15127E+02
918	466	1.15136E+02
7185	602	1.15144E+02
3039	598	1.15146E+02
1138	337	1.15155E+02
2827	368	1.15155E+02
10524	718	1.15157E+02
2827	555	1.15165E+02
7326	323	1.15176E+02
1138	554	1.15196E+02
918	337	1.15199E+02
1138	466	1.15222E+02
2933	231	1.15227E+02
7275	601	1.15244E+02
7275	602	1.15254E+02
4649	646	1.15274E+02
1028	554	1.15281E+02
7185	560	1.15288E+02
1028	337	1.15297E+02
1028	466	1.15319E+02
2827	286	1.15332E+02
918	554	1.15349E+02
4649	561	1.15357E+02
2933	278	1.15383E+02
7185	601	1.15448E+02
7146	633	1.15467E+02
2933	552	1.15495E+02
3039	231	1.15527E+02
2933	597	1.15565E+02
4666	466	1.15583E+02
7095	601	1.15624E+02
2933	335	1.15651E+02
3039	278	1.15688E+02
10440	718	1.15693E+02
918	557	1.15697E+02
2933	599	1.15701E+02
3039	335	1.15715E+02
2827	460	1.15716E+02
3039	552	1.15721E+02
7146	800	1.15743E+02
3039	597	1.15759E+02
7095	603	1.15760E+02
1138	557	1.15764E+02
7326	644	1.15838E+02
1028	557	1.15856E+02
3039	599	1.15861E+02
1138	461	1.15893E+02
7275	560	1.15894E+02
4666	773	1.15898E+02
4717	634	1.15901E+02
1138	420	1.15930E+02
1028	461	1.15951E+02
10440	458	1.15956E+02
4666	603	1.15958E+02
1028	420	1.15965E+02
7326	768	1.15974E+02
2933	327	1.15998E+02
7236	716	1.16005E+02
7185	603	1.16026E+02
2933	425	1.16033E+02
918	420	1.16036E+02
918	461	1.16044E+02
7146	769	1.16055E+02
2827	419	1.16058E+02
2933	556	1.16062E+02
10356	458	1.16073E+02
918	232	1.16091E+02
1028	232	1.16111E+02
1138	232	1.16122E+02
918	279	1.16125E+02
3039	425	1.16129E+02
1028	279	1.16133E+02
10524	458	1.16140E+02
1138	279	1.16144E+02
4649	814	1.16191E+02
3039	556	1.16200E+02
10524	732	1.16204E+02
7236	727	1.16230E+02
2827	598	1.16232E+02
3039	327	1.16304E+02
7146	811	1.16309E+02
7146	758	1.16313E+02
4666	730	1.16321E+02
7236	141	1.16338E+02
4666	645	1.16399E+02
7275	603	1.16479E+02
2827	231	1.16515E+02
7146	141	1.16557E+02
10356	718	1.16563E+02
4666	334	1.16570E+02
7275	600	1.16571E+02
2933	465	1.16589E+02
4649	605	1.16623E+02
2827	278	1.16684E+02
1138	599	1.16701E+02
3039	465	1.16703E+02
10356	277	1.16738E+02
1138	600	1.16744E+02
918	600	1.16776E+02
1028	599	1.16802E+02
7275	463	1.16826E+02
918	599	1.16831E+02
1028	600	1.16842E+02
2827	335	1.16842E+02
2827	599	1.16867E+02
2827	552	1.16880E+02
4649	633	1.16901E+02
2827	597	1.16914E+02
1028	328	1.16919E+02
1138	328	1.16924E+02
4666	374	1.16924E+02
2933	639	1.16927E+02
918	328	1.16934E+02
7095	470	1.16940E+02
4649	273	1.16963E+02
10524	635	1.16969E+02
10440	277	1.17031E+02
7185	600	1.17059E+02
7185	463	1.17065E+02
4666	425	1.17101E+02
3039	639	1.17103E+02
4666	558	1.17134E+02
2827	425	1.17149E+02
2827	556	1.17155E+02
2933	640	1.17190E+02
7326	547	1.17192E+02
10440	635	1.17217E+02
2933	375	1.17248E+02
918	427	1.17281E+02
3039	375	1.17315E+02
2827	327	1.17317E+02
3039	640	1.17355E+02
7095	463	1.17358E+02
1138	427	1.17369E+02
4649	430	1.17403E+02
7275	555	1.17415E+02
7326	674	1.17419E+02
7326	141	1.17428E+02
7095	600	1.17432E+02
10524	801	1.17439E+02
7185	470	1.17444E+02
7095	604	1.17467E+02
7185	643	1.17475E+02
7236	547	1.17476E+02
1028	427	1.17482E+02
7326	567	1.17485E+02
7275	643	1.17489E+02
7095	643	1.17509E+02
2933	596	1.17576E+02
10524	650	1.17581E+02
4666	687	1.17586E+02
10524	277	1.17620E+02
7095	561	1.17642E+02
1138	553	1.17650E+02
2933	600	1.17653E+02
7146	686	1.17659E+02
7275	642	1.17665E+02
2827	465	1.17671E+02
7326	810	1.17688E+02
7236	455	1.17703E+02
1028	553	1.17728E+02
7326	455	1.17754E+02
10524	691	1.17758E+02
7146	716	1.17781E+02
10356	635	1.17781E+02
3039	596	1.17793E+02
7095	644	1.17798E+02
3039	600	1.17800E+02
2933	367	1.17817E+02
7146	560	1.17857E+02
918	553	1.17858E+02
918	377	1.17863E+02
7236	567	1.17869E+02
7185	555	1.17885E+02
918	601	1.17889E+02
1138	377	1.17891E+02
2933	459	1.17897E+02
7095	331	1.17916E+02
1138	598	1.17942E+02
1138	601	1.17965E+02
7185	331	1.17969E+02
7185	604	1.17974E+02
2933	638	1.17982E+02
1028	377	1.18025E+02
1028	598	1.18043E+02
7185	644	1.18045E+02
1028	601	1.18057E+02
7185	642	1.18057E+02
7326	799	1.18066E+02
4717	142	1.18095E+02
3039	367	1.18126E+02
918	558	1.18146E+02
7236	769	1.18153E+02
918	598	1.18159E+02
3039	459	1.18169E+02
3039	638	1.18173E+02
4649	225	1.18177E+02
7275	470	1.18177E+02
4649	772	1.18201E+02
7185	561	1.18223E+02
2827	639	1.18235E+02
4649	455	1.18273E+02
7095	555	1.18288E+02
10440	801	1.18297E+02
1138	558	1.18302E+02
2933	230	1.18304E+02
4649	688	1.18320E+02
7095	431	1.18351E+02
7095	642	1.18355E+02
2827	640	1.18386E+02
2827	375	1.18389E+02
1028	558	1.18391E+02
4649	363	1.18411E+02
7146	547	1.18419E+02
918	467	1.18422E+02
7236	560	1.18457E+02
7275	331	1.18467E+02
7146	455	1.18470E+02
4666	772	1.18495E+02
7275	644	1.18496E+02
7236	273	1.18497E+02
7326	429	1.18529E+02
4717	456	1.18547E+02
4649	470	1.18566E+02
1138	467	1.18572E+02
4649	380	1.18582E+02
3039	230	1.18634E+02
7146	429	1.18635E+02
7236	429	1.18637E+02
7326	379	1.18643E+02
2933	641	1.18657E+02
7185	371	1.18657E+02
1028	467	1.18671E+02
7095	371	1.18715E+02
2827	600	1.18717E+02
7185	422	1.18726E+02
7275	422	1.18738E+02
7236	811	1.18747E+02
7146	273	1.18783E+02
4649	547	1.18786E+02
7185	431	1.18789E+02
2933	681	1.18792E+02
7275	604	1.18795E+02
3039	641	1.18814E+02
2933	551	1.18831E+02
7236	674	1.18843E+02
7326	591	1.18847E+02
7146	567	1.18867E+02
2933	418	1.18874E+02
