GRAM	c2h2	chi_tot
2389	163	2.09501E+02
2389	162	2.09938E+02
2389	202	2.10071E+02
2389	201	2.10124E+02
2283	163	2.10346E+02
2389	203	2.10376E+02
2389	200	2.10513E+02
2389	161	2.10659E+02
2283	162	2.10720E+02
2283	201	2.10992E+02
2283	202	2.11008E+02
2389	204	2.11067E+02
2389	240	2.11075E+02
2389	241	2.11090E+02
2389	199	2.11222E+02
2177	163	2.11254E+02
2283	200	2.11312E+02
2283	161	2.11380E+02
2283	203	2.11385E+02
2389	239	2.11442E+02
2389	242	2.11517E+02
2389	160	2.11658E+02
2177	162	2.11702E+02
2177	202	2.11832E+02
2177	201	2.11900E+02
2283	199	2.11954E+02
2283	240	2.11960E+02
2283	241	2.12051E+02
2177	203	2.12123E+02
2283	204	2.12150E+02
2389	238	2.12172E+02
2389	198	2.12243E+02
2389	280	2.12247E+02
2283	239	2.12253E+02
2177	200	2.12304E+02
2283	160	2.12318E+02
2389	243	2.12389E+02
2177	161	2.12436E+02
2389	281	2.12467E+02
2389	279	2.12468E+02
2283	242	2.12554E+02
2177	204	2.12801E+02
2177	241	2.12883E+02
2177	240	2.12887E+02
2283	198	2.12909E+02
2283	238	2.12912E+02
2389	159	2.12932E+02
2177	199	2.13029E+02
2389	278	2.13105E+02
2389	282	2.13165E+02
2283	280	2.13170E+02
2389	237	2.13254E+02
2177	239	2.13275E+02
2177	242	2.13289E+02
2283	279	2.13314E+02
2177	160	2.13448E+02
2283	281	2.13471E+02
2283	243	2.13506E+02
2283	159	2.13531E+02
2389	197	2.13573E+02
2389	320	2.13663E+02
2389	244	2.13750E+02
2283	278	2.13874E+02
2389	321	2.13875E+02
2283	237	2.13923E+02
2389	319	2.13937E+02
2389	122	2.13946E+02
2177	238	2.14027E+02
2177	198	2.14067E+02
2177	280	2.14103E+02
2389	277	2.14138E+02
2177	243	2.14141E+02
2283	197	2.14175E+02
2283	282	2.14251E+02
2177	281	2.14295E+02
2177	279	2.14352E+02
2389	283	2.14384E+02
2389	158	2.14481E+02
2283	122	2.14502E+02
2283	320	2.14586E+02
2389	322	2.14610E+02
2389	318	2.14668E+02
2389	236	2.14683E+02
2177	159	2.14737E+02
2283	319	2.14778E+02
2283	277	2.14833E+02
2283	321	2.14880E+02
2283	244	2.14947E+02
2177	282	2.14965E+02
2177	278	2.15015E+02
2283	158	2.15021E+02
2177	237	2.15130E+02
2389	196	2.15215E+02
2283	236	2.15282E+02
2389	361	2.15319E+02
2389	360	2.15322E+02
2177	197	2.15414E+02
2283	318	2.15430E+02
2177	244	2.15481E+02
2283	283	2.15553E+02
2389	276	2.15559E+02
2177	320	2.15589E+02
2389	121	2.15616E+02
2389	245	2.15646E+02
2283	322	2.15699E+02
2177	122	2.15743E+02
2283	196	2.15752E+02
2177	321	2.15764E+02
2389	317	2.15837E+02
2389	359	2.15840E+02
2389	362	2.15863E+02
2177	319	2.15898E+02
2389	323	2.15912E+02
2177	277	2.16075E+02
2283	121	2.16116E+02
2177	283	2.16154E+02
2389	284	2.16173E+02
2283	276	2.16179E+02
2283	360	2.16211E+02
2283	361	2.16291E+02
2177	158	2.16301E+02
2389	157	2.16309E+02
2389	235	2.16458E+02
2177	322	2.16461E+02
2283	317	2.16520E+02
2177	236	2.16580E+02
2283	359	2.16646E+02
2177	318	2.16662E+02
2283	157	2.16789E+02
2389	358	2.16845E+02
2283	362	2.16919E+02
2283	245	2.16926E+02
2283	235	2.16989E+02
2389	363	2.16993E+02
2389	401	2.17020E+02
2177	196	2.17075E+02
2283	323	2.17086E+02
2389	195	2.17173E+02
2389	402	2.17176E+02
2177	361	2.17303E+02
2177	360	2.17351E+02
2177	245	2.17357E+02
2389	275	2.17360E+02
2389	400	2.17421E+02
2177	121	2.17427E+02
2283	284	2.17427E+02
2389	316	2.17428E+02
2177	276	2.17521E+02
2389	120	2.17529E+02
2283	358	2.17570E+02
2283	195	2.17645E+02
2177	323	2.17722E+02
2177	362	2.17799E+02
2389	324	2.17831E+02
2177	317	2.17862E+02
2283	275	2.17907E+02
2177	359	2.17910E+02
2177	284	2.17912E+02
2389	403	2.17922E+02
2283	401	2.17933E+02
2283	120	2.17973E+02
2283	316	2.18034E+02
2283	363	2.18135E+02
2177	157	2.18145E+02
2283	402	2.18174E+02
2283	400	2.18250E+02
2389	357	2.18317E+02
2389	399	2.18351E+02
2177	235	2.18377E+02
2389	156	2.18419E+02
2389	234	2.18582E+02
2389	285	2.18585E+02
2389	364	2.18754E+02
2283	156	2.18839E+02
2177	363	2.18878E+02
2389	442	2.18903E+02
2177	358	2.18954E+02
2283	357	2.18961E+02
2283	403	2.19004E+02
2283	234	2.19045E+02
2177	195	2.19051E+02
2283	324	2.19090E+02
2283	399	2.19097E+02
2389	443	2.19101E+02
2177	401	2.19137E+02
2177	402	2.19238E+02
2389	441	2.19288E+02
2389	404	2.19293E+02
2177	275	2.19348E+02
2177	120	2.19354E+02
2389	315	2.19432E+02
2389	194	2.19450E+02
2177	316	2.19484E+02
2389	274	2.19540E+02
2177	400	2.19588E+02
2177	324	2.19598E+02
2389	119	2.19681E+02
2389	398	2.19785E+02
2283	442	2.19822E+02
2283	194	2.19859E+02
2389	444	2.19911E+02
2177	403	2.19924E+02
2283	285	2.19925E+02
2283	315	2.19962E+02
2283	364	2.19981E+02
2283	274	2.20015E+02
2283	119	2.20069E+02
2283	443	2.20104E+02
2283	441	2.20124E+02
2389	440	2.20231E+02
2389	356	2.20236E+02
2177	156	2.20272E+02
2177	285	2.20291E+02
2389	325	2.20416E+02
2283	398	2.20449E+02
2283	404	2.20459E+02
2177	357	2.20461E+02
2177	234	2.20523E+02
2177	399	2.20564E+02
2177	364	2.20583E+02
2283	356	2.20800E+02
2389	155	2.20813E+02
2389	483	2.20927E+02
2283	440	2.20983E+02
2283	444	2.20997E+02
2389	233	2.21054E+02
2389	484	2.21056E+02
2177	442	2.21132E+02
2283	155	2.21173E+02
2389	365	2.21189E+02
2177	404	2.21228E+02
2177	443	2.21265E+02
2389	405	2.21323E+02
2177	194	2.21348E+02
2389	445	2.21357E+02
2389	482	2.21392E+02
2283	233	2.21449E+02
2177	315	2.21516E+02
2177	119	2.21522E+02
2177	274	2.21552E+02
2177	441	2.21577E+02
2389	286	2.21674E+02
2389	397	2.21696E+02
2389	439	2.21703E+02
2283	325	2.21762E+02
2389	485	2.21801E+02
2389	314	2.21835E+02
2283	483	2.21838E+02
2177	444	2.22002E+02
2177	398	2.22039E+02
2389	193	2.22046E+02
2283	484	2.22050E+02
2389	118	2.22066E+02
2389	273	2.22090E+02
2177	325	2.22137E+02
2283	482	2.22220E+02
2283	397	2.22278E+02
2283	314	2.22290E+02
2283	439	2.22371E+02
2283	193	2.22391E+02
2283	118	2.22398E+02
2177	356	2.22412E+02
2389	481	2.22428E+02
2283	273	2.22494E+02
2283	365	2.22501E+02
2283	445	2.22526E+02
2177	440	2.22571E+02
2283	405	2.22573E+02
2389	355	2.22581E+02
2177	155	2.22684E+02
2283	485	2.22876E+02
2177	365	2.22959E+02
2177	233	2.23017E+02
2283	355	2.23067E+02
2389	525	2.23071E+02
2283	286	2.23101E+02
2389	524	2.23104E+02
2283	481	2.23172E+02
2389	486	2.23177E+02
2177	405	2.23188E+02
2177	483	2.23297E+02
2177	286	2.23347E+02
2177	484	2.23352E+02
2177	445	2.23369E+02
2389	446	2.23466E+02
2389	154	2.23486E+02
2389	526	2.23645E+02
2389	438	2.23671E+02
2389	326	2.23718E+02
2389	523	2.23728E+02
2283	154	2.23786E+02
2177	482	2.23827E+02
2389	232	2.23865E+02
2177	118	2.23924E+02
2177	314	2.23945E+02
2177	193	2.23963E+02
2177	397	2.23985E+02
2283	524	2.23996E+02
2389	480	2.24003E+02
2177	485	2.24013E+02
2283	525	2.24044E+02
2389	406	2.24047E+02
2389	396	2.24054E+02
2177	439	2.24087E+02
2177	273	2.24126E+02
2283	232	2.24193E+02
2283	438	2.24255E+02
2283	486	2.24331E+02
2389	366	2.24341E+02
2283	523	2.24538E+02
2283	396	2.24555E+02
2389	313	2.24618E+02
2283	480	2.24663E+02
2389	117	2.24674E+02
2283	526	2.24697E+02
2283	446	2.24715E+02
2177	355	2.24786E+02
2389	527	2.24832E+02
2177	481	2.24918E+02
2389	522	2.24921E+02
2389	192	2.24948E+02
2283	117	2.24951E+02
2389	272	2.24996E+02
2283	313	2.24999E+02
2283	326	2.25150E+02
2389	487	2.25197E+02
2389	566	2.25209E+02
2283	192	2.25230E+02
2177	486	2.25296E+02
2389	354	2.25325E+02
2283	272	2.25329E+02
2177	154	2.25376E+02
2283	406	2.25379E+02
2177	446	2.25390E+02
2177	326	2.25390E+02
2389	565	2.25473E+02
2177	525	2.25530E+02
2389	567	2.25534E+02
2177	524	2.25643E+02
2283	522	2.25647E+02
2283	354	2.25735E+02
2283	366	2.25738E+02
2177	406	2.25834E+02
2177	232	2.25849E+02
2283	527	2.25960E+02
2177	526	2.26012E+02
2177	366	2.26047E+02
2389	479	2.26081E+02
2177	438	2.26093E+02
2389	437	2.26097E+02
2283	566	2.26154E+02
2389	447	2.26256E+02
2389	564	2.26314E+02
2177	523	2.26335E+02
2283	565	2.26338E+02
2177	396	2.26373E+02
2389	153	2.26423E+02
2283	487	2.26427E+02
2389	568	2.26449E+02
2177	480	2.26539E+02
2177	117	2.26549E+02
2283	567	2.26555E+02
2283	437	2.26599E+02
2389	528	2.26637E+02
2389	521	2.26651E+02
2283	479	2.26656E+02
2283	153	2.26663E+02
2177	313	2.26752E+02
2389	395	2.26824E+02
2177	192	2.26886E+02
2389	231	2.26994E+02
2177	272	2.27053E+02
2177	527	2.27097E+02
2283	564	2.27098E+02
2177	487	2.27214E+02
2283	395	2.27245E+02
2283	231	2.27255E+02
2283	521	2.27293E+02
2389	116	2.27488E+02
2389	407	2.27493E+02
2389	607	2.27542E+02
2283	568	2.27544E+02
2177	354	2.27555E+02
2389	608	2.27568E+02
2283	447	2.27583E+02
2177	522	2.27585E+02
2283	116	2.27710E+02
2389	563	2.27711E+02
2389	312	2.27752E+02
2389	327	2.27781E+02
2283	528	2.27838E+02
2177	566	2.27864E+02
2389	488	2.27870E+02
2389	569	2.27951E+02
2283	312	2.28060E+02
2389	606	2.28081E+02
2177	447	2.28085E+02
2177	567	2.28093E+02
2389	191	2.28132E+02
2389	609	2.28159E+02
2177	565	2.28210E+02
2389	271	2.28227E+02
2389	367	2.28246E+02
2177	153	2.28331E+02
2283	191	2.28351E+02
2283	563	2.28411E+02
2389	353	2.28434E+02
2283	607	2.28453E+02
2283	271	2.28491E+02
2177	437	2.28549E+02
2283	608	2.28555E+02
2389	478	2.28615E+02
2177	479	2.28653E+02
2283	353	2.28768E+02
2177	528	2.28787E+02
2389	520	2.28874E+02
2177	568	2.28899E+02
2283	407	2.28905E+02
2283	606	2.28914E+02
2389	436	2.28937E+02
2177	231	2.28998E+02
2389	529	2.29059E+02
2283	478	2.29107E+02
2283	569	2.29116E+02
2177	564	2.29119E+02
2177	395	2.29168E+02
2389	605	2.29174E+02
2283	488	2.29174E+02
2177	407	2.29196E+02
2283	609	2.29216E+02
2283	327	2.29300E+02
2389	610	2.29305E+02
2283	436	2.29358E+02
2177	521	2.29359E+02
2177	116	2.29380E+02
2177	327	2.29401E+02
2283	520	2.29431E+02
2389	152	2.29594E+02
2389	562	2.29627E+02
2283	367	2.29726E+02
2389	448	2.29744E+02
2177	488	2.29775E+02
2283	152	2.29776E+02
2177	367	2.29883E+02
2177	312	2.29906E+02
2283	605	2.29926E+02
2389	394	2.29961E+02
2389	570	2.30033E+02
2177	191	2.30089E+02
2283	562	2.30243E+02
2177	569	2.30279E+02
2283	394	2.30305E+02
2177	271	2.30305E+02
2283	529	2.30329E+02
2177	608	2.30356E+02
2389	230	2.30403E+02
2177	607	2.30425E+02
2283	610	2.30429E+02
2389	115	2.30483E+02
2177	563	2.30568E+02
2283	230	2.30600E+02
2283	115	2.30650E+02
2177	353	2.30684E+02
2389	604	2.30798E+02
2177	609	2.30835E+02
2389	611	2.30996E+02
2177	606	2.31043E+02
2177	529	2.31084E+02
2283	448	2.31146E+02
2389	311	2.31193E+02
2389	489	2.31202E+02
2177	478	2.31214E+02
2283	570	2.31263E+02
2177	436	2.31410E+02
2283	311	2.31430E+02
2283	604	2.31467E+02
2177	448	2.31469E+02
2177	152	2.31522E+02
2389	519	2.31539E+02
2389	477	2.31551E+02
2389	190	2.31558E+02
2177	520	2.31614E+02
2389	408	2.31683E+02
2283	190	2.31716E+02
2389	270	2.31741E+02
2177	610	2.31856E+02
2389	352	2.31860E+02
2283	270	2.31937E+02
2283	477	2.31961E+02
2283	519	2.32012E+02
2389	561	2.32014E+02
2389	530	2.32097E+02
2283	352	2.32119E+02
2389	435	2.32137E+02
2283	611	2.32183E+02
2177	605	2.32199E+02
2177	570	2.32225E+02
2177	394	2.32323E+02
2177	115	2.32393E+02
2177	230	2.32426E+02
2283	435	2.32478E+02
2177	562	2.32523E+02
2283	561	2.32545E+02
2389	81	2.32562E+02
2283	489	2.32576E+02
2389	571	2.32690E+02
2283	81	2.32708E+02
2389	603	2.32911E+02
2389	368	2.32934E+02
2389	151	2.32959E+02
2177	489	2.32985E+02
2283	151	2.33084E+02
2283	408	2.33173E+02
2389	612	2.33224E+02
2177	408	2.33295E+02
2177	311	2.33365E+02
2177	611	2.33406E+02
2389	393	2.33412E+02
2283	530	2.33432E+02
2283	603	2.33496E+02
2177	190	2.33534E+02
2389	114	2.33625E+02
2283	393	2.33680E+02
2283	114	2.33739E+02
2177	270	2.33836E+02
2177	604	2.33867E+02
2389	449	2.33941E+02
2283	571	2.33981E+02
2177	530	2.33984E+02
2389	229	2.34040E+02
2177	352	2.34126E+02
2177	477	2.34168E+02
2283	229	2.34173E+02
2177	519	2.34299E+02
2283	612	2.34467E+02
2177	81	2.34476E+02
2283	368	2.34495E+02
2177	368	2.34496E+02
2389	518	2.34582E+02
2177	435	2.34625E+02
2177	571	2.34734E+02
2389	560	2.34812E+02
2389	476	2.34830E+02
2389	310	2.34885E+02
2177	151	2.34905E+02
2177	561	2.34934E+02
2283	518	2.34972E+02
2283	310	2.35053E+02
2283	476	2.35159E+02
2389	189	2.35170E+02
2389	490	2.35198E+02
2283	560	2.35260E+02
2283	189	2.35269E+02
2389	80	2.35357E+02
2283	449	2.35415E+02
2283	80	2.35455E+02
2389	602	2.35460E+02
2389	269	2.35477E+02
2177	612	2.35478E+02
2389	351	2.35543E+02
2177	114	2.35552E+02
2177	449	2.35553E+02
2283	269	2.35607E+02
2389	434	2.35636E+02
2283	351	2.35730E+02
2389	531	2.35752E+02
2177	393	2.35787E+02
2283	434	2.35899E+02
2389	572	2.35919E+02
2283	602	2.35960E+02
2389	613	2.35982E+02
2177	603	2.36008E+02
2177	229	2.36080E+02
2389	150	2.36464E+02
2283	150	2.36534E+02
2389	409	2.36634E+02
2283	490	2.36638E+02
2177	490	2.36848E+02
2389	113	2.36873E+02
2283	113	2.36936E+02
2177	310	2.37071E+02
2389	392	2.37112E+02
2283	531	2.37147E+02
2177	189	2.37165E+02
2283	572	2.37265E+02
2283	613	2.37277E+02
2177	80	2.37287E+02
2283	392	2.37306E+02
2177	518	2.37350E+02
2177	476	2.37453E+02
2177	531	2.37490E+02
2177	269	2.37588E+02
2702	156	2.37696E+02
2702	157	2.37733E+02
2177	560	2.37742E+02
2702	120	2.37774E+02
2702	195	2.37800E+02
2177	572	2.37801E+02
2702	194	2.37810E+02
2177	351	2.37820E+02
2389	228	2.37837E+02
2702	121	2.37853E+02
2702	119	2.37871E+02
2702	155	2.37872E+02
2283	228	2.37908E+02
2389	517	2.37936E+02
2389	559	2.37955E+02
2702	158	2.37976E+02
2702	234	2.37990E+02
2702	196	2.38030E+02
2702	193	2.38066E+02
2177	613	2.38067E+02
2702	233	2.38096E+02
2702	122	2.38111E+02
2177	434	2.38130E+02
2177	409	2.38147E+02
2702	118	2.38147E+02
2702	235	2.38154E+02
2283	409	2.38199E+02
2389	79	2.38212E+02
2283	517	2.38245E+02
2283	79	2.38264E+02
2702	154	2.38266E+02
2702	274	2.38285E+02
2283	559	2.38319E+02
2389	601	2.38379E+02
2389	475	2.38380E+02
2702	273	2.38422E+02
2702	159	2.38422E+02
2177	150	2.38429E+02
2702	275	2.38443E+02
2702	232	2.38475E+02
2702	197	2.38493E+02
2177	602	2.38568E+02
2702	192	2.38571E+02
2702	236	2.38582E+02
2702	117	2.38603E+02
2283	475	2.38631E+02
2702	315	2.38681E+02
2702	314	2.38685E+02
2389	309	2.38757E+02
2283	601	2.38796E+02
2177	113	2.38818E+02
2702	272	2.38852E+02
2389	450	2.38856E+02
2283	309	2.38858E+02
2702	153	2.38881E+02
2702	276	2.38894E+02
2389	188	2.38902E+02
2283	188	2.38944E+02
2702	316	2.38997E+02
2702	313	2.39002E+02
2702	160	2.39072E+02
2702	355	2.39079E+02
2702	356	2.39122E+02
2702	231	2.39126E+02
2702	198	2.39190E+02
2702	116	2.39237E+02
2702	237	2.39273E+02
2389	614	2.39274E+02
2702	191	2.39324E+02
2389	433	2.39363E+02
2389	268	2.39363E+02
2702	354	2.39370E+02
2389	350	2.39412E+02
2283	268	2.39430E+02
2177	392	2.39493E+02
2702	357	2.39512E+02
2283	350	2.39530E+02
2283	433	2.39551E+02
2702	396	2.39557E+02
2702	271	2.39568E+02
2702	397	2.39574E+02
2702	312	2.39622E+02
2702	317	2.39641E+02
2702	277	2.39643E+02
2702	152	2.39710E+02
2389	573	2.39724E+02
2389	491	2.39862E+02
2702	395	2.39889E+02
2177	228	2.39893E+02
2702	161	2.39932E+02
2702	398	2.39962E+02
2702	353	2.39976E+02
2389	532	2.40027E+02
2702	230	2.40038E+02
2702	115	2.40044E+02
2389	149	2.40048E+02
2702	438	2.40058E+02
2283	149	2.40065E+02
2702	199	2.40123E+02
2702	437	2.40127E+02
2177	79	2.40157E+02
2389	112	2.40180E+02
2283	112	2.40193E+02
2702	238	2.40233E+02
2702	358	2.40265E+02
2702	190	2.40311E+02
2177	450	2.40346E+02
2702	439	2.40376E+02
2283	450	2.40398E+02
2702	311	2.40528E+02
2702	394	2.40545E+02
2702	436	2.40553E+02
2702	270	2.40554E+02
2596	156	2.40567E+02
2596	155	2.40586E+02
2702	479	2.40614E+02
2283	614	2.40616E+02
2702	318	2.40623E+02
2596	194	2.40633E+02
2596	119	2.40668E+02
2702	278	2.40697E+02
2177	517	2.40701E+02
2596	120	2.40717E+02
2596	193	2.40723E+02
2702	151	2.40741E+02
2702	399	2.40745E+02
2596	157	2.40759E+02
2596	195	2.40789E+02
2596	118	2.40797E+02
2702	480	2.40803E+02
2702	478	2.40818E+02
2702	81	2.40818E+02
2596	154	2.40824E+02
2596	233	2.40854E+02
2702	352	2.40877E+02
2177	559	2.40879E+02
2177	188	2.40914E+02
2596	234	2.40923E+02
2596	121	2.40942E+02
2177	309	2.40953E+02
2389	391	2.40987E+02
2177	475	2.41001E+02
2702	162	2.41012E+02
2702	114	2.41013E+02
2596	232	2.41058E+02
2596	192	2.41062E+02
2389	78	2.41095E+02
2283	78	2.41103E+02
2596	117	2.41106E+02
2283	391	2.41110E+02
2702	440	2.41110E+02
2283	573	2.41120E+02
2596	158	2.41157E+02
2596	273	2.41166E+02
2177	614	2.41174E+02
2596	196	2.41184E+02
2702	229	2.41189E+02
2596	274	2.41213E+02
2596	235	2.41262E+02
2596	153	2.41281E+02
2702	520	2.41287E+02
2702	521	2.41300E+02
2702	435	2.41305E+02
2702	200	2.41306E+02
2596	122	2.41343E+02
2283	491	2.41363E+02
2389	558	2.41366E+02
2177	491	2.41369E+02
2702	477	2.41377E+02
2702	359	2.41400E+02
2596	272	2.41415E+02
2702	481	2.41418E+02
2177	573	2.41430E+02
2702	239	2.41475E+02
2283	532	2.41478E+02
2177	601	2.41481E+02
2177	268	2.41487E+02
2702	393	2.41497E+02
2702	189	2.41511E+02
2596	314	2.41518E+02
2389	516	2.41525E+02
2596	231	2.41536E+02
2596	275	2.41555E+02
2490	156	2.41590E+02
2596	116	2.41593E+02
2389	600	2.41596E+02
2177	532	2.41603E+02
2596	313	2.41646E+02
2283	558	2.41649E+02
2596	191	2.41650E+02
2490	155	2.41655E+02
2702	519	2.41659E+02
2490	194	2.41669E+02
2702	310	2.41694E+02
2177	350	2.41695E+02
2702	80	2.41704E+02
2596	315	2.41705E+02
2490	119	2.41715E+02
2389	227	2.41718E+02
2490	120	2.41721E+02
2283	227	2.41731E+02
2490	157	2.41736E+02
2702	522	2.41738E+02
2283	516	2.41755E+02
2596	159	2.41756E+02
2490	195	2.41775E+02
2702	269	2.41783E+02
2490	193	2.41809E+02
2596	197	2.41812E+02
2177	433	2.41856E+02
2596	236	2.41865E+02
2490	118	2.41887E+02
2490	121	2.41904E+02
2490	233	2.41912E+02
2702	562	2.41924E+02
2490	234	2.41927E+02
2283	600	2.41929E+02
2490	154	2.41939E+02
2596	355	2.41942E+02
2702	400	2.41947E+02
2702	150	2.41949E+02
2596	271	2.41951E+02
2596	152	2.41955E+02
2702	319	2.41965E+02
2177	149	2.42030E+02
2596	354	2.42038E+02
2702	351	2.42043E+02
2702	279	2.42076E+02
2596	312	2.42079E+02
2490	158	2.42088E+02
2702	561	2.42116E+02
2490	196	2.42120E+02
2389	474	2.42127E+02
2702	113	2.42127E+02
2177	112	2.42142E+02
2702	563	2.42142E+02
2490	232	2.42171E+02
2596	356	2.42183E+02
2596	276	2.42191E+02
2490	192	2.42199E+02
2490	235	2.42211E+02
2596	316	2.42214E+02
2490	274	2.42220E+02
2490	273	2.42232E+02
2490	117	2.42239E+02
2702	476	2.42252E+02
2596	115	2.42255E+02
2490	122	2.42264E+02
2596	230	2.42277E+02
2702	441	2.42291E+02
2283	474	2.42301E+02
2702	163	2.42327E+02
2702	434	2.42345E+02
2702	518	2.42375E+02
2596	396	2.42403E+02
2490	153	2.42444E+02
2596	353	2.42453E+02
2596	190	2.42475E+02
2702	482	2.42493E+02
2490	275	2.42502E+02
2596	395	2.42536E+02
2490	272	2.42539E+02
2702	228	2.42548E+02
2596	160	2.42559E+02
2490	314	2.42560E+02
2596	397	2.42622E+02
2702	523	2.42636E+02
2490	159	2.42643E+02
2283	187	2.42668E+02
2596	198	2.42672E+02
2702	560	2.42676E+02
2389	187	2.42681E+02
2490	315	2.42684E+02
2702	79	2.42691E+02
2702	604	2.42693E+02
2490	197	2.42699E+02
2490	231	2.42702E+02
2702	392	2.42709E+02
2702	603	2.42718E+02
2389	308	2.42730E+02
2596	237	2.42732E+02
2490	313	2.42750E+02
2702	201	2.42757E+02
2490	236	2.42760E+02
2596	270	2.42761E+02
2283	308	2.42767E+02
2490	116	2.42769E+02
2596	357	2.42772E+02
2596	311	2.42803E+02
2702	564	2.42809E+02
2596	151	2.42833E+02
2490	191	2.42837E+02
2702	188	2.42889E+02
2596	437	2.42917E+02
2702	360	2.42947E+02
2596	81	2.42968E+02
2490	355	2.42981E+02
2596	394	2.42997E+02
2702	240	2.43022E+02
2596	317	2.43052E+02
2596	438	2.43053E+02
2177	78	2.43054E+02
2490	276	2.43079E+02
2596	114	2.43082E+02
2702	309	2.43082E+02
2702	605	2.43095E+02
2596	277	2.43126E+02
2490	316	2.43128E+02
2702	602	2.43128E+02
2490	271	2.43132E+02
2596	436	2.43142E+02
2490	354	2.43142E+02
2490	356	2.43153E+02
2490	152	2.43165E+02
2596	352	2.43166E+02
2596	398	2.43215E+02
2702	268	2.43216E+02
2389	432	2.43239E+02
2490	312	2.43245E+02
2596	229	2.43262E+02
2702	149	2.43304E+02
2389	267	2.43318E+02
2283	267	2.43326E+02
2283	432	2.43356E+02
2702	112	2.43363E+02
2177	391	2.43368E+02
2389	349	2.43387E+02
2702	517	2.43388E+02
2490	160	2.43402E+02
2702	475	2.43402E+02
2702	350	2.43434E+02
2283	349	2.43439E+02
2490	396	2.43455E+02
2283	111	2.43460E+02
2490	115	2.43474E+02
2389	111	2.43493E+02
2490	230	2.43496E+02
2490	198	2.43511E+02
2596	189	2.43516E+02
2596	478	2.43521E+02
2596	479	2.43522E+02
2702	559	2.43556E+02
2596	161	2.43571E+02
2490	237	2.43572E+02
2596	439	2.43578E+02
2490	397	2.43602E+02
2702	401	2.43602E+02
2283	148	2.43610E+02
2490	353	2.43622E+02
2702	433	2.43633E+02
2389	148	2.43644E+02
2490	395	2.43658E+02
2490	357	2.43672E+02
2702	320	2.43695E+02
2596	435	2.43697E+02
2490	190	2.43712E+02
2596	358	2.43727E+02
2596	80	2.43727E+02
2596	393	2.43758E+02
2702	78	2.43764E+02
2596	199	2.43771E+02
2177	227	2.43789E+02
2596	310	2.43791E+02
2702	280	2.43808E+02
2596	269	2.43819E+02
2596	238	2.43869E+02
2702	601	2.43878E+02
2596	477	2.43879E+02
2596	150	2.43892E+02
2490	317	2.43900E+02
2596	480	2.43919E+02
2283	77	2.43934E+02
2702	442	2.43950E+02
2490	277	2.43954E+02
2702	565	2.43956E+02
2702	606	2.43957E+02
2389	77	2.43968E+02
2490	270	2.43998E+02
2490	437	2.43999E+02
2702	524	2.44025E+02
2490	311	2.44027E+02
2596	113	2.44059E+02
2490	438	2.44059E+02
2702	483	2.44059E+02
2702	227	2.44070E+02
2596	520	2.44082E+02
2490	151	2.44088E+02
2490	398	2.44120E+02
2702	391	2.44140E+02
2596	351	2.44150E+02
2490	394	2.44186E+02
2596	399	2.44204E+02
2490	81	2.44209E+02
2596	318	2.44230E+02
2596	519	2.44251E+02
2177	558	2.44273E+02
2177	516	2.44275E+02
2490	436	2.44297E+02
512	204	2.44298E+02
2596	521	2.44302E+02
2490	114	2.44344E+02
2596	278	2.44367E+02
2490	161	2.44371E+02
2490	352	2.44397E+02
2702	187	2.44404E+02
512	243	2.44414E+02
2596	228	2.44459E+02
512	203	2.44497E+02
2702	202	2.44500E+02
2490	439	2.44506E+02
2596	440	2.44521E+02
2490	229	2.44532E+02
2596	434	2.44546E+02
2490	358	2.44556E+02
2596	476	2.44559E+02
2490	199	2.44561E+02
2490	479	2.44571E+02
2596	79	2.44591E+02
512	242	2.44596E+02
2490	478	2.44647E+02
2702	308	2.44647E+02
2702	516	2.44652E+02
512	244	2.44655E+02
2490	238	2.44655E+02
2177	600	2.44677E+02
2702	111	2.44693E+02
2702	558	2.44706E+02
2177	187	2.44709E+02
2177	474	2.44736E+02
2596	188	2.44741E+02
2596	481	2.44743E+02
2596	518	2.44768E+02
2702	148	2.44768E+02
2702	474	2.44778E+02
2596	561	2.44779E+02
2596	392	2.44787E+02
2596	562	2.44790E+02
2490	189	2.44801E+02
2596	162	2.44805E+02
2702	267	2.44806E+02
512	282	2.44832E+02
512	283	2.44833E+02
2490	480	2.44886E+02
2702	77	2.44902E+02
2702	241	2.44903E+02
2702	600	2.44917E+02
2490	435	2.44920E+02
2177	308	2.44933E+02
2702	361	2.44939E+02
2596	522	2.44948E+02
2389	390	2.44955E+02
2389	557	2.44966E+02
2702	349	2.45004E+02
2490	80	2.45005E+02
2596	309	2.45008E+02
2283	390	2.45010E+02
2490	393	2.45011E+02
2490	318	2.45012E+02
512	202	2.45022E+02
2389	599	2.45032E+02
2490	399	2.45032E+02
2596	359	2.45066E+02
2490	310	2.45071E+02
2490	477	2.45079E+02
2596	268	2.45088E+02
2596	149	2.45105E+02
2490	269	2.45109E+02
2596	200	2.45121E+02
2702	432	2.45123E+02
2490	278	2.45135E+02
2596	560	2.45139E+02
512	241	2.45154E+02
2596	112	2.45163E+02
402	204	2.45166E+02
2283	557	2.45170E+02
2490	520	2.45187E+02
2490	150	2.45192E+02
2596	563	2.45213E+02
2389	515	2.45269E+02
512	281	2.45280E+02
2283	599	2.45284E+02
402	243	2.45290E+02
2596	239	2.45290E+02
2702	607	2.45301E+02
2490	521	2.45324E+02
512	284	2.45340E+02
402	203	2.45360E+02
2490	113	2.45361E+02
2596	350	2.45366E+02
2490	440	2.45368E+02
512	245	2.45375E+02
2283	515	2.45422E+02
2596	603	2.45433E+02
2490	519	2.45434E+02
2490	351	2.45439E+02
2177	267	2.45453E+02
512	323	2.45455E+02
402	242	2.45467E+02
2177	111	2.45471E+02
512	322	2.45476E+02
2596	475	2.45519E+02
402	244	2.45536E+02
2596	78	2.45546E+02
2283	226	2.45561E+02
2490	162	2.45561E+02
2596	517	2.45589E+02
2389	226	2.45602E+02
2702	566	2.45607E+02
2596	604	2.45609E+02
2596	400	2.45615E+02
2490	481	2.45626E+02
2177	148	2.45643E+02
2596	602	2.45645E+02
2596	433	2.45651E+02
2177	349	2.45673E+02
2702	226	2.45707E+02
402	282	2.45716E+02
402	283	2.45720E+02
2177	432	2.45725E+02
2702	390	2.45740E+02
2702	402	2.45744E+02
2596	319	2.45770E+02
2490	228	2.45779E+02
2490	359	2.45822E+02
2596	559	2.45824E+02
2490	476	2.45827E+02
2596	227	2.45827E+02
2490	434	2.45833E+02
512	201	2.45843E+02
2702	321	2.45852E+02
2490	200	2.45862E+02
512	163	2.45877E+02
2490	562	2.45880E+02
402	202	2.45881E+02
2490	522	2.45883E+02
2490	79	2.45905E+02
2596	441	2.45912E+02
2702	525	2.45932E+02
2702	281	2.45932E+02
2596	279	2.45936E+02
2177	77	2.45942E+02
2490	561	2.45952E+02
2389	473	2.45987E+02
512	324	2.45991E+02
512	321	2.45992E+02
2702	186	2.46010E+02
402	241	2.46021E+02
2490	239	2.46021E+02
2490	518	2.46024E+02
2596	482	2.46028E+02
2596	391	2.46041E+02
512	240	2.46047E+02
2596	523	2.46054E+02
2490	188	2.46073E+02
2702	557	2.46075E+02
2702	110	2.46083E+02
2702	76	2.46085E+02
2596	564	2.46086E+02
2283	473	2.46089E+02
292	204	2.46090E+02
2490	392	2.46099E+02
2596	187	2.46112E+02
2702	515	2.46114E+02
2702	443	2.46123E+02
512	280	2.46126E+02
2702	484	2.46147E+02
402	281	2.46160E+02
2702	599	2.46190E+02
292	243	2.46198E+02
2596	601	2.46200E+02
2596	605	2.46212E+02
2490	563	2.46216E+02
402	284	2.46230E+02
402	245	2.46261E+02
2596	163	2.46274E+02
2702	147	2.46298E+02
512	363	2.46300E+02
292	203	2.46330E+02
2702	473	2.46331E+02
2702	307	2.46336E+02
2490	309	2.46342E+02
402	323	2.46352E+02
2490	400	2.46364E+02
2283	186	2.46366E+02
2596	111	2.46366E+02
402	322	2.46371E+02
292	244	2.46386E+02
2490	560	2.46388E+02
2596	308	2.46410E+02
512	285	2.46417E+02
2490	268	2.46428E+02
2389	186	2.46430E+02
292	242	2.46432E+02
2596	148	2.46433E+02
2490	149	2.46448E+02
2490	319	2.46485E+02
2702	266	2.46502E+02
2490	112	2.46505E+02
2596	267	2.46522E+02
512	362	2.46547E+02
2702	203	2.46565E+02
2596	77	2.46573E+02
2490	603	2.46603E+02
292	283	2.46604E+02
512	364	2.46624E+02
2490	279	2.46643E+02
2596	516	2.46666E+02
292	282	2.46667E+02
2490	441	2.46675E+02
2283	110	2.46681E+02
2490	604	2.46693E+02
402	201	2.46697E+02
2283	307	2.46697E+02
2702	348	2.46701E+02
2490	350	2.46710E+02
2596	474	2.46714E+02
2389	307	2.46719E+02
2283	76	2.46722E+02
402	163	2.46724E+02
2596	201	2.46740E+02
2389	110	2.46758E+02
2702	431	2.46762E+02
2596	349	2.46770E+02
2596	558	2.46786E+02
2389	76	2.46795E+02
2596	360	2.46818E+02
2490	482	2.46823E+02
2490	475	2.46851E+02
512	162	2.46883E+02
402	321	2.46885E+02
402	324	2.46889E+02
292	202	2.46895E+02
2490	602	2.46895E+02
2490	78	2.46895E+02
2490	523	2.46898E+02
402	240	2.46911E+02
2490	517	2.46912E+02
512	200	2.46935E+02
512	320	2.46950E+02
2596	432	2.46966E+02
2490	163	2.46988E+02
2490	564	2.46996E+02
2490	433	2.46998E+02
402	280	2.47003E+02
2596	240	2.47018E+02
292	241	2.47040E+02
292	284	2.47043E+02
2596	600	2.47049E+02
292	245	2.47050E+02
2283	147	2.47104E+02
2702	608	2.47142E+02
2490	559	2.47144E+02
512	325	2.47148E+02
2702	242	2.47156E+02
292	281	2.47177E+02
2389	431	2.47183E+02
2389	147	2.47185E+02
2490	227	2.47194E+02
2490	605	2.47204E+02
402	363	2.47210E+02
2283	266	2.47212E+02
2283	431	2.47230E+02
512	239	2.47247E+02
292	323	2.47258E+02
2389	266	2.47260E+02
2596	606	2.47274E+02
2702	75	2.47289E+02
402	285	2.47310E+02
512	361	2.47310E+02
2596	226	2.47319E+02
512	279	2.47331E+02
2177	390	2.47332E+02
292	322	2.47356E+02
2283	348	2.47374E+02
2389	348	2.47384E+02
2702	225	2.47407E+02
2490	391	2.47409E+02
2702	362	2.47420E+02
2490	201	2.47432E+02
2596	565	2.47437E+02
2702	389	2.47455E+02
402	362	2.47458E+02
2596	390	2.47474E+02
2596	401	2.47478E+02
2490	187	2.47487E+02
2702	109	2.47497E+02
512	404	2.47498E+02
2490	360	2.47500E+02
2490	601	2.47523E+02
402	364	2.47534E+02
512	365	2.47581E+02
2596	186	2.47581E+02
512	403	2.47583E+02
2702	556	2.47607E+02
2596	110	2.47638E+02
2702	598	2.47643E+02
2596	76	2.47650E+02
2596	524	2.47651E+02
2702	185	2.47657E+02
2177	226	2.47686E+02
2490	240	2.47694E+02
2596	320	2.47700E+02
292	324	2.47713E+02
2702	514	2.47721E+02
402	162	2.47726E+02
2490	111	2.47746E+02
292	201	2.47755E+02
2702	567	2.47778E+02
292	163	2.47782E+02
2596	442	2.47782E+02
402	200	2.47785E+02
2490	308	2.47793E+02
2596	483	2.47804E+02
2490	148	2.47817E+02
2596	147	2.47837E+02
402	320	2.47841E+02
2177	557	2.47844E+02
2702	146	2.47853E+02
2596	280	2.47861E+02
2490	267	2.47910E+02
292	321	2.47945E+02
2596	307	2.47946E+02
2596	515	2.47951E+02
2490	77	2.47955E+02
2596	557	2.47974E+02
292	240	2.47982E+02
2177	515	2.47995E+02
2702	472	2.48007E+02
512	405	2.48030E+02
402	325	2.48047E+02
292	285	2.48050E+02
2490	516	2.48051E+02
2596	266	2.48071E+02
2177	599	2.48078E+02
292	280	2.48082E+02
2596	473	2.48095E+02
2702	306	2.48096E+02
2490	474	2.48104E+02
402	239	2.48107E+02
512	161	2.48125E+02
512	286	2.48130E+02
2596	599	2.48140E+02
3037	283	2.48144E+02
2490	401	2.48148E+02
2490	349	2.48165E+02
2490	606	2.48169E+02
2490	558	2.48171E+02
292	363	2.48191E+02
3037	323	2.48196E+02
3037	282	2.48204E+02
402	279	2.48205E+02
402	361	2.48221E+02
512	402	2.48233E+02
2702	265	2.48249E+02
2490	565	2.48251E+02
3037	322	2.48270E+02
512	199	2.48282E+02
3037	243	2.48287E+02
512	319	2.48305E+02
2596	348	2.48311E+02
2490	320	2.48347E+02
2490	432	2.48367E+02
2702	526	2.48378E+02
2490	524	2.48401E+02
2702	403	2.48416E+02
292	364	2.48423E+02
402	404	2.48425E+02
2490	600	2.48439E+02
2596	431	2.48439E+02
3037	244	2.48451E+02
3037	363	2.48456E+02
2490	442	2.48459E+02
2702	347	2.48470E+02
2177	186	2.48472E+02
2702	322	2.48484E+02
402	365	2.48489E+02
2702	74	2.48489E+02
2702	282	2.48490E+02
2702	430	2.48497E+02
2490	280	2.48507E+02
2490	483	2.48508E+02
3037	242	2.48512E+02
402	403	2.48513E+02
292	362	2.48527E+02
512	360	2.48537E+02
3037	284	2.48558E+02
2177	473	2.48579E+02
2389	598	2.48604E+02
3037	204	2.48644E+02
3037	324	2.48649E+02
2596	202	2.48654E+02
2389	556	2.48672E+02
3037	281	2.48679E+02
3037	364	2.48725E+02
2490	226	2.48729E+02
512	238	2.48731E+02
3037	362	2.48735E+02
2177	110	2.48751E+02
2596	75	2.48756E+02
2283	598	2.48777E+02
2177	76	2.48782E+02
292	325	2.48785E+02
2702	485	2.48786E+02
2283	556	2.48800E+02
3037	321	2.48809E+02
2596	607	2.48816E+02
292	162	2.48819E+02
2702	444	2.48844E+02
512	278	2.48863E+02
3037	203	2.48871E+02
2596	225	2.48884E+02
292	200	2.48886E+02
2490	390	2.48893E+02
2702	108	2.48902E+02
512	445	2.48915E+02
2283	389	2.48923E+02
2177	307	2.48927E+02
2389	389	2.48932E+02
2596	109	2.48942E+02
402	405	2.48953E+02
512	444	2.48964E+02
402	161	2.48964E+02
292	320	2.48972E+02
2702	204	2.48988E+02
512	326	2.48990E+02
2490	186	2.48997E+02
3037	404	2.49009E+02
2596	361	2.49017E+02
402	286	2.49026E+02
2596	389	2.49033E+02
2490	110	2.49053E+02
3037	245	2.49061E+02
2490	76	2.49064E+02
3037	241	2.49078E+02
2596	241	2.49083E+02
2389	514	2.49083E+02
2596	185	2.49101E+02
3037	403	2.49116E+02
2702	224	2.49119E+02
402	199	2.49128E+02
2283	514	2.49164E+02
402	402	2.49165E+02
402	319	2.49196E+02
2177	147	2.49199E+02
2702	597	2.49221E+02
292	239	2.49228E+02
512	366	2.49230E+02
512	406	2.49231E+02
2702	388	2.49232E+02
2702	555	2.49249E+02
2490	147	2.49258E+02
2596	146	2.49274E+02
292	365	2.49282E+02
2596	566	2.49290E+02
2490	202	2.49298E+02
2702	184	2.49301E+02
2283	225	2.49320E+02
2596	556	2.49336E+02
292	279	2.49343E+02
292	361	2.49372E+02
2490	307	2.49376E+02
2490	515	2.49391E+02
2596	514	2.49391E+02
3037	202	2.49392E+02
2702	145	2.49392E+02
512	401	2.49398E+02
2177	266	2.49403E+02
2389	225	2.49413E+02
2490	557	2.49416E+02
2702	513	2.49419E+02
2596	598	2.49420E+02
2283	75	2.49430E+02
292	404	2.49438E+02
402	360	2.49448E+02
2702	609	2.49485E+02
512	446	2.49497E+02
3037	361	2.49502E+02
2490	266	2.49503E+02
3037	405	2.49503E+02
3037	285	2.49512E+02
3037	280	2.49518E+02
2490	473	2.49537E+02
2389	75	2.49539E+02
2596	306	2.49562E+02
402	238	2.49588E+02
2490	599	2.49590E+02
512	160	2.49597E+02
512	443	2.49602E+02
3037	365	2.49606E+02
2596	472	2.49609E+02
2490	607	2.49609E+02
2490	361	2.49624E+02
292	403	2.49625E+02
2177	431	2.49654E+02
2702	73	2.49663E+02
2177	348	2.49668E+02
2596	265	2.49682E+02
292	286	2.49690E+02
3037	325	2.49697E+02
2490	241	2.49704E+02
402	278	2.49734E+02
2702	471	2.49752E+02
2490	348	2.49753E+02
3037	320	2.49758E+02
2596	525	2.49764E+02
3037	402	2.49767E+02
3037	445	2.49771E+02
2283	109	2.49804E+02
3037	444	2.49820E+02
2702	243	2.49822E+02
2596	402	2.49831E+02
402	445	2.49861E+02
292	405	2.49862E+02
2596	74	2.49865E+02
2702	305	2.49873E+02
512	198	2.49875E+02
2389	472	2.49879E+02
402	326	2.49889E+02
2490	431	2.49890E+02
2283	472	2.49912E+02
402	444	2.49916E+02
2389	109	2.49921E+02
2596	347	2.49934E+02
3037	240	2.49947E+02
2283	185	2.49969E+02
2702	264	2.49998E+02
2490	566	2.50004E+02
2596	430	2.50020E+02
512	318	2.50026E+02
2596	321	2.50061E+02
2389	185	2.50080E+02
292	161	2.50093E+02
2596	484	2.50102E+02
402	366	2.50135E+02
402	406	2.50149E+02
2596	443	2.50166E+02
3037	201	2.50175E+02
2596	281	2.50180E+02
512	359	2.50187E+02
2490	75	2.50198E+02
2596	108	2.50246E+02
2702	346	2.50259E+02
2702	107	2.50267E+02
292	199	2.50270E+02
2702	429	2.50274E+02
402	401	2.50331E+02
2490	225	2.50334E+02
3037	446	2.50345E+02
292	402	2.50370E+02
2490	109	2.50390E+02
292	319	2.50394E+02
2490	525	2.50416E+02
2490	402	2.50419E+02
402	160	2.50432E+02
402	446	2.50437E+02
2702	363	2.50438E+02
3037	443	2.50446E+02
2596	224	2.50472E+02
2702	568	2.50480E+02
2283	146	2.50485E+02
512	237	2.50489E+02
512	486	2.50498E+02
2490	389	2.50498E+02
3037	163	2.50522E+02
292	326	2.50538E+02
2490	185	2.50555E+02
402	443	2.50558E+02
2283	306	2.50566E+02
2389	146	2.50609E+02
2596	184	2.50628E+02
512	485	2.50633E+02
2490	321	2.50639E+02
2389	306	2.50644E+02
3037	406	2.50653E+02
2596	388	2.50664E+02
3037	486	2.50675E+02
292	360	2.50677E+02
3037	279	2.50680E+02
3037	360	2.50703E+02
512	277	2.50704E+02
2596	145	2.50706E+02
2490	484	2.50712E+02
402	198	2.50718E+02
2490	146	2.50731E+02
512	447	2.50751E+02
2490	443	2.50754E+02
292	238	2.50758E+02
2490	281	2.50763E+02
3037	485	2.50784E+02
512	442	2.50785E+02
2702	72	2.50794E+02
2702	223	2.50801E+02
2596	555	2.50817E+02
292	366	2.50827E+02
2490	556	2.50829E+02
2596	597	2.50835E+02
2596	608	2.50851E+02
2702	596	2.50869E+02
2490	514	2.50880E+02
2702	144	2.50883E+02
2596	203	2.50893E+02
2702	183	2.50901E+02
3037	401	2.50910E+02
402	318	2.50914E+02
2490	598	2.50922E+02
292	278	2.50930E+02
2596	513	2.50933E+02
292	445	2.50946E+02
2702	554	2.50946E+02
292	406	2.50947E+02
2596	73	2.50957E+02
512	487	2.50987E+02
2283	265	2.51010E+02
2702	387	2.51018E+02
512	400	2.51034E+02
2490	306	2.51034E+02
3037	319	2.51070E+02
3037	286	2.51072E+02
3037	239	2.51085E+02
2283	430	2.51093E+02
402	359	2.51096E+02
2490	472	2.51099E+02
292	444	2.51109E+02
2389	430	2.51110E+02
2389	265	2.51111E+02
512	407	2.51147E+02
2490	265	2.51154E+02
2702	512	2.51154E+02
3037	366	2.51159E+02
3037	487	2.51187E+02
3037	200	2.51197E+02
2596	471	2.51203E+02
2596	305	2.51209E+02
2283	347	2.51254E+02
512	159	2.51296E+02
2177	389	2.51300E+02
2596	264	2.51306E+02
2389	347	2.51322E+02
2490	74	2.51334E+02
402	237	2.51342E+02
512	484	2.51360E+02
2702	527	2.51382E+02
292	446	2.51406E+02
3037	326	2.51406E+02
2490	347	2.51418E+02
3037	162	2.51444E+02
402	486	2.51470E+02
3037	484	2.51481E+02
2490	203	2.51488E+02
2177	225	2.51507E+02
2177	556	2.51511E+02
2702	470	2.51513E+02
2490	430	2.51515E+02
2596	107	2.51520E+02
2596	242	2.51522E+02
2702	283	2.51536E+02
2490	608	2.51538E+02
2177	75	2.51539E+02
2702	106	2.51569E+02
402	277	2.51573E+02
512	327	2.51580E+02
3037	447	2.51583E+02
2596	346	2.51589E+02
292	160	2.51595E+02
3037	442	2.51601E+02
2177	598	2.51604E+02
402	485	2.51613E+02
292	401	2.51623E+02
2702	304	2.51624E+02
512	367	2.51626E+02
2702	323	2.51642E+02
2596	429	2.51654E+02
2596	567	2.51660E+02
2702	404	2.51662E+02
402	447	2.51681E+02
2596	362	2.51707E+02
2702	263	2.51708E+02
512	197	2.51714E+02
2490	108	2.51725E+02
3037	527	2.51730E+02
402	442	2.51744E+02
2931	282	2.51751E+02
2177	514	2.51778E+02
2931	322	2.51790E+02
292	443	2.51853E+02
2702	71	2.51867E+02
2931	281	2.51888E+02
2931	242	2.51895E+02
292	198	2.51900E+02
2177	109	2.51929E+02
402	487	2.51949E+02
2490	224	2.51959E+02
402	400	2.51967E+02
2931	321	2.51977E+02
2931	243	2.51994E+02
3037	526	2.52002E+02
2702	486	2.52002E+02
2596	72	2.52013E+02
2702	345	2.52021E+02
2283	74	2.52024E+02
2931	283	2.52036E+02
2596	223	2.52041E+02
2702	428	2.52042E+02
402	407	2.52058E+02
3037	528	2.52066E+02
2931	362	2.52068E+02
2931	323	2.52073E+02
512	317	2.52087E+02
2490	242	2.52088E+02
2596	144	2.52100E+02
2490	184	2.52117E+02
2596	183	2.52124E+02
512	488	2.52126E+02
402	159	2.52128E+02
3037	278	2.52133E+02
2177	185	2.52135E+02
2931	241	2.52145E+02
2702	445	2.52151E+02
2931	363	2.52152E+02
2389	74	2.52166E+02
2931	203	2.52167E+02
2490	388	2.52171E+02
292	318	2.52176E+02
2490	145	2.52195E+02
512	358	2.52225E+02
2389	597	2.52230E+02
2490	362	2.52238E+02
2931	204	2.52239E+02
2490	567	2.52270E+02
512	527	2.52279E+02
3037	359	2.52294E+02
2702	143	2.52302E+02
2596	387	2.52317E+02
2283	597	2.52328E+02
2702	610	2.52329E+02
2596	596	2.52331E+02
402	484	2.52345E+02
3037	488	2.52351E+02
2490	555	2.52355E+02
2596	554	2.52365E+02
2490	597	2.52382E+02
2931	202	2.52395E+02
2931	280	2.52396E+02
292	359	2.52399E+02
2389	555	2.52401E+02
2596	526	2.52414E+02
2702	222	2.52420E+02
2702	182	2.52431E+02
3037	199	2.52440E+02
2177	472	2.52445E+02
2490	73	2.52451E+02
2283	555	2.52457E+02
2490	513	2.52465E+02
512	441	2.52471E+02
3037	238	2.52472E+02
2931	361	2.52475E+02
402	327	2.52478E+02
2931	244	2.52490E+02
3037	400	2.52495E+02
2931	403	2.52500E+02
3037	407	2.52507E+02
512	236	2.52516E+02
2596	512	2.52524E+02
402	367	2.52526E+02
292	447	2.52528E+02
2702	595	2.52537E+02
512	122	2.52545E+02
402	197	2.52554E+02
292	237	2.52559E+02
512	528	2.52560E+02
3037	161	2.52574E+02
2931	320	2.52580E+02
512	526	2.52599E+02
2177	146	2.52637E+02
512	483	2.52642E+02
2702	553	2.52648E+02
292	486	2.52669E+02
2931	240	2.52704E+02
512	448	2.52708E+02
3037	318	2.52710E+02
2596	403	2.52715E+02
2490	305	2.52719E+02
3037	483	2.52724E+02
2490	471	2.52735E+02
2596	106	2.52739E+02
292	407	2.52741E+02
2931	404	2.52761E+02
2702	386	2.52769E+02
2283	388	2.52770E+02
2283	108	2.52783E+02
2931	402	2.52786E+02
2931	364	2.52788E+02
2702	105	2.52792E+02
2931	284	2.52802E+02
2490	264	2.52815E+02
292	277	2.52822E+02
2596	470	2.52826E+02
2389	388	2.52838E+02
2596	304	2.52840E+02
512	276	2.52843E+02
2177	306	2.52853E+02
3037	525	2.52854E+02
2702	70	2.52871E+02
2702	511	2.52878E+02
2389	513	2.52886E+02
2931	324	2.52889E+02
2931	201	2.52892E+02
2596	322	2.52898E+02
2283	513	2.52899E+02
2596	263	2.52902E+02
292	485	2.52929E+02
2389	108	2.52937E+02
2596	282	2.52938E+02
2283	224	2.52941E+02
2596	485	2.52949E+02
2702	244	2.52951E+02
2490	526	2.52966E+02
402	317	2.52973E+02
3037	568	2.52997E+02
2596	71	2.53019E+02
292	487	2.53024E+02
2490	107	2.53025E+02
3037	529	2.53028E+02
292	327	2.53035E+02
3037	569	2.53072E+02
402	488	2.53076E+02
2389	224	2.53081E+02
2596	444	2.53098E+02
512	399	2.53100E+02
2490	346	2.53111E+02
292	367	2.53114E+02
402	358	2.53133E+02
292	442	2.53134E+02
2931	444	2.53160E+02
2931	163	2.53163E+02
2490	429	2.53189E+02
2490	403	2.53219E+02
512	158	2.53222E+02
2596	345	2.53229E+02
2931	279	2.53232E+02
3037	441	2.53237E+02
2702	469	2.53243E+02
2177	265	2.53260E+02
402	527	2.53282E+02
2596	428	2.53292E+02
2702	303	2.53310E+02
2931	360	2.53322E+02
292	159	2.53325E+02
292	400	2.53341E+02
2702	262	2.53346E+02
402	236	2.53367E+02
402	122	2.53372E+02
2596	609	2.53382E+02
2490	322	2.53406E+02
2283	184	2.53414E+02
2931	443	2.53419E+02
402	441	2.53431E+02
2596	143	2.53431E+02
2931	245	2.53438E+02
3037	367	2.53442E+02
2490	282	2.53458E+02
512	529	2.53460E+02
2490	485	2.53463E+02
2931	445	2.53477E+02
2596	204	2.53494E+02
512	525	2.53498E+02
3037	567	2.53505E+02
3037	448	2.53522E+02
2490	72	2.53530E+02
2931	239	2.53538E+02
2931	319	2.53551E+02
402	528	2.53552E+02
2596	222	2.53557E+02
2596	182	2.53558E+02
2490	223	2.53561E+02
2177	430	2.53562E+02
2931	401	2.53565E+02
2389	184	2.53569E+02
2702	40	2.53580E+02
2490	444	2.53596E+02
2177	347	2.53602E+02
402	526	2.53611E+02
2490	144	2.53618E+02
2931	405	2.53623E+02
402	448	2.53627E+02
402	483	2.53631E+02
2702	142	2.53631E+02
2931	200	2.53632E+02
2490	183	2.53644E+02
2283	471	2.53688E+02
2283	145	2.53701E+02
402	276	2.53709E+02
2702	569	2.53717E+02
2702	344	2.53718E+02
2389	471	2.53719E+02
3037	570	2.53744E+02
2702	427	2.53759E+02
292	484	2.53769E+02
292	197	2.53775E+02
2702	69	2.53802E+02
512	196	2.53803E+02
512	408	2.53820E+02
2931	162	2.53829E+02
3037	327	2.53840E+02
3037	277	2.53857E+02
2596	595	2.53859E+02
2490	387	2.53860E+02
2389	145	2.53864E+02
2702	181	2.53871E+02
2596	105	2.53889E+02
3037	198	2.53896E+02
3037	160	2.53904E+02
2490	596	2.53918E+02
2596	553	2.53930E+02
2702	104	2.53930E+02
512	489	2.53937E+02
2490	554	2.53941E+02
2596	386	2.53947E+02
2702	221	2.53952E+02
2490	609	2.53959E+02
2596	70	2.53963E+02
2931	485	2.54000E+02
292	488	2.54018E+02
402	399	2.54033E+02
2931	365	2.54037E+02
2490	204	2.54040E+02
2702	364	2.54045E+02
402	158	2.54052E+02
2490	512	2.54094E+02
3037	237	2.54096E+02
2931	285	2.54113E+02
2596	511	2.54116E+02
2177	74	2.54178E+02
2702	594	2.54179E+02
2702	39	2.54189E+02
3037	489	2.54189E+02
2931	442	2.54208E+02
3037	358	2.54239E+02
2931	486	2.54251E+02
3037	524	2.54256E+02
2490	106	2.54269E+02
292	317	2.54295E+02
2931	325	2.54303E+02
2283	305	2.54305E+02
2702	552	2.54310E+02
3037	610	2.54311E+02
512	569	2.54327E+02
512	568	2.54329E+02
2931	484	2.54332E+02
292	448	2.54345E+02
2931	278	2.54365E+02
2596	243	2.54380E+02
2490	304	2.54383E+02
2490	470	2.54394E+02
2931	446	2.54415E+02
2596	303	2.54418E+02
2596	469	2.54431E+02
2389	305	2.54434E+02
402	529	2.54437E+02
2596	262	2.54438E+02
512	482	2.54441E+02
2490	263	2.54443E+02
2702	385	2.54446E+02
3037	482	2.54471E+02
512	316	2.54473E+02
2283	73	2.54477E+02
3037	399	2.54482E+02
292	358	2.54504E+02
512	121	2.54514E+02
402	525	2.54517E+02
2825	282	2.54542E+02
2702	510	2.54548E+02
3037	609	2.54548E+02
2490	71	2.54555E+02
2596	568	2.54556E+02
2931	359	2.54562E+02
292	122	2.54577E+02
3037	566	2.54580E+02
2825	322	2.54592E+02
2931	199	2.54597E+02
512	440	2.54617E+02
512	357	2.54626E+02
2931	238	2.54626E+02
292	236	2.54629E+02
3037	530	2.54630E+02
2596	40	2.54632E+02
3037	611	2.54639E+02
402	196	2.54640E+02
292	527	2.54641E+02
2389	73	2.54650E+02
3037	317	2.54654E+02
2283	264	2.54656E+02
2702	68	2.54659E+02
2596	142	2.54682E+02
2825	242	2.54692E+02
2931	161	2.54704E+02
2825	281	2.54705E+02
402	408	2.54721E+02
2702	38	2.54748E+02
2825	243	2.54770E+02
292	528	2.54780E+02
2490	345	2.54785E+02
2931	400	2.54791E+02
2825	283	2.54801E+02
2389	264	2.54805E+02
2825	321	2.54810E+02
512	368	2.54816E+02
512	235	2.54816E+02
