GRAM	c2h2	chi_tot
5532	602	5.06028E+01
5532	603	5.07741E+01
5532	561	5.08264E+01
5532	601	5.08298E+01
5532	560	5.09150E+01
5532	519	5.11022E+01
5532	520	5.11214E+01
5532	562	5.11585E+01
5532	559	5.13198E+01
5532	600	5.13506E+01
5532	478	5.13704E+01
5532	518	5.14086E+01
5532	479	5.14535E+01
5532	604	5.14575E+01
5532	521	5.15673E+01
5532	477	5.16065E+01
5532	437	5.17025E+01
5532	438	5.17978E+01
3607	608	5.18666E+01
5532	436	5.19040E+01
5532	558	5.19494E+01
5532	480	5.19514E+01
5532	517	5.19515E+01
3607	607	5.20120E+01
5532	563	5.20243E+01
5532	599	5.20734E+01
5532	476	5.20785E+01
5532	396	5.20936E+01
5532	397	5.21486E+01
5532	439	5.22765E+01
5532	395	5.22981E+01
5532	435	5.23272E+01
3607	566	5.24901E+01
5532	356	5.25299E+01
5532	398	5.25377E+01
5532	522	5.25508E+01
5532	355	5.25590E+01
3607	567	5.26058E+01
3607	609	5.26240E+01
5532	516	5.26554E+01
5532	394	5.26974E+01
5532	475	5.27151E+01
5532	557	5.27262E+01
5532	605	5.27682E+01
5532	357	5.27718E+01
5532	354	5.27980E+01
5532	434	5.29080E+01
5532	598	5.29215E+01
5532	481	5.29696E+01
3607	606	5.29769E+01
5532	315	5.30000E+01
5532	316	5.30621E+01
5532	314	5.31370E+01
3607	525	5.31536E+01
5532	353	5.31944E+01
3607	565	5.32275E+01
5532	440	5.32362E+01
5532	393	5.32365E+01
5532	399	5.33471E+01
5532	358	5.33563E+01
5532	317	5.33792E+01
3607	526	5.34199E+01
5532	313	5.34267E+01
5532	474	5.34572E+01
5532	515	5.34578E+01
5532	275	5.35320E+01
5532	564	5.35398E+01
5532	276	5.35864E+01
5532	556	5.35868E+01
5532	433	5.35926E+01
5532	274	5.36422E+01
3607	568	5.36659E+01
5532	352	5.37040E+01
3607	524	5.37540E+01
5532	312	5.38297E+01
5532	597	5.38330E+01
5532	277	5.38530E+01
5532	392	5.38692E+01
5532	273	5.38779E+01
3607	484	5.39666E+01
5532	318	5.40172E+01
5532	236	5.41265E+01
5532	235	5.41532E+01
5532	523	5.41875E+01
5532	272	5.42078E+01
3607	485	5.42391E+01
5532	237	5.42464E+01
5532	473	5.42567E+01
5532	351	5.42896E+01
5532	234	5.42906E+01
5532	514	5.43083E+01
5532	311	5.43136E+01
3501	606	5.43147E+01
3607	610	5.43211E+01
5532	432	5.43372E+01
5532	359	5.43670E+01
5532	278	5.43890E+01
5532	555	5.44810E+01
3501	607	5.44858E+01
5532	233	5.45112E+01
3607	483	5.45459E+01
5532	238	5.45574E+01
5532	391	5.45578E+01
5532	271	5.46072E+01
5532	482	5.46220E+01
3607	605	5.46399E+01
5635	606	5.46572E+01
3607	527	5.46576E+01
5532	400	5.46752E+01
3607	564	5.46910E+01
5532	596	5.47597E+01
5532	441	5.47853E+01
5532	197	5.47933E+01
5532	232	5.47946E+01
5532	606	5.48142E+01
5532	196	5.48223E+01
3501	565	5.48321E+01
5532	310	5.48521E+01
5532	198	5.48629E+01
3501	605	5.48675E+01
5532	350	5.49213E+01
5532	195	5.49248E+01
5635	605	5.49437E+01
3607	443	5.49465E+01
5532	319	5.50532E+01
5532	270	5.50568E+01
3607	444	5.50577E+01
5532	199	5.50645E+01
5532	472	5.50753E+01
5532	194	5.50829E+01
3607	523	5.50856E+01
5532	431	5.51067E+01
5532	239	5.51128E+01
5532	231	5.51264E+01
5635	607	5.51300E+01
5532	513	5.51677E+01
3501	564	5.51679E+01
5635	565	5.52424E+01
3501	566	5.52518E+01
5532	279	5.52614E+01
5532	390	5.52719E+01
5532	193	5.52850E+01
5635	564	5.53289E+01
5532	554	5.53700E+01
5532	309	5.54240E+01
5532	200	5.54394E+01
3501	524	5.54768E+01
3501	608	5.54840E+01
3607	486	5.54857E+01
5532	230	5.54967E+01
5532	192	5.55242E+01
5532	269	5.55415E+01
5532	158	5.55441E+01
5532	159	5.55555E+01
5532	349	5.55750E+01
5532	157	5.55800E+01
5532	160	5.56268E+01
3607	442	5.56326E+01
5532	156	5.56548E+01
5532	595	5.56651E+01
3501	523	5.56723E+01
3607	569	5.57165E+01
5532	155	5.57645E+01
5532	161	5.57768E+01
5532	191	5.57969E+01
5532	565	5.58157E+01
3607	482	5.58315E+01
5635	604	5.58627E+01
5532	430	5.58733E+01
5532	471	5.58834E+01
5635	523	5.58838E+01
5532	229	5.58981E+01
5532	360	5.58997E+01
5532	154	5.59074E+01
5635	524	5.59163E+01
5635	566	5.59383E+01
5532	240	5.59741E+01
3607	403	5.59815E+01
5532	389	5.59874E+01
5532	512	5.60060E+01
5532	308	5.60125E+01
3501	604	5.60154E+01
5532	162	5.60308E+01
5532	201	5.60367E+01
3501	525	5.60475E+01
5532	268	5.60493E+01
5635	563	5.60672E+01
5532	153	5.60839E+01
5532	190	5.61011E+01
3607	445	5.61070E+01
3501	563	5.61265E+01
5532	120	5.61658E+01
5532	119	5.61691E+01
3607	402	5.61952E+01
5532	121	5.61995E+01
3501	483	5.62012E+01
5532	118	5.62095E+01
5532	553	5.62255E+01
5532	348	5.62314E+01
5532	122	5.62704E+01
5532	117	5.62879E+01
5532	152	5.62949E+01
5532	228	5.63246E+01
3501	482	5.63551E+01
5532	116	5.64051E+01
5532	163	5.64208E+01
5532	189	5.64349E+01
5635	608	5.64630E+01
3501	522	5.64962E+01
5635	522	5.65011E+01
5532	594	5.65237E+01
3501	567	5.65366E+01
5532	151	5.65405E+01
5532	280	5.65469E+01
5532	115	5.65613E+01
5532	267	5.65697E+01
5532	320	5.65760E+01
5635	482	5.65856E+01
5532	524	5.65914E+01
5532	307	5.66035E+01
3607	404	5.66150E+01
5532	429	5.66159E+01
5532	401	5.66311E+01
5635	483	5.66368E+01
5532	470	5.66589E+01
5532	388	5.66853E+01
3607	563	5.67321E+01
5635	525	5.67335E+01
5532	114	5.67558E+01
5532	227	5.67699E+01
5532	188	5.67957E+01
3501	484	5.67959E+01
5532	511	5.68015E+01
5532	81	5.68151E+01
5532	150	5.68193E+01
3607	604	5.68553E+01
5532	347	5.68747E+01
5532	202	5.69124E+01
3607	528	5.69293E+01
3607	611	5.69482E+01
3607	441	5.69637E+01
5532	80	5.69726E+01
5532	113	5.69862E+01
3501	442	5.69961E+01
3607	522	5.69962E+01
5532	483	5.70249E+01
5532	552	5.70273E+01
5532	442	5.70395E+01
5532	266	5.70927E+01
3607	401	5.71037E+01
3501	481	5.71157E+01
5532	149	5.71283E+01
5635	481	5.71559E+01
5532	79	5.71644E+01
5532	187	5.71792E+01
5532	306	5.71848E+01
5532	241	5.72104E+01
3501	441	5.72178E+01
5532	226	5.72266E+01
5532	112	5.72488E+01
3607	362	5.72575E+01
5635	603	5.72746E+01
3607	363	5.72992E+01
5635	562	5.73175E+01
5532	593	5.73182E+01
5532	428	5.73185E+01
5532	387	5.73508E+01
3501	609	5.73748E+01
5532	78	5.73853E+01
5532	469	5.73860E+01
5635	442	5.74019E+01
5635	441	5.74399E+01
5635	484	5.74481E+01
5532	148	5.74624E+01
3501	443	5.74702E+01
5532	346	5.74920E+01
3501	526	5.75034E+01
5635	567	5.75231E+01
5532	111	5.75378E+01
5532	510	5.75395E+01
3501	562	5.75656E+01
5532	186	5.75786E+01
5532	265	5.76086E+01
3501	603	5.76175E+01
5635	521	5.76283E+01
5532	77	5.76292E+01
3607	481	5.76688E+01
5532	607	5.76850E+01
5532	225	5.76861E+01
5532	305	5.77453E+01
5532	551	5.77628E+01
3607	487	5.77931E+01
3501	521	5.78054E+01
5532	147	5.78145E+01
5532	110	5.78464E+01
5532	76	5.78893E+01
3607	361	5.79091E+01
3501	401	5.79160E+01
5532	427	5.79702E+01
5532	386	5.79731E+01
5532	185	5.79850E+01
3501	440	5.79927E+01
5532	592	5.80385E+01
5635	440	5.80415E+01
5532	468	5.80542E+01
5532	361	5.80610E+01
5635	443	5.80656E+01
5532	345	5.80731E+01
5532	264	5.81076E+01
5532	203	5.81297E+01
3501	402	5.81299E+01
5532	224	5.81388E+01
5532	75	5.81593E+01
5532	109	5.81662E+01
5532	146	5.81760E+01
3607	364	5.81870E+01
3607	446	5.82100E+01
5635	480	5.82103E+01
5532	509	5.82110E+01
3607	405	5.82372E+01
3501	485	5.82700E+01
5635	401	5.82713E+01
5532	304	5.82757E+01
3501	400	5.83049E+01
5532	281	5.83313E+01
3501	480	5.83413E+01
5532	184	5.83886E+01
5532	550	5.84252E+01
5532	74	5.84325E+01
5635	526	5.84513E+01
5532	108	5.84887E+01
5635	400	5.84952E+01
5532	145	5.85375E+01
5532	385	5.85448E+01
3607	400	5.85558E+01
5532	426	5.85641E+01
5532	223	5.85750E+01
5532	263	5.85808E+01
5532	344	5.86106E+01
3607	322	5.86252E+01
3607	323	5.86469E+01
5635	402	5.86536E+01
5532	467	5.86577E+01
5532	591	5.86805E+01
5532	321	5.86845E+01
5532	73	5.87032E+01
5635	609	5.87177E+01
3607	570	5.87562E+01
3501	568	5.87600E+01
5532	303	5.87687E+01
5532	183	5.87793E+01
3501	444	5.87803E+01
3607	440	5.87870E+01
5532	107	5.88058E+01
5532	508	5.88120E+01
5532	144	5.88897E+01
5532	242	5.88984E+01
5635	561	5.89420E+01
3501	361	5.89423E+01
5532	566	5.89468E+01
5532	72	5.89659E+01
5532	222	5.89868E+01
5532	549	5.90123E+01
5532	262	5.90213E+01
5635	602	5.90404E+01
5532	384	5.90618E+01
5635	439	5.90757E+01
3501	360	5.90863E+01
3501	403	5.90888E+01
5532	425	5.90970E+01
5532	343	5.91000E+01
3607	360	5.91061E+01
5532	106	5.91105E+01
5635	520	5.91312E+01
5635	485	5.91465E+01
5532	182	5.91491E+01
3501	399	5.91612E+01
3501	439	5.91852E+01
5532	466	5.91947E+01
5635	399	5.91948E+01
3607	562	5.91950E+01
5532	71	5.92163E+01
5532	302	5.92196E+01
5532	143	5.92242E+01
3607	321	5.92344E+01
5532	590	5.92441E+01
3607	521	5.93307E+01
5532	402	5.93309E+01
5532	507	5.93419E+01
3501	561	5.93453E+01
5532	221	5.93680E+01
5635	360	5.93736E+01
5635	361	5.93822E+01
5532	105	5.93972E+01
3501	362	5.94035E+01
5532	261	5.94246E+01
3607	324	5.94487E+01
5532	70	5.94511E+01
3501	520	5.94625E+01
3607	603	5.94678E+01
5532	181	5.94916E+01
5532	383	5.95227E+01
5532	548	5.95254E+01
3501	602	5.95338E+01
5532	142	5.95351E+01
5532	342	5.95391E+01
8307	612	5.95603E+01
5635	444	5.95670E+01
5532	424	5.95686E+01
8307	613	5.96086E+01
5635	479	5.96206E+01
5532	301	5.96262E+01
5532	40	5.96580E+01
5532	104	5.96625E+01
5532	465	5.96661E+01
5532	69	5.96681E+01
3501	359	5.97044E+01
5532	220	5.97150E+01
5532	589	5.97322E+01
5532	204	5.97587E+01
5635	403	5.97793E+01
5532	39	5.97884E+01
5532	260	5.97886E+01
5532	506	5.98033E+01
5532	180	5.98035E+01
5532	141	5.98187E+01
5635	359	5.98431E+01
5532	525	5.98650E+01
5532	68	5.98662E+01
3501	479	5.99001E+01
5532	103	5.99042E+01
3607	480	5.99066E+01
5532	38	5.99088E+01
5532	341	5.99284E+01
5532	382	5.99288E+01
3501	527	5.99321E+01
5532	547	5.99682E+01
5532	423	5.99810E+01
5532	300	5.99882E+01
5635	362	5.99950E+01
5532	37	6.00197E+01
5532	219	6.00269E+01
3607	283	6.00397E+01
5532	67	6.00454E+01
3501	321	6.00645E+01
5635	568	6.00670E+01
3607	365	6.00690E+01
5532	140	6.00733E+01
5532	464	6.00751E+01
5532	179	6.00835E+01
5532	259	6.01134E+01
5532	443	6.01153E+01
5532	102	6.01215E+01
5532	36	6.01216E+01
5532	588	6.01498E+01
3501	320	6.01538E+01
3501	610	6.01791E+01
5532	505	6.02003E+01
5532	66	6.02063E+01
5532	35	6.02155E+01
8307	571	6.02238E+01
3607	529	6.02506E+01
5635	398	6.02524E+01
5532	340	6.02698E+01
5532	381	6.02827E+01
5532	484	6.02892E+01
5532	139	6.02997E+01
3607	282	6.03023E+01
5532	34	6.03023E+01
5532	218	6.03045E+01
5532	299	6.03075E+01
5532	101	6.03148E+01
5532	178	6.03327E+01
3607	320	6.03360E+01
5532	422	6.03378E+01
5532	546	6.03462E+01
5532	65	6.03503E+01
3501	398	6.03626E+01
5532	33	6.03827E+01
5532	258	6.04006E+01
3607	399	6.04094E+01
3607	284	6.04178E+01
5635	438	6.04252E+01
5532	463	6.04263E+01
3607	612	6.04560E+01
5532	32	6.04576E+01
5532	64	6.04790E+01
5532	100	6.04854E+01
5635	320	6.04973E+01
5532	138	6.04996E+01
5532	587	6.05034E+01
5532	31	6.05276E+01
3501	322	6.05294E+01
5532	504	6.05384E+01
8307	572	6.05402E+01
5635	321	6.05491E+01
5532	217	6.05501E+01
5532	177	6.05532E+01
5532	339	6.05668E+01
5532	298	6.05867E+01
5532	380	6.05883E+01
5532	30	6.05932E+01
5532	63	6.05941E+01
3501	363	6.06104E+01
5532	99	6.06353E+01
5532	421	6.06436E+01
5532	257	6.06529E+01
5532	29	6.06546E+01
5532	545	6.06654E+01
3501	438	6.06738E+01
5532	137	6.06758E+01
3501	319	6.06765E+01
5635	358	6.06778E+01
3501	358	6.06791E+01
5532	62	6.06970E+01
5532	282	6.07099E+01
5532	28	6.07118E+01
3607	359	6.07120E+01
5532	462	6.07247E+01
8307	611	6.07273E+01
3501	486	6.07295E+01
5532	176	6.07482E+01
5532	27	6.07651E+01
5532	216	6.07666E+01
5532	98	6.07671E+01
8307	614	6.07798E+01
5532	61	6.07890E+01
5532	586	6.07998E+01
5635	560	6.08138E+01
5532	26	6.08144E+01
5532	338	6.08231E+01
5532	503	6.08235E+01
5532	297	6.08294E+01
5532	136	6.08315E+01
5532	379	6.08500E+01
5532	25	6.08602E+01
5532	60	6.08714E+01
5532	256	6.08735E+01
5635	319	6.08817E+01
5532	97	6.08836E+01
5635	519	6.08876E+01
5532	24	6.09028E+01
5532	420	6.09034E+01
5532	175	6.09208E+01
5532	544	6.09327E+01
3501	404	6.09333E+01
5532	23	6.09429E+01
5532	59	6.09453E+01
5532	215	6.09570E+01
3607	439	6.09602E+01
5532	362	6.09653E+01
3607	406	6.09667E+01
5532	135	6.09701E+01
5532	461	6.09763E+01
5532	22	6.09810E+01
5532	96	6.09875E+01
5532	58	6.10121E+01
5532	21	6.10176E+01
5635	601	6.10314E+01
5532	296	6.10391E+01
5532	337	6.10428E+01
5532	585	6.10463E+01
3501	445	6.10525E+01
5532	20	6.10532E+01
5532	502	6.10619E+01
8307	530	6.10653E+01
5532	255	6.10658E+01
3607	281	6.10722E+01
5532	378	6.10724E+01
5532	57	6.10734E+01
5532	174	6.10739E+01
5532	95	6.10814E+01
5532	19	6.10880E+01
5532	134	6.10944E+01
5532	419	6.11222E+01
5532	18	6.11227E+01
5532	243	6.11235E+01
5532	214	6.11244E+01
5532	56	6.11307E+01
5635	322	6.11527E+01
5635	527	6.11542E+01
5532	543	6.11546E+01
5532	17	6.11578E+01
5532	94	6.11677E+01
8307	570	6.11721E+01
3607	325	6.11835E+01
5532	55	6.11853E+01
5532	460	6.11864E+01
5532	16	6.11940E+01
3607	488	6.12037E+01
5532	133	6.12070E+01
3501	281	6.12099E+01
5532	173	6.12104E+01
5532	295	6.12194E+01
5532	336	6.12297E+01
5532	15	6.12318E+01
5532	254	6.12328E+01
5532	54	6.12387E+01
5532	93	6.12484E+01
5532	584	6.12496E+01
5532	501	6.12597E+01
5532	377	6.12598E+01
5532	213	6.12716E+01
5532	14	6.12718E+01
5635	478	6.12732E+01
5532	53	6.12918E+01
5532	418	6.13050E+01
5532	132	6.13099E+01
5532	13	6.13143E+01
5532	92	6.13250E+01
5532	172	6.13325E+01
3501	560	6.13371E+01
5532	542	6.13375E+01
3501	519	6.13426E+01
5532	52	6.13455E+01
5635	363	6.13471E+01
5532	12	6.13594E+01
5532	459	6.13607E+01
5532	294	6.13734E+01
5532	253	6.13773E+01
5532	335	6.13875E+01
5532	91	6.13985E+01
5532	51	6.14003E+01
5532	212	6.14009E+01
5532	131	6.14047E+01
5532	11	6.14072E+01
5532	583	6.14164E+01
5532	376	6.14166E+01
5532	500	6.14226E+01
3501	280	6.14339E+01
3501	282	6.14371E+01
5532	608	6.14405E+01
5532	171	6.14419E+01
3607	447	6.14452E+01
5532	50	6.14564E+01
5532	417	6.14567E+01
5532	10	6.14574E+01
5532	90	6.14695E+01
5532	322	6.14871E+01
5532	541	6.14874E+01
5532	130	6.14923E+01
8307	531	6.14931E+01
5532	252	6.15015E+01
5532	293	6.15040E+01
5532	458	6.15042E+01
5532	9	6.15095E+01
5532	49	6.15135E+01
5532	211	6.15140E+01
5532	334	6.15199E+01
3501	318	6.15262E+01
5532	89	6.15383E+01
5532	170	6.15399E+01
5532	375	6.15468E+01
5532	582	6.15523E+01
5532	499	6.15560E+01
5532	8	6.15629E+01
5635	397	6.15663E+01
5532	48	6.15712E+01
5532	129	6.15734E+01
3607	285	6.15812E+01
5532	416	6.15817E+01
3607	244	6.15859E+01
5635	318	6.16002E+01
5532	88	6.16046E+01
5532	251	6.16076E+01
5532	540	6.16095E+01
5532	210	6.16123E+01
5532	292	6.16139E+01
5532	7	6.16170E+01
5532	457	6.16218E+01
5532	169	6.16272E+01
5532	47	6.16286E+01
5532	333	6.16301E+01
3501	601	6.16355E+01
5532	128	6.16480E+01
5532	374	6.16543E+01
5532	581	6.16625E+01
5532	498	6.16647E+01
5532	87	6.16680E+01
5532	6	6.16706E+01
3501	478	6.16749E+01
3501	323	6.16814E+01
5532	415	6.16841E+01
5532	46	6.16850E+01
5532	209	6.16972E+01
5532	250	6.16975E+01
5532	168	6.17043E+01
5532	291	6.17058E+01
5532	539	6.17085E+01
5635	281	6.17101E+01
5532	127	6.17160E+01
5532	456	6.17175E+01
5532	332	6.17212E+01
5532	5	6.17230E+01
5532	86	6.17277E+01
5532	45	6.17394E+01
5532	373	6.17424E+01
5532	580	6.17516E+01
5532	497	6.17528E+01
5532	414	6.17675E+01
5532	208	6.17697E+01
5532	167	6.17717E+01
5532	249	6.17730E+01
5532	4	6.17731E+01
5532	126	6.17771E+01
5635	357	6.17802E+01
5532	290	6.17820E+01
5532	85	6.17830E+01
5635	404	6.17850E+01
5532	538	6.17885E+01
5532	44	6.17907E+01
5532	455	6.17952E+01
5532	331	6.17961E+01
3501	397	6.18031E+01
5635	280	6.18033E+01
3607	319	6.18057E+01
5532	372	6.18142E+01
5532	3	6.18201E+01
5532	579	6.18234E+01
5532	496	6.18240E+01
5532	166	6.18300E+01
5532	207	6.18311E+01
5532	125	6.18313E+01
5532	84	6.18332E+01
5635	486	6.18350E+01
5532	413	6.18352E+01
5532	248	6.18359E+01
5532	43	6.18380E+01
5532	289	6.18448E+01
3607	243	6.18503E+01
5532	537	6.18530E+01
5532	330	6.18572E+01
5532	454	6.18579E+01
5532	2	6.18632E+01
5532	371	6.18725E+01
5532	83	6.18780E+01
5532	124	6.18785E+01
5532	165	6.18797E+01
5532	42	6.18807E+01
5532	578	6.18811E+01
5532	495	6.18813E+01
5532	206	6.18825E+01
3607	245	6.18851E+01
5532	247	6.18880E+01
5532	412	6.18899E+01
5532	288	6.18962E+01
5532	1	6.19020E+01
5532	536	6.19047E+01
5532	329	6.19070E+01
3501	357	6.19084E+01
5532	453	6.19084E+01
5635	610	6.19097E+01
5532	82	6.19172E+01
5532	41	6.19186E+01
5532	123	6.19191E+01
5532	370	6.19197E+01
5532	164	6.19217E+01
5532	205	6.19254E+01
5532	577	6.19274E+01
5532	494	6.19274E+01
3607	561	6.19294E+01
5532	246	6.19307E+01
5532	411	6.19339E+01
5532	0	6.19364E+01
5532	287	6.19381E+01
3607	520	6.19429E+01
5532	535	6.19462E+01
5532	328	6.19472E+01
5532	452	6.19490E+01
3501	569	6.19519E+01
5532	369	6.19578E+01
8307	529	6.19602E+01
5532	493	6.19642E+01
5532	576	6.19643E+01
5532	410	6.19694E+01
5532	534	6.19794E+01
5532	451	6.19815E+01
5635	437	6.19883E+01
5532	492	6.19938E+01
5532	575	6.19939E+01
5532	533	6.20059E+01
3501	279	6.20071E+01
5532	574	6.20175E+01
5635	445	6.20290E+01
8307	573	6.20343E+01
5635	282	6.20679E+01
8307	489	6.20881E+01
3607	280	6.22307E+01
3501	283	6.22312E+01
5635	279	6.22496E+01
3607	602	6.23264E+01
3501	437	6.23531E+01
3501	242	6.23750E+01
8307	490	6.24051E+01
3607	479	6.24058E+01
5635	323	6.24357E+01
3607	398	6.25379E+01
3501	241	6.25525E+01
3607	242	6.25610E+01
5635	317	6.25649E+01
3501	243	6.25996E+01
3607	358	6.26056E+01
3501	317	6.26113E+01
3501	364	6.27059E+01
3607	571	6.27415E+01
5635	518	6.27920E+01
5635	559	6.28224E+01
3501	278	6.28410E+01
5532	403	6.28918E+01
5635	278	6.29640E+01
5635	283	6.29874E+01
5532	567	6.30008E+01
5635	242	6.30009E+01
3501	240	6.30428E+01
5635	396	6.30509E+01
5635	241	6.30570E+01
5635	356	6.30683E+01
5635	477	6.30707E+01
3607	366	6.30753E+01
5635	600	6.31358E+01
8307	488	6.31531E+01
8307	532	6.31675E+01
8307	610	6.31682E+01
3501	356	6.33072E+01
3501	244	6.33281E+01
8307	449	6.33299E+01
3501	518	6.33386E+01
5635	243	6.33466E+01
3607	438	6.33567E+01
3501	528	6.33797E+01
3501	396	6.33936E+01
5635	240	6.34284E+01
8307	448	6.34292E+01
3501	559	6.34301E+01
8307	569	6.34341E+01
3501	204	6.34446E+01
3607	318	6.35351E+01
3501	203	6.35470E+01
3501	477	6.35661E+01
5635	364	6.35768E+01
5635	569	6.35955E+01
3607	241	6.36139E+01
3501	324	6.36622E+01
3607	279	6.36740E+01
3607	286	6.36789E+01
5635	436	6.36797E+01
5635	316	6.37021E+01
3501	284	6.37207E+01
3501	239	6.37680E+01
5532	283	6.37871E+01
3501	405	6.37918E+01
3501	600	6.38116E+01
3607	204	6.38509E+01
3501	316	6.38555E+01
3501	277	6.38598E+01
5635	277	6.38732E+01
3501	611	6.38744E+01
3501	202	6.39393E+01
5532	244	6.39797E+01
3607	326	6.39964E+01
8088	611	6.40264E+01
5635	239	6.40400E+01
8307	491	6.40504E+01
8088	610	6.40579E+01
5532	526	6.40877E+01
5532	444	6.41209E+01
3501	436	6.41351E+01
5635	244	6.41924E+01
8307	528	6.42078E+01
3501	487	6.42449E+01
5635	203	6.43041E+01
5635	204	6.43120E+01
3501	446	6.43869E+01
8088	569	6.44086E+01
5635	355	6.44751E+01
5532	485	6.45085E+01
5635	324	6.45348E+01
3501	201	6.45508E+01
8307	408	6.45777E+01
5635	202	6.45850E+01
3607	530	6.45914E+01
5635	284	6.45925E+01
8088	570	6.46016E+01
5635	395	6.46355E+01
8307	450	6.46417E+01
3501	238	6.46611E+01
3501	245	6.46739E+01
3607	357	6.46839E+01
3607	519	6.47021E+01
5532	363	6.47308E+01
5635	517	6.47567E+01
3607	613	6.47684E+01
3607	203	6.47729E+01
5635	405	6.47952E+01
3607	560	6.48001E+01
3501	355	6.48055E+01
5635	238	6.48266E+01
3607	397	6.48331E+01
5510	606	6.48653E+01
5635	558	6.48768E+01
5635	528	6.48847E+01
3607	407	6.48849E+01
5510	607	6.48857E+01
5635	276	6.49158E+01
3607	240	6.49187E+01
8088	528	6.49308E+01
5635	476	6.49328E+01
5635	315	6.49517E+01
8307	447	6.49529E+01
3501	276	6.50002E+01
3607	478	6.50453E+01
3501	395	6.50611E+01
5635	201	6.50854E+01
5532	323	6.50995E+01
8307	409	6.51335E+01
8088	612	6.51740E+01
8088	529	6.51900E+01
3501	315	6.51963E+01
5635	599	6.52622E+01
3607	601	6.52943E+01
8088	609	6.53010E+01
3607	278	6.53132E+01
3501	200	6.53197E+01
5510	565	6.53617E+01
3501	517	6.53625E+01
5635	435	6.54290E+01
3607	317	6.54325E+01
8088	568	6.54624E+01
8307	407	6.54846E+01
3501	476	6.54921E+01
3501	558	6.55340E+01
5613	609	6.55472E+01
5635	446	6.55489E+01
5635	487	6.55813E+01
5510	605	6.55862E+01
8307	487	6.55985E+01
5510	566	6.56104E+01
8088	487	6.56403E+01
5635	245	6.56478E+01
3501	237	6.56643E+01
5613	610	6.56980E+01
3607	489	6.57115E+01
5635	237	6.57321E+01
5635	200	6.57452E+01
8088	488	6.57547E+01
5510	608	6.57557E+01
3501	365	6.58259E+01
3607	448	6.58444E+01
3607	437	6.58689E+01
5510	564	6.58803E+01
3607	202	6.59288E+01
5635	354	6.59458E+01
3501	435	6.59482E+01
8088	527	6.59485E+01
3501	599	6.59730E+01
5510	524	6.60008E+01
5635	611	6.60094E+01
8088	571	6.60199E+01
5635	275	6.60414E+01
3501	285	6.60439E+01
3501	570	6.60975E+01
5532	609	6.61019E+01
3501	163	6.61219E+01
3501	199	6.61929E+01
8307	368	6.62084E+01
3501	275	6.62104E+01
5635	394	6.62621E+01
5635	314	6.62650E+01
5613	568	6.62809E+01
3501	354	6.63470E+01
8088	447	6.63729E+01
5510	525	6.63790E+01
5613	608	6.63925E+01
5510	523	6.63944E+01
3607	239	6.63974E+01
5635	199	6.65126E+01
3501	314	6.65834E+01
3501	325	6.66152E+01
8088	446	6.66684E+01
5635	236	6.67101E+01
5635	516	6.67125E+01
5613	569	6.67152E+01
8088	530	6.67246E+01
3501	236	6.67302E+01
5510	567	6.67408E+01
3501	394	6.67464E+01
5510	483	6.67484E+01
5635	475	6.67951E+01
5635	365	6.68162E+01
8088	486	6.68163E+01
5613	611	6.68544E+01
3607	356	6.68614E+01
5613	567	6.68821E+01
8307	609	6.68900E+01
3501	162	6.68978E+01
5635	557	6.69055E+01
5510	604	6.69138E+01
8307	367	6.69237E+01
5635	163	6.69391E+01
8307	568	6.70038E+01
5635	285	6.70164E+01
5510	563	6.70283E+01
3607	277	6.70734E+01
5510	482	6.71138E+01
3501	198	6.71251E+01
5510	484	6.71311E+01
5635	434	6.71798E+01
5613	527	6.71861E+01
8088	489	6.71902E+01
3607	396	6.72053E+01
5635	274	6.72100E+01
3607	201	6.72473E+01
3607	367	6.73029E+01
8088	406	6.73397E+01
5635	598	6.73400E+01
5635	198	6.73442E+01
3501	516	6.73464E+01
3501	475	6.73894E+01
5510	522	6.74176E+01
8088	448	6.74200E+01
3607	316	6.74221E+01
5532	404	6.74240E+01
8088	613	6.74266E+01
5635	353	6.74363E+01
3501	274	6.74495E+01
3607	518	6.74981E+01
5510	609	6.75446E+01
5532	245	6.75687E+01
3501	557	6.75795E+01
5635	325	6.75888E+01
5635	162	6.75943E+01
3607	572	6.75978E+01
5635	313	6.76033E+01
5510	442	6.76108E+01
8088	407	6.76415E+01
5510	526	6.76528E+01
5613	526	6.76672E+01
5532	284	6.76765E+01
3607	559	6.76923E+01
3501	161	6.77153E+01
3607	477	6.77233E+01
5635	235	6.77235E+01
8088	567	6.77277E+01
8088	608	6.77325E+01
3501	434	6.77361E+01
3501	406	6.77678E+01
5613	528	6.77688E+01
8307	527	6.77789E+01
8307	406	6.78023E+01
3501	235	6.78206E+01
3501	529	6.78475E+01
8307	446	6.78506E+01
5510	443	6.78585E+01
5635	393	6.78844E+01
3501	353	6.78870E+01
3501	313	6.79775E+01
3607	238	6.79837E+01
5532	568	6.80078E+01
3607	327	6.80095E+01
5510	441	6.80521E+01
3501	598	6.80525E+01
3501	197	6.80796E+01
5510	481	6.80814E+01
5635	570	6.80879E+01
5613	607	6.81707E+01
8088	526	6.81860E+01
5613	570	6.82051E+01
5635	197	6.82053E+01
5613	486	6.82295E+01
8088	445	6.82306E+01
3607	600	6.82568E+01
5635	161	6.82900E+01
8088	405	6.83426E+01
5635	273	6.83910E+01
5510	485	6.83965E+01
1329	409	6.83972E+01
3501	612	6.84027E+01
3501	393	6.84034E+01
3607	436	6.84082E+01
5613	566	6.84460E+01
8088	366	6.84775E+01
3501	160	6.85441E+01
8088	572	6.85967E+01
5635	515	6.86065E+01
5635	474	6.86083E+01
5510	402	6.86385E+01
5510	401	6.86562E+01
5510	562	6.86587E+01
3607	200	6.86673E+01
1329	450	6.86796E+01
3501	273	6.86860E+01
5510	603	6.87017E+01
5635	234	6.87447E+01
5613	485	6.87502E+01
5613	487	6.87791E+01
5510	568	6.88304E+01
3501	488	6.88432E+01
3501	447	6.88465E+01
5635	556	6.88548E+01
5635	433	6.88886E+01
3607	276	6.88929E+01
3501	234	6.89069E+01
5635	406	6.89110E+01
5635	352	6.89113E+01
5510	521	6.89233E+01
5635	312	6.89365E+01
5510	444	6.89385E+01
8088	367	6.89777E+01
5613	612	6.89795E+01
5635	160	6.89994E+01
3501	196	6.90284E+01
5510	440	6.90370E+01
8307	366	6.90544E+01
3607	355	6.90696E+01
5635	196	6.90701E+01
1329	368	6.91101E+01
5613	525	6.91220E+01
5532	445	6.91467E+01
8088	485	6.91940E+01
3501	474	6.92106E+01
3501	515	6.92402E+01
5510	400	6.92645E+01
8088	365	6.92828E+01
1329	491	6.92959E+01
5532	527	6.93047E+01
5635	597	6.93173E+01
8307	327	6.93245E+01
8088	408	6.93260E+01
3501	286	6.93408E+01
8178	614	6.93457E+01
3501	312	6.93482E+01
5510	403	6.93557E+01
8307	486	6.93590E+01
3501	159	6.93612E+01
3501	352	6.93906E+01
1329	449	6.94039E+01
3607	315	6.94432E+01
5613	529	6.94545E+01
3501	433	6.94571E+01
5613	445	6.94607E+01
5635	392	6.94663E+01
5532	364	6.94734E+01
8088	531	6.94825E+01
5510	480	6.95068E+01
3501	556	6.95168E+01
5635	272	6.95617E+01
3607	395	6.95823E+01
3607	237	6.96217E+01
3607	163	6.96268E+01
5635	529	6.96397E+01
5532	324	6.96413E+01
5510	361	6.96498E+01
1329	408	6.96789E+01
5635	159	6.97031E+01
8178	573	6.97089E+01
5532	486	6.97495E+01
5613	446	6.97531E+01
5635	233	6.97545E+01
8178	613	6.97564E+01
3607	614	6.97961E+01
8088	449	6.98268E+01
8178	572	6.98400E+01
5510	362	6.98718E+01
3607	531	6.98841E+01
3652	610	6.98929E+01
3501	272	6.98969E+01
1329	490	6.98974E+01
5510	527	6.99135E+01
8088	490	6.99208E+01
5635	195	6.99211E+01
3652	569	6.99320E+01
3501	195	6.99521E+01
3501	233	6.99689E+01
8088	326	6.99906E+01
3501	392	6.99978E+01
3501	597	7.00032E+01
5510	360	7.00182E+01
3607	408	7.00250E+01
3652	527	7.00395E+01
3652	568	7.00566E+01
3501	366	7.00869E+01
3652	528	7.00876E+01
1329	532	7.01103E+01
3607	199	7.01368E+01
3501	158	7.01504E+01
8178	532	7.01545E+01
8178	531	7.01617E+01
8088	327	7.01736E+01
5635	447	7.01867E+01
5613	444	7.02050E+01
5613	484	7.02263E+01
5635	311	7.02412E+01
3652	486	7.02421E+01
3607	517	7.02428E+01
5510	610	7.02752E+01
3652	487	7.02801E+01
3652	609	7.03218E+01
5510	399	7.03268E+01
1439	409	7.03313E+01
5635	473	7.03361E+01
5635	351	7.03438E+01
3607	476	7.03587E+01
5635	158	7.03886E+01
5635	286	7.03950E+01
5635	514	7.04005E+01
5635	488	7.04089E+01
5510	439	7.04284E+01
1439	450	7.04410E+01
3652	611	7.04509E+01
5613	488	7.04667E+01
3607	558	7.05149E+01
3652	446	7.05202E+01
8088	404	7.05203E+01
5635	432	7.05231E+01
9279	532	7.05787E+01
5510	561	7.06271E+01
8178	491	7.06281E+01
5510	486	7.06546E+01
3501	311	7.06732E+01
3501	326	7.06735E+01
8088	614	7.06863E+01
5635	555	7.06868E+01
5635	271	7.07064E+01
9279	491	7.07169E+01
3501	122	7.07205E+01
5613	571	7.07218E+01
3607	275	7.07221E+01
3652	445	7.07253E+01
8178	490	7.07358E+01
5635	232	7.07412E+01
5635	194	7.07486E+01
5613	606	7.07685E+01
5510	520	7.07708E+01
5510	602	7.08047E+01
5510	363	7.08259E+01
5510	321	7.08287E+01
3501	351	7.08326E+01
3501	194	7.08395E+01
5510	359	7.08451E+01
3652	570	7.08506E+01
5613	565	7.08518E+01
5613	405	7.08633E+01
8088	368	7.08795E+01
1329	531	7.08862E+01
3501	157	7.09021E+01
3607	435	7.09041E+01
3501	473	7.09226E+01
8088	444	7.09310E+01
3607	162	7.09448E+01
5635	612	7.09506E+01
5510	404	7.09510E+01
5510	445	7.09805E+01
5635	391	7.09813E+01
3501	232	7.09942E+01
3652	405	7.09997E+01
9279	573	7.10016E+01
1439	491	7.10068E+01
3501	514	7.10095E+01
8088	325	7.10442E+01
5635	157	7.10498E+01
5510	322	7.10559E+01
3652	526	7.10641E+01
3501	271	7.10666E+01
5613	404	7.10684E+01
3546	526	7.10714E+01
3501	432	7.10815E+01
3546	609	7.10847E+01
3546	567	7.10850E+01
8088	566	7.11080E+01
3607	599	7.11236E+01
5510	320	7.11387E+01
3501	571	7.11435E+01
3546	568	7.11549E+01
5635	596	7.11589E+01
5635	366	7.11788E+01
5613	447	7.11871E+01
8178	450	7.11937E+01
3652	567	7.12161E+01
1329	573	7.12203E+01
3546	485	7.12265E+01
3652	529	7.12343E+01
8088	364	7.12483E+01
3607	354	7.12540E+01
5510	479	7.12558E+01
3607	490	7.12655E+01
3607	236	7.12661E+01
8178	571	7.12665E+01
8088	607	7.12665E+01
3652	485	7.12950E+01
3546	608	7.13011E+01
3546	527	7.13032E+01
5635	122	7.13068E+01
3501	121	7.13114E+01
3501	555	7.13126E+01
3875	10	7.13433E+01
3875	9	7.13444E+01
3875	11	7.13460E+01
3875	8	7.13489E+01
3875	12	7.13530E+01
3875	7	7.13561E+01
3875	13	7.13644E+01
3875	6	7.13653E+01
3875	5	7.13760E+01
3875	14	7.13804E+01
1439	368	7.13868E+01
3875	4	7.13874E+01
3607	449	7.13889E+01
3875	3	7.13989E+01
3875	15	7.14007E+01
8178	612	7.14092E+01
3875	2	7.14102E+01
3652	406	7.14129E+01
8307	405	7.14149E+01
5613	524	7.14167E+01
3875	1	7.14208E+01
3875	46	7.14218E+01
3875	47	7.14229E+01
3875	45	7.14235E+01
3875	16	7.14249E+01
3875	44	7.14273E+01
3875	48	7.14275E+01
3875	0	7.14304E+01
3875	43	7.14324E+01
3875	49	7.14363E+01
3875	42	7.14381E+01
3875	41	7.14440E+01
3607	314	7.14479E+01
3875	50	7.14496E+01
3546	486	7.14512E+01
3875	17	7.14525E+01
3875	84	7.14623E+01
3652	488	7.14626E+01
3875	83	7.14628E+01
3875	85	7.14632E+01
3875	82	7.14643E+01
3875	86	7.14662E+01
3875	51	7.14674E+01
3875	87	7.14722E+01
3652	447	7.14776E+01
3875	88	7.14818E+01
3875	18	7.14826E+01
3875	123	7.14827E+01
3875	124	7.14849E+01
3875	125	7.14886E+01
3875	52	7.14896E+01
3875	126	7.14942E+01
3875	89	7.14956E+01
3875	164	7.14979E+01
3875	574	7.15006E+01
5635	310	7.15007E+01
1329	448	7.15020E+01
3875	127	7.15025E+01
3875	165	7.15031E+01
3875	533	7.15049E+01
3501	391	7.15053E+01
3875	575	7.15053E+01
3875	492	7.15093E+01
3875	205	7.15095E+01
3875	166	7.15103E+01
3875	534	7.15106E+01
1329	367	7.15107E+01
3875	576	7.15112E+01
3875	90	7.15138E+01
3875	451	7.15139E+01
3875	128	7.15142E+01
3875	19	7.15145E+01
3875	53	7.15156E+01
3875	493	7.15163E+01
3875	206	7.15172E+01
3875	246	7.15173E+01
3875	535	7.15179E+01
3875	410	7.15180E+01
3875	577	7.15186E+01
3875	167	7.15198E+01
3875	369	7.15212E+01
3875	287	7.15216E+01
3875	452	7.15220E+01
3875	328	7.15226E+01
3875	494	7.15251E+01
3875	247	7.15267E+01
3875	536	7.15270E+01
3875	207	7.15271E+01
3875	411	7.15272E+01
3875	578	7.15279E+01
8088	525	7.15283E+01
3875	129	7.15301E+01
8178	530	7.15309E+01
3875	370	7.15312E+01
3875	288	7.15318E+01
3875	453	7.15322E+01
3875	168	7.15326E+01
3875	329	7.15330E+01
3875	495	7.15360E+01
3875	91	7.15364E+01
3875	537	7.15386E+01
3875	248	7.15387E+01
3875	412	7.15388E+01
3875	579	7.15396E+01
3875	208	7.15400E+01
1439	449	7.15411E+01
3875	371	7.15438E+01
3875	54	7.15446E+01
3875	289	7.15448E+01
3875	454	7.15450E+01
3875	330	7.15462E+01
3875	20	7.15470E+01
5635	193	7.15491E+01
3875	169	7.15494E+01
3875	496	7.15498E+01
3875	130	7.15506E+01
3875	538	7.15530E+01
3875	413	7.15533E+01
3875	249	7.15539E+01
3875	580	7.15543E+01
3875	209	7.15566E+01
3875	372	7.15597E+01
3875	455	7.15612E+01
3875	290	7.15613E+01
3875	331	7.15628E+01
3875	92	7.15631E+01
3875	497	7.15672E+01
3875	539	7.15711E+01
3875	170	7.15711E+01
3875	414	7.15716E+01
3875	581	7.15728E+01
3875	250	7.15732E+01
3875	55	7.15755E+01
3875	131	7.15762E+01
9257	614	7.15765E+01
3875	210	7.15778E+01
3875	21	7.15794E+01
3875	373	7.15797E+01
3875	456	7.15815E+01
3875	291	7.15821E+01
9257	573	7.15834E+01
3875	332	7.15838E+01
3875	498	7.15890E+01
3546	444	7.15920E+01
3875	93	7.15933E+01
3875	540	7.15938E+01
3875	415	7.15946E+01
3875	582	7.15958E+01
3875	251	7.15978E+01
3875	171	7.15985E+01
3546	445	7.16011E+01
3875	211	7.16048E+01
3875	374	7.16048E+01
3875	132	7.16069E+01
3875	457	7.16069E+01
3875	56	7.16074E+01
3875	292	7.16083E+01
3875	333	7.16101E+01
3875	22	7.16108E+01
3501	156	7.16125E+01
3607	198	7.16127E+01
3875	499	7.16162E+01
3875	541	7.16222E+01
3875	416	7.16234E+01
3875	583	7.16247E+01
3875	94	7.16263E+01
3875	252	7.16286E+01
3875	172	7.16322E+01
3875	375	7.16363E+01
3875	212	7.16385E+01
3875	458	7.16388E+01
3875	57	7.16391E+01
3875	23	7.16407E+01
3875	293	7.16412E+01
3875	133	7.16425E+01
3875	334	7.16431E+01
5532	610	7.16481E+01
3875	500	7.16504E+01
3875	542	7.16577E+01
3875	417	7.16595E+01
3875	584	7.16607E+01
3875	95	7.16613E+01
3875	253	7.16672E+01
3875	24	7.16685E+01
3875	58	7.16698E+01
3875	173	7.16727E+01
3875	376	7.16758E+01
9279	450	7.16761E+01
3875	459	7.16786E+01
3875	213	7.16802E+01
3875	294	7.16824E+01
3875	134	7.16829E+01
3875	335	7.16845E+01
5635	156	7.16853E+01
3501	193	7.16859E+01
3875	501	7.16930E+01
3875	25	7.16940E+01
3875	96	7.16976E+01
3875	59	7.16986E+01
5635	231	7.16987E+01
3875	543	7.17020E+01
3875	418	7.17046E+01
3875	585	7.17054E+01
3652	404	7.17092E+01
5635	350	7.17143E+01
3875	254	7.17151E+01
3875	26	7.17170E+01
5510	398	7.17200E+01
3875	174	7.17207E+01
8178	449	7.17223E+01
3875	377	7.17250E+01
3875	60	7.17253E+01
5635	326	7.17275E+01
3875	135	7.17280E+01
3875	460	7.17283E+01
3875	214	7.17310E+01
3875	295	7.17336E+01
3875	97	7.17348E+01
3875	336	7.17360E+01
3875	27	7.17375E+01
3652	608	7.17382E+01
3652	365	7.17395E+01
5613	406	7.17423E+01
3875	502	7.17460E+01
3875	61	7.17498E+01
8307	326	7.17525E+01
3875	28	7.17556E+01
3875	544	7.17570E+01
3875	419	7.17608E+01
3875	586	7.17609E+01
1329	489	7.17703E+01
3875	29	7.17718E+01
3875	62	7.17725E+01
3875	98	7.17730E+01
3875	255	7.17740E+01
3875	175	7.17766E+01
3875	136	7.17779E+01
5635	121	7.17827E+01
3875	378	7.17862E+01
3875	30	7.17865E+01
3875	461	7.17901E+01
3875	215	7.17920E+01
3875	63	7.17944E+01
3501	596	7.17952E+01
3875	296	7.17969E+01
5591	609	7.17998E+01
3875	337	7.17999E+01
3875	31	7.18003E+01
8307	567	7.18095E+01
3875	503	7.18118E+01
3875	99	7.18124E+01
3875	32	7.18139E+01
5635	270	7.18145E+01
3875	64	7.18166E+01
3875	545	7.18251E+01
3875	33	7.18282E+01
3546	610	7.18291E+01
3875	587	7.18294E+01
3875	420	7.18305E+01
3875	137	7.18334E+01
8307	608	7.18344E+01
3546	525	7.18380E+01
3875	65	7.18402E+01
3875	176	7.18413E+01
5613	443	7.18436E+01
3875	34	7.18437E+01
3875	256	7.18455E+01
9257	532	7.18522E+01
3875	100	7.18543E+01
1439	532	7.18552E+01
3875	35	7.18609E+01
3875	379	7.18620E+01
3875	216	7.18648E+01
5510	319	7.18650E+01
3875	462	7.18666E+01
3875	66	7.18668E+01
3501	120	7.18718E+01
8285	614	7.18742E+01
3875	297	7.18745E+01
3875	338	7.18786E+01
3875	36	7.18806E+01
3875	504	7.18931E+01
3875	138	7.18954E+01
3875	67	7.18983E+01
9279	614	7.18985E+01
3875	101	7.19004E+01
3875	37	7.19032E+01
5591	610	7.19053E+01
3607	394	7.19070E+01
3875	546	7.19090E+01
3546	404	7.19099E+01
5510	569	7.19116E+01
3875	588	7.19136E+01
3875	177	7.19164E+01
3875	421	7.19165E+01
3875	38	7.19299E+01
3875	257	7.19319E+01
3501	310	7.19370E+01
3875	68	7.19371E+01
3875	217	7.19510E+01
3652	612	7.19512E+01
5635	472	7.19530E+01
3875	102	7.19534E+01
5510	323	7.19536E+01
3875	380	7.19552E+01
1439	490	7.19586E+01
3875	463	7.19609E+01
3875	39	7.19619E+01
3875	139	7.19660E+01
3875	298	7.19690E+01
3875	339	7.19751E+01
3501	231	7.19768E+01
3546	566	7.19849E+01
3875	69	7.19860E+01
3875	505	7.19931E+01
3875	40	7.20011E+01
5613	613	7.20020E+01
3652	444	7.20024E+01
3875	178	7.20039E+01
3546	484	7.20049E+01
8307	445	7.20078E+01
3875	547	7.20119E+01
5510	358	7.20127E+01
1439	408	7.20154E+01
3875	589	7.20164E+01
3875	103	7.20168E+01
3875	422	7.20223E+01
3875	258	7.20358E+01
3875	140	7.20479E+01
3875	70	7.20483E+01
3875	218	7.20534E+01
5635	431	7.20600E+01
5635	513	7.20685E+01
3875	381	7.20693E+01
3875	464	7.20765E+01
3875	299	7.20835E+01
3875	340	7.20927E+01
3875	104	7.20948E+01
5510	438	7.21034E+01
3875	179	7.21067E+01
3875	506	7.21154E+01
3875	71	7.21278E+01
3875	548	7.21374E+01
3875	590	7.21414E+01
5510	281	7.21419E+01
3875	141	7.21451E+01
5510	282	7.21464E+01
3875	423	7.21515E+01
3875	259	7.21604E+01
3875	219	7.21752E+01
3501	270	7.21855E+01
3652	364	7.21882E+01
8178	409	7.21919E+01
3875	105	7.21926E+01
3501	350	7.21954E+01
3875	382	7.22083E+01
5613	403	7.22141E+01
3875	465	7.22176E+01
3875	300	7.22217E+01
3875	72	7.22288E+01
3875	180	7.22288E+01
5613	530	7.22308E+01
3875	341	7.22354E+01
8088	573	7.22364E+01
3546	569	7.22373E+01
5635	120	7.22438E+01
3607	161	7.22574E+01
3875	142	7.22627E+01
3875	507	7.22643E+01
3501	155	7.22830E+01
8178	489	7.22832E+01
3875	549	7.22898E+01
3875	591	7.22925E+01
5635	155	7.22978E+01
3875	424	7.23089E+01
3875	260	7.23100E+01
3875	106	7.23156E+01
3875	220	7.23209E+01
5635	192	7.23235E+01
3546	403	7.23401E+01
8088	286	7.23461E+01
3875	73	7.23560E+01
1329	572	7.23603E+01
3875	181	7.23753E+01
3875	383	7.23770E+01
5635	554	7.23770E+01
1329	327	7.23879E+01
3875	301	7.23884E+01
3875	466	7.23889E+01
3501	119	7.24037E+01
3875	143	7.24070E+01
9257	491	7.24070E+01
3875	342	7.24080E+01
5635	390	7.24103E+01
8088	409	7.24109E+01
1329	407	7.24124E+01
3652	366	7.24240E+01
3546	607	7.24443E+01
3875	508	7.24448E+01
8307	365	7.24655E+01
3875	107	7.24701E+01
3875	550	7.24737E+01
3875	592	7.24742E+01
3875	261	7.24898E+01
3501	192	7.24921E+01
3875	221	7.24957E+01
5532	285	7.24960E+01
3546	405	7.24993E+01
3875	425	7.24995E+01
3501	472	7.25039E+01
5613	483	7.25082E+01
3875	74	7.25144E+01
5613	364	7.25192E+01
3607	274	7.25228E+01
8285	573	7.25328E+01
3546	443	7.25523E+01
3875	182	7.25524E+01
5613	365	7.25607E+01
5510	280	7.25709E+01
8307	526	7.25782E+01
3875	384	7.25810E+01
3875	144	7.25848E+01
3546	364	7.25865E+01
3875	302	7.25894E+01
3501	431	7.25896E+01
3546	528	7.25925E+01
3875	467	7.25962E+01
3875	343	7.26164E+01
5635	230	7.26251E+01
8088	484	7.26325E+01
3501	513	7.26331E+01
5510	364	7.26569E+01
3875	108	7.26621E+01
3875	509	7.26624E+01
5591	608	7.26887E+01
3546	446	7.26916E+01
3875	593	7.26923E+01
5635	119	7.26945E+01
3875	551	7.26950E+01
5510	283	7.26997E+01
5635	309	7.27035E+01
3875	222	7.27061E+01
3875	262	7.27062E+01
3875	75	7.27091E+01
3875	426	7.27298E+01
3546	363	7.27606E+01
3546	487	7.27620E+01
3652	325	7.27631E+01
3875	183	7.27675E+01
3652	571	7.27744E+01
1329	614	7.27969E+01
3607	368	7.28017E+01
5510	560	7.28018E+01
3875	145	7.28035E+01
5591	568	7.28151E+01
3875	385	7.28271E+01
3875	303	7.28313E+01
5510	519	7.28329E+01
1329	530	7.28347E+01
5635	595	7.28432E+01
3875	468	7.28461E+01
3875	344	7.28675E+01
3607	516	7.28698E+01
5635	269	7.28796E+01
3607	235	7.28819E+01
3607	475	7.28899E+01
5635	154	7.28925E+01
3875	109	7.28977E+01
5510	318	7.29015E+01
3501	390	7.29098E+01
3501	118	7.29109E+01
3501	230	7.29153E+01
3501	154	7.29187E+01
3875	510	7.29242E+01
3501	407	7.29274E+01
3875	76	7.29449E+01
3501	554	7.29478E+01
3875	594	7.29534E+01
1439	531	7.29585E+01
3875	223	7.29598E+01
3875	552	7.29606E+01
3875	263	7.29664E+01
5488	606	7.29751E+01
5488	607	7.29976E+01
3875	427	7.30072E+01
5635	349	7.30092E+01
5532	405	7.30220E+01
5591	611	7.30230E+01
3875	184	7.30285E+01
3652	407	7.30419E+01
1439	573	7.30552E+01
3607	197	7.30609E+01
3875	146	7.30701E+01
5635	191	7.30754E+01
3652	525	7.30854E+01
5510	601	7.30895E+01
3875	304	7.31220E+01
3875	386	7.31232E+01
3501	309	7.31299E+01
5635	118	7.31395E+01
3875	469	7.31464E+01
8088	324	7.31669E+01
3875	345	7.31694E+01
3875	110	7.31818E+01
3607	557	7.32001E+01
5591	569	7.32055E+01
5510	478	7.32099E+01
5510	528	7.32105E+01
3875	77	7.32262E+01
3607	573	7.32332E+01
3875	511	7.32382E+01
3501	269	7.32486E+01
3652	326	7.32592E+01
3501	191	7.32623E+01
3875	224	7.32648E+01
3875	595	7.32663E+01
3875	264	7.32786E+01
3875	553	7.32787E+01
3501	530	7.32938E+01
8285	613	7.33011E+01
3607	434	7.33027E+01
5613	489	7.33077E+01
5510	279	7.33319E+01
5510	397	7.33380E+01
3652	484	7.33388E+01
3875	428	7.33402E+01
3875	185	7.33429E+01
3652	324	7.33450E+01
3652	566	7.33511E+01
9257	572	7.33647E+01
3607	353	7.33725E+01
8088	532	7.33752E+01
3875	147	7.33911E+01
5510	242	7.33977E+01
3501	117	7.33992E+01
3607	313	7.33996E+01
3652	403	7.34118E+01
5510	243	7.34120E+01
3546	324	7.34121E+01
5613	363	7.34121E+01
3501	595	7.34130E+01
5510	357	7.34195E+01
8285	532	7.34224E+01
9257	450	7.34258E+01
3546	365	7.34373E+01
5635	471	7.34425E+01
3652	530	7.34568E+01
5591	567	7.34580E+01
3501	349	7.34680E+01
3875	305	7.34702E+01
5635	153	7.34763E+01
3875	387	7.34784E+01
5635	430	7.34840E+01
5635	571	7.34842E+01
3546	524	7.35015E+01
3875	470	7.35063E+01
3875	111	7.35186E+01
3546	611	7.35203E+01
5635	229	7.35207E+01
3501	153	7.35275E+01
3875	346	7.35310E+01
6436	449	7.35318E+01
3607	160	7.35369E+01
6436	408	7.35506E+01
8088	450	7.35541E+01
5510	405	7.35561E+01
3875	78	7.35566E+01
8178	408	7.35774E+01
9257	613	7.35815E+01
5635	117	7.35842E+01
9257	531	7.35842E+01
5635	512	7.35947E+01
6436	489	7.36069E+01
3875	512	7.36141E+01
3875	225	7.36297E+01
3652	363	7.36300E+01
3652	448	7.36398E+01
3875	596	7.36424E+01
3546	402	7.36515E+01
3875	265	7.36517E+01
3875	554	7.36596E+01
5510	324	7.36648E+01
3546	483	7.36671E+01
5488	605	7.36675E+01
6436	448	7.36747E+01
3546	323	7.36813E+01
3501	613	7.36832E+01
5613	366	7.36901E+01
8285	572	7.36915E+01
8088	403	7.37042E+01
3875	186	7.37178E+01
3875	429	7.37387E+01
5635	389	7.37405E+01
5488	565	7.37476E+01
6436	490	7.37501E+01
8178	448	7.37656E+01
3546	565	7.37664E+01
5510	241	7.37682E+01
3875	148	7.37711E+01
3652	489	7.37927E+01
5635	190	7.38094E+01
3501	229	7.38113E+01
5613	407	7.38130E+01
3546	362	7.38152E+01
5613	448	7.38193E+01
3607	598	7.38291E+01
6436	530	7.38417E+01
5635	308	7.38418E+01
5488	608	7.38511E+01
8088	491	7.38746E+01
3501	116	7.38753E+01
3875	306	7.38855E+01
5635	268	7.38978E+01
3875	388	7.39027E+01
3875	112	7.39106E+01
5635	553	7.39114E+01
5510	244	7.39125E+01
5510	611	7.39247E+01
5510	284	7.39309E+01
3875	471	7.39364E+01
3875	79	7.39389E+01
5613	564	7.39423E+01
3501	471	7.39426E+01
6436	368	7.39531E+01
5532	569	7.39560E+01
5510	437	7.39563E+01
3875	347	7.39626E+01
9279	531	7.39698E+01
3501	430	7.39699E+01
6436	531	7.39731E+01
5510	487	7.39794E+01
5488	566	7.40020E+01
3501	190	7.40024E+01
5591	527	7.40124E+01
1439	448	7.40317E+01
3501	81	7.40326E+01
5613	605	7.40333E+01
5635	116	7.40337E+01
5635	152	7.40556E+01
3875	226	7.40620E+01
3875	513	7.40634E+01
9279	409	7.40718E+01
8178	570	7.40730E+01
8088	285	7.40807E+01
5510	446	7.40883E+01
3652	607	7.40920E+01
3875	266	7.40948E+01
3875	597	7.40967E+01
3501	512	7.41000E+01
3546	325	7.41081E+01
3875	555	7.41164E+01
3501	152	7.41179E+01
5613	402	7.41359E+01
3607	393	7.41362E+01
6436	409	7.41406E+01
5510	317	7.41577E+01
3875	187	7.41587E+01
3652	286	7.41771E+01
1994	609	7.41806E+01
5635	407	7.41956E+01
8088	363	7.41975E+01
5613	572	7.41980E+01
1439	489	7.42007E+01
3501	389	7.42018E+01
1994	610	7.42066E+01
6436	572	7.42104E+01
1439	367	7.42117E+01
5613	442	7.42119E+01
3875	149	7.42129E+01
3875	430	7.42140E+01
5635	348	7.42192E+01
3546	406	7.42226E+01
3652	443	7.42237E+01
5488	564	7.42334E+01
3501	308	7.42464E+01
9042	532	7.42531E+01
3501	268	7.42536E+01
3607	273	7.42668E+01
6436	571	7.42979E+01
8307	485	7.43058E+01
3652	613	7.43179E+01
5613	325	7.43251E+01
3546	570	7.43266E+01
9279	490	7.43318E+01
8178	529	7.43336E+01
9257	490	7.43359E+01
5510	278	7.43371E+01
3546	442	7.43441E+01
3501	115	7.43464E+01
3652	367	7.43504E+01
3875	113	7.43587E+01
5635	594	7.43593E+01
3652	285	7.43682E+01
3875	80	7.43746E+01
3875	307	7.43781E+01
6436	407	7.43807E+01
5635	228	7.43862E+01
5613	523	7.43878E+01
8178	611	7.43953E+01
5613	324	7.44018E+01
3875	389	7.44076E+01
3501	553	7.44139E+01
1329	613	7.44140E+01
9279	572	7.44167E+01
3546	606	7.44336E+01
9042	491	7.44347E+01
