GRAM	c2h2	chi_tot
7440	497	2.58082E+02
7440	455	2.58082E+02
7440	496	2.58083E+02
7440	538	2.58084E+02
7440	456	2.58084E+02
7440	414	2.58085E+02
7440	539	2.58085E+02
7440	454	2.58086E+02
7440	413	2.58086E+02
7440	537	2.58087E+02
7440	580	2.58087E+02
7440	498	2.58087E+02
7440	579	2.58088E+02
7440	495	2.58088E+02
7440	372	2.58090E+02
7440	412	2.58090E+02
7440	415	2.58090E+02
7440	453	2.58091E+02
7440	578	2.58092E+02
7440	371	2.58092E+02
7440	536	2.58092E+02
7440	373	2.58092E+02
7440	581	2.58093E+02
7440	494	2.58094E+02
7440	457	2.58094E+02
7440	411	2.58095E+02
7440	540	2.58096E+02
7440	370	2.58096E+02
7440	577	2.58097E+02
7440	452	2.58097E+02
7440	330	2.58098E+02
7440	535	2.58098E+02
7440	331	2.58099E+02
7440	329	2.58100E+02
7440	493	2.58100E+02
7440	369	2.58101E+02
7440	410	2.58101E+02
7440	374	2.58103E+02
7440	576	2.58103E+02
7440	451	2.58103E+02
7440	0	2.58103E+02
7440	499	2.58104E+02
7440	328	2.58104E+02
7440	534	2.58104E+02
7440	332	2.58105E+02
7440	492	2.58106E+02
7440	416	2.58106E+02
7440	288	2.58108E+02
7440	1	2.58108E+02
7440	575	2.58108E+02
7440	289	2.58108E+02
7440	582	2.58109E+02
7440	533	2.58110E+02
7440	287	2.58110E+02
7440	290	2.58113E+02
7440	574	2.58113E+02
7440	458	2.58118E+02
7440	2	2.58118E+02
7440	246	2.58119E+02
7440	247	2.58120E+02
7440	541	2.58120E+02
7440	333	2.58122E+02
7440	248	2.58124E+02
7440	291	2.58125E+02
7440	375	2.58126E+02
7440	205	2.58132E+02
7440	249	2.58133E+02
7440	3	2.58134E+02
7440	206	2.58136E+02
7440	500	2.58138E+02
7440	417	2.58140E+02
7440	207	2.58144E+02
7440	583	2.58144E+02
7440	164	2.58147E+02
7440	292	2.58147E+02
7440	250	2.58149E+02
7440	334	2.58153E+02
7440	165	2.58154E+02
7440	208	2.58157E+02
7440	4	2.58158E+02
7440	41	2.58159E+02
7440	123	2.58161E+02
7440	459	2.58165E+02
7440	166	2.58165E+02
7440	542	2.58168E+02
7440	82	2.58169E+02
7440	376	2.58170E+02
7440	42	2.58171E+02
7440	124	2.58171E+02
7440	251	2.58178E+02
7440	209	2.58178E+02
7440	83	2.58181E+02
7440	167	2.58182E+02
7440	125	2.58186E+02
7440	293	2.58186E+02
7440	43	2.58187E+02
7440	5	2.58190E+02
7440	84	2.58198E+02
7440	418	2.58200E+02
7440	501	2.58202E+02
7440	126	2.58205E+02
7440	168	2.58207E+02
7440	335	2.58207E+02
7440	584	2.58208E+02
7440	44	2.58209E+02
7440	210	2.58210E+02
7440	85	2.58219E+02
7440	252	2.58222E+02
7440	6	2.58231E+02
7440	127	2.58232E+02
7440	45	2.58237E+02
7440	169	2.58241E+02
7440	377	2.58244E+02
7440	460	2.58246E+02
7440	86	2.58247E+02
7440	294	2.58249E+02
7440	543	2.58252E+02
7440	211	2.58258E+02
7440	128	2.58266E+02
7440	46	2.58272E+02
7440	7	2.58280E+02
7440	87	2.58281E+02
7440	170	2.58289E+02
7440	253	2.58291E+02
7440	336	2.58295E+02
7440	419	2.58301E+02
7440	502	2.58309E+02
7440	129	2.58311E+02
7440	47	2.58314E+02
7440	585	2.58317E+02
7440	88	2.58324E+02
7440	212	2.58328E+02
7440	8	2.58339E+02
7440	295	2.58346E+02
7440	171	2.58354E+02
7440	378	2.58364E+02
7440	48	2.58364E+02
7440	130	2.58368E+02
7440	89	2.58375E+02
7440	461	2.58379E+02
7440	544	2.58391E+02
7440	254	2.58392E+02
7440	9	2.58405E+02
7440	49	2.58421E+02
7440	213	2.58425E+02
7440	337	2.58430E+02
7440	90	2.58435E+02
7440	172	2.58440E+02
7440	131	2.58440E+02
7440	420	2.58460E+02
7440	10	2.58478E+02
7440	503	2.58481E+02
7440	50	2.58485E+02
7440	296	2.58491E+02
7440	586	2.58493E+02
7440	91	2.58506E+02
7440	132	2.58531E+02
7440	255	2.58538E+02
7440	379	2.58547E+02
7440	173	2.58556E+02
7440	51	2.58557E+02
7440	11	2.58558E+02
7440	214	2.58561E+02
7440	462	2.58587E+02
7440	92	2.58590E+02
7440	545	2.58610E+02
7440	338	2.58631E+02
7440	52	2.58636E+02
7440	12	2.58645E+02
7440	133	2.58645E+02
7440	93	2.58689E+02
7440	297	2.58701E+02
7440	421	2.58702E+02
7440	174	2.58707E+02
7440	53	2.58723E+02
7440	13	2.58737E+02
7440	256	2.58743E+02
7440	215	2.58745E+02
7440	504	2.58747E+02
7440	587	2.58766E+02
7440	134	2.58789E+02
7440	94	2.58805E+02
7440	380	2.58819E+02
7440	54	2.58819E+02
7440	14	2.58834E+02
7440	463	2.58900E+02
7440	175	2.58907E+02
7440	339	2.58923E+02
7440	55	2.58925E+02
7440	15	2.58936E+02
7440	546	2.58942E+02
7440	95	2.58945E+02
7440	135	2.58970E+02
7440	216	2.58995E+02
7440	298	2.58998E+02
7440	257	2.59026E+02
7440	16	2.59041E+02
7440	56	2.59042E+02
7440	422	2.59059E+02
7440	96	2.59112E+02
7440	505	2.59143E+02
7440	17	2.59150E+02
7440	176	2.59168E+02
7440	57	2.59171E+02
7440	588	2.59175E+02
7440	136	2.59198E+02
7440	381	2.59211E+02
7440	18	2.59262E+02
7440	97	2.59313E+02
7440	58	2.59315E+02
7440	217	2.59329E+02
7440	340	2.59336E+02
7440	464	2.59358E+02
7440	19	2.59377E+02
7440	299	2.59410E+02
7440	258	2.59412E+02
7440	547	2.59434E+02
7440	59	2.59476E+02
7440	137	2.59488E+02
7440	20	2.59494E+02
7440	177	2.59508E+02
7440	98	2.59557E+02
7440	423	2.59572E+02
7440	21	2.59613E+02
7440	60	2.59657E+02
7440	506	2.59718E+02
7440	22	2.59733E+02
7440	382	2.59765E+02
7440	218	2.59773E+02
7440	589	2.59774E+02
7440	23	2.59854E+02
7440	138	2.59854E+02
7440	99	2.59855E+02
7440	61	2.59862E+02
7440	341	2.59908E+02
7440	259	2.59932E+02
7440	178	2.59949E+02
7440	300	2.59973E+02
7440	24	2.59976E+02
7440	465	2.60012E+02
7440	62	2.60096E+02
7440	25	2.60102E+02
7440	548	2.60141E+02
7440	100	2.60219E+02
7440	26	2.60233E+02
7440	424	2.60292E+02
7440	139	2.60317E+02
7440	219	2.60356E+02
7440	63	2.60364E+02
7440	27	2.60373E+02
7440	179	2.60517E+02
7440	28	2.60523E+02
7440	383	2.60530E+02
7440	507	2.60532E+02
7440	260	2.60624E+02
7440	590	2.60628E+02
7440	101	2.60667E+02
7440	64	2.60676E+02
7440	29	2.60684E+02
7440	342	2.60689E+02
7440	301	2.60730E+02
7440	30	2.60859E+02
7440	140	2.60902E+02
7440	466	2.60923E+02
7440	65	2.61043E+02
7440	31	2.61049E+02
7440	220	2.61114E+02
7440	549	2.61134E+02
7440	102	2.61217E+02
7440	180	2.61246E+02
7440	32	2.61259E+02
7440	425	2.61282E+02
7440	66	2.61482E+02
7440	33	2.61495E+02
7440	261	2.61532E+02
7440	384	2.61568E+02
7440	141	2.61638E+02
7440	508	2.61659E+02
7440	302	2.61735E+02
7440	343	2.61735E+02
7440	34	2.61764E+02
7440	591	2.61819E+02
7440	103	2.61895E+02
7440	67	2.62014E+02
7440	35	2.62078E+02
7440	221	2.62093E+02
7440	467	2.62169E+02
7440	181	2.62173E+02
7440	36	2.62448E+02
7440	550	2.62501E+02
7440	142	2.62558E+02
7440	426	2.62618E+02
7440	68	2.62661E+02
7440	262	2.62710E+02
7440	104	2.62725E+02
7440	37	2.62888E+02
7440	385	2.62953E+02
7440	303	2.63047E+02
7440	344	2.63114E+02
7440	509	2.63190E+02
7440	222	2.63339E+02
7440	182	2.63340E+02
7440	38	2.63413E+02
7440	592	2.63445E+02
7440	69	2.63448E+02
7440	143	2.63699E+02
7440	105	2.63740E+02
7440	468	2.63840E+02
7440	39	2.64040E+02
7440	263	2.64215E+02
7440	551	2.64342E+02
7440	427	2.64389E+02
10164	541	2.64390E+02
10164	582	2.64391E+02
10164	583	2.64393E+02
10164	499	2.64395E+02
10164	540	2.64396E+02
10164	500	2.64397E+02
10164	458	2.64400E+02
7440	70	2.64402E+02
10164	581	2.64402E+02
10164	542	2.64403E+02
10164	457	2.64405E+02
10164	498	2.64405E+02
10164	416	2.64411E+02
10164	539	2.64411E+02
10164	459	2.64413E+02
10164	417	2.64414E+02
10164	456	2.64418E+02
10164	584	2.64418E+02
10164	415	2.64419E+02
10164	580	2.64420E+02
10164	497	2.64422E+02
10164	501	2.64422E+02
10164	375	2.64425E+02
10164	374	2.64427E+02
10164	538	2.64430E+02
10164	414	2.64434E+02
10164	455	2.64436E+02
10164	376	2.64437E+02
10164	418	2.64438E+02
10164	373	2.64438E+02
10164	579	2.64440E+02
10164	496	2.64441E+02
10164	333	2.64442E+02
10164	543	2.64445E+02
10164	334	2.64447E+02
10164	332	2.64448E+02
10164	537	2.64450E+02
10164	413	2.64451E+02
10164	372	2.64453E+02
10164	460	2.64453E+02
10164	454	2.64454E+02
10164	331	2.64459E+02
10164	578	2.64459E+02
10164	495	2.64461E+02
10164	292	2.64465E+02
10164	291	2.64465E+02
10164	335	2.64468E+02
10164	536	2.64469E+02
10164	371	2.64469E+02
10164	412	2.64469E+02
10164	290	2.64472E+02
10164	453	2.64472E+02
10164	330	2.64473E+02
10164	377	2.64473E+02
10164	293	2.64477E+02
10164	577	2.64478E+02
10164	494	2.64478E+02
10164	289	2.64482E+02
10164	585	2.64482E+02
10164	370	2.64484E+02
10164	502	2.64484E+02
10164	2	2.64485E+02
10164	411	2.64485E+02
10164	535	2.64486E+02
10164	329	2.64487E+02
10164	1	2.64487E+02
10164	3	2.64488E+02
10164	452	2.64489E+02
10164	250	2.64489E+02
10164	249	2.64491E+02
10164	0	2.64492E+02
10164	288	2.64493E+02
10164	576	2.64494E+02
10164	493	2.64494E+02
10164	251	2.64495E+02
10164	419	2.64495E+02
10164	4	2.64495E+02
10164	248	2.64497E+02
10164	369	2.64498E+02
10164	328	2.64500E+02
10164	410	2.64500E+02
10164	534	2.64501E+02
10164	451	2.64503E+02
10164	287	2.64505E+02
10164	247	2.64505E+02
10164	294	2.64506E+02
10164	575	2.64508E+02
10164	492	2.64508E+02
10164	5	2.64509E+02
10164	252	2.64512E+02
10164	246	2.64514E+02
10164	533	2.64514E+02
10164	208	2.64514E+02
10164	336	2.64516E+02
10164	207	2.64516E+02
10164	209	2.64517E+02
10164	574	2.64520E+02
10164	206	2.64521E+02
10164	205	2.64526E+02
10164	210	2.64527E+02
10164	6	2.64528E+02
10164	544	2.64535E+02
10164	461	2.64537E+02
10164	166	2.64538E+02
10164	165	2.64539E+02
10164	167	2.64540E+02
10164	164	2.64541E+02
10164	378	2.64546E+02
10164	253	2.64546E+02
10164	168	2.64547E+02
10164	211	2.64548E+02
10164	41	2.64550E+02
10164	7	2.64552E+02
10164	42	2.64552E+02
10164	123	2.64555E+02
10164	124	2.64556E+02
10164	43	2.64557E+02
10164	125	2.64558E+02
10164	169	2.64559E+02
10164	295	2.64562E+02
10164	82	2.64562E+02
10164	126	2.64564E+02
10164	83	2.64565E+02
10164	44	2.64565E+02
10164	84	2.64569E+02
10164	127	2.64573E+02
10164	45	2.64576E+02
10164	85	2.64577E+02
10164	170	2.64580E+02
10164	8	2.64580E+02
10164	212	2.64583E+02
10164	128	2.64586E+02
10164	86	2.64588E+02
10164	46	2.64592E+02
10164	420	2.64602E+02
10164	87	2.64602E+02
10164	337	2.64602E+02
10164	503	2.64604E+02
10164	129	2.64605E+02
10164	254	2.64606E+02
10164	586	2.64607E+02
10164	47	2.64611E+02
10164	171	2.64612E+02
10164	9	2.64612E+02
10164	88	2.64620E+02
10164	130	2.64632E+02
10164	48	2.64634E+02
10164	213	2.64640E+02
10164	89	2.64642E+02
10164	10	2.64647E+02
10164	296	2.64657E+02
10164	49	2.64659E+02
10164	172	2.64659E+02
10164	131	2.64667E+02
10164	90	2.64668E+02
10164	379	2.64673E+02
10164	11	2.64683E+02
10164	50	2.64686E+02
10164	462	2.64688E+02
10164	545	2.64698E+02
10164	91	2.64699E+02
10164	255	2.64700E+02
10164	132	2.64713E+02
10164	51	2.64714E+02
10164	12	2.64720E+02
10164	214	2.64725E+02
10164	173	2.64726E+02
10164	92	2.64735E+02
7440	304	2.64736E+02
10164	52	2.64744E+02
10164	338	2.64745E+02
10164	13	2.64758E+02
7440	386	2.64768E+02
10164	133	2.64774E+02
10164	53	2.64775E+02
10164	93	2.64778E+02
10164	421	2.64782E+02
7440	40	2.64789E+02
7440	183	2.64794E+02
10164	14	2.64797E+02
10164	297	2.64806E+02
10164	504	2.64809E+02
10164	54	2.64809E+02
10164	174	2.64821E+02
10164	587	2.64824E+02
10164	94	2.64831E+02
10164	15	2.64836E+02
10164	256	2.64844E+02
10164	55	2.64847E+02
10164	215	2.64849E+02
10164	134	2.64854E+02
10164	16	2.64877E+02
10164	380	2.64879E+02
10164	56	2.64890E+02
10164	95	2.64897E+02
7440	345	2.64905E+02
7440	223	2.64908E+02
10164	17	2.64920E+02
10164	463	2.64934E+02
10164	57	2.64941E+02
10164	175	2.64951E+02
10164	135	2.64962E+02
10164	18	2.64966E+02
10164	339	2.64966E+02
10164	546	2.64969E+02
7440	106	2.64972E+02
10164	96	2.64982E+02
10164	58	2.65004E+02
10164	19	2.65014E+02
10164	216	2.65026E+02
10164	298	2.65029E+02
10164	257	2.65053E+02
10164	20	2.65066E+02
10164	422	2.65066E+02
10164	59	2.65080E+02
10164	97	2.65092E+02
7440	144	2.65099E+02
10164	136	2.65105E+02
10164	21	2.65120E+02
10164	176	2.65130E+02
10164	505	2.65135E+02
10164	588	2.65172E+02
10164	60	2.65174E+02
10164	22	2.65178E+02
10164	381	2.65192E+02
7440	510	2.65229E+02
10164	98	2.65236E+02
10164	23	2.65237E+02
10164	217	2.65272E+02
10164	61	2.65289E+02
10164	340	2.65294E+02
10164	137	2.65295E+02
10164	24	2.65300E+02
10164	464	2.65315E+02
10164	258	2.65349E+02
10164	299	2.65353E+02
10164	25	2.65366E+02
10164	177	2.65373E+02
10164	547	2.65391E+02
10164	99	2.65425E+02
10164	62	2.65430E+02
10164	26	2.65438E+02
10164	423	2.65494E+02
10164	27	2.65517E+02
10164	138	2.65549E+02
7440	71	2.65550E+02
10164	63	2.65602E+02
10164	28	2.65604E+02
10164	218	2.65612E+02
7440	593	2.65618E+02
10164	506	2.65632E+02
10164	382	2.65652E+02
10164	100	2.65672E+02
10164	29	2.65701E+02
10164	178	2.65701E+02
10164	589	2.65707E+02
10164	259	2.65762E+02
10164	341	2.65766E+02
10164	30	2.65807E+02
10164	300	2.65810E+02
10164	64	2.65814E+02
10164	465	2.65880E+02
10164	139	2.65886E+02
10164	31	2.65925E+02
10164	101	2.65993E+02
10164	548	2.66024E+02
7440	469	2.66038E+02
10164	32	2.66058E+02
10164	219	2.66071E+02
10164	65	2.66075E+02
7440	264	2.66113E+02
10164	424	2.66114E+02
10164	179	2.66138E+02
10164	33	2.66211E+02
10164	383	2.66307E+02
10164	260	2.66327E+02
10164	140	2.66329E+02
10164	507	2.66360E+02
10164	34	2.66389E+02
10164	66	2.66401E+02
10164	102	2.66407E+02
10164	342	2.66427E+02
10164	301	2.66442E+02
7440	107	2.66453E+02
10164	590	2.66497E+02
7440	184	2.66578E+02
10164	35	2.66603E+02
10164	220	2.66686E+02
10164	466	2.66691E+02
7440	428	2.66693E+02
10164	180	2.66716E+02
7440	552	2.66775E+02
7440	145	2.66793E+02
10164	67	2.66810E+02
7440	224	2.66852E+02
10164	36	2.66863E+02
7440	305	2.66875E+02
10164	141	2.66908E+02
7440	72	2.66920E+02
10164	103	2.66937E+02
10164	549	2.66939E+02
10164	425	2.66989E+02
10164	261	2.67085E+02
7440	387	2.67105E+02
10164	37	2.67181E+02
7440	346	2.67191E+02
10164	384	2.67216E+02
10164	302	2.67298E+02
10164	68	2.67323E+02
10164	343	2.67332E+02
10164	508	2.67393E+02
10164	181	2.67472E+02
10164	221	2.67497E+02
10164	38	2.67571E+02
10164	104	2.67608E+02
10164	591	2.67625E+02
10164	142	2.67655E+02
10164	467	2.67824E+02
7440	511	2.67891E+02
10164	69	2.67963E+02
10164	39	2.68048E+02
10164	262	2.68088E+02
10164	426	2.68193E+02
7440	108	2.68215E+02
10164	550	2.68225E+02
10164	303	2.68437E+02
10164	182	2.68447E+02
10164	385	2.68450E+02
10164	105	2.68450E+02
7440	594	2.68467E+02
7440	265	2.68468E+02
7440	73	2.68536E+02
10164	344	2.68547E+02
10164	222	2.68552E+02
10164	143	2.68606E+02
10164	40	2.68630E+02
7440	185	2.68735E+02
10164	70	2.68755E+02
7440	146	2.68813E+02
10164	509	2.68821E+02
7440	470	2.68879E+02
10164	592	2.69194E+02
7440	225	2.69225E+02
10164	468	2.69368E+02
10164	263	2.69391E+02
10164	106	2.69494E+02
7440	306	2.69541E+02
7440	429	2.69639E+02
10164	183	2.69686E+02
10164	71	2.69725E+02
10164	144	2.69796E+02
10164	427	2.69812E+02
7789	306	2.69849E+02
7789	347	2.69849E+02
10164	223	2.69902E+02
10164	304	2.69923E+02
7789	388	2.69924E+02
7440	553	2.69930E+02
10268	40	2.69936E+02
10164	551	2.69986E+02
7789	346	2.69987E+02
7789	265	2.69997E+02
7789	266	2.70005E+02
7789	429	2.70042E+02
7789	387	2.70045E+02
7789	307	2.70056E+02
7440	347	2.70060E+02
7789	305	2.70062E+02
7440	388	2.70065E+02
10164	386	2.70091E+02
10268	39	2.70106E+02
10164	345	2.70146E+02
7789	225	2.70189E+02
7789	348	2.70192E+02
7789	470	2.70199E+02
7789	428	2.70202E+02
7440	109	2.70279E+02
7789	226	2.70280E+02
10268	38	2.70310E+02
7789	389	2.70324E+02
7789	264	2.70332E+02
7789	511	2.70411E+02
7789	224	2.70417E+02
7440	74	2.70417E+02
7789	430	2.70420E+02
7789	267	2.70438E+02
7789	469	2.70445E+02
7789	471	2.70485E+02
7789	345	2.70495E+02
10268	37	2.70537E+02
7789	512	2.70551E+02
7789	386	2.70561E+02
7789	185	2.70570E+02
7789	186	2.70589E+02
7789	304	2.70598E+02
7789	553	2.70655E+02
7789	552	2.70694E+02
10164	510	2.70750E+02
7789	227	2.70760E+02
7789	427	2.70763E+02
10164	107	2.70769E+02
7789	510	2.70776E+02
10268	36	2.70778E+02
7789	308	2.70784E+02
7789	184	2.70815E+02
7789	594	2.70832E+02
7789	223	2.70897E+02
10164	72	2.70898E+02
7789	187	2.70924E+02
7789	263	2.70928E+02
10268	71	2.70981E+02
10268	70	2.71003E+02
10268	35	2.71026E+02
7789	146	2.71050E+02
10164	264	2.71057E+02
7789	593	2.71064E+02
10268	72	2.71073E+02
7789	468	2.71081E+02
7789	147	2.71088E+02
10268	69	2.71116E+02
7789	349	2.71135E+02
7789	595	2.71167E+02
7440	147	2.71184E+02
7789	551	2.71196E+02
10164	184	2.71231E+02
7789	145	2.71239E+02
7789	554	2.71242E+02
10164	145	2.71260E+02
7789	344	2.71268E+02
7789	183	2.71269E+02
10268	34	2.71275E+02
10268	73	2.71298E+02
7440	186	2.71299E+02
10268	68	2.71301E+02
7440	512	2.71306E+02
10164	593	2.71320E+02
7440	266	2.71341E+02
7789	385	2.71359E+02
7789	513	2.71360E+02
7789	303	2.71368E+02
7789	268	2.71379E+02
7789	390	2.71380E+02
7789	148	2.71393E+02
10164	469	2.71426E+02
7789	472	2.71460E+02
7789	431	2.71483E+02
10311	574	2.71489E+02
10311	533	2.71492E+02
10311	492	2.71495E+02
10311	575	2.71497E+02
10311	451	2.71499E+02
10311	534	2.71501E+02
7789	509	2.71502E+02
10311	410	2.71505E+02
10311	493	2.71506E+02
10311	576	2.71508E+02
10311	452	2.71511E+02
10311	369	2.71512E+02
10311	535	2.71513E+02
10311	411	2.71519E+02
10311	494	2.71520E+02
10311	328	2.71521E+02
10268	33	2.71522E+02
10311	577	2.71523E+02
10311	370	2.71528E+02
10311	453	2.71528E+02
10311	536	2.71531E+02
10311	287	2.71532E+02
10311	412	2.71538E+02
10268	67	2.71538E+02
10311	329	2.71540E+02
10311	495	2.71540E+02
10311	578	2.71544E+02
10311	246	2.71546E+02
10311	0	2.71548E+02
10311	371	2.71551E+02
10311	454	2.71551E+02
10311	288	2.71554E+02
10311	537	2.71555E+02
10268	106	2.71556E+02
10311	205	2.71562E+02
7789	222	2.71564E+02
10311	413	2.71565E+02
10311	330	2.71566E+02
10311	496	2.71568E+02
10311	247	2.71571E+02
10311	579	2.71572E+02
10311	1	2.71577E+02
10311	164	2.71578E+02
10311	372	2.71582E+02
10311	455	2.71584E+02
10311	289	2.71584E+02
10311	538	2.71588E+02
10311	206	2.71591E+02
10311	123	2.71593E+02
10311	41	2.71597E+02
10164	224	2.71600E+02
10311	331	2.71602E+02
10311	414	2.71603E+02
10311	82	2.71603E+02
10268	107	2.71604E+02
7789	426	2.71605E+02
10311	248	2.71606E+02
10311	497	2.71607E+02
7789	144	2.71608E+02
10311	165	2.71610E+02
10311	580	2.71613E+02
10311	2	2.71614E+02
7789	188	2.71625E+02
10311	373	2.71626E+02
10311	290	2.71626E+02
7789	108	2.71627E+02
10311	124	2.71628E+02
10311	207	2.71629E+02
10311	456	2.71630E+02
10311	42	2.71633E+02
7789	109	2.71634E+02
10311	539	2.71636E+02
10311	83	2.71639E+02
10268	105	2.71641E+02
10311	166	2.71652E+02
10311	249	2.71652E+02
10311	332	2.71652E+02
10311	415	2.71656E+02
10311	3	2.71661E+02
10311	498	2.71663E+02
10311	581	2.71670E+02
10311	125	2.71672E+02
10268	74	2.71673E+02
10311	43	2.71677E+02
10311	208	2.71679E+02
10311	291	2.71682E+02
10311	84	2.71684E+02
10311	374	2.71687E+02
7789	228	2.71691E+02
10311	457	2.71695E+02
7789	592	2.71704E+02
10311	540	2.71704E+02
10311	167	2.71705E+02
7789	262	2.71711E+02
10311	250	2.71714E+02
10311	4	2.71719E+02
10311	333	2.71722E+02
10311	126	2.71726E+02
10311	44	2.71730E+02
10311	416	2.71732E+02
10311	85	2.71739E+02
10311	499	2.71743E+02
10311	209	2.71745E+02
10311	582	2.71752E+02
10311	292	2.71759E+02
10268	32	2.71764E+02
10311	168	2.71773E+02
10311	375	2.71773E+02
10268	510	2.71774E+02
10311	458	2.71788E+02
10311	5	2.71789E+02
10268	469	2.71793E+02
10311	127	2.71794E+02
10311	45	2.71795E+02
10311	251	2.71797E+02
10268	551	2.71797E+02
10311	541	2.71800E+02
10311	86	2.71805E+02
7789	107	2.71808E+02
10268	108	2.71808E+02
10268	593	2.71811E+02
10268	66	2.71814E+02
10311	334	2.71818E+02
10164	305	2.71830E+02
10311	210	2.71831E+02
10268	104	2.71833E+02
10268	428	2.71836E+02
10311	417	2.71838E+02
10268	427	2.71846E+02
10311	500	2.71856E+02
10311	169	2.71858E+02
10268	552	2.71860E+02
10268	468	2.71861E+02
7789	110	2.71864E+02
10311	293	2.71864E+02
10268	144	2.71867E+02
10268	386	2.71869E+02
10311	583	2.71869E+02
10311	46	2.71871E+02
10311	6	2.71871E+02
10311	128	2.71876E+02
10268	592	2.71877E+02
7789	182	2.71878E+02
10311	87	2.71884E+02
10268	387	2.71886E+02
10311	376	2.71894E+02
10268	145	2.71900E+02
10311	252	2.71907E+02
10311	459	2.71919E+02
10268	345	2.71920E+02
10268	509	2.71921E+02
10268	346	2.71928E+02
10311	542	2.71938E+02
10311	211	2.71943E+02
10164	428	2.71944E+02
10311	335	2.71952E+02
10268	511	2.71955E+02
10311	47	2.71959E+02
10268	305	2.71962E+02
10311	170	2.71965E+02
10311	7	2.71966E+02
10311	129	2.71976E+02
10311	88	2.71976E+02
7789	467	2.71980E+02
10311	418	2.71989E+02
10268	143	2.71991E+02
10268	304	2.71997E+02
10268	264	2.71997E+02
10268	31	2.72000E+02
7789	149	2.72001E+02
10268	184	2.72004E+02
10311	294	2.72007E+02
7789	550	2.72016E+02
10311	501	2.72017E+02
10311	584	2.72035E+02
10268	183	2.72035E+02
10268	224	2.72036E+02
10268	550	2.72037E+02
10311	253	2.72055E+02
10311	48	2.72060E+02
10311	377	2.72062E+02
10268	223	2.72068E+02
10268	470	2.72068E+02
7440	226	2.72073E+02
10311	8	2.72075E+02
10311	89	2.72083E+02
10311	212	2.72087E+02
10311	130	2.72096E+02
10311	171	2.72100E+02
10268	385	2.72102E+02
10311	460	2.72105E+02
10268	103	2.72108E+02
10268	263	2.72110E+02
10268	426	2.72111E+02
7789	143	2.72115E+02
10268	65	2.72115E+02
10268	265	2.72116E+02
10268	146	2.72117E+02
10268	594	2.72123E+02
7440	595	2.72132E+02
7789	309	2.72134E+02
10311	543	2.72134E+02
10311	336	2.72135E+02
7789	106	2.72138E+02
10268	344	2.72146E+02
10268	429	2.72172E+02
10311	49	2.72173E+02
10268	185	2.72176E+02
10268	467	2.72176E+02
10268	109	2.72188E+02
10311	9	2.72195E+02
10311	419	2.72200E+02
10311	295	2.72200E+02
10268	306	2.72201E+02
10311	90	2.72207E+02
10164	346	2.72210E+02
10268	591	2.72212E+02
10268	75	2.72214E+02
7789	343	2.72216E+02
7789	73	2.72221E+02
10164	387	2.72229E+02
10268	182	2.72230E+02
10268	30	2.72231E+02
10268	225	2.72234E+02
10268	388	2.72238E+02
10268	142	2.72239E+02
10311	131	2.72239E+02
10268	303	2.72242E+02
10311	502	2.72246E+02
7789	596	2.72248E+02
10268	347	2.72248E+02
10311	254	2.72249E+02
10311	172	2.72267E+02
10311	213	2.72272E+02
10311	585	2.72272E+02
10268	222	2.72280E+02
7789	302	2.72292E+02
10311	378	2.72296E+02
10164	73	2.72296E+02
10311	50	2.72299E+02
10268	508	2.72300E+02
7789	72	2.72302E+02
10164	108	2.72305E+02
7789	74	2.72311E+02
10311	10	2.72328E+02
10268	553	2.72338E+02
7789	384	2.72339E+02
10164	552	2.72340E+02
7789	111	2.72346E+02
10311	91	2.72348E+02
7789	221	2.72358E+02
10311	461	2.72367E+02
10311	337	2.72386E+02
10268	262	2.72397E+02
10311	132	2.72411E+02
10311	544	2.72412E+02
10268	64	2.72434E+02
10311	51	2.72438E+02
10268	102	2.72446E+02
10268	29	2.72457E+02
10311	296	2.72459E+02
7789	508	2.72462E+02
10311	11	2.72471E+02
10311	173	2.72474E+02
10268	549	2.72483E+02
7440	471	2.72484E+02
10311	420	2.72494E+02
10311	255	2.72504E+02
10311	214	2.72509E+02
10311	92	2.72510E+02
10268	384	2.72511E+02
7789	71	2.72520E+02
10268	266	2.72524E+02
10268	343	2.72538E+02
10268	147	2.72543E+02
10268	181	2.72550E+02
10268	425	2.72552E+02
10311	503	2.72568E+02
10268	512	2.72575E+02
7789	105	2.72576E+02
7440	75	2.72580E+02
10268	141	2.72581E+02
10268	186	2.72584E+02
10311	52	2.72590E+02
7789	181	2.72593E+02
7789	75	2.72604E+02
10311	586	2.72608E+02
7789	261	2.72613E+02
7789	591	2.72613E+02
10311	133	2.72617E+02
10311	379	2.72617E+02
7789	425	2.72623E+02
10311	12	2.72626E+02
10268	221	2.72626E+02
7789	555	2.72634E+02
10268	302	2.72635E+02
10268	466	2.72658E+02
7440	110	2.72661E+02
10268	28	2.72681E+02
10311	93	2.72695E+02
10268	226	2.72705E+02
7789	142	2.72718E+02
10268	590	2.72723E+02
10311	338	2.72726E+02
10311	174	2.72732E+02
10311	462	2.72733E+02
7789	189	2.72735E+02
10311	53	2.72757E+02
10268	110	2.72758E+02
10268	63	2.72764E+02
10268	307	2.72785E+02
10311	13	2.72790E+02
10268	471	2.72794E+02
7789	350	2.72796E+02
10311	297	2.72804E+02
10311	545	2.72804E+02
10268	261	2.72807E+02
7440	307	2.72808E+02
10311	215	2.72812E+02
10268	507	2.72828E+02
10268	101	2.72828E+02
10311	256	2.72837E+02
7789	70	2.72840E+02
10311	134	2.72863E+02
10311	421	2.72900E+02
10268	27	2.72902E+02
10311	94	2.72906E+02
7789	269	2.72910E+02
10268	76	2.72930E+02
10311	54	2.72937E+02
10268	595	2.72938E+02
7789	150	2.72944E+02
10268	430	2.72953E+02
10268	180	2.72958E+02
10268	348	2.72959E+02
10311	14	2.72963E+02
10268	140	2.72989E+02
7789	514	2.73011E+02
10268	389	2.73015E+02
10311	504	2.73017E+02
10164	146	2.73029E+02
10268	383	2.73032E+02
7789	549	2.73034E+02
7789	466	2.73037E+02
10268	342	2.73039E+02
10311	175	2.73051E+02
10311	380	2.73055E+02
10268	548	2.73055E+02
10268	220	2.73063E+02
10311	587	2.73080E+02
7789	104	2.73087E+02
7789	112	2.73101E+02
10268	424	2.73101E+02
10268	62	2.73103E+02
10164	185	2.73122E+02
10268	26	2.73124E+02
10268	301	2.73124E+02
7789	76	2.73129E+02
10311	55	2.73133E+02
7789	229	2.73134E+02
10311	15	2.73143E+02
10164	265	2.73147E+02
10311	95	2.73149E+02
10311	135	2.73159E+02
10311	339	2.73182E+02
10268	148	2.73192E+02
10311	216	2.73198E+02
7789	391	2.73228E+02
7789	69	2.73230E+02
7789	220	2.73231E+02
10268	100	2.73238E+02
10311	463	2.73238E+02
10268	465	2.73239E+02
10268	187	2.73257E+02
10311	298	2.73260E+02
7789	342	2.73263E+02
10311	257	2.73270E+02
10268	267	2.73277E+02
7789	473	2.73291E+02
10268	260	2.73294E+02
10164	511	2.73297E+02
7789	301	2.73303E+02
10311	16	2.73329E+02
10268	589	2.73333E+02
7440	430	2.73340E+02
10311	56	2.73344E+02
10268	25	2.73346E+02
10311	546	2.73351E+02
10268	554	2.73354E+02
7789	180	2.73374E+02
7789	141	2.73380E+02
7789	432	2.73386E+02
7789	383	2.73419E+02
10268	179	2.73421E+02
10311	96	2.73428E+02
10268	506	2.73438E+02
10268	139	2.73438E+02
10268	61	2.73448E+02
10311	176	2.73449E+02
10311	422	2.73454E+02
10268	227	2.73490E+02
10311	136	2.73516E+02
10311	17	2.73519E+02
10268	111	2.73524E+02
7789	507	2.73554E+02
10268	219	2.73554E+02
10268	24	2.73571E+02
10311	57	2.73571E+02
7789	260	2.73582E+02
10268	341	2.73599E+02
7440	348	2.73600E+02
10268	382	2.73615E+02
10311	505	2.73639E+02
7789	103	2.73640E+02
10311	381	2.73646E+02
7789	68	2.73664E+02
10268	99	2.73664E+02
10268	300	2.73667E+02
7789	590	2.73677E+02
10311	217	2.73689E+02
10268	547	2.73690E+02
10164	225	2.73696E+02
10268	423	2.73706E+02
10311	18	2.73712E+02
7789	424	2.73731E+02
10311	588	2.73737E+02
7440	389	2.73749E+02
10311	97	2.73750E+02
10268	513	2.73755E+02
10268	308	2.73782E+02
10311	340	2.73790E+02
10268	23	2.73797E+02
10268	60	2.73798E+02
10311	58	2.73815E+02
10268	259	2.73822E+02
10268	77	2.73825E+02
10311	258	2.73829E+02
7789	40	2.73833E+02
10311	299	2.73858E+02
10268	464	2.73864E+02
7789	77	2.73906E+02
10268	138	2.73906E+02
10311	19	2.73908E+02
10268	178	2.73912E+02
7440	148	2.73923E+02
10311	464	2.73930E+02
10164	74	2.73939E+02
10311	177	2.73943E+02
7440	554	2.73945E+02
10311	137	2.73947E+02
10268	588	2.73985E+02
10268	22	2.74027E+02
10268	218	2.74068E+02
7789	140	2.74073E+02
7789	39	2.74076E+02
10268	149	2.74078E+02
10311	59	2.74079E+02
10268	505	2.74079E+02
10268	472	2.74085E+02
10268	98	2.74096E+02
10311	20	2.74104E+02
10311	547	2.74105E+02
10164	470	2.74111E+02
7789	67	2.74117E+02
10164	109	2.74122E+02
10311	98	2.74124E+02
10164	594	2.74136E+02
7789	219	2.74140E+02
7789	113	2.74143E+02
10268	349	2.74143E+02
7789	548	2.74150E+02
10268	59	2.74150E+02
7789	465	2.74167E+02
10268	340	2.74183E+02
7789	179	2.74186E+02
7789	310	2.74205E+02
10311	423	2.74205E+02
7789	102	2.74212E+02
10268	188	2.74216E+02
10268	381	2.74218E+02
10164	306	2.74229E+02
10268	299	2.74229E+02
7789	151	2.74247E+02
10268	21	2.74261E+02
7789	597	2.74265E+02
10268	431	2.74287E+02
7789	190	2.74295E+02
7440	187	2.74298E+02
10311	21	2.74300E+02
10311	218	2.74312E+02
10268	390	2.74313E+02
10268	422	2.74325E+02
10268	546	2.74340E+02
7789	38	2.74345E+02
7789	300	2.74349E+02
7789	341	2.74349E+02
10268	258	2.74362E+02
10311	60	2.74365E+02
10268	137	2.74378E+02
10268	596	2.74392E+02
10268	177	2.74408E+02
10268	268	2.74426E+02
10311	382	2.74436E+02
10748	271	2.74452E+02
10311	138	2.74470E+02
10268	112	2.74487E+02
10311	506	2.74489E+02
10268	463	2.74494E+02
10311	22	2.74495E+02
10268	20	2.74498E+02
10268	58	2.74502E+02
10748	311	2.74512E+02
10268	97	2.74524E+02
7789	382	2.74534E+02
10311	259	2.74550E+02
10311	178	2.74558E+02
10311	99	2.74561E+02
10748	231	2.74571E+02
7789	259	2.74573E+02
7789	66	2.74575E+02
10268	217	2.74584E+02
10311	341	2.74592E+02
10748	270	2.74612E+02
10268	228	2.74625E+02
7789	37	2.74626E+02
10268	587	2.74635E+02
10311	300	2.74639E+02
10311	589	2.74643E+02
10311	61	2.74677E+02
10311	23	2.74689E+02
7789	506	2.74695E+02
10164	429	2.74695E+02
10268	504	2.74714E+02
10268	19	2.74740E+02
10268	339	2.74761E+02
7789	139	2.74775E+02
7789	101	2.74787E+02
10268	298	2.74787E+02
7440	267	2.74790E+02
7789	589	2.74803E+02
10268	380	2.74812E+02
10164	347	2.74824E+02
10748	351	2.74828E+02
10268	136	2.74839E+02
10748	310	2.74841E+02
10268	57	2.74851E+02
7789	423	2.74864E+02
10748	230	2.74864E+02
10311	465	2.74867E+02
10311	24	2.74882E+02
10268	176	2.74894E+02
10268	257	2.74894E+02
10268	78	2.74898E+02
7789	36	2.74911E+02
10268	421	2.74930E+02
10268	96	2.74942E+02
7789	78	2.74950E+02
10164	388	2.74959E+02
10748	232	2.74959E+02
10268	545	2.74970E+02
10748	352	2.74974E+02
10268	18	2.74985E+02
7789	178	2.75005E+02
7789	556	2.75017E+02
10311	62	2.75019E+02
7789	65	2.75024E+02
7440	76	2.75032E+02
10268	555	2.75041E+02
7789	218	2.75056E+02
10311	100	2.75072E+02
10748	192	2.75072E+02
10311	25	2.75077E+02
10268	216	2.75086E+02
10748	312	2.75087E+02
10311	219	2.75099E+02
10268	462	2.75101E+02
7789	270	2.75106E+02
10311	139	2.75106E+02
10748	272	2.75107E+02
10164	147	2.75125E+02
10311	548	2.75135E+02
7789	230	2.75144E+02
10748	392	2.75149E+02
10268	56	2.75192E+02
7789	35	2.75193E+02
10268	150	2.75208E+02
10311	424	2.75210E+02
10748	191	2.75216E+02
10268	17	2.75231E+02
10268	586	2.75252E+02
10268	309	2.75257E+02
10311	26	2.75277E+02
10268	135	2.75282E+02
7789	547	2.75289E+02
7789	351	2.75295E+02
7789	464	2.75304E+02
10268	338	2.75315E+02
10268	503	2.75315E+02
10268	297	2.75321E+02
10311	179	2.75322E+02
10268	95	2.75342E+02
7789	100	2.75354E+02
10268	175	2.75359E+02
7440	111	2.75365E+02
10268	379	2.75377E+02
7789	299	2.75389E+02
10164	186	2.75393E+02
10311	63	2.75398E+02
10268	256	2.75403E+02
10164	553	2.75420E+02
7789	340	2.75428E+02
7440	227	2.75436E+02
7789	64	2.75458E+02
7789	34	2.75467E+02
7789	138	2.75472E+02
10311	260	2.75473E+02
10268	16	2.75477E+02
10268	189	2.75480E+02
10311	383	2.75482E+02
10311	27	2.75484E+02
7789	114	2.75485E+02
10748	269	2.75491E+02
10268	420	2.75498E+02
10748	193	2.75504E+02
10268	55	2.75522E+02
7789	258	2.75554E+02
10268	544	2.75558E+02
10268	215	2.75563E+02
7440	513	2.75607E+02
10748	433	2.75612E+02
10748	350	2.75613E+02
10268	514	2.75624E+02
7789	381	2.75635E+02
10311	507	2.75638E+02
10311	342	2.75642E+02
10748	393	2.75643E+02
10268	113	2.75645E+02
10311	301	2.75650E+02
10268	461	2.75666E+02
10311	101	2.75677E+02
7789	515	2.75685E+02
10268	134	2.75699E+02
10311	28	2.75702E+02
10748	391	2.75709E+02
10268	15	2.75720E+02
10268	94	2.75721E+02
10164	266	2.75721E+02
7789	33	2.75731E+02
10748	229	2.75767E+02
10268	174	2.75796E+02
7789	177	2.75814E+02
10268	585	2.75819E+02
10268	296	2.75821E+02
7789	505	2.75824E+02
10311	64	2.75825E+02
10268	337	2.75830E+02
10268	54	2.75838E+02
10164	75	2.75838E+02
10268	502	2.75867E+02
7789	63	2.75872E+02
10311	590	2.75874E+02
10268	255	2.75879E+02
10311	140	2.75880E+02
10268	350	2.75881E+02
10748	190	2.75887E+02
10268	378	2.75899E+02
7789	99	2.75906E+02
7789	588	2.75925E+02
10311	29	2.75932E+02
7789	152	2.75933E+02
10748	309	2.75952E+02
7789	217	2.75953E+02
10268	14	2.75957E+02
7789	422	2.75971E+02
7789	32	2.75983E+02
7789	392	2.76008E+02
10268	214	2.76008E+02
10268	269	2.76019E+02
10268	419	2.76019E+02
10268	473	2.76062E+02
10748	153	2.76071E+02
10748	432	2.76073E+02
10268	93	2.76075E+02
10268	133	2.76087E+02
10311	220	2.76090E+02
10268	543	2.76091E+02
10748	233	2.76096E+02
10748	154	2.76117E+02
10311	466	2.76119E+02
10748	474	2.76125E+02
10268	53	2.76136E+02
10268	229	2.76139E+02
7789	474	2.76146E+02
10268	79	2.76146E+02
7789	137	2.76153E+02
10311	30	2.76177E+02
10268	460	2.76177E+02
10268	13	2.76186E+02
10748	353	2.76199E+02
10268	173	2.76202E+02
7789	31	2.76223E+02
10268	391	2.76229E+02
10164	110	2.76233E+02
10164	226	2.76234E+02
7789	79	2.76265E+02
7789	62	2.76266E+02
10311	180	2.76269E+02
10268	295	2.76277E+02
10268	432	2.76282E+02
7789	433	2.76283E+02
10268	336	2.76298E+02
10748	434	2.76300E+02
10311	65	2.76313E+02
10268	254	2.76315E+02
10268	584	2.76325E+02
7789	191	2.76343E+02
10268	501	2.76361E+02
10268	377	2.76370E+02
7789	298	2.76392E+02
7789	546	2.76395E+02
10311	102	2.76395E+02
7789	463	2.76402E+02
10268	92	2.76402E+02
10268	12	2.76404E+02
10268	52	2.76415E+02
10268	213	2.76415E+02
10311	31	2.76438E+02
7789	98	2.76439E+02
10268	132	2.76444E+02
7789	30	2.76451E+02
7789	339	2.76465E+02
10748	152	2.76465E+02
10268	418	2.76484E+02
7789	257	2.76500E+02
10311	549	2.76523E+02
10311	425	2.76539E+02
10748	194	2.76559E+02
10268	542	2.76561E+02
10268	172	2.76572E+02
10268	151	2.76586E+02
10164	512	2.76589E+02
7789	176	2.76598E+02
10268	11	2.76611E+02
10748	473	2.76612E+02
10268	597	2.76626E+02
10268	459	2.76628E+02
10748	155	2.76632E+02
7789	61	2.76640E+02
10311	261	2.76646E+02
10748	515	2.76664E+02
7789	29	2.76668E+02
10748	273	2.76670E+02
10268	51	2.76674E+02
7789	380	2.76685E+02
10268	294	2.76687E+02
10748	313	2.76689E+02
10268	91	2.76703E+02
10268	253	2.76709E+02
10268	335	2.76715E+02
10311	32	2.76722E+02
7440	308	2.76748E+02
7440	596	2.76759E+02
10268	583	2.76767E+02
10268	131	2.76770E+02
10268	212	2.76784E+02
10268	376	2.76787E+02
10268	500	2.76793E+02
10268	10	2.76805E+02
7789	136	2.76814E+02
7789	216	2.76817E+02
10311	141	2.76822E+02
10748	475	2.76843E+02
10311	384	2.76851E+02
7789	28	2.76877E+02
10311	66	2.76879E+02
10268	417	2.76892E+02
7789	504	2.76897E+02
10268	171	2.76908E+02
10268	50	2.76914E+02
10311	302	2.76947E+02
7789	97	2.76954E+02
10268	541	2.76968E+02
10268	90	2.76977E+02
7440	472	2.76980E+02
10268	9	2.76989E+02
10748	268	2.76989E+02
7789	587	2.76994E+02
10268	114	2.76994E+02
7789	60	2.76997E+02
10311	343	2.77003E+02
7789	421	2.77016E+02
10268	458	2.77021E+02
10748	189	2.77032E+02
10311	33	2.77036E+02
7440	149	2.77043E+02
10268	293	2.77048E+02
10268	252	2.77058E+02
10268	190	2.77064E+02
10268	130	2.77066E+02
7789	27	2.77078E+02
10268	334	2.77081E+02
7789	311	2.77094E+02
10268	211	2.77112E+02
7789	115	2.77134E+02
10268	49	2.77134E+02
10268	582	2.77146E+02
10268	375	2.77148E+02
10748	390	2.77149E+02
10268	8	2.77162E+02
10268	499	2.77164E+02
10311	508	2.77170E+02
10748	349	2.77176E+02
10164	307	2.77192E+02
10748	228	2.77203E+02
10268	170	2.77208E+02
10268	89	2.77227E+02
10268	416	2.77243E+02
10311	103	2.77251E+02
10748	556	2.77251E+02
10748	516	2.77261E+02
10748	151	2.77266E+02
7789	26	2.77274E+02
10268	310	2.77275E+02
10748	514	2.77293E+02
10268	540	2.77315E+02
10268	7	2.77327E+02
10268	129	2.77331E+02
10311	221	2.77331E+02
7789	297	2.77337E+02
10268	48	2.77338E+02
7789	59	2.77340E+02
7789	175	2.77349E+02
10268	457	2.77356E+02
10268	292	2.77363E+02
10268	251	2.77363E+02
10748	394	2.77367E+02
10311	34	2.77389E+02
7789	256	2.77395E+02
10268	333	2.77396E+02
10268	210	2.77401E+02
7789	598	2.77412E+02
7789	462	2.77426E+02
7789	545	2.77430E+02
7789	338	2.77436E+02
10311	181	2.77439E+02
7789	96	2.77450E+02
7789	135	2.77451E+02
10268	88	2.77453E+02
10268	374	2.77458E+02
7789	25	2.77464E+02
10268	581	2.77467E+02
10268	169	2.77473E+02
10268	498	2.77479E+02
10748	431	2.77483E+02
10268	6	2.77484E+02
10268	47	2.77526E+02
10311	591	2.77528E+02
10268	556	2.77540E+02
10268	415	2.77542E+02
10164	471	2.77543E+02
10311	67	2.77547E+02
10268	80	2.77562E+02
10164	148	2.77563E+02
10268	128	2.77567E+02
10748	557	2.77597E+02
10268	539	2.77607E+02
10268	250	2.77627E+02
10268	291	2.77632E+02
10268	5	2.77633E+02
7789	215	2.77635E+02
10268	456	2.77639E+02
10748	156	2.77647E+02
7789	24	2.77650E+02
10268	209	2.77652E+02
10268	87	2.77656E+02
7789	379	2.77661E+02
10268	332	2.77665E+02
7789	58	2.77671E+02
10268	46	2.77699E+02
10268	168	2.77705E+02
10748	308	2.77716E+02
10268	373	2.77720E+02
10268	580	2.77734E+02
10268	497	2.77743E+02
7440	188	2.77751E+02
10311	467	2.77772E+02
10268	127	2.77775E+02
7440	77	2.77776E+02
7789	231	2.77776E+02
10268	4	2.77777E+02
10164	595	2.77786E+02
10268	414	2.77792E+02
10311	35	2.77793E+02
10748	116	2.77796E+02
7789	23	2.77830E+02
10268	86	2.77839E+02
7789	80	2.77850E+02
10268	538	2.77850E+02
10268	249	2.77852E+02
10268	45	2.77858E+02
10268	290	2.77860E+02
10268	208	2.77868E+02
10268	455	2.77874E+02
7789	503	2.77886E+02
10268	331	2.77891E+02
10748	117	2.77894E+02
7440	349	2.77898E+02
10268	167	2.77907E+02
7440	431	2.77913E+02
10268	3	2.77913E+02
10748	598	2.77925E+02
10748	597	2.77927E+02
7789	95	2.77929E+02
10268	372	2.77939E+02
10268	579	2.77956E+02
10268	126	2.77958E+02
10268	496	2.77962E+02
10311	142	2.77967E+02
7789	420	2.77978E+02
7789	586	2.77979E+02
7789	57	2.77991E+02
10268	413	2.78000E+02
10164	76	2.78001E+02
10268	85	2.78002E+02
10268	44	2.78003E+02
7789	22	2.78004E+02
7789	153	2.78021E+02
10748	115	2.78039E+02
7789	271	2.78042E+02
10268	248	2.78042E+02
10268	2	2.78042E+02
10268	537	2.78051E+02
10268	207	2.78052E+02
10268	289	2.78052E+02
10748	234	2.78052E+02
7789	134	2.78060E+02
7789	174	2.78062E+02
10268	230	2.78064E+02
10164	187	2.78069E+02
10268	454	2.78069E+02
10164	348	2.78074E+02
10268	166	2.78079E+02
10268	330	2.78079E+02
10748	472	2.78086E+02
10268	270	2.78102E+02
10748	555	2.78114E+02
10268	125	2.78116E+02
10268	371	2.78121E+02
10311	262	2.78126E+02
10268	43	2.78135E+02
10268	578	2.78138E+02
10268	495	2.78142E+02
10268	84	2.78145E+02
10268	1	2.78162E+02
10268	412	2.78172E+02
7789	21	2.78173E+02
10164	430	2.78176E+02
10268	247	2.78201E+02
10268	206	2.78206E+02
7789	296	2.78210E+02
10268	288	2.78211E+02
10268	536	2.78215E+02
10268	152	2.78219E+02
10268	165	2.78225E+02
7789	255	2.78226E+02
10268	453	2.78229E+02
10268	329	2.78235E+02
10268	124	2.78252E+02
10268	42	2.78254E+02
10268	351	2.78255E+02
7440	390	2.78260E+02
10311	36	2.78261E+02
10268	83	2.78270E+02
10268	370	2.78270E+02
10268	0	2.78272E+02
10311	104	2.78273E+02
10311	426	2.78276E+02
10748	195	2.78284E+02
10268	577	2.78286E+02
10268	494	2.78289E+02
7789	56	2.78302E+02
10268	411	2.78312E+02
10268	515	2.78315E+02
7789	337	2.78326E+02
10268	246	2.78332E+02
10748	435	2.78333E+02
10268	205	2.78335E+02
7789	20	2.78336E+02
10311	68	2.78341E+02
10268	287	2.78342E+02
10268	164	2.78348E+02
10268	535	2.78348E+02
10748	118	2.78348E+02
7789	461	2.78358E+02
10268	41	2.78358E+02
10268	452	2.78359E+02
10268	328	2.78363E+02
10268	123	2.78367E+02
10311	550	2.78368E+02
7789	544	2.78371E+02
10268	82	2.78378E+02
10164	389	2.78382E+02
7440	112	2.78388E+02
10268	369	2.78392E+02
7789	94	2.78393E+02
7789	214	2.78398E+02
10268	576	2.78406E+02
10268	493	2.78408E+02
10268	410	2.78427E+02
10748	150	2.78438E+02
10268	534	2.78456E+02
10268	451	2.78465E+02
7789	19	2.78496E+02
10268	575	2.78503E+02
10268	492	2.78505E+02
10268	115	2.78535E+02
10268	533	2.78544E+02
7789	378	2.78547E+02
10268	574	2.78581E+02
7789	557	2.78582E+02
10748	188	2.78592E+02
10311	303	2.78597E+02
7789	55	2.78607E+02
10748	114	2.78609E+02
10311	385	2.78623E+02
10164	111	2.78639E+02
7789	133	2.78641E+02
10748	354	2.78650E+02
7789	18	2.78653E+02
7789	173	2.78730E+02
10311	344	2.78750E+02
7789	352	2.78752E+02
7789	502	2.78774E+02
10311	37	2.78807E+02
7789	17	2.78811E+02
10164	267	2.78834E+02
7789	93	2.78841E+02
7789	419	2.78843E+02
10268	474	2.78849E+02
10268	392	2.78860E+02
7789	585	2.78862E+02
7440	268	2.78867E+02
10311	222	2.78872E+02
10311	182	2.78874E+02
7789	54	2.78907E+02
10748	513	2.78911E+02
7789	192	2.78914E+02
7440	555	2.78964E+02
7789	16	2.78970E+02
10748	476	2.78982E+02
10268	191	2.78984E+02
7789	254	2.78986E+02
10748	267	2.78999E+02
7789	295	2.79001E+02
10268	433	2.79053E+02
10748	227	2.79089E+02
10748	596	2.79089E+02
7789	116	2.79099E+02
7789	213	2.79101E+02
7789	336	2.79126E+02
7789	15	2.79132E+02
10268	81	2.79141E+02
10748	119	2.79172E+02
10311	509	2.79186E+02
7789	460	2.79187E+02
7789	132	2.79190E+02
10748	157	2.79193E+02
7789	53	2.79204E+02
7789	543	2.79206E+02
10748	274	2.79235E+02
10164	227	2.79253E+02
7789	92	2.79275E+02
10311	69	2.79288E+02
10748	389	2.79290E+02
7789	14	2.79298E+02
10748	517	2.79312E+02
7789	377	2.79336E+02
10748	599	2.79340E+02
7440	228	2.79347E+02
7789	172	2.79350E+02
10311	143	2.79353E+02
10748	348	2.79362E+02
10164	554	2.79365E+02
10748	558	2.79395E+02
10748	314	2.79436E+02
10311	38	2.79449E+02
7789	13	2.79469E+02
10748	113	2.79488E+02
10311	105	2.79494E+02
7789	52	2.79501E+02
7789	501	2.79557E+02
7789	516	2.79564E+02
7789	418	2.79605E+02
7789	584	2.79637E+02
10748	430	2.79643E+02
7789	12	2.79647E+02
7789	253	2.79669E+02
7789	91	2.79692E+02
7789	81	2.79699E+02
7789	131	2.79705E+02
7789	294	2.79706E+02
10311	592	2.79716E+02
7789	212	2.79738E+02
10268	598	2.79789E+02
7789	51	2.79797E+02
7789	335	2.79832E+02
7789	11	2.79834E+02
7789	393	2.79859E+02
10268	311	2.79901E+02
7789	459	2.79911E+02
7789	171	2.79919E+02
10311	468	2.79926E+02
7789	542	2.79934E+02
10748	554	2.79938E+02
10748	149	2.79939E+02
10311	263	2.79975E+02
10748	307	2.80001E+02
7789	376	2.80027E+02
7789	10	2.80031E+02
7789	50	2.80093E+02
7789	90	2.80094E+02
10268	153	2.80115E+02
7789	130	2.80186E+02
7789	475	2.80197E+02
10311	39	2.80204E+02
10664	309	2.80211E+02
7789	500	2.80233E+02
7789	9	2.80239E+02
7789	417	2.80266E+02
10268	116	2.80271E+02
7789	252	2.80274E+02
10664	269	2.80283E+02
7789	583	2.80306E+02
7789	211	2.80310E+02
7789	293	2.80324E+02
10748	471	2.80328E+02
7789	434	2.80332E+02
10164	149	2.80353E+02
10664	268	2.80377E+02
10748	120	2.80382E+02
7789	49	2.80389E+02
10664	350	2.80390E+02
10311	70	2.80417E+02
10268	231	2.80428E+02
10164	77	2.80428E+02
10664	349	2.80431E+02
7789	170	2.80435E+02
7789	334	2.80446E+02
7789	8	2.80457E+02
7789	89	2.80477E+02
10748	395	2.80491E+02
10664	229	2.80495E+02
10748	187	2.80503E+02
10311	427	2.80520E+02
10664	308	2.80520E+02
7789	154	2.80530E+02
7789	458	2.80533E+02
7440	150	2.80550E+02
7789	541	2.80558E+02
10748	81	2.80566E+02
10664	390	2.80572E+02
10664	310	2.80588E+02
10664	228	2.80605E+02
7789	375	2.80622E+02
10311	183	2.80623E+02
7789	129	2.80630E+02
10748	112	2.80653E+02
10748	80	2.80656E+02
10311	304	2.80672E+02
7789	48	2.80682E+02
7789	7	2.80686E+02
10664	391	2.80703E+02
10268	271	2.80721E+02
10748	196	2.80733E+02
10164	513	2.80761E+02
10311	223	2.80768E+02
10311	551	2.80785E+02
10164	308	2.80788E+02
7789	251	2.80803E+02
7440	78	2.80805E+02
7789	499	2.80809E+02
7789	210	2.80815E+02
10664	270	2.80828E+02
7789	416	2.80831E+02
7789	88	2.80839E+02
10664	431	2.80839E+02
7789	292	2.80860E+02
7789	582	2.80874E+02
10311	386	2.80890E+02
7789	312	2.80898E+02
7789	169	2.80898E+02
10748	235	2.80901E+02
7789	6	2.80921E+02
10664	230	2.80931E+02
7440	514	2.80933E+02
10311	106	2.80948E+02
10664	189	2.80963E+02
10311	345	2.80964E+02
7789	47	2.80971E+02
7789	333	2.80973E+02
10268	557	2.80995E+02
10311	144	2.81017E+02
10664	267	2.81018E+02
10748	79	2.81021E+02
10664	432	2.81031E+02
7789	128	2.81035E+02
10664	190	2.81056E+02
7789	457	2.81060E+02
7789	232	2.81082E+02
7789	540	2.81085E+02
10311	40	2.81094E+02
7789	374	2.81128E+02
10664	348	2.81144E+02
10748	595	2.81157E+02
10664	351	2.81159E+02
7789	5	2.81161E+02
10164	188	2.81167E+02
7789	87	2.81180E+02
10664	472	2.81183E+02
10664	227	2.81193E+02
10664	389	2.81194E+02
7789	46	2.81252E+02
7789	209	2.81255E+02
7789	250	2.81259E+02
10268	192	2.81260E+02
10748	512	2.81286E+02
7789	498	2.81294E+02
10664	188	2.81299E+02
7789	168	2.81307E+02
7789	415	2.81308E+02
10748	158	2.81312E+02
7789	291	2.81317E+02
10664	473	2.81328E+02
10748	226	2.81336E+02
10164	112	2.81339E+02
7789	581	2.81350E+02
10268	352	2.81350E+02
7789	117	2.81391E+02
10664	307	2.81399E+02
7789	127	2.81400E+02
7789	4	2.81403E+02
10748	266	2.81410E+02
