GRAM	c2h2	chi_tot
11922	358	6.96769E+01
11922	318	6.96932E+01
11922	399	6.97128E+01
11922	439	6.97192E+01
11981	358	6.97199E+01
11981	318	6.97330E+01
11981	399	6.97357E+01
11922	398	6.97365E+01
11922	480	6.97516E+01
11981	439	6.97665E+01
11922	278	6.97710E+01
12040	399	6.97720E+01
12040	358	6.97720E+01
12040	318	6.97820E+01
11922	279	6.97929E+01
11981	398	6.97945E+01
11981	480	6.97949E+01
11922	359	6.98021E+01
11922	521	6.98039E+01
11981	359	6.98100E+01
11922	440	6.98111E+01
11981	279	6.98122E+01
12040	439	6.98228E+01
11981	440	6.98229E+01
11981	278	6.98232E+01
12040	359	6.98331E+01
11922	319	6.98406E+01
12040	279	6.98429E+01
11981	319	6.98461E+01
12040	480	6.98482E+01
11981	521	6.98485E+01
12040	440	6.98511E+01
11922	317	6.98559E+01
12040	398	6.98596E+01
11922	239	6.98620E+01
12040	319	6.98660E+01
11922	562	6.98741E+01
11922	240	6.98758E+01
11922	357	6.98772E+01
12040	278	6.98820E+01
11922	481	6.98928E+01
11981	240	6.98974E+01
11981	481	6.99008E+01
12040	521	6.99029E+01
11981	239	6.99147E+01
11981	562	6.99241E+01
12040	481	6.99269E+01
12040	240	6.99288E+01
11981	317	6.99290E+01
11922	522	6.99348E+01
11981	522	6.99443E+01
11922	563	6.99461E+01
11922	604	6.99508E+01
11981	357	6.99541E+01
9887	281	6.99598E+01
11981	563	6.99615E+01
12040	522	6.99727E+01
11922	479	6.99730E+01
12040	239	6.99732E+01
11922	438	6.99732E+01
11922	603	6.99736E+01
11981	604	6.99752E+01
9887	321	6.99772E+01
12040	562	6.99824E+01
11922	201	6.99875E+01
9887	242	6.99942E+01
12040	563	6.99950E+01
9887	361	6.99991E+01
12040	317	7.00062E+01
11922	202	7.00077E+01
9973	243	7.00103E+01
11922	277	7.00106E+01
9973	321	7.00115E+01
12040	604	7.00156E+01
9973	282	7.00189E+01
9887	401	7.00258E+01
11981	202	7.00303E+01
11981	603	7.00321E+01
12040	357	7.00348E+01
11981	201	7.00391E+01
11922	520	7.00394E+01
9973	361	7.00402E+01
9887	243	7.00453E+01
11981	479	7.00512E+01
11981	400	7.00549E+01
11981	438	7.00552E+01
9887	204	7.00592E+01
12040	202	7.00615E+01
12040	400	7.00624E+01
11922	400	7.00677E+01
9887	320	7.00689E+01
11922	397	7.00727E+01
11922	238	7.00774E+01
9887	442	7.00787E+01
11981	277	7.00943E+01
9973	281	7.00954E+01
12040	201	7.00954E+01
12040	603	7.00963E+01
9887	282	7.00969E+01
9887	360	7.01067E+01
9973	402	7.01137E+01
11981	520	7.01187E+01
11981	280	7.01210E+01
12040	280	7.01226E+01
12040	479	7.01321E+01
11922	280	7.01356E+01
9973	442	7.01372E+01
12040	438	7.01397E+01
9887	483	7.01466E+01
9973	401	7.01561E+01
11981	238	7.01598E+01
11922	200	7.01600E+01
11981	241	7.01614E+01
11922	561	7.01615E+01
9973	322	7.01632E+01
9973	242	7.01648E+01
11981	397	7.01648E+01
12040	241	7.01648E+01
11922	241	7.01722E+01
12040	277	7.01802E+01
9973	483	7.01803E+01
9973	362	7.01882E+01
9887	524	7.01934E+01
12040	520	7.01999E+01
9887	402	7.02053E+01
9887	441	7.02194E+01
9887	565	7.02278E+01
9887	482	7.02303E+01
9887	280	7.02345E+01
9973	524	7.02388E+01
11981	200	7.02391E+01
12040	238	7.02441E+01
11981	561	7.02459E+01
11981	203	7.02575E+01
12040	397	7.02580E+01
12040	203	7.02623E+01
11922	203	7.02649E+01
9973	443	7.02650E+01
11922	316	7.02661E+01
9973	204	7.02674E+01
9973	244	7.02774E+01
9887	606	7.02781E+01
12040	360	7.02817E+01
11981	360	7.02881E+01
11981	441	7.02887E+01
12040	441	7.02893E+01
9887	523	7.02970E+01
9887	241	7.03098E+01
11922	441	7.03126E+01
9973	565	7.03129E+01
9887	400	7.03142E+01
11922	360	7.03158E+01
12040	200	7.03196E+01
12040	320	7.03207E+01
9973	320	7.03209E+01
11981	605	7.03260E+01
12040	561	7.03303E+01
11981	320	7.03305E+01
11922	605	7.03349E+01
11922	356	7.03369E+01
11922	602	7.03403E+01
12040	605	7.03450E+01
9887	322	7.03471E+01
11922	163	7.03581E+01
11922	320	7.03603E+01
9887	362	7.03674E+01
9973	360	7.03688E+01
11981	316	7.03709E+01
9973	484	7.03734E+01
9973	607	7.03737E+01
9973	566	7.03987E+01
9887	203	7.04048E+01
9973	283	7.04064E+01
9973	525	7.04114E+01
9887	564	7.04119E+01
11981	564	7.04198E+01
9973	606	7.04243E+01
9887	443	7.04271E+01
12040	564	7.04305E+01
11981	482	7.04307E+01
12040	482	7.04307E+01
11981	602	7.04327E+01
11922	564	7.04384E+01
9887	607	7.04388E+01
11981	163	7.04435E+01
11981	356	7.04463E+01
11922	276	7.04549E+01
11922	482	7.04581E+01
11981	523	7.04671E+01
12040	523	7.04710E+01
11922	237	7.04728E+01
12040	316	7.04753E+01
11922	478	7.04857E+01
11922	199	7.04861E+01
9973	482	7.04864E+01
11922	523	7.04922E+01
9973	441	7.05012E+01
11922	437	7.05022E+01
9887	244	7.05208E+01
12040	602	7.05222E+01
9887	566	7.05268E+01
12040	163	7.05285E+01
12040	356	7.05544E+01
9887	484	7.05578E+01
9973	523	7.05634E+01
9887	319	7.05649E+01
11981	276	7.05685E+01
11922	519	7.05689E+01
9973	280	7.05806E+01
9973	403	7.05814E+01
9887	525	7.05815E+01
11981	237	7.05834E+01
9887	605	7.05874E+01
11981	199	7.05914E+01
11981	478	7.05977E+01
11981	437	7.06176E+01
9887	359	7.06351E+01
11922	396	7.06521E+01
11922	162	7.06534E+01
9973	400	7.06673E+01
12040	276	7.06802E+01
9973	241	7.06815E+01
11981	519	7.06821E+01
12040	237	7.06923E+01
12040	199	7.06949E+01
9887	283	7.06986E+01
12040	478	7.07061E+01
9973	564	7.07163E+01
12040	437	7.07297E+01
11922	560	7.07349E+01
12040	242	7.07368E+01
12040	204	7.07473E+01
11981	162	7.07620E+01
11981	242	7.07624E+01
9887	481	7.07667E+01
11981	204	7.07698E+01
11981	396	7.07766E+01
12040	281	7.07800E+01
12040	401	7.07889E+01
12040	519	7.07903E+01
9887	440	7.08002E+01
9973	203	7.08003E+01
11922	242	7.08065E+01
11981	281	7.08082E+01
11922	204	7.08084E+01
11981	401	7.08098E+01
9973	608	7.08173E+01
9973	323	7.08184E+01
9973	363	7.08504E+01
11981	560	7.08528E+01
9887	522	7.08537E+01
9887	279	7.08574E+01
11922	281	7.08576E+01
11922	401	7.08584E+01
11922	315	7.08638E+01
12040	162	7.08675E+01
9887	403	7.08914E+01
12040	396	7.08970E+01
9973	444	7.09132E+01
9887	240	7.09300E+01
11922	198	7.09317E+01
9973	605	7.09512E+01
12040	560	7.09636E+01
11922	601	7.09758E+01
9973	567	7.09887E+01
11922	355	7.09912E+01
11981	315	7.09987E+01
9887	202	7.10020E+01
11922	236	7.10043E+01
9887	399	7.10117E+01
9973	245	7.10153E+01
9973	319	7.10313E+01
11922	161	7.10394E+01
9887	563	7.10406E+01
11922	275	7.10521E+01
11981	198	7.10619E+01
10836	358	7.10706E+01
9887	608	7.10847E+01
9973	485	7.10854E+01
10836	399	7.10921E+01
10836	439	7.10961E+01
9973	526	7.10968E+01
10836	318	7.10993E+01
11981	601	7.11013E+01
9973	359	7.11160E+01
10836	480	7.11211E+01
10836	398	7.11233E+01
12040	315	7.11288E+01
11981	606	7.11293E+01
12040	606	7.11299E+01
11981	355	7.11314E+01
11981	236	7.11417E+01
10836	521	7.11695E+01
11981	161	7.11703E+01
11922	606	7.11703E+01
12040	361	7.11732E+01
10836	440	7.11768E+01
12040	198	7.11871E+01
12040	442	7.11886E+01
10836	359	7.11914E+01
10836	278	7.11926E+01
11981	275	7.11939E+01
12040	321	7.12024E+01
11981	361	7.12086E+01
11922	477	7.12145E+01
11981	442	7.12147E+01
10836	279	7.12154E+01
12040	601	7.12167E+01
9887	323	7.12183E+01
11922	436	7.12337E+01
10836	562	7.12399E+01
11981	321	7.12419E+01
10836	319	7.12453E+01
9887	363	7.12464E+01
9973	481	7.12466E+01
10836	481	7.12472E+01
10836	317	7.12640E+01
12040	355	7.12657E+01
11922	361	7.12723E+01
12040	236	7.12737E+01
11922	442	7.12739E+01
10836	357	7.12755E+01
10836	522	7.12812E+01
10917	399	7.12879E+01
10836	563	7.12891E+01
9887	444	7.12900E+01
12040	161	7.12953E+01
10836	604	7.12956E+01
9973	284	7.12963E+01
10836	239	7.13016E+01
9973	440	7.13051E+01
11922	321	7.13074E+01
10917	358	7.13087E+01
11922	518	7.13157E+01
10836	240	7.13185E+01
9887	567	7.13214E+01
9887	604	7.13257E+01
12040	275	7.13299E+01
10917	318	7.13309E+01
12040	565	7.13321E+01
11981	565	7.13416E+01
9973	522	7.13433E+01
10917	439	7.13434E+01
10836	603	7.13441E+01
10917	440	7.13494E+01
10917	359	7.13551E+01
10836	479	7.13560E+01
11981	477	7.13587E+01
10917	480	7.13599E+01
10836	438	7.13604E+01
11981	436	7.13809E+01
11922	565	7.13931E+01
10917	398	7.13934E+01
9887	318	7.13965E+01
10917	279	7.14032E+01
10917	319	7.14036E+01
12040	483	7.14057E+01
11922	395	7.14064E+01
9973	279	7.14088E+01
10917	521	7.14110E+01
10917	481	7.14119E+01
10836	520	7.14215E+01
11981	483	7.14302E+01
10836	277	7.14321E+01
10836	400	7.14387E+01
12040	524	7.14411E+01
10836	201	7.14483E+01
10917	522	7.14498E+01
10917	278	7.14507E+01
11981	524	7.14595E+01
11981	518	7.14612E+01
10836	397	7.14671E+01
11922	197	7.14671E+01
9887	245	7.14675E+01
10917	563	7.14703E+01
10836	202	7.14735E+01
9887	526	7.14743E+01
9887	485	7.14807E+01
11922	483	7.14922E+01
10917	562	7.14925E+01
12040	477	7.14936E+01
10917	604	7.14955E+01
9973	240	7.14963E+01
11922	160	7.14972E+01
10917	240	7.15112E+01
10836	238	7.15146E+01
9887	358	7.15154E+01
11922	559	7.15161E+01
11922	524	7.15183E+01
12040	436	7.15193E+01
10999	399	7.15198E+01
10836	561	7.15465E+01
10917	400	7.15591E+01
10836	280	7.15594E+01
10999	358	7.15607E+01
10917	239	7.15609E+01
11981	395	7.15616E+01
10917	317	7.15666E+01
9973	563	7.15671E+01
10999	440	7.15702E+01
10999	359	7.15728E+01
9973	404	7.15764E+01
9973	202	7.15778E+01
10999	318	7.15804E+01
9973	399	7.15852E+01
10917	357	7.15860E+01
11922	314	7.15940E+01
12040	518	7.15958E+01
10999	439	7.15985E+01
10999	480	7.16107E+01
10917	603	7.16141E+01
10836	200	7.16164E+01
10836	241	7.16184E+01
10999	319	7.16194E+01
11981	197	7.16209E+01
10999	481	7.16287E+01
10999	279	7.16333E+01
11922	235	7.16335E+01
10836	605	7.16485E+01
11981	160	7.16492E+01
10999	398	7.16596E+01
10999	521	7.16626E+01
10836	441	7.16653E+01
11981	559	7.16661E+01
10999	522	7.16680E+01
10917	479	7.16683E+01
10917	202	7.16685E+01
10917	280	7.16748E+01
10836	316	7.16772E+01
10917	438	7.16812E+01
9887	480	7.16926E+01
10999	563	7.16939E+01
12040	243	7.16989E+01
10836	360	7.17002E+01
10917	201	7.17052E+01
12040	395	7.17078E+01
10999	278	7.17130E+01
10999	604	7.17274E+01
10836	602	7.17322E+01
10917	520	7.17358E+01
10836	203	7.17360E+01
10836	356	7.17407E+01
10917	241	7.17418E+01
10999	240	7.17442E+01
9973	609	7.17469E+01
10999	562	7.17489E+01
9887	439	7.17535E+01
10836	564	7.17539E+01
11981	243	7.17539E+01
11922	274	7.17561E+01
10999	400	7.17565E+01
11981	314	7.17571E+01
10917	277	7.17575E+01
9887	278	7.17607E+01
10917	441	7.17631E+01
10836	320	7.17634E+01
12040	197	7.17666E+01
11922	354	7.17794E+01
10917	605	7.17807E+01
10917	360	7.17882E+01
9887	239	7.17926E+01
12040	160	7.17928E+01
10836	482	7.17943E+01
11981	235	7.17960E+01
9887	201	7.17982E+01
9887	284	7.18009E+01
11922	600	7.18012E+01
9887	521	7.18021E+01
12040	559	7.18030E+01
10917	397	7.18095E+01
10836	523	7.18156E+01
10999	239	7.18245E+01
11922	243	7.18322E+01
10836	163	7.18338E+01
10917	238	7.18376E+01
10917	320	7.18466E+01
10999	317	7.18487E+01
10917	564	7.18656E+01
10917	203	7.18666E+01
12040	282	7.18675E+01
10917	561	7.18711E+01
10999	357	7.18712E+01
10999	280	7.18716E+01
10836	276	7.18775E+01
10999	603	7.18780E+01
10836	478	7.18814E+01
10917	482	7.18857E+01
10836	437	7.18998E+01
10999	202	7.19036E+01
10836	237	7.19086E+01
9973	604	7.19100E+01
12040	314	7.19113E+01
10917	523	7.19127E+01
11981	274	7.19243E+01
11981	282	7.19256E+01
10917	200	7.19324E+01
10836	199	7.19389E+01
10999	241	7.19431E+01
11981	354	7.19485E+01
10999	441	7.19497E+01
12040	235	7.19498E+01
10999	479	7.19529E+01
11981	600	7.19585E+01
10836	519	7.19660E+01
10999	201	7.19686E+01
10999	438	7.19701E+01
10999	360	7.19713E+01
10999	605	7.19818E+01
12040	402	7.19946E+01
9973	324	7.19976E+01
11922	159	7.20090E+01
11922	282	7.20102E+01
10999	520	7.20209E+01
10999	320	7.20281E+01
9973	364	7.20404E+01
11981	402	7.20428E+01
9887	398	7.20458E+01
10917	316	7.20477E+01
10999	277	7.20508E+01
9887	562	7.20520E+01
10836	396	7.20547E+01
10999	564	7.20576E+01
11922	196	7.20661E+01
10999	482	7.20691E+01
9973	318	7.20718E+01
10999	203	7.20721E+01
9973	568	7.20726E+01
10917	602	7.20730E+01
12040	274	7.20831E+01
9973	445	7.20842E+01
11922	476	7.20866E+01
10999	523	7.20984E+01
9887	404	7.20985E+01
11922	435	7.20987E+01
12040	600	7.20995E+01
12040	354	7.21073E+01
10999	397	7.21090E+01
10917	356	7.21207E+01
10836	162	7.21243E+01
11922	402	7.21269E+01
10999	238	7.21305E+01
10836	560	7.21370E+01
10999	561	7.21605E+01
10917	163	7.21636E+01
11981	159	7.21812E+01
11922	517	7.22049E+01
9887	609	7.22055E+01
9973	358	7.22103E+01
10836	401	7.22195E+01
8324	395	7.22214E+01
10999	200	7.22228E+01
8324	436	7.22298E+01
11981	196	7.22420E+01
8324	355	7.22469E+01
8324	354	7.22497E+01
8324	477	7.22511E+01
10836	242	7.22561E+01
8324	314	7.22583E+01
11981	476	7.22610E+01
10917	401	7.22645E+01
10917	478	7.22653E+01
10917	276	7.22670E+01
11922	394	7.22727E+01
11981	435	7.22754E+01
8324	518	7.22786E+01
10836	315	7.22793E+01
10836	281	7.22824E+01
10836	204	7.22848E+01
9973	527	7.22850E+01
10917	437	7.22916E+01
10917	237	7.22923E+01
8324	435	7.22979E+01
8324	396	7.22983E+01
8324	315	7.23009E+01
10917	242	7.23081E+01
8324	274	7.23097E+01
9973	486	7.23106E+01
10917	199	7.23112E+01
8324	476	7.23155E+01
8324	559	7.23168E+01
8324	394	7.23175E+01
10917	281	7.23235E+01
11922	234	7.23271E+01
8324	275	7.23335E+01
12040	159	7.23425E+01
10917	204	7.23485E+01
10917	519	7.23518E+01
8324	437	7.23548E+01
8324	313	7.23569E+01
10999	316	7.23612E+01
8324	517	7.23617E+01
10999	602	7.23695E+01
8324	235	7.23720E+01
8324	600	7.23740E+01
11981	517	7.23806E+01
10836	198	7.23822E+01
8324	601	7.23829E+01
10836	601	7.23865E+01
8324	560	7.23878E+01
8324	478	7.23883E+01
12040	607	7.23925E+01
8324	353	7.23940E+01
9973	480	7.23942E+01
8324	519	7.23954E+01
10836	355	7.24018E+01
8324	273	7.24063E+01
11981	607	7.24066E+01
12040	196	7.24071E+01
11922	313	7.24078E+01
8324	234	7.24184E+01
12040	476	7.24212E+01
10999	401	7.24274E+01
9887	603	7.24284E+01
11922	558	7.24295E+01
8324	356	7.24347E+01
8324	558	7.24352E+01
8324	236	7.24376E+01
10999	356	7.24380E+01
12040	435	7.24388E+01
10836	236	7.24403E+01
10836	606	7.24457E+01
11981	394	7.24563E+01
8324	196	7.24580E+01
10999	163	7.24611E+01
10917	396	7.24665E+01
8324	197	7.24746E+01
10999	242	7.24767E+01
10836	275	7.24772E+01
11922	607	7.24779E+01
9973	439	7.24783E+01
10999	281	7.24863E+01
9887	317	7.24912E+01
10917	162	7.25039E+01
8324	434	7.25045E+01
10836	161	7.25067E+01
9973	278	7.25104E+01
11981	234	7.25131E+01
9973	521	7.25136E+01
10917	606	7.25140E+01
8324	276	7.25153E+01
8324	195	7.25230E+01
10999	204	7.25233E+01
8324	475	7.25244E+01
8324	159	7.25269E+01
11922	273	7.25269E+01
8324	316	7.25295E+01
10917	560	7.25323E+01
8324	393	7.25367E+01
8324	599	7.25377E+01
12040	517	7.25405E+01
9973	239	7.25462E+01
9973	201	7.25468E+01
12040	362	7.25471E+01
8324	158	7.25474E+01
8324	233	7.25498E+01
12040	322	7.25545E+01
8324	312	7.25573E+01
11922	158	7.25588E+01
8324	160	7.25765E+01
12040	443	7.25812E+01
10999	478	7.25830E+01
8324	516	7.25863E+01
10999	276	7.25898E+01
8324	272	7.25912E+01
8324	122	7.25918E+01
8412	355	7.25936E+01
8324	198	7.25944E+01
11240	277	7.25968E+01
11981	313	7.25971E+01
11240	316	7.25990E+01
9887	568	7.25992E+01
8412	436	7.26019E+01
8324	397	7.26038E+01
11240	357	7.26047E+01
8412	395	7.26090E+01
9887	324	7.26090E+01
11981	558	7.26096E+01
8412	396	7.26106E+01
11240	317	7.26107E+01
10836	442	7.26108E+01
11981	362	7.26110E+01
11240	397	7.26119E+01
10999	237	7.26130E+01
10999	437	7.26134E+01
8412	477	7.26210E+01
10836	477	7.26229E+01
11981	322	7.26234E+01
8324	157	7.26247E+01
8324	602	7.26256E+01
11240	356	7.26265E+01
12040	394	7.26266E+01
10999	199	7.26274E+01
8412	315	7.26304E+01
11981	443	7.26322E+01
10917	442	7.26349E+01
8324	352	7.26371E+01
10836	436	7.26423E+01
11240	238	7.26437E+01
8324	237	7.26467E+01
9887	364	7.26474E+01
11922	353	7.26476E+01
11240	276	7.26480E+01
10836	361	7.26504E+01
8324	194	7.26509E+01
8412	437	7.26512E+01
8412	518	7.26568E+01
8412	314	7.26600E+01
11240	438	7.26612E+01
10917	361	7.26626E+01
9887	445	7.26678E+01
8412	354	7.26691E+01
10999	519	7.26700E+01
8324	121	7.26708E+01
9887	357	7.26722E+01
11240	237	7.26729E+01
10836	565	7.26752E+01
8412	275	7.26778E+01
8412	478	7.26836E+01
8324	557	7.26851E+01
10999	606	7.26864E+01
12040	234	7.26871E+01
8412	519	7.27010E+01
8412	356	7.27044E+01
11922	195	7.27056E+01
9973	285	7.27064E+01
10836	321	7.27081E+01
11922	362	7.27102E+01
8324	561	7.27104E+01
8324	161	7.27105E+01
8412	559	7.27107E+01
8412	560	7.27117E+01
10917	315	7.27143E+01
10917	321	7.27156E+01
11240	199	7.27188E+01
11981	273	7.27197E+01
12040	566	7.27199E+01
10917	565	7.27206E+01
8412	274	7.27225E+01
11240	479	7.27228E+01
11922	322	7.27245E+01
11922	443	7.27260E+01
11240	200	7.27273E+01
10836	518	7.27274E+01
11240	437	7.27294E+01
8412	601	7.27302E+01
8324	438	7.27323E+01
11240	398	7.27382E+01
11922	599	7.27414E+01
8412	435	7.27420E+01
8324	232	7.27436E+01
11981	566	7.27465E+01
9887	200	7.27467E+01
8324	156	7.27469E+01
11240	396	7.27480E+01
11981	158	7.27501E+01
8412	476	7.27571E+01
11240	478	7.27634E+01
11240	278	7.27684E+01
8412	236	7.27685E+01
8412	235	7.27685E+01
12040	558	7.27716E+01
12040	313	7.27736E+01
8324	520	7.27740E+01
8412	394	7.27761E+01
11240	520	7.27778E+01
8324	120	7.27821E+01
8412	316	7.27825E+01
8412	276	7.27866E+01
10999	442	7.27879E+01
8324	479	7.27883E+01
8412	600	7.27887E+01
11240	315	7.27946E+01
10917	601	7.27971E+01
10999	396	7.27981E+01
11240	163	7.27992E+01
9973	562	7.27996E+01
11240	162	7.28022E+01
8324	433	7.28024E+01
10836	483	7.28064E+01
10917	198	7.28079E+01
8412	517	7.28101E+01
10999	361	7.28110E+01
11240	239	7.28117E+01
10836	524	7.28137E+01
8324	598	7.28176E+01
10836	395	7.28186E+01
10999	162	7.28242E+01
8412	313	7.28258E+01
8324	193	7.28261E+01
10917	483	7.28265E+01
8324	311	7.28266E+01
8324	474	7.28277E+01
11240	561	7.28289E+01
11240	519	7.28291E+01
11922	566	7.28291E+01
9973	398	7.28346E+01
8324	392	7.28364E+01
8412	397	7.28372E+01
8324	271	7.28374E+01
9887	238	7.28394E+01
10917	524	7.28421E+01
8324	199	7.28423E+01
11981	353	7.28433E+01
11240	198	7.28447E+01
8412	197	7.28473E+01
10917	355	7.28477E+01
10999	560	7.28545E+01
11240	236	7.28558E+01
9887	527	7.28600E+01
11240	358	7.28600E+01
10999	321	7.28623E+01
11240	355	7.28637E+01
8324	357	7.28667E+01
11240	275	7.28714E+01
8412	234	7.28763E+01
12040	484	7.28765E+01
9887	277	7.28772E+01
8412	353	7.28811E+01
10917	236	7.28813E+01
10999	565	7.28827E+01
8412	273	7.28830E+01
11240	439	7.28863E+01
11240	318	7.28874E+01
11240	602	7.28888E+01
8412	196	7.28890E+01
8412	558	7.28974E+01
8324	277	7.28978E+01
12040	273	7.28996E+01
8324	515	7.29018E+01
11981	195	7.29023E+01
8324	155	7.29034E+01
12040	525	7.29037E+01
11240	201	7.29048E+01
8412	198	7.29051E+01
8412	602	7.29065E+01
11240	161	7.29068E+01
9887	486	7.29076E+01
8412	237	7.29078E+01
10836	197	7.29168E+01
8324	119	7.29183E+01
11922	122	7.29212E+01
11240	560	7.29219E+01
11981	484	7.29232E+01
10917	275	7.29273E+01
12040	158	7.29279E+01
11981	599	7.29282E+01
9887	479	7.29296E+01
10917	161	7.29340E+01
10836	559	7.29343E+01
11981	525	7.29416E+01
8324	351	7.29433E+01
8412	160	7.29444E+01
8324	162	7.29450E+01
8412	159	7.29480E+01
8412	438	7.29504E+01
10836	160	7.29622E+01
8412	561	7.29646E+01
10999	483	7.29774E+01
8324	231	7.29810E+01
11240	480	7.29910E+01
8324	317	7.29937E+01
10999	524	7.29966E+01
9887	438	7.30004E+01
8412	520	7.30066E+01
8412	479	7.30077E+01
8412	195	7.30086E+01
10836	314	7.30157E+01
8412	434	7.30161E+01
8324	556	7.30167E+01
8412	599	7.30184E+01
11922	484	7.30186E+01
8412	158	7.30188E+01
11240	603	7.30205E+01
8412	161	7.30225E+01
11240	436	7.30225E+01
12040	353	7.30248E+01
11922	525	7.30327E+01
8412	475	7.30335E+01
9887	163	7.30353E+01
8324	238	7.30356E+01
8324	192	7.30356E+01
11922	434	7.30356E+01
11922	475	7.30367E+01
11240	521	7.30383E+01
11240	562	7.30402E+01
11240	477	7.30425E+01
11240	601	7.30455E+01
8412	357	7.30558E+01
11922	233	7.30570E+01
10999	315	7.30575E+01
8412	393	7.30611E+01
9887	520	7.30639E+01
8412	233	7.30647E+01
10836	235	7.30714E+01
8324	118	7.30732E+01
11240	197	7.30750E+01
10917	477	7.30755E+01
11240	395	7.30820E+01
12040	195	7.30853E+01
8324	154	7.30857E+01
8412	199	7.30876E+01
8412	312	7.30884E+01
9973	405	7.30912E+01
8412	277	7.30919E+01
11240	160	7.30934E+01
12040	599	7.30940E+01
8412	122	7.30963E+01
12040	244	7.30983E+01
8412	516	7.31013E+01
10917	436	7.31018E+01
11240	518	7.31204E+01
8324	270	7.31226E+01
11981	122	7.31248E+01
10999	601	7.31259E+01
8412	272	7.31269E+01
11922	157	7.31315E+01
9973	610	7.31330E+01
8324	310	7.31377E+01
8412	157	7.31433E+01
11240	314	7.31441E+01
11158	316	7.31484E+01
10999	198	7.31487E+01
8324	432	7.31527E+01
11240	235	7.31541E+01
11158	356	7.31579E+01
8324	603	7.31640E+01
8324	597	7.31659E+01
8412	317	7.31664E+01
11922	516	7.31691E+01
11158	276	7.31702E+01
8324	391	7.31819E+01
10917	518	7.31819E+01
11981	244	7.31830E+01
8324	473	7.31845E+01
10836	274	7.31857E+01
8412	352	7.31866E+01
8412	194	7.31874E+01
11240	399	7.31924E+01
10999	355	7.31956E+01
11922	393	7.31958E+01
8324	398	7.31959E+01
8412	162	7.31985E+01
10836	354	7.31986E+01
11158	397	7.31989E+01
11158	237	7.32065E+01
8412	557	7.32123E+01
8412	121	7.32156E+01
11240	279	7.32180E+01
11158	277	7.32199E+01
11240	274	7.32215E+01
8412	238	7.32230E+01
11240	240	7.32257E+01
11158	396	7.32258E+01
10999	236	7.32285E+01
10836	600	7.32292E+01
9973	603	7.32323E+01
11158	437	7.32347E+01
11981	475	7.32388E+01
11981	434	7.32395E+01
8324	117	7.32416E+01
11158	315	7.32427E+01
11158	357	7.32457E+01
11240	559	7.32466E+01
8324	230	7.32468E+01
8324	200	7.32469E+01
11240	354	7.32580E+01
11922	312	7.32632E+01
10917	243	7.32638E+01
11981	233	7.32647E+01
8324	514	7.32666E+01
11158	317	7.32671E+01
8324	191	7.32691E+01
11158	199	7.32720E+01
11158	238	7.32726E+01
10999	161	7.32761E+01
11158	478	7.32768E+01
10999	275	7.32781E+01
11158	438	7.32788E+01
8324	350	7.32840E+01
10836	243	7.32847E+01
8324	153	7.32867E+01
11240	202	7.32908E+01
11158	355	7.32914E+01
10917	395	7.32959E+01
11922	244	7.32959E+01
11158	275	7.32983E+01
8324	163	7.32985E+01
11158	236	7.32992E+01
8412	156	7.33095E+01
8412	232	7.33111E+01
12040	122	7.33124E+01
11158	198	7.33138E+01
8500	396	7.33166E+01
8500	355	7.33286E+01
11922	272	7.33308E+01
11158	519	7.33348E+01
9887	397	7.33371E+01
11981	157	7.33407E+01
8500	437	7.33430E+01
11240	159	7.33443E+01
11158	162	7.33451E+01
8324	562	7.33461E+01
8412	398	7.33483E+01
11158	479	7.33497E+01
8500	315	7.33540E+01
8500	436	7.33554E+01
8412	598	7.33613E+01
8412	120	7.33646E+01
11922	194	7.33660E+01
9887	561	7.33664E+01
9973	317	7.33680E+01
11158	200	7.33691E+01
8500	477	7.33726E+01
11981	516	7.33728E+01
8500	478	7.33734E+01
11158	161	7.33746E+01
8500	395	7.33757E+01
8412	433	7.33759E+01
8500	356	7.33783E+01
8412	603	7.33817E+01
11240	196	7.33832E+01
8324	555	7.33896E+01
10917	197	7.33931E+01
11158	520	7.33970E+01
10917	559	7.33978E+01
8500	519	7.33985E+01
10999	243	7.33989E+01
8412	474	7.33992E+01
10917	282	7.34013E+01
11981	393	7.34056E+01
11922	557	7.34076E+01
11158	560	7.34077E+01
8412	193	7.34096E+01
8412	311	7.34144E+01
8500	518	7.34153E+01
8500	275	7.34158E+01
11240	600	7.34174E+01
9887	285	7.34192E+01
8324	116	7.34198E+01
11158	163	7.34205E+01
8412	392	7.34210E+01
11158	436	7.34215E+01
11922	121	7.34222E+01
8324	439	7.34223E+01
12040	475	7.34226E+01
8412	200	7.34233E+01
8500	560	7.34242E+01
12040	283	7.34250E+01
10999	477	7.34251E+01
12040	434	7.34261E+01
8412	271	7.34270E+01
11158	561	7.34270E+01
8324	269	7.34295E+01
10917	160	7.34351E+01
10836	282	7.34352E+01
11158	398	7.34397E+01
8500	314	7.34405E+01
8500	316	7.34461E+01
10917	402	7.34461E+01
11158	477	7.34480E+01
10999	436	7.34550E+01
11240	359	7.34551E+01
11158	602	7.34558E+01
11158	395	7.34570E+01
12040	233	7.34574E+01
8500	354	7.34623E+01
8500	601	7.34629E+01
11158	197	7.34645E+01
8500	276	7.34680E+01
8324	309	7.34698E+01
11240	440	7.34708E+01
10836	159	7.34737E+01
11240	435	7.34750E+01
10836	402	7.34754E+01
8324	521	7.34758E+01
11981	312	7.34766E+01
8412	515	7.34785E+01
8500	397	7.34801E+01
8500	559	7.34829E+01
11240	319	7.34893E+01
11158	160	7.34894E+01
8412	163	7.34909E+01
11240	476	7.34914E+01
11158	314	7.34972E+01
11158	278	7.34976E+01
8500	236	7.34997E+01
8324	152	7.35009E+01
11158	601	7.35019E+01
8412	155	7.35069E+01
10836	476	7.35086E+01
11240	604	7.35095E+01
10917	314	7.35111E+01
8324	480	7.35122E+01
11158	235	7.35127E+01
11981	283	7.35127E+01
8500	274	7.35142E+01
10836	196	7.35170E+01
8324	190	7.35180E+01
11158	518	7.35182E+01
10836	435	7.35194E+01
8324	431	7.35250E+01
8324	278	7.35284E+01
8324	229	7.35291E+01
10999	282	7.35296E+01
10999	518	7.35320E+01
8412	562	7.35331E+01
12040	157	7.35340E+01
11240	234	7.35345E+01
8412	119	7.35357E+01
11158	239	7.35411E+01
8324	596	7.35450E+01
11981	272	7.35462E+01
8324	390	7.35464E+01
8412	351	7.35495E+01
11922	352	7.35498E+01
8500	235	7.35504E+01
11240	394	7.35536E+01
8500	435	7.35545E+01
12040	516	7.35563E+01
11158	274	7.35593E+01
8412	439	7.35614E+01
8324	472	7.35628E+01
10917	235	7.35663E+01
8500	476	7.35678E+01
9973	357	7.35739E+01
10999	402	7.35752E+01
8500	438	7.35784E+01
8500	600	7.35796E+01
8500	602	7.35802E+01
11240	517	7.35814E+01
11981	194	7.35820E+01
8500	237	7.35857E+01
11158	354	7.35888E+01
8412	231	7.35966E+01
12040	393	7.35981E+01
8324	358	7.35988E+01
11240	313	7.36001E+01
8500	394	7.36004E+01
8412	556	7.36043E+01
8324	115	7.36048E+01
8500	197	7.36148E+01
11158	358	7.36155E+01
11981	557	7.36155E+01
8500	561	7.36164E+01
9973	569	7.36191E+01
11158	439	7.36208E+01
11240	563	7.36233E+01
11158	559	7.36254E+01
8500	198	7.36258E+01
8500	517	7.36273E+01
10836	517	7.36313E+01
11922	283	7.36326E+01
8500	479	7.36342E+01
11240	481	7.36344E+01
9546	362	7.36359E+01
8412	521	7.36369E+01
8324	349	7.36373E+01
11158	201	7.36396E+01
11981	121	7.36410E+01
8412	278	7.36418E+01
8500	520	7.36419E+01
11240	158	7.36437E+01
8324	239	7.36457E+01
8324	513	7.36489E+01
8412	480	7.36558E+01
11158	318	7.36559E+01
9546	322	7.36560E+01
9546	443	7.36571E+01
10999	395	7.36579E+01
11240	273	7.36592E+01
8500	313	7.36602E+01
9973	200	7.36605E+01
8412	192	7.36624E+01
9546	402	7.36626E+01
8500	357	7.36662E+01
11158	159	7.36722E+01
12040	312	7.36737E+01
11240	522	7.36772E+01
9546	484	7.36922E+01
10917	274	7.36925E+01
8324	81	7.36945E+01
10836	394	7.36959E+01
11158	196	7.36977E+01
9973	325	7.36985E+01
8500	196	7.37014E+01
12040	403	7.37014E+01
11158	603	7.37015E+01
8412	358	7.37049E+01
8500	234	7.37063E+01
10917	354	7.37063E+01
10917	600	7.37071E+01
10836	607	7.37073E+01
11077	356	7.37073E+01
11077	316	7.37103E+01
11922	156	7.37136E+01
8500	160	7.37137E+01
11077	276	7.37138E+01
8500	277	7.37141E+01
10917	607	7.37167E+01
8412	118	7.37226E+01
8324	151	7.37238E+01
8500	273	7.37254E+01
9546	525	7.37262E+01
8412	154	7.37268E+01
8500	558	7.37272E+01
8500	353	7.37292E+01
11922	598	7.37303E+01
11240	558	7.37318E+01
11158	480	7.37355E+01
11077	315	7.37357E+01
11077	396	7.37385E+01
9546	282	7.37395E+01
8324	268	7.37445E+01
12040	272	7.37454E+01
11240	195	7.37463E+01
8324	318	7.37467E+01
9973	365	7.37488E+01
8500	161	7.37501E+01
10999	559	7.37518E+01
11158	562	7.37541E+01
8412	239	7.37557E+01
10999	197	7.37572E+01
11240	353	7.37574E+01
8500	159	7.37577E+01
9973	446	7.37577E+01
11077	237	7.37579E+01
8500	199	7.37591E+01
8412	270	7.37613E+01
9546	403	7.37615E+01
11077	437	7.37657E+01
9546	566	7.37674E+01
8500	317	7.37676E+01
8412	597	7.37683E+01
11158	600	7.37685E+01
10836	234	7.37690E+01
11981	352	7.37699E+01
11077	355	7.37704E+01
9887	610	7.37707E+01
9973	238	7.37719E+01
8324	554	7.37734E+01
11158	521	7.37746E+01
11158	435	7.37748E+01
8324	189	7.37755E+01
11981	403	7.37755E+01
8412	310	7.37770E+01
11077	275	7.37772E+01
9887	316	7.37781E+01
12040	194	7.37816E+01
8412	432	7.37823E+01
11077	397	7.37858E+01
9546	283	7.37883E+01
11077	236	7.37895E+01
8324	114	7.37945E+01
11158	476	7.37961E+01
10999	160	7.37981E+01
11922	232	7.38000E+01
12040	557	7.38009E+01
11240	122	7.38031E+01
8324	308	7.38065E+01
9887	199	7.38068E+01
9546	244	7.38096E+01
8412	473	7.38127E+01
11077	478	7.38129E+01
9887	602	7.38134E+01
11158	234	7.38139E+01
9973	277	7.38169E+01
9887	405	7.38173E+01
8324	228	7.38179E+01
8412	391	7.38209E+01
11077	198	7.38215E+01
11077	277	7.38320E+01
11158	394	7.38330E+01
8412	318	7.38360E+01
11077	199	7.38368E+01
10836	313	7.38375E+01
8324	201	7.38413E+01
12040	121	7.38419E+01
8324	80	7.38437E+01
9546	607	7.38446E+01
8500	238	7.38452E+01
9546	361	7.38470E+01
9973	479	7.38475E+01
9546	321	7.38530E+01
10999	607	7.38627E+01
10836	558	7.38636E+01
8500	195	7.38638E+01
11158	313	7.38651E+01
11077	519	7.38653E+01
8500	599	7.38656E+01
9546	243	7.38662E+01
8500	158	7.38672E+01
11077	357	7.38695E+01
11158	517	7.38782E+01
11077	436	7.38803E+01
11077	161	7.38815E+01
9546	483	7.38822E+01
10999	314	7.38824E+01
8500	162	7.38829E+01
8500	434	7.38841E+01
11077	438	7.38861E+01
11077	238	7.38888E+01
9546	608	7.38911E+01
11922	403	7.38942E+01
8324	430	7.38970E+01
8412	514	7.38997E+01
11077	395	7.38999E+01
8500	475	7.39002E+01
11077	317	7.39017E+01
11077	162	7.39030E+01
9546	442	7.39054E+01
8412	230	7.39064E+01
11158	158	7.39071E+01
8324	389	7.39097E+01
11077	477	7.39109E+01
11158	273	7.39141E+01
11077	197	7.39182E+01
8412	117	7.39204E+01
11077	560	7.39241E+01
11922	120	7.39255E+01
11077	314	7.39258E+01
8500	398	7.39262E+01
8324	595	7.39268E+01
9546	444	7.39287E+01
11240	203	7.39298E+01
11240	599	7.39336E+01
8412	191	7.39353E+01
9546	363	7.39377E+01
11240	241	7.39378E+01
10999	235	7.39384E+01
9973	438	7.39387E+01
8324	471	7.39392E+01
8500	393	7.39395E+01
11981	156	7.39395E+01
8500	233	7.39401E+01
8412	350	7.39414E+01
9546	524	7.39424E+01
11981	598	7.39444E+01
9973	528	7.39454E+01
11077	235	7.39454E+01
8412	201	7.39455E+01
11077	160	7.39476E+01
8324	150	7.39516E+01
9546	323	7.39603E+01
8412	153	7.39622E+01
11077	479	7.39629E+01
10836	273	7.39630E+01
9546	567	7.39640E+01
11240	233	7.39691E+01
12040	352	7.39721E+01
8500	312	7.39732E+01
8500	516	7.39741E+01
11077	518	7.39755E+01
11240	157	7.39769E+01
8500	122	7.39772E+01
11077	274	7.39777E+01
8324	348	7.39869E+01
9887	162	7.39869E+01
8324	113	7.39872E+01
10917	159	7.39899E+01
9973	163	7.39902E+01
11158	195	7.39906E+01
9973	520	7.39926E+01
11922	433	7.39934E+01
11077	200	7.39940E+01
8324	79	7.39942E+01
10917	443	7.39958E+01
8500	603	7.39966E+01
11077	601	7.39979E+01
11158	353	7.39985E+01
11077	354	7.40020E+01
11240	280	7.40029E+01
11077	520	7.40045E+01
11922	474	7.40098E+01
11158	558	7.40105E+01
11158	399	7.40123E+01
8500	272	7.40169E+01
10917	362	7.40170E+01
9887	237	7.40173E+01
11077	561	7.40197E+01
9546	485	7.40211E+01
9973	487	7.40213E+01
9546	526	7.40229E+01
10836	158	7.40250E+01
11158	122	7.40252E+01
10917	476	7.40257E+01
8324	512	7.40258E+01
11077	602	7.40268E+01
11981	232	7.40278E+01
11240	434	7.40283E+01
8500	157	7.40289E+01
9887	356	7.40296E+01
11922	193	7.40311E+01
11077	163	7.40317E+01
8412	555	7.40323E+01
8324	188	7.40357E+01
11240	400	7.40364E+01
10917	196	7.40410E+01
10917	435	7.40424E+01
10836	443	7.40432E+01
8500	200	7.40436E+01
11240	475	7.40478E+01
10917	322	7.40531E+01
8324	604	7.40533E+01
10917	566	7.40545E+01
8324	267	7.40569E+01
11158	279	7.40579E+01
11158	240	7.40600E+01
10999	600	7.40673E+01
11077	559	7.40692E+01
10999	274	7.40696E+01
10836	566	7.40707E+01
9546	401	7.40726E+01
9546	565	7.40749E+01
10836	353	7.40770E+01
10836	362	7.40798E+01
10999	354	7.40829E+01
8500	194	7.40832E+01
11077	159	7.40841E+01
8500	352	7.40859E+01
8500	557	7.40969E+01
11240	121	7.40972E+01
11077	196	7.41005E+01
11077	398	7.41043E+01
8324	227	7.41054E+01
11240	393	7.41099E+01
8412	269	7.41125E+01
10999	443	7.41163E+01
10836	322	7.41212E+01
11240	312	7.41218E+01
11158	202	7.41229E+01
8500	562	7.41242E+01
8500	439	7.41244E+01
8412	116	7.41254E+01
11922	311	7.41263E+01
8500	121	7.41287E+01
12040	608	7.41298E+01
8500	163	7.41305E+01
11922	392	7.41308E+01
10999	362	7.41312E+01
8324	399	7.41325E+01
12040	598	7.41333E+01
8324	307	7.41357E+01
11922	271	7.41403E+01
9887	276	7.41444E+01
11240	194	7.41448E+01
8324	78	7.41458E+01
8324	553	7.41467E+01
12040	156	7.41471E+01
3161	397	7.41480E+01
11240	516	7.41481E+01
3161	438	7.41487E+01
9546	281	7.41501E+01
10917	517	7.41507E+01
3161	479	7.41509E+01
11240	272	7.41512E+01
11922	515	7.41521E+01
3161	520	7.41541E+01
11981	608	7.41548E+01
8412	309	7.41552E+01
11981	120	7.41586E+01
10836	195	7.41598E+01
10999	322	7.41653E+01
11077	435	7.41665E+01
3161	561	7.41744E+01
11158	233	7.41751E+01
11158	157	7.41797E+01
8324	149	7.41806E+01
3161	356	7.41809E+01
8324	112	7.41812E+01
11077	278	7.41817E+01
10836	599	7.41861E+01
11158	599	7.41866E+01
10999	566	7.41888E+01
11077	476	7.41906E+01
11077	234	7.41929E+01
11077	600	7.41933E+01
3161	437	7.42006E+01
8412	596	7.42008E+01
8500	278	7.42024E+01
3161	603	7.42025E+01
8412	399	7.42028E+01
8412	431	7.42049E+01
8412	152	7.42078E+01
3161	478	7.42084E+01
8500	521	7.42097E+01
3161	316	7.42109E+01
11077	394	7.42111E+01
8412	604	7.42136E+01
8500	480	7.42184E+01
9546	245	7.42185E+01
8412	190	7.42203E+01
11981	433	7.42221E+01
3161	357	7.42226E+01
11077	239	7.42254E+01
8412	229	7.42283E+01
8500	232	7.42292E+01
8500	156	7.42306E+01
3161	602	7.42324E+01
8412	390	7.42339E+01
11077	313	7.42339E+01
10917	394	7.42343E+01
3161	396	7.42364E+01
11158	434	7.42370E+01
11981	474	7.42373E+01
12040	232	7.42376E+01
8412	472	7.42418E+01
3161	562	7.42487E+01
8500	358	7.42500E+01
3161	519	7.42528E+01
8324	429	7.42531E+01
11922	608	7.42538E+01
10917	525	7.42576E+01
10917	484	7.42577E+01
8324	388	7.42579E+01
11158	475	7.42598E+01
8500	598	7.42618E+01
11981	193	7.42649E+01
11077	517	7.42670E+01
11158	121	7.42676E+01
11077	158	7.42753E+01
11077	273	7.42763E+01
3161	276	7.42809E+01
9546	606	7.42916E+01
8324	594	7.42924E+01
8324	187	7.42932E+01
10836	525	7.42941E+01
11922	155	7.42941E+01
8500	433	7.42956E+01
8324	470	7.42978E+01
8324	77	7.42979E+01
11158	393	7.43017E+01
3161	398	7.43028E+01
3161	317	7.43046E+01
11158	604	7.43056E+01
11158	312	7.43057E+01
10836	484	7.43058E+01
11077	439	7.43074E+01
8500	120	7.43083E+01
3161	521	7.43125E+01
11240	557	7.43135E+01
10917	234	7.43143E+01
11077	358	7.43170E+01
11240	352	7.43174E+01
8500	474	7.43182E+01
8500	239	7.43198E+01
3161	315	7.43208E+01
8324	347	7.43208E+01
11158	194	7.43238E+01
11158	440	7.43251E+01
3161	277	7.43256E+01
11077	201	7.43277E+01
9887	569	7.43278E+01
11158	359	7.43288E+01
11158	272	7.43298E+01
9973	561	7.43305E+01
11240	156	7.43311E+01
8412	513	7.43324E+01
9973	397	7.43336E+01
8412	115	7.43349E+01
9546	284	7.43369E+01
9546	242	7.43375E+01
3161	560	7.43391E+01
8412	349	7.43402E+01
8500	193	7.43437E+01
3161	355	7.43455E+01
11077	195	7.43458E+01
8500	311	7.43462E+01
8324	563	7.43494E+01
8500	392	7.43495E+01
11077	603	7.43500E+01
11077	353	7.43510E+01
11158	516	7.43519E+01
8324	266	7.43583E+01
3161	439	7.43592E+01
3161	480	7.43593E+01
8500	271	7.43614E+01
11981	311	7.43616E+01
3161	237	7.43619E+01
11981	392	7.43642E+01
11077	122	7.43654E+01
11077	318	7.43665E+01
12040	120	7.43717E+01
8500	318	7.43729E+01
10999	159	7.43729E+01
11158	319	7.43739E+01
8324	111	7.43749E+01
11981	271	7.43764E+01
10999	484	7.43777E+01
11981	515	7.43813E+01
8324	511	7.43817E+01
10999	525	7.43829E+01
8324	226	7.43850E+01
11077	558	7.43867E+01
9546	404	7.43877E+01
10917	313	7.43892E+01
9632	362	7.43914E+01
9887	478	7.43915E+01
10917	558	7.43916E+01
11922	556	7.43948E+01
12040	323	7.44021E+01
8500	515	7.44034E+01
11240	120	7.44036E+01
10999	476	7.44054E+01
8324	148	7.44074E+01
10836	122	7.44082E+01
3161	275	7.44093E+01
9632	322	7.44111E+01
11240	605	7.44127E+01
9122	320	7.44135E+01
9632	443	7.44175E+01
9122	280	7.44187E+01
12040	363	7.44227E+01
11922	119	7.44230E+01
9546	609	7.44244E+01
10999	435	7.44252E+01
11077	562	7.44256E+01
10999	196	7.44270E+01
11077	480	7.44286E+01
12040	433	7.44297E+01
9122	360	7.44348E+01
3161	238	7.44349E+01
9632	403	7.44349E+01
11240	232	7.44351E+01
9632	484	7.44362E+01
9122	204	7.44402E+01
3161	604	7.44407E+01
9122	241	7.44411E+01
12040	474	7.44426E+01
8412	81	7.44436E+01
3161	236	7.44454E+01
8324	306	7.44483E+01
11240	360	7.44493E+01
11922	351	7.44496E+01
8324	76	7.44502E+01
3161	436	7.44542E+01
11158	563	7.44542E+01
9122	242	7.44559E+01
9887	437	7.44568E+01
8324	279	7.44584E+01
8412	151	7.44594E+01
8500	155	7.44615E+01
11077	521	7.44617E+01
8412	554	7.44655E+01
8412	268	7.44671E+01
9632	402	7.44687E+01
10836	434	7.44699E+01
3161	477	7.44711E+01
3267	438	7.44726E+01
3161	199	7.44732E+01
10836	475	7.44732E+01
11240	441	7.44735E+01
8412	563	7.44740E+01
11240	320	7.44751E+01
9632	525	7.44757E+01
12040	444	7.44757E+01
3267	479	7.44760E+01
3161	601	7.44761E+01
11158	352	7.44767E+01
11158	156	7.44775E+01
9632	283	7.44788E+01
9122	203	7.44794E+01
12040	193	7.44799E+01
3267	397	7.44815E+01
8324	440	7.44817E+01
8412	279	7.44880E+01
3267	520	7.44885E+01
9122	400	7.44888E+01
9122	281	7.44908E+01
8324	552	7.44955E+01
8500	351	7.44962E+01
11158	481	7.44985E+01
11981	323	7.44996E+01
3161	198	7.45002E+01
11158	557	7.45004E+01
11077	233	7.45042E+01
9122	441	7.45047E+01
10836	233	7.45050E+01
11077	157	7.45068E+01
9546	320	7.45071E+01
8500	119	7.45083E+01
3161	395	7.45093E+01
8412	189	7.45104E+01
8500	201	7.45124E+01
11981	363	7.45137E+01
9887	325	7.45147E+01
3267	603	7.45225E+01
10917	273	7.45227E+01
8324	240	7.45229E+01
3267	561	7.45241E+01
3267	357	7.45249E+01
11158	120	7.45258E+01
3161	358	7.45281E+01
10999	517	7.45311E+01
11240	598	7.45315E+01
9546	360	7.45318E+01
11158	522	7.45320E+01
9632	244	7.45323E+01
8412	308	7.45330E+01
11981	155	7.45354E+01
3267	356	7.45375E+01
11922	231	7.45379E+01
9632	566	7.45384E+01
9887	446	7.45384E+01
8500	556	7.45400E+01
8412	440	7.45422E+01
8324	186	7.45433E+01
11077	599	7.45450E+01
8412	114	7.45471E+01
3267	562	7.45474E+01
9122	482	7.45480E+01
3161	518	7.45484E+01
11981	444	7.45496E+01
9887	519	7.45512E+01
8412	240	7.45522E+01
8412	228	7.45529E+01
8500	231	7.45546E+01
3267	316	7.45547E+01
9122	319	7.45551E+01
8324	522	7.45552E+01
9887	365	7.45591E+01
9632	444	7.45599E+01
9632	363	7.45606E+01
9632	282	7.45624E+01
11240	193	7.45629E+01
8324	110	7.45663E+01
9122	401	7.45667E+01
11077	434	7.45668E+01
9546	482	7.45700E+01
9546	204	7.45721E+01
11077	121	7.45727E+01
11158	232	7.45733E+01
12040	392	7.45770E+01
12040	311	7.45774E+01
3267	437	7.45782E+01
9632	608	7.45786E+01
3267	398	7.45807E+01
3161	162	7.45810E+01
8324	387	7.45815E+01
10917	158	7.45822E+01
9632	323	7.45825E+01
8324	428	7.45833E+01
3161	314	7.45838E+01
3161	200	7.45839E+01
9122	523	7.45862E+01
12040	515	7.45865E+01
3267	478	7.45866E+01
12040	567	7.45890E+01
11077	475	7.45915E+01
3161	278	7.45920E+01
12040	271	7.45932E+01
3161	161	7.45939E+01
3267	521	7.45941E+01
3267	317	7.45945E+01
3267	602	7.46014E+01
10836	157	7.46014E+01
9122	359	7.46017E+01
8324	75	7.46018E+01
8412	80	7.46085E+01
10836	516	7.46111E+01
8324	481	7.46152E+01
9632	567	7.46161E+01
3161	563	7.46168E+01
11077	312	7.46196E+01
11077	393	7.46204E+01
8412	430	7.46214E+01
3267	396	7.46233E+01
10999	394	7.46248E+01
9122	564	7.46253E+01
3267	439	7.46275E+01
11981	556	7.46279E+01
3267	277	7.46283E+01
8324	469	7.46284E+01
8324	147	7.46287E+01
11981	567	7.46290E+01
3267	480	7.46299E+01
8324	593	7.46299E+01
8412	595	7.46304E+01
8324	346	7.46311E+01
10836	393	7.46317E+01
8500	192	7.46324E+01
9973	286	7.46327E+01
11240	433	7.46330E+01
11240	564	7.46332E+01
11077	194	7.46346E+01
3267	276	7.46351E+01
3161	197	7.46355E+01
11922	323	7.46359E+01
3267	519	7.46392E+01
9632	485	7.46397E+01
8412	389	7.46402E+01
11077	272	7.46402E+01
10917	353	7.46421E+01
8324	265	7.46422E+01
9546	441	7.46438E+01
11922	363	7.46478E+01
3161	235	7.46484E+01
8412	522	7.46484E+01
9632	607	7.46486E+01
9632	526	7.46504E+01
8324	225	7.46510E+01
9546	523	7.46543E+01
9546	568	7.46555E+01
10917	244	7.46555E+01
3161	318	7.46563E+01
11240	474	7.46592E+01
3161	354	7.46625E+01
8412	471	7.46631E+01
8324	202	7.46636E+01
3161	274	7.46672E+01
11981	119	7.46693E+01
11240	271	7.46705E+01
3161	163	7.46720E+01
11240	311	7.46758E+01
11922	444	7.46766E+01
11077	516	7.46778E+01
9122	321	7.46797E+01
11158	193	7.46815E+01
3161	559	7.46834E+01
8412	481	7.46854E+01
8324	359	7.46869E+01
11922	192	7.46886E+01
9122	605	7.46888E+01
9122	361	7.46903E+01
11981	351	7.46917E+01
3161	160	7.46919E+01
8412	202	7.46922E+01
11158	598	7.46948E+01
11240	155	7.46959E+01
9122	279	7.47019E+01
10836	312	7.47030E+01
9887	528	7.47065E+01
3161	239	7.47069E+01
3267	237	7.47072E+01
11240	392	7.47072E+01
8324	510	7.47076E+01
8412	359	7.47085E+01
11240	482	7.47087E+01
10999	234	7.47098E+01
3267	604	7.47125E+01
8500	154	7.47130E+01
8412	150	7.47133E+01
8500	399	7.47147E+01
11922	597	7.47149E+01
11240	119	7.47151E+01
3267	315	7.47156E+01
9122	481	7.47165E+01
9122	440	7.47174E+01
9632	243	7.47182E+01
8500	597	7.47186E+01
8500	118	7.47225E+01
9546	445	7.47237E+01
10917	599	7.47275E+01
10917	195	7.47285E+01
8412	348	7.47300E+01
9122	442	7.47301E+01
3267	238	7.47310E+01
9122	606	7.47327E+01
8500	270	7.47369E+01
9632	361	7.47377E+01
8324	305	7.47380E+01
3267	560	7.47391E+01
9122	240	7.47398E+01
11922	567	7.47407E+01
9632	321	7.47426E+01
11240	523	7.47489E+01
8500	432	7.47497E+01
10836	244	7.47503E+01
8324	74	7.47518E+01
8500	310	7.47520E+01
3267	355	7.47535E+01
8324	109	7.47535E+01
8412	512	7.47538E+01
12040	155	7.47562E+01
10999	244	7.47567E+01
9632	483	7.47571E+01
11077	399	7.47574E+01
11158	433	7.47590E+01
3161	399	7.47601E+01
8412	113	7.47603E+01
11077	156	7.47662E+01
11240	515	7.47666E+01
9546	364	7.47673E+01
8500	604	7.47712E+01
3267	358	7.47736E+01
11077	352	7.47736E+01
8412	79	7.47737E+01
10836	272	7.47755E+01
10999	558	7.47757E+01
9122	522	7.47767E+01
11158	271	7.47794E+01
8500	473	7.47799E+01
9122	202	7.47805E+01
8324	185	7.47816E+01
3161	522	7.47839E+01
11981	231	7.47840E+01
11158	311	7.47860E+01
10999	313	7.47867E+01
11158	474	7.47870E+01
9546	324	7.47879E+01
11158	155	7.47899E+01
11158	119	7.47926E+01
8500	391	7.47955E+01
9122	565	7.47979E+01
11077	120	7.47981E+01
9632	442	7.47994E+01
8412	188	7.48001E+01
3267	199	7.48056E+01
9887	396	7.48056E+01
9887	487	7.48094E+01
9632	245	7.48117E+01
3267	275	7.48118E+01
8324	551	7.48119E+01
11077	557	7.48144E+01
8412	267	7.48148E+01
11077	240	7.48156E+01
11077	279	7.48172E+01
11158	392	7.48196E+01
9632	524	7.48201E+01
9122	399	7.48215E+01
9546	527	7.48234E+01
10836	194	7.48257E+01
9122	483	7.48280E+01
9973	602	7.48320E+01
6239	434	7.48321E+01
6239	393	7.48329E+01
12040	556	7.48349E+01
3267	236	7.48371E+01
3267	278	7.48405E+01
8324	146	7.48412E+01
6239	475	7.48422E+01
9122	524	7.48428E+01
8324	319	7.48430E+01
12040	485	7.48431E+01
9122	243	7.48441E+01
8412	319	7.48467E+01
9973	316	7.48472E+01
6239	353	7.48480E+01
3161	435	7.48512E+01
6239	352	7.48523E+01
3161	196	7.48536E+01
12040	526	7.48546E+01
11077	232	7.48565E+01
6239	312	7.48568E+01
3161	159	7.48579E+01
10836	557	7.48581E+01
6239	516	7.48626E+01
6239	394	7.48630E+01
11158	203	7.48633E+01
9546	486	7.48640E+01
11922	154	7.48645E+01
3267	563	7.48652E+01
3161	201	7.48661E+01
9546	564	7.48697E+01
3267	200	7.48701E+01
11240	204	7.48704E+01
8412	227	7.48724E+01
8500	514	7.48725E+01
8324	386	7.48751E+01
3161	600	7.48758E+01
3267	198	7.48763E+01
11077	202	7.48770E+01
9973	199	7.48780E+01
6239	435	7.48781E+01
3161	476	7.48793E+01
11158	241	7.48812E+01
8324	427	7.48818E+01
8412	553	7.48823E+01
3267	436	7.48828E+01
6239	517	7.48833E+01
6239	476	7.48841E+01
6239	272	7.48842E+01
6239	558	7.48844E+01
11158	515	7.48862E+01
3267	318	7.48897E+01
9122	563	7.48905E+01
3161	440	7.48907E+01
3161	481	7.48908E+01
3267	601	7.48936E+01
12040	119	7.48936E+01
9887	560	7.48942E+01
6239	313	7.48949E+01
6239	433	7.48950E+01
9632	284	7.48962E+01
6239	557	7.48967E+01
6239	599	7.48976E+01
8412	307	7.48984E+01
8324	224	7.48991E+01
8324	73	7.48993E+01
6239	119	7.48996E+01
3267	477	7.49001E+01
8500	230	7.49015E+01
6239	120	7.49018E+01
6239	392	7.49021E+01
11240	351	7.49024E+01
8324	264	7.49040E+01
6239	311	7.49059E+01
11922	118	7.49087E+01
11981	526	7.49091E+01
11981	485	7.49095E+01
6239	474	7.49111E+01
