GRAM	c2h2	chi_tot
10238	224	6.77907E+02
10238	225	6.77959E+02
10238	185	6.78084E+02
10238	265	6.78210E+02
10238	184	6.78221E+02
10238	264	6.78254E+02
10238	223	6.78352E+02
10238	186	6.78456E+02
10238	226	6.78639E+02
10238	183	6.78749E+02
10238	305	6.78824E+02
10238	263	6.78827E+02
10238	266	6.78840E+02
10238	146	6.78910E+02
10238	147	6.79099E+02
10238	306	6.79107E+02
10238	145	6.79136E+02
10238	222	6.79175E+02
10238	304	6.79189E+02
10238	187	6.79460E+02
10238	182	6.79565E+02
10238	144	6.79672E+02
10238	346	6.79743E+02
10238	262	6.79802E+02
10238	148	6.79818E+02
10238	345	6.79979E+02
10238	303	6.80048E+02
10238	227	6.80088E+02
10238	307	6.80203E+02
10238	347	6.80232E+02
10238	221	6.80273E+02
10238	267	6.80299E+02
10238	109	6.80411E+02
10238	143	6.80422E+02
10238	108	6.80520E+02
10238	181	6.80582E+02
10238	110	6.80710E+02
10238	344	6.80769E+02
10238	387	6.80820E+02
10238	107	6.80935E+02
10238	386	6.81015E+02
10238	261	6.81068E+02
10238	149	6.81179E+02
10238	188	6.81218E+02
10238	302	6.81270E+02
10238	142	6.81310E+02
10238	388	6.81389E+02
10238	111	6.81520E+02
10238	106	6.81559E+02
10238	220	6.81565E+02
10238	348	6.81634E+02
10238	180	6.81733E+02
10238	385	6.81789E+02
10238	428	6.81959E+02
10238	343	6.81961E+02
10238	427	6.82190E+02
10238	141	6.82278E+02
10238	308	6.82288E+02
10238	105	6.82310E+02
10238	228	6.82443E+02
10238	429	6.82496E+02
10238	260	6.82530E+02
10238	301	6.82737E+02
10238	268	6.82746E+02
10238	74	6.82885E+02
10238	389	6.82928E+02
10238	112	6.82931E+02
10238	179	6.82971E+02
10238	384	6.82977E+02
10238	219	6.82985E+02
10238	426	6.82993E+02
10238	73	6.83017E+02
10238	75	6.83077E+02
10238	469	6.83122E+02
10238	104	6.83122E+02
10238	150	6.83281E+02
10238	140	6.83286E+02
10238	72	6.83388E+02
10238	342	6.83425E+02
10238	468	6.83444E+02
10238	470	6.83539E+02
10238	76	6.83680E+02
10238	189	6.83842E+02
10238	71	6.83923E+02
10238	103	6.83948E+02
10238	430	6.84019E+02
10238	259	6.84112E+02
10238	349	6.84146E+02
10238	425	6.84196E+02
10238	178	6.84262E+02
10238	510	6.84299E+02
10238	467	6.84307E+02
10238	139	6.84308E+02
10238	300	6.84355E+02
10238	383	6.84438E+02
10238	218	6.84480E+02
10238	511	6.84540E+02
10238	70	6.84559E+02
10238	509	6.84745E+02
10238	102	6.84756E+02
10238	77	6.84776E+02
10238	471	6.84924E+02
10238	113	6.85015E+02
10238	341	6.85051E+02
10238	69	6.85243E+02
10238	138	6.85333E+02
10238	551	6.85490E+02
10238	552	6.85525E+02
10238	101	6.85530E+02
10238	466	6.85536E+02
10238	309	6.85544E+02
10238	177	6.85583E+02
10238	424	6.85656E+02
10238	390	6.85656E+02
10238	508	6.85680E+02
10238	512	6.85698E+02
10238	258	6.85750E+02
10238	229	6.85833E+02
10238	68	6.85935E+02
10238	217	6.86008E+02
10238	299	6.86045E+02
10238	382	6.86056E+02
10238	550	6.86072E+02
10238	151	6.86205E+02
10238	100	6.86261E+02
10238	269	6.86337E+02
10238	137	6.86358E+02
10238	553	6.86404E+02
10238	78	6.86432E+02
10238	593	6.86522E+02
10238	67	6.86607E+02
10238	592	6.86696E+02
10238	340	6.86751E+02
10238	431	6.86768E+02
10238	176	6.86914E+02
10238	507	6.86934E+02
10238	99	6.86951E+02
10238	465	6.86989E+02
10238	549	6.87077E+02
10238	594	6.87100E+02
10238	66	6.87238E+02
10238	423	6.87252E+02
10238	136	6.87385E+02
10238	257	6.87396E+02
10238	591	6.87406E+02
10238	190	6.87430E+02
10238	472	6.87528E+02
10238	216	6.87536E+02
10238	98	6.87607E+02
10238	381	6.87738E+02
10238	298	6.87742E+02
10238	65	6.87813E+02
10238	114	6.87819E+02
10238	350	6.87976E+02
10238	513	6.88031E+02
10238	175	6.88240E+02
10238	97	6.88242E+02
10238	64	6.88326E+02
10238	548	6.88346E+02
10238	506	6.88370E+02
10238	554	6.88384E+02
10238	135	6.88416E+02
10238	339	6.88454E+02
10238	590	6.88468E+02
10238	464	6.88549E+02
10238	595	6.88683E+02
10238	79	6.88693E+02
10238	63	6.88774E+02
10238	96	6.88872E+02
10238	422	6.88892E+02
10238	256	6.89007E+02
10238	40	6.89031E+02
10238	215	6.89035E+02
10238	62	6.89158E+02
10238	39	6.89350E+02
10238	297	6.89400E+02
10238	380	6.89409E+02
10238	134	6.89451E+02
10238	61	6.89485E+02
10238	95	6.89511E+02
10238	174	6.89548E+02
10238	38	6.89671E+02
10238	589	6.89735E+02
10238	547	6.89750E+02
10238	60	6.89764E+02
10238	391	6.89805E+02
10238	505	6.89879E+02
10238	37	6.89979E+02
10238	152	6.90004E+02
10238	59	6.90010E+02
10238	338	6.90105E+02
10238	463	6.90128E+02
10238	310	6.90154E+02
10238	94	6.90175E+02
10238	58	6.90237E+02
10238	36	6.90266E+02
10238	230	6.90374E+02
10238	57	6.90460E+02
10238	214	6.90483E+02
10238	133	6.90488E+02
10238	421	6.90504E+02
10238	35	6.90527E+02
10238	255	6.90552E+02
10238	56	6.90696E+02
10238	34	6.90762E+02
10238	173	6.90822E+02
10238	93	6.90872E+02
10238	55	6.90960E+02
10238	33	6.90969E+02
10238	296	6.90978E+02
10238	432	6.90993E+02
10238	379	6.91016E+02
10238	588	6.91090E+02
10238	32	6.91146E+02
10238	546	6.91190E+02
10238	270	6.91220E+02
10238	54	6.91267E+02
10238	31	6.91296E+02
10238	115	6.91367E+02
10238	504	6.91377E+02
10238	30	6.91420E+02
10238	132	6.91522E+02
10238	29	6.91523E+02
10238	596	6.91554E+02
10238	80	6.91582E+02
10238	92	6.91605E+02
10238	28	6.91609E+02
10238	473	6.91618E+02
10238	53	6.91629E+02
10238	462	6.91657E+02
10238	337	6.91665E+02
10238	27	6.91682E+02
10238	26	6.91744E+02
10238	555	6.91748E+02
10238	25	6.91799E+02
10238	514	6.91818E+02
10238	24	6.91847E+02
10238	213	6.91858E+02
10238	23	6.91889E+02
10238	22	6.91924E+02
10238	21	6.91951E+02
10238	20	6.91972E+02
10238	19	6.91990E+02
10238	254	6.92007E+02
10238	18	6.92012E+02
10238	420	6.92035E+02
10238	17	6.92045E+02
10238	172	6.92051E+02
10238	52	6.92056E+02
10238	191	6.92060E+02
10238	16	6.92099E+02
10238	15	6.92183E+02
10238	14	6.92307E+02
10238	91	6.92373E+02
10238	587	6.92446E+02
10238	295	6.92450E+02
10238	13	6.92480E+02
10238	378	6.92517E+02
10238	131	6.92544E+02
10238	51	6.92548E+02
10238	545	6.92594E+02
10238	12	6.92710E+02
10238	503	6.92807E+02
10238	11	6.93006E+02
10238	461	6.93091E+02
10238	50	6.93105E+02
10238	336	6.93106E+02
10238	212	6.93147E+02
10238	90	6.93167E+02
10238	171	6.93220E+02
10238	351	6.93332E+02
10238	253	6.93352E+02
10238	10	6.93368E+02
10238	419	6.93450E+02
10238	130	6.93542E+02
10238	49	6.93717E+02
10238	586	6.93743E+02
10238	9	6.93796E+02
10238	294	6.93797E+02
10238	377	6.93889E+02
10238	544	6.93911E+02
10238	89	6.93977E+02
10238	502	6.94128E+02
10238	8	6.94284E+02
10238	170	6.94318E+02
10238	211	6.94335E+02
10238	48	6.94373E+02
10238	460	6.94399E+02
10238	335	6.94409E+02
10238	129	6.94503E+02
10238	252	6.94577E+02
10238	153	6.94711E+02
10238	418	6.94727E+02
10238	88	6.94787E+02
10238	7	6.94823E+02
10238	585	6.94939E+02
10238	293	6.95008E+02
10238	47	6.95057E+02
10238	81	6.95101E+02
10238	543	6.95110E+02
10238	376	6.95116E+02
10238	501	6.95318E+02
10238	169	6.95333E+02
10238	6	6.95400E+02
10238	210	6.95414E+02
10238	128	6.95415E+02
10238	459	6.95566E+02
10238	334	6.95568E+02
10238	87	6.95581E+02
10238	392	6.95610E+02
10238	116	6.95660E+02
10238	251	6.95673E+02
10238	46	6.95750E+02
10238	417	6.95857E+02
10238	5	6.95999E+02
10238	584	6.96014E+02
10238	597	6.96023E+02
10238	292	6.96079E+02
10238	231	6.96164E+02
10238	542	6.96176E+02
10238	375	6.96195E+02
10238	168	6.96258E+02
10238	127	6.96265E+02
10238	311	6.96293E+02
10238	86	6.96344E+02
10238	500	6.96366E+02
10238	209	6.96379E+02
10238	45	6.96434E+02
10238	333	6.96580E+02
10238	458	6.96586E+02
10238	4	6.96603E+02
10238	250	6.96640E+02
10238	556	6.96806E+02
10238	416	6.96839E+02
10238	433	6.96957E+02
10238	583	6.96957E+02
10238	291	6.97011E+02
10238	126	6.97045E+02
10238	85	6.97061E+02
10238	167	6.97087E+02
10238	44	6.97093E+02
10238	541	6.97105E+02
10238	374	6.97128E+02
10238	3	6.97197E+02
10238	208	6.97230E+02
10238	499	6.97273E+02
10238	515	6.97357E+02
10238	332	6.97452E+02
10238	457	6.97464E+02
10238	474	6.97477E+02
10238	249	6.97479E+02
10238	271	6.97529E+02
10238	415	6.97680E+02
10238	43	6.97713E+02
10238	84	6.97722E+02
10238	125	6.97747E+02
10238	2	6.97767E+02
10238	582	6.97770E+02
10238	192	6.97788E+02
10238	290	6.97812E+02
10238	166	6.97820E+02
10238	540	6.97900E+02
10238	373	6.97923E+02
10238	207	6.97970E+02
10238	498	6.98045E+02
10238	331	6.98193E+02
10238	248	6.98200E+02
10238	456	6.98208E+02
10238	42	6.98284E+02
10238	1	6.98301E+02
10238	83	6.98319E+02
10238	124	6.98370E+02
10238	414	6.98390E+02
10238	165	6.98457E+02
10238	581	6.98460E+02
10238	289	6.98491E+02
10238	539	6.98572E+02
10238	372	6.98592E+02
10238	206	6.98603E+02
10238	497	6.98695E+02
10238	0	6.98790E+02
10238	41	6.98799E+02
10238	247	6.98809E+02
10238	330	6.98816E+02
10238	455	6.98832E+02
10238	82	6.98849E+02
10238	123	6.98912E+02
10238	413	6.98983E+02
10238	164	6.99004E+02
10238	580	6.99038E+02
10238	288	6.99060E+02
10238	538	6.99133E+02
10238	205	6.99140E+02
10238	371	6.99150E+02
10238	496	6.99236E+02
10238	246	6.99320E+02
10238	329	6.99334E+02
10238	454	6.99350E+02
10238	412	6.99474E+02
10238	579	6.99517E+02
10238	287	6.99533E+02
10238	537	6.99597E+02
10238	370	6.99611E+02
10238	495	6.99683E+02
10238	328	6.99761E+02
10238	453	6.99776E+02
10238	411	6.99878E+02
10238	578	6.99912E+02
10238	536	6.99978E+02
10238	369	6.99989E+02
10238	494	7.00048E+02
10238	452	7.00124E+02
10238	410	7.00207E+02
10238	577	7.00234E+02
10238	535	7.00288E+02
10238	154	7.00333E+02
10238	493	7.00345E+02
10238	451	7.00408E+02
10238	352	7.00423E+02
10238	576	7.00496E+02
10238	534	7.00540E+02
10238	492	7.00587E+02
10238	117	7.00682E+02
10238	575	7.00708E+02
10238	533	7.00743E+02
10238	574	7.00878E+02
10238	598	7.02420E+02
10238	232	7.03287E+02
10238	393	7.03311E+02
10238	557	7.03878E+02
10238	312	7.04125E+02
10238	193	7.04648E+02
10238	434	7.04924E+02
10238	516	7.04957E+02
10238	272	7.05385E+02
10238	475	7.05395E+02
10238	118	7.06406E+02
10238	155	7.06863E+02
10238	353	7.09447E+02
10238	599	7.11086E+02
10238	233	7.11812E+02
10238	194	7.12665E+02
10238	119	7.12802E+02
10238	394	7.13140E+02
10238	558	7.13294E+02
10238	313	7.13804E+02
10238	156	7.14290E+02
10238	273	7.14897E+02
10238	517	7.14929E+02
10238	435	7.15159E+02
10238	476	7.15661E+02
10238	120	7.19843E+02
10238	354	7.20592E+02
10238	234	7.21800E+02
10238	195	7.21863E+02
10238	600	7.22357E+02
10238	157	7.22607E+02
6611	219	7.24133E+02
6611	220	7.24158E+02
6611	260	7.24238E+02
6611	218	7.24326E+02
6611	261	7.24367E+02
6611	259	7.24386E+02
6611	179	7.24399E+02
6611	178	7.24462E+02
6611	221	7.24463E+02
6611	180	7.24521E+02
6611	301	7.24634E+02
6611	177	7.24672E+02
6611	217	7.24682E+02
6611	258	7.24737E+02
6611	300	7.24741E+02
6611	302	7.24844E+02
6611	262	7.24858E+02
6611	181	7.24873E+02
6611	176	7.24999E+02
6611	299	7.25076E+02
6611	222	7.25124E+02
6611	216	7.25156E+02
6611	342	7.25199E+02
6611	257	7.25230E+02
6611	138	7.25239E+02
6611	139	7.25262E+02
6611	341	7.25283E+02
6611	137	7.25313E+02
10238	395	7.25317E+02
10238	559	7.25372E+02
6611	140	7.25398E+02
6611	175	7.25416E+02
6611	343	7.25450E+02
10238	314	7.25471E+02
6611	136	7.25472E+02
6611	303	7.25473E+02
6611	182	7.25514E+02
6611	298	7.25567E+02
6611	340	7.25604E+02
6611	141	7.25670E+02
6611	135	7.25707E+02
6611	215	7.25711E+02
6611	263	7.25811E+02
6611	256	7.25815E+02
6611	383	7.25851E+02
6611	174	7.25901E+02
6611	382	7.25931E+02
6611	134	7.26012E+02
6611	339	7.26084E+02
6611	384	7.26103E+02
6611	142	7.26116E+02
6611	344	7.26151E+02
6611	297	7.26155E+02
10238	274	7.26168E+02
6611	223	7.26228E+02
6611	381	7.26244E+02
6611	214	7.26313E+02
6611	133	7.26376E+02
6611	173	7.26430E+02
6611	255	7.26450E+02
6611	183	7.26517E+02
6611	424	7.26535E+02
6611	96	7.26552E+02
6611	95	7.26574E+02
6611	97	7.26583E+02
6611	423	7.26627E+02
6611	304	7.26640E+02
6611	94	7.26655E+02
6611	338	7.26657E+02
6611	98	7.26658E+02
6611	380	7.26706E+02
6611	425	7.26758E+02
6611	99	7.26770E+02
6611	143	7.26786E+02
6611	132	7.26789E+02
6611	296	7.26792E+02
6611	93	7.26800E+02
6611	385	7.26809E+02
6611	100	7.26919E+02
6611	422	7.26934E+02
6611	213	7.26936E+02
6611	172	7.26986E+02
6611	92	7.27009E+02
6611	254	7.27101E+02
6611	101	7.27106E+02
6611	465	7.27220E+02
6611	131	7.27238E+02
6611	379	7.27253E+02
6611	337	7.27275E+02
6611	91	7.27278E+02
6611	464	7.27332E+02
6611	264	7.27339E+02
6611	102	7.27344E+02
6611	421	7.27375E+02
6611	466	7.27395E+02
6611	426	7.27418E+02
6611	345	7.27433E+02
6611	295	7.27441E+02
10238	121	7.27512E+02
6611	52	7.27517E+02
6611	53	7.27517E+02
6611	171	7.27549E+02
6611	212	7.27557E+02
10238	518	7.27572E+02
6611	54	7.27586E+02
6611	51	7.27589E+02
6611	90	7.27600E+02
6611	463	7.27633E+02
6611	103	7.27651E+02
6611	130	7.27710E+02
6611	55	7.27716E+02
6611	50	7.27733E+02
6611	253	7.27744E+02
6611	144	7.27745E+02
6611	378	7.27836E+02
6611	224	7.27879E+02
6611	420	7.27887E+02
6611	506	7.27887E+02
6611	56	7.27895E+02
6611	336	7.27898E+02
10238	436	7.27911E+02
6611	49	7.27943E+02
6611	89	7.27962E+02
6611	184	7.27970E+02
6611	467	7.27975E+02
6611	507	7.28006E+02
6611	505	7.28018E+02
6611	462	7.28047E+02
6611	104	7.28056E+02
6611	294	7.28075E+02
6611	170	7.28105E+02
6611	10	7.28109E+02
6611	57	7.28111E+02
6611	386	7.28112E+02
6611	11	7.28118E+02
6611	211	7.28159E+02
6611	9	7.28169E+02
6611	129	7.28190E+02
6611	12	7.28196E+02
6611	48	7.28209E+02
6611	8	7.28296E+02
6611	504	7.28310E+02
6611	13	7.28336E+02
6611	58	7.28349E+02
6611	88	7.28353E+02
6611	252	7.28357E+02
6611	377	7.28416E+02
6611	419	7.28423E+02
6611	305	7.28480E+02
6611	7	7.28484E+02
6611	508	7.28489E+02
6611	335	7.28499E+02
6611	461	7.28517E+02
6611	47	7.28519E+02
6611	547	7.28522E+02
6611	14	7.28529E+02
10238	477	7.28551E+02
6611	548	7.28588E+02
6611	59	7.28600E+02
6611	105	7.28603E+02
6611	169	7.28640E+02
6611	427	7.28663E+02
6611	128	7.28667E+02
6611	546	7.28668E+02
6611	293	7.28672E+02
6611	503	7.28692E+02
6611	6	7.28723E+02
6611	210	7.28726E+02
6611	87	7.28759E+02
6611	15	7.28766E+02
6611	60	7.28850E+02
6611	46	7.28859E+02
6611	251	7.28928E+02
6611	545	7.28944E+02
6611	418	7.28950E+02
6611	549	7.28969E+02
6611	376	7.28969E+02
6611	460	7.29000E+02
6611	5	7.29001E+02
6611	16	7.29034E+02
6611	334	7.29060E+02
6611	145	7.29071E+02
6611	61	7.29093E+02
6611	468	7.29106E+02
6611	502	7.29114E+02
6611	588	7.29115E+02
6611	127	7.29127E+02
6611	589	7.29136E+02
6611	168	7.29143E+02
6611	86	7.29166E+02
6611	45	7.29215E+02
6611	292	7.29220E+02
6611	209	7.29249E+02
6611	587	7.29268E+02
6611	544	7.29290E+02
6611	4	7.29305E+02
6611	62	7.29320E+02
6611	17	7.29322E+02
6611	106	7.29351E+02
6611	590	7.29422E+02
6611	250	7.29445E+02
6611	417	7.29445E+02
6611	346	7.29449E+02
6611	459	7.29467E+02
6611	509	7.29473E+02
6611	375	7.29478E+02
6611	586	7.29523E+02
6611	63	7.29530E+02
6611	501	7.29540E+02
6611	85	7.29561E+02
6611	126	7.29562E+02
6611	333	7.29567E+02
6611	265	7.29568E+02
6611	44	7.29573E+02
6611	167	7.29606E+02
6611	3	7.29621E+02
6611	18	7.29622E+02
6611	543	7.29661E+02
6611	291	7.29711E+02
6611	208	7.29721E+02
6611	64	7.29726E+02
6611	550	7.29794E+02
6611	585	7.29828E+02
6611	416	7.29895E+02
6611	458	7.29900E+02
6611	249	7.29906E+02
6611	65	7.29916E+02
6611	43	7.29922E+02
6611	19	7.29924E+02
6611	374	7.29934E+02
6611	84	7.29936E+02
6611	2	7.29937E+02
6611	500	7.29945E+02
6611	125	7.29962E+02
6611	185	7.29972E+02
6611	332	7.30016E+02
6611	166	7.30024E+02
6611	542	7.30028E+02
6611	591	7.30093E+02
6611	66	7.30114E+02
6611	207	7.30139E+02
6611	290	7.30142E+02
6611	584	7.30147E+02
6611	387	7.30173E+02
6611	225	7.30190E+02
6611	20	7.30222E+02
6611	1	7.30244E+02
6611	42	7.30251E+02
6611	83	7.30282E+02
6611	457	7.30288E+02
6611	415	7.30294E+02
6611	248	7.30308E+02
6611	499	7.30315E+02
6611	124	7.30324E+02
6611	373	7.30333E+02
6611	67	7.30341E+02
6611	107	7.30370E+02
6611	541	7.30372E+02
6611	165	7.30393E+02
6611	331	7.30407E+02
6611	583	7.30457E+02
6611	206	7.30503E+02
6611	21	7.30509E+02
6611	289	7.30514E+02
6611	0	7.30532E+02
6611	41	7.30554E+02
6611	82	7.30595E+02
6611	68	7.30621E+02
6611	456	7.30628E+02
6611	414	7.30639E+02
6611	498	7.30643E+02
6611	123	7.30644E+02
6611	247	7.30653E+02
6611	428	7.30660E+02
6611	372	7.30676E+02
6611	540	7.30682E+02
6611	164	7.30714E+02
6611	330	7.30740E+02
6611	582	7.30744E+02
6611	22	7.30784E+02
6611	205	7.30815E+02
6611	288	7.30831E+02
6611	146	7.30856E+02
6611	455	7.30920E+02
6611	497	7.30928E+02
6611	413	7.30933E+02
6611	246	7.30946E+02
6611	539	7.30955E+02
6611	469	7.30957E+02
6611	371	7.30966E+02
6611	69	7.30987E+02
6611	581	7.30999E+02
6611	329	7.31021E+02
6611	23	7.31048E+02
6611	287	7.31096E+02
6611	510	7.31125E+02
6611	306	7.31139E+02
6611	454	7.31167E+02
6611	496	7.31171E+02
6611	412	7.31180E+02
6611	538	7.31189E+02
6611	370	7.31209E+02
6611	580	7.31221E+02
6611	551	7.31222E+02
6611	328	7.31255E+02
6611	592	7.31293E+02
6611	24	7.31303E+02
6611	453	7.31373E+02
6611	495	7.31374E+02
6611	411	7.31385E+02
6611	537	7.31387E+02
6611	369	7.31410E+02
6611	579	7.31410E+02
6611	70	7.31478E+02
6611	494	7.31543E+02
6611	452	7.31544E+02
6611	25	7.31551E+02
6611	536	7.31552E+02
6611	410	7.31554E+02
6611	578	7.31569E+02
6611	493	7.31682E+02
6611	451	7.31683E+02
6611	535	7.31688E+02
6611	577	7.31701E+02
6611	108	7.31746E+02
6611	26	7.31794E+02
6611	492	7.31796E+02
6611	534	7.31800E+02
6611	576	7.31810E+02
10238	158	7.31825E+02
6611	533	7.31891E+02
6611	575	7.31898E+02
6611	574	7.31970E+02
6611	27	7.32036E+02
6611	71	7.32144E+02
6611	28	7.32277E+02
10238	196	7.32278E+02
6611	347	7.32364E+02
6611	29	7.32516E+02
6611	186	7.32630E+02
6611	266	7.32633E+02
6611	30	7.32753E+02
6611	31	7.32986E+02
6611	72	7.33041E+02
6611	388	7.33173E+02
6611	147	7.33197E+02
6611	593	7.33198E+02
6611	32	7.33216E+02
6611	226	7.33283E+02
10238	235	7.33320E+02
6611	552	7.33438E+02
6611	33	7.33447E+02
6611	109	7.33570E+02
6611	429	7.33599E+02
6611	511	7.33638E+02
6611	34	7.33685E+02
6611	470	7.33722E+02
6611	35	7.33938E+02
10238	355	7.34033E+02
6611	36	7.34217E+02
6611	73	7.34236E+02
6611	37	7.34530E+02
6611	307	7.34773E+02
6611	38	7.34890E+02
6611	39	7.35314E+02
6611	74	7.35802E+02
10238	122	7.35813E+02
6611	40	7.35822E+02
6611	110	7.35932E+02
6611	594	7.36012E+02
6611	187	7.36052E+02
6611	148	7.36196E+02
6611	348	7.36354E+02
10238	601	7.36547E+02
6611	553	7.36656E+02
6611	267	7.36677E+02
6611	512	7.37228E+02
6611	227	7.37281E+02
6611	389	7.37307E+02
6611	471	7.37617E+02
6611	430	7.37690E+02
6611	75	7.37817E+02
6611	111	7.38916E+02
10238	315	7.39265E+02
10238	275	7.39304E+02
6611	308	7.39546E+02
6611	149	7.39945E+02
6611	595	7.39969E+02
10238	396	7.40047E+02
6611	188	7.40340E+02
6611	76	7.40355E+02
10238	560	7.40407E+02
6611	554	7.41116E+02
6611	349	7.41605E+02
9204	574	7.41701E+02
9204	533	7.41731E+02
9204	492	7.41761E+02
9204	575	7.41788E+02
9204	451	7.41790E+02
9204	410	7.41816E+02
9204	534	7.41828E+02
9204	369	7.41838E+02
6611	268	7.41840E+02
9204	0	7.41841E+02
9204	328	7.41857E+02
9204	493	7.41866E+02
9204	287	7.41871E+02
9204	246	7.41881E+02
9204	41	7.41885E+02
9204	205	7.41888E+02
9204	164	7.41892E+02
9204	82	7.41894E+02
9204	123	7.41894E+02
9204	576	7.41900E+02
9204	452	7.41902E+02
9204	411	7.41936E+02
9204	535	7.41950E+02
9204	370	7.41966E+02
10238	159	7.41974E+02
9204	1	7.41977E+02
9204	329	7.41990E+02
9204	494	7.41999E+02
9204	288	7.42009E+02
9204	247	7.42023E+02
9204	42	7.42027E+02
9204	206	7.42031E+02
9204	165	7.42035E+02
9204	83	7.42036E+02
9204	124	7.42037E+02
9204	577	7.42041E+02
9204	453	7.42046E+02
9204	412	7.42090E+02
9204	536	7.42104E+02
9204	371	7.42128E+02
6611	513	7.42138E+02
9204	2	7.42148E+02
9204	330	7.42161E+02
9204	495	7.42168E+02
9204	289	7.42186E+02
9204	248	7.42204E+02
9204	43	7.42205E+02
9204	207	7.42214E+02
9204	84	7.42215E+02
9204	125	7.42217E+02
9204	166	7.42217E+02
9204	578	7.42220E+02
9204	454	7.42229E+02
9204	413	7.42286E+02
6611	228	7.42302E+02
9204	537	7.42302E+02
9204	372	7.42337E+02
9204	3	7.42363E+02
9204	331	7.42380E+02
9204	496	7.42384E+02
9204	290	7.42413E+02
9204	44	7.42425E+02
9204	249	7.42435E+02
9204	85	7.42438E+02
9204	126	7.42444E+02
9204	208	7.42447E+02
9204	579	7.42448E+02
9204	167	7.42448E+02
9204	455	7.42463E+02
9204	414	7.42538E+02
9204	538	7.42553E+02
6611	112	7.42592E+02
9204	373	7.42605E+02
9204	4	7.42627E+02
9204	497	7.42659E+02
9204	332	7.42661E+02
9204	45	7.42696E+02
9204	291	7.42705E+02
9204	86	7.42712E+02
9204	127	7.42725E+02
9204	250	7.42732E+02
9204	580	7.42738E+02
9204	168	7.42739E+02
9204	209	7.42743E+02
9204	456	7.42763E+02
6611	390	7.42782E+02
9204	415	7.42861E+02
9204	539	7.42874E+02
6611	472	7.42877E+02
9204	374	7.42949E+02
9204	5	7.42949E+02
9204	498	7.43012E+02
9204	46	7.43023E+02
9204	333	7.43023E+02
9204	87	7.43044E+02
9204	128	7.43072E+02
9204	292	7.43078E+02
9204	169	7.43101E+02
9204	581	7.43109E+02
9204	251	7.43111E+02
9204	210	7.43117E+02
9204	457	7.43147E+02
6611	431	7.43155E+02
10238	519	7.43159E+02
9204	416	7.43276E+02
9204	540	7.43285E+02
9204	6	7.43334E+02
9204	375	7.43391E+02
10238	437	7.43410E+02
9204	47	7.43413E+02
9204	88	7.43444E+02
9204	499	7.43464E+02
6611	77	7.43482E+02
9204	334	7.43487E+02
9204	129	7.43494E+02
9204	170	7.43551E+02
9204	293	7.43556E+02
9204	582	7.43583E+02
9204	211	7.43589E+02
9204	252	7.43592E+02
9204	458	7.43641E+02
9204	7	7.43788E+02
9204	417	7.43809E+02
9204	541	7.43812E+02
9204	48	7.43871E+02
9204	89	7.43918E+02
9204	376	7.43960E+02
10238	197	7.43966E+02
9204	130	7.44004E+02
9204	500	7.44045E+02
9204	335	7.44083E+02
9204	171	7.44104E+02
9204	294	7.44167E+02
9204	212	7.44178E+02
9204	583	7.44190E+02
9204	253	7.44200E+02
9204	459	7.44276E+02
9204	8	7.44315E+02
10238	478	7.44316E+02
9204	49	7.44403E+02
9204	90	7.44474E+02
9204	542	7.44487E+02
9204	418	7.44494E+02
6611	150	7.44521E+02
9204	131	7.44614E+02
9204	377	7.44689E+02
9204	172	7.44779E+02
9204	501	7.44791E+02
9204	336	7.44844E+02
9204	213	7.44909E+02
9204	9	7.44917E+02
9204	295	7.44942E+02
9204	254	7.44966E+02
9204	584	7.44967E+02
9204	50	7.45012E+02
9204	460	7.45091E+02
9204	91	7.45121E+02
6611	596	7.45330E+02
9204	132	7.45339E+02
9204	543	7.45353E+02
9204	419	7.45374E+02
6611	189	7.45584E+02
9204	10	7.45594E+02
9204	173	7.45599E+02
9204	378	7.45622E+02
6611	309	7.45624E+02
9204	51	7.45700E+02
9204	502	7.45748E+02
9204	214	7.45812E+02
9204	337	7.45813E+02
9204	92	7.45866E+02
9204	296	7.45922E+02
9204	255	7.45925E+02
9204	585	7.45964E+02
9204	461	7.46136E+02
9204	133	7.46195E+02
9204	11	7.46342E+02
10238	236	7.46452E+02
9204	544	7.46464E+02
9204	52	7.46469E+02
9204	420	7.46500E+02
9204	174	7.46589E+02
9204	93	7.46718E+02
9204	379	7.46812E+02
9204	215	7.46923E+02
9204	503	7.46974E+02
6611	113	7.47008E+02
9204	338	7.47042E+02
6611	555	7.47081E+02
9204	256	7.47120E+02
9204	12	7.47152E+02
9204	297	7.47155E+02
9204	134	7.47201E+02
9204	586	7.47241E+02
6611	78	7.47243E+02
9204	53	7.47315E+02
3906	216	7.47426E+02
9204	462	7.47473E+02
3906	215	7.47481E+02
3906	175	7.47489E+02
3906	217	7.47506E+02
3906	174	7.47533E+02
3906	176	7.47554E+02
3906	257	7.47558E+02
3906	256	7.47607E+02
3906	214	7.47635E+02
3906	258	7.47663E+02
3906	173	7.47663E+02
9204	94	7.47684E+02
3906	177	7.47758E+02
3906	218	7.47763E+02
3906	255	7.47765E+02
3906	134	7.47775E+02
3906	133	7.47779E+02
9204	175	7.47781E+02
3906	298	7.47824E+02
3906	172	7.47856E+02
3906	213	7.47857E+02
3906	132	7.47857E+02
3906	135	7.47860E+02
3906	297	7.47864E+02
9204	545	7.47886E+02
9204	421	7.47935E+02
3906	299	7.47949E+02
3906	259	7.47976E+02
3906	254	7.47995E+02
3906	131	7.47996E+02
3906	296	7.48016E+02
9204	13	7.48016E+02
3906	136	7.48045E+02
3906	171	7.48092E+02
3906	212	7.48121E+02
3906	178	7.48132E+02
3906	92	7.48157E+02
3906	91	7.48159E+02
3906	339	7.48170E+02
3906	130	7.48182E+02
3906	338	7.48201E+02
3906	90	7.48224E+02
3906	93	7.48227E+02
9204	54	7.48235E+02
3906	295	7.48240E+02
3906	219	7.48249E+02
6611	269	7.48261E+02
3906	253	7.48267E+02
9204	216	7.48283E+02
3906	300	7.48301E+02
3906	340	7.48303E+02
6611	350	7.48309E+02
9204	380	7.48323E+02
3906	337	7.48342E+02
3906	89	7.48344E+02
3906	137	7.48345E+02
3906	170	7.48355E+02
3906	94	7.48374E+02
9204	135	7.48379E+02
3906	129	7.48400E+02
3906	211	7.48407E+02
6611	229	7.48453E+02
3906	49	7.48459E+02
3906	50	7.48465E+02
3906	294	7.48503E+02
3906	88	7.48506E+02
3906	48	7.48514E+02
3906	51	7.48540E+02
9204	504	7.48541E+02
3906	380	7.48550E+02
3906	336	7.48550E+02
3906	252	7.48557E+02
3906	260	7.48565E+02
3906	379	7.48575E+02
9204	339	7.48594E+02
3906	95	7.48599E+02
9204	257	7.48601E+02
3906	47	7.48621E+02
6611	514	7.48627E+02
3906	169	7.48629E+02
3906	128	7.48638E+02
3906	341	7.48667E+02
3906	381	7.48680E+02
3906	52	7.48689E+02
3906	87	7.48698E+02
3906	210	7.48698E+02
3906	7	7.48699E+02
9204	298	7.48699E+02
3906	8	7.48700E+02
3906	378	7.48703E+02
3906	179	7.48713E+02
3906	6	7.48754E+02
3906	9	7.48765E+02
3906	46	7.48767E+02
9204	95	7.48771E+02
3906	138	7.48773E+02
3906	293	7.48781E+02
3906	335	7.48794E+02
3906	251	7.48848E+02
3906	5	7.48856E+02
9204	587	7.48872E+02
3906	127	7.48884E+02
3906	377	7.48891E+02
3906	10	7.48898E+02
3906	96	7.48900E+02
3906	168	7.48901E+02
3906	86	7.48908E+02
3906	53	7.48911E+02
9204	14	7.48919E+02
3906	421	7.48934E+02
3906	45	7.48942E+02
3906	420	7.48956E+02
3906	301	7.48957E+02
3906	209	7.48982E+02
3906	4	7.48993E+02
3906	220	7.49021E+02
3906	382	7.49034E+02
3906	334	7.49049E+02
3906	422	7.49054E+02
3906	292	7.49057E+02
3906	419	7.49067E+02
3906	11	7.49101E+02
3906	376	7.49108E+02
3906	85	7.49126E+02
3906	250	7.49127E+02
3906	126	7.49128E+02
3906	44	7.49132E+02
3906	3	7.49154E+02
3906	167	7.49163E+02
9204	463	7.49178E+02
3906	54	7.49202E+02
9204	176	7.49210E+02
9204	55	7.49221E+02
3906	418	7.49230E+02
3906	208	7.49250E+02
3906	97	7.49276E+02
3906	333	7.49298E+02
3906	462	7.49302E+02
3906	291	7.49317E+02
3906	461	7.49320E+02
3906	2	7.49329E+02
3906	43	7.49329E+02
3906	375	7.49332E+02
3906	84	7.49341E+02
3906	342	7.49347E+02
3906	139	7.49347E+02
3906	125	7.49361E+02
3906	12	7.49370E+02
3906	423	7.49382E+02
3906	249	7.49385E+02
3906	166	7.49408E+02
3906	463	7.49409E+02
3906	460	7.49414E+02
3906	417	7.49417E+02
3906	207	7.49493E+02
3906	261	7.49505E+02
3906	1	7.49507E+02
3906	42	7.49523E+02
3906	332	7.49531E+02
3906	180	7.49545E+02
3906	83	7.49547E+02
3906	374	7.49549E+02
3906	459	7.49550E+02
3906	290	7.49554E+02
3906	55	7.49556E+02
3906	124	7.49578E+02
3906	416	7.49607E+02
3906	248	7.49617E+02
3906	165	7.49630E+02
3906	503	7.49641E+02
3906	502	7.49653E+02
3906	0	7.49682E+02
3906	383	7.49698E+02
3906	13	7.49699E+02
3906	464	7.49701E+02
9204	546	7.49701E+02
3906	458	7.49704E+02
3906	41	7.49707E+02
3906	206	7.49711E+02
3906	98	7.49722E+02
3906	501	7.49728E+02
3906	504	7.49735E+02
3906	82	7.49738E+02
3906	331	7.49741E+02
3906	373	7.49749E+02
9204	136	7.49753E+02
6611	473	7.49755E+02
9204	422	7.49758E+02
3906	289	7.49766E+02
3906	123	7.49775E+02
3906	415	7.49789E+02
6611	391	7.49813E+02
3906	247	7.49821E+02
3906	164	7.49826E+02
3906	500	7.49836E+02
9204	15	7.49848E+02
3906	457	7.49859E+02
3906	205	7.49901E+02
3906	330	7.49925E+02
3906	372	7.49927E+02
10238	356	7.49934E+02
3906	544	7.49942E+02
9204	217	7.49943E+02
3906	543	7.49946E+02
3906	288	7.49949E+02
3906	414	7.49955E+02
3906	499	7.49959E+02
3906	56	7.49960E+02
6611	151	7.49980E+02
9204	96	7.49985E+02
3906	505	7.49988E+02
3906	246	7.49997E+02
3906	424	7.50000E+02
3906	542	7.50002E+02
3906	302	7.50007E+02
3906	456	7.50007E+02
3906	545	7.50025E+02
3906	14	7.50078E+02
3906	498	7.50081E+02
3906	371	7.50083E+02
3906	329	7.50084E+02
3906	541	7.50084E+02
3906	140	7.50089E+02
3906	413	7.50102E+02
3906	287	7.50106E+02
3906	455	7.50140E+02
3906	221	7.50149E+02
3906	540	7.50177E+02
3906	497	7.50197E+02
3906	584	7.50197E+02
3906	585	7.50202E+02
3906	370	7.50216E+02
3906	328	7.50219E+02
3906	412	7.50229E+02
6611	432	7.50230E+02
9204	381	7.50232E+02
3906	583	7.50234E+02
3906	99	7.50236E+02
3906	546	7.50243E+02
3906	465	7.50256E+02
3906	454	7.50258E+02
9204	56	7.50265E+02
3906	539	7.50270E+02
3906	586	7.50278E+02
3906	582	7.50292E+02
3906	496	7.50301E+02
3906	369	7.50328E+02
3906	411	7.50337E+02
3906	538	7.50356E+02
3906	581	7.50358E+02
3906	453	7.50358E+02
3906	495	7.50391E+02
3906	57	7.50405E+02
3906	580	7.50425E+02
3906	410	7.50427E+02
9204	258	7.50431E+02
3906	537	7.50434E+02
3906	343	7.50440E+02
3906	452	7.50443E+02
3906	587	7.50466E+02
3906	494	7.50469E+02
3906	506	7.50474E+02
3906	579	7.50487E+02
3906	15	7.50494E+02
3906	536	7.50502E+02
3906	451	7.50514E+02
3906	493	7.50534E+02
9204	505	7.50536E+02
9204	340	7.50542E+02
3906	578	7.50543E+02
3906	535	7.50560E+02
3906	492	7.50588E+02
3906	577	7.50592E+02
3906	534	7.50608E+02
9204	299	7.50624E+02
3906	576	7.50633E+02
3906	533	7.50648E+02
3906	547	7.50660E+02
3906	575	7.50668E+02
3906	181	7.50678E+02
3906	574	7.50697E+02
3906	384	7.50773E+02
9204	16	7.50790E+02
3906	588	7.50821E+02
3906	100	7.50824E+02
3906	58	7.50878E+02
3906	262	7.50886E+02
9204	177	7.50921E+02
3906	16	7.50937E+02
9204	588	7.50952E+02
3906	425	7.51011E+02
3906	141	7.51032E+02
3906	466	7.51174E+02
3906	507	7.51283E+02
9204	97	7.51333E+02
9204	464	7.51341E+02
9204	137	7.51349E+02
3906	548	7.51359E+02
9204	57	7.51360E+02
3906	59	7.51371E+02
3906	17	7.51395E+02
3906	589	7.51415E+02
3906	101	7.51493E+02
3906	303	7.51556E+02
6611	79	7.51662E+02
3906	222	7.51711E+02
9204	17	7.51733E+02
3906	18	7.51860E+02
6611	190	7.51861E+02
3906	60	7.51876E+02
9204	218	7.51962E+02
9204	547	7.52008E+02
9204	423	7.52061E+02
3906	344	7.52062E+02
3906	182	7.52178E+02
6611	114	7.52188E+02
3906	142	7.52218E+02
3906	102	7.52262E+02
3906	19	7.52321E+02
3906	590	7.52341E+02
6611	597	7.52377E+02
3906	385	7.52381E+02
3906	61	7.52386E+02
3906	549	7.52442E+02
9204	58	7.52499E+02
3906	508	7.52528E+02
3906	426	7.52537E+02
3906	467	7.52572E+02
9204	382	7.52631E+02
9204	18	7.52667E+02
9204	259	7.52681E+02
3906	20	7.52774E+02
3906	263	7.52810E+02
9204	98	7.52826E+02
3906	62	7.52900E+02
9204	178	7.52960E+02
9204	341	7.52975E+02
9204	300	7.53012E+02
9204	506	7.53066E+02
10238	160	7.53114E+02
3906	103	7.53156E+02
6611	310	7.53171E+02
9204	138	7.53197E+02
3906	21	7.53214E+02
3906	63	7.53419E+02
9204	19	7.53585E+02
9204	589	7.53592E+02
3906	22	7.53639E+02
9204	59	7.53680E+02
3906	143	7.53702E+02
3906	591	7.53715E+02
3906	304	7.53724E+02
3906	223	7.53798E+02
10238	602	7.53919E+02
3906	64	7.53952E+02
3906	550	7.54037E+02
3906	23	7.54052E+02
9204	465	7.54071E+02
3906	183	7.54120E+02
3906	104	7.54211E+02
3906	509	7.54345E+02
3906	345	7.54345E+02
9204	219	7.54408E+02
10238	276	7.54417E+02
3906	24	7.54454E+02
9204	99	7.54477E+02
9204	20	7.54482E+02
3906	65	7.54512E+02
3906	468	7.54593E+02
3906	386	7.54662E+02
3906	427	7.54722E+02
6611	556	7.54834E+02
3906	25	7.54850E+02
9204	60	7.54904E+02
9204	548	7.54929E+02
9204	424	7.54955E+02
3906	66	7.55120E+02
3906	26	7.55244E+02
10238	316	7.55324E+02
9204	139	7.55335E+02
9204	21	7.55357E+02
9204	179	7.55385E+02
3906	264	7.55389E+02
9204	260	7.55437E+02
3906	105	7.55476E+02
3906	144	7.55553E+02
9204	383	7.55630E+02
3906	27	7.55640E+02
3906	592	7.55676E+02
3906	67	7.55802E+02
6611	230	7.55829E+02
9204	301	7.55960E+02
9204	342	7.55998E+02
3906	28	7.56039E+02
6611	270	7.56066E+02
9204	61	7.56174E+02
9204	22	7.56211E+02
9204	507	7.56255E+02
3906	551	7.56295E+02
9204	100	7.56306E+02
6611	152	7.56354E+02
3906	29	7.56443E+02
3906	224	7.56512E+02
3906	68	7.56588E+02
3906	184	7.56592E+02
3906	305	7.56642E+02
6611	351	7.56658E+02
6611	80	7.56738E+02
3906	30	7.56853E+02
3906	510	7.56893E+02
9204	590	7.56927E+02
6611	515	7.56971E+02
10238	198	7.57002E+02
3906	106	7.57013E+02
9204	23	7.57048E+02
3906	31	7.57269E+02
9204	220	7.57360E+02
3906	469	7.57402E+02
3906	346	7.57438E+02
9204	62	7.57498E+02
9204	466	7.57499E+02
10238	397	7.57511E+02
3906	69	7.57517E+02
3906	32	7.57696E+02
3906	428	7.57730E+02
3906	387	7.57776E+02
9204	140	7.57805E+02
3906	145	7.57848E+02
9204	24	7.57872E+02
6611	115	7.58132E+02
3906	33	7.58139E+02
9204	180	7.58258E+02
9204	101	7.58341E+02
3906	593	7.58391E+02
6611	474	7.58513E+02
9204	425	7.58569E+02
9204	549	7.58605E+02
3906	34	7.58609E+02
6611	392	7.58619E+02
3906	70	7.58634E+02
10238	561	7.58640E+02
9204	25	7.58691E+02
3906	265	7.58746E+02
9204	261	7.58795E+02
9204	63	7.58892E+02
3906	107	7.58899E+02
3906	35	7.59119E+02
6611	433	7.59160E+02
6611	191	7.59229E+02
9204	384	7.59355E+02
3906	552	7.59393E+02
9204	26	7.59513E+02
9204	302	7.59577E+02
3906	36	7.59681E+02
3906	185	7.59690E+02
9204	343	7.59732E+02
3906	225	7.59962E+02
3906	71	7.59993E+02
9204	508	7.60251E+02
3906	37	7.60311E+02
9204	27	7.60345E+02
3906	511	7.60358E+02
9204	64	7.60376E+02
3906	306	7.60453E+02
9204	102	7.60615E+02
9204	141	7.60661E+02
3906	146	7.60677E+02
9204	221	7.60905E+02
3906	38	7.61026E+02
9204	591	7.61117E+02
3906	470	7.61184E+02
9204	28	7.61196E+02
3906	108	7.61217E+02
10238	237	7.61295E+02
6611	598	7.61408E+02
3906	347	7.61499E+02
3906	72	7.61652E+02
9204	181	7.61654E+02
3906	429	7.61744E+02
9204	467	7.61773E+02
3906	39	7.61843E+02
10238	438	7.61850E+02
3906	388	7.61895E+02
10238	520	7.61913E+02
9204	65	7.61982E+02
3906	594	7.62053E+02
9204	29	7.62069E+02
6611	311	7.62343E+02
6611	81	7.62451E+02
3906	40	7.62792E+02
9204	262	7.62862E+02
9204	30	7.62972E+02
3906	266	7.63011E+02
9204	426	7.63053E+02
10238	479	7.63166E+02
9204	103	7.63174E+02
9204	550	7.63202E+02
3906	186	7.63514E+02
3906	553	7.63535E+02
6611	153	7.63650E+02
3906	73	7.63678E+02
9204	66	7.63745E+02
9204	31	7.63909E+02
9204	385	7.63950E+02
9204	142	7.63964E+02
9204	303	7.63987E+02
3906	109	7.64055E+02
3906	147	7.64132E+02
3906	226	7.64263E+02
9204	344	7.64312E+02
6611	231	7.64511E+02
6611	557	7.64668E+02
6611	116	7.64822E+02
9204	32	7.64892E+02
3906	512	7.64947E+02
9204	222	7.65139E+02
9204	509	7.65225E+02
3906	307	7.65307E+02
10238	161	7.65328E+02
6611	271	7.65372E+02
9204	182	7.65652E+02
9204	67	7.65709E+02
9204	33	7.65936E+02
9204	104	7.66071E+02
3906	74	7.66143E+02
3906	471	7.66147E+02
9204	592	7.66345E+02
3906	348	7.66699E+02
6611	352	7.66841E+02
3906	595	7.66881E+02
3906	430	7.66964E+02
9204	34	7.67061E+02
9204	468	7.67066E+02
3906	389	7.67208E+02
6611	516	7.67453E+02
3906	110	7.67494E+02
6611	192	7.67722E+02
9204	263	7.67753E+02
9204	143	7.67787E+02
9204	68	7.67922E+02
3906	187	7.68161E+02
9204	35	7.68292E+02
3906	148	7.68305E+02
3906	267	7.68317E+02
10238	357	7.68447E+02
9204	427	7.68575E+02
9204	551	7.68912E+02
3906	554	7.68946E+02
3906	75	7.69120E+02
9204	304	7.69324E+02
9204	105	7.69374E+02
6611	475	7.69416E+02
6611	393	7.69419E+02
3906	227	7.69529E+02
9204	386	7.69577E+02
9204	36	7.69654E+02
9204	345	7.69888E+02
9204	223	7.70166E+02
6611	434	7.70189E+02
9204	183	7.70341E+02
9204	69	7.70440E+02
3906	513	7.70887E+02
9204	37	7.71176E+02
3906	308	7.71358E+02
9204	510	7.71371E+02
10238	199	7.71486E+02
3906	111	7.71610E+02
10238	277	7.71629E+02
6611	154	7.71859E+02
9204	144	7.72206E+02
6611	117	7.72224E+02
3906	472	7.72514E+02
3906	76	7.72675E+02
6611	599	7.72726E+02
9204	593	7.72822E+02
9204	38	7.72885E+02
3906	596	7.73117E+02
9204	106	7.73161E+02
3906	349	7.73215E+02
3906	149	7.73276E+02
6611	312	7.73287E+02
9204	70	7.73324E+02
9204	469	7.73569E+02
9204	264	7.73590E+02
3906	431	7.73603E+02
3906	188	7.73723E+02
10238	317	7.73783E+02
3906	390	7.73910E+02
6611	232	7.74565E+02
10238	603	7.74657E+02
3906	268	7.74795E+02
9204	39	7.74812E+02
9204	428	7.75321E+02
9204	305	7.75728E+02
9204	184	7.75813E+02
3906	228	7.75865E+02
3906	555	7.75874E+02
9204	552	7.75949E+02
9204	224	7.76091E+02
6611	272	7.76283E+02
9204	387	7.76411E+02
3906	112	7.76457E+02
9204	346	7.76618E+02
9204	71	7.76638E+02
3906	77	7.76862E+02
6611	558	7.76878E+02
9204	40	7.76995E+02
9204	145	7.77303E+02
6611	193	7.77360E+02
9204	107	7.77517E+02
10238	398	7.77863E+02
10238	238	7.77966E+02
3906	514	7.78425E+02
10238	162	7.78722E+02
3906	309	7.78762E+02
9204	511	7.78905E+02
6611	353	7.79040E+02
3906	150	7.79112E+02
10238	562	7.80235E+02
3906	189	7.80277E+02
6611	118	7.80301E+02
6611	517	7.80353E+02
9204	72	7.80451E+02
9204	265	7.80500E+02
3906	473	7.80524E+02
9204	594	7.80785E+02
6611	155	7.80962E+02
3906	597	7.81023E+02
3906	350	7.81227E+02
9204	470	7.81495E+02
3906	78	7.81717E+02
3906	432	7.81884E+02
3906	113	7.82071E+02
9204	185	7.82160E+02
3906	391	7.82207E+02
6611	394	7.82428E+02
9204	108	7.82527E+02
3906	269	7.82570E+02
6611	476	7.82728E+02
9204	225	7.83022E+02
9204	146	7.83163E+02
9204	306	7.83345E+02
3906	229	7.83365E+02
10238	439	7.83381E+02
9204	429	7.83490E+02
6611	435	7.83558E+02
10238	521	7.83986E+02
9204	553	7.84553E+02
3906	556	7.84580E+02
9204	388	7.84635E+02
9204	347	7.84668E+02
9204	73	7.84831E+02
10238	480	7.85248E+02
3906	151	7.85851E+02
6611	233	7.86051E+02
6611	313	7.86142E+02
6611	600	7.86627E+02
3906	79	7.87249E+02
10238	200	7.87535E+02
3906	310	7.87669E+02
3906	515	7.87819E+02
3906	190	7.87887E+02
9204	512	7.88061E+02
6611	194	7.88159E+02
9204	109	7.88267E+02
3906	114	7.88462E+02
9204	266	7.88605E+02
6611	273	7.88897E+02
6611	119	7.89014E+02
9204	186	7.89465E+02
10238	358	7.89707E+02
9204	74	7.89846E+02
9204	147	7.89863E+02
3906	474	7.90422E+02
9204	595	7.90494E+02
3906	598	7.90872E+02
3906	351	7.90914E+02
6611	156	7.90940E+02
9204	226	7.91058E+02
10238	278	7.91067E+02
9204	471	7.91068E+02
6611	559	7.91747E+02
3906	270	7.91757E+02
3906	433	7.92037E+02
3906	230	7.92111E+02
3906	392	7.92304E+02
9204	307	7.92320E+02
9204	430	7.93296E+02
10238	163	7.93420E+02
6611	354	7.93425E+02
3906	80	7.93444E+02
3906	152	7.93512E+02
9204	348	7.94207E+02
9204	389	7.94442E+02
10238	318	7.94772E+02
9204	110	7.94801E+02
9204	554	7.94982E+02
3906	557	7.95338E+02
9204	75	7.95553E+02
3906	115	7.95618E+02
6611	518	7.95940E+02
10238	239	7.96592E+02
3906	191	7.96596E+02
9204	148	7.97474E+02
9204	187	7.97802E+02
6611	395	7.97847E+02
9204	267	7.98023E+02
3906	311	7.98224E+02
6611	120	7.98335E+02
6611	477	7.98698E+02
10238	604	7.98833E+02
6611	234	7.99023E+02
9204	513	7.99092E+02
3906	516	7.99331E+02
6611	436	7.99494E+02
6611	195	8.00137E+02
3906	81	8.00269E+02
9204	227	8.00290E+02
6611	314	8.01038E+02
10238	399	8.01218E+02
6611	157	8.01788E+02
9204	76	8.02001E+02
3906	153	8.02090E+02
3906	231	8.02173E+02
9204	111	8.02173E+02
9204	596	8.02229E+02
3906	352	8.02454E+02
3906	475	8.02459E+02
3906	271	8.02459E+02
9204	472	8.02527E+02
9204	308	8.02796E+02
3906	599	8.02943E+02
6611	274	8.03310E+02
6611	601	8.03377E+02
3906	116	8.03508E+02
3906	434	8.04294E+02
3906	393	8.04408E+02
9204	431	8.04958E+02
10238	563	8.05252E+02
10238	201	8.05281E+02
9204	349	8.05406E+02
9204	390	8.06030E+02
9204	149	8.06047E+02
3906	192	8.06429E+02
9204	188	8.07232E+02
9204	555	8.07512E+02
10238	440	8.08094E+02
6611	121	8.08251E+02
3906	558	8.08419E+02
9204	268	8.08863E+02
9204	77	8.09216E+02
10238	522	8.09436E+02
6611	560	8.09525E+02
6611	355	8.10158E+02
9204	112	8.10406E+02
3906	312	8.10563E+02
10238	481	8.10629E+02
9204	228	8.10794E+02
3906	154	8.11566E+02
3906	117	8.12092E+02
9204	514	8.12261E+02
10238	279	8.12855E+02
3906	517	8.13224E+02
6611	196	8.13334E+02
6611	158	8.13521E+02
6611	235	8.13547E+02
3906	232	8.13608E+02
10238	359	8.13821E+02
6611	519	8.14450E+02
3906	272	8.14772E+02
9204	309	8.14909E+02
9204	150	8.15609E+02
6611	396	8.15860E+02
3906	353	8.16016E+02
9204	473	8.16121E+02
9204	597	8.16286E+02
3906	476	8.16880E+02
9204	78	8.17200E+02
10238	240	8.17301E+02
3906	193	8.17396E+02
3906	600	8.17502E+02
6611	478	8.17546E+02
9204	189	8.17800E+02
6611	315	8.18105E+02
6611	437	8.18201E+02
10238	319	8.18401E+02
9204	350	8.18432E+02
9204	432	8.18701E+02
3906	394	8.18720E+02
6611	122	8.18773E+02
3906	435	8.18878E+02
9204	113	8.19497E+02
9204	391	8.19595E+02
6611	275	8.19623E+02
9204	269	8.21221E+02
3906	118	8.21322E+02
3906	155	8.21913E+02
9204	556	8.22430E+02
9204	229	8.22631E+02
6611	602	8.23190E+02
3906	559	8.24081E+02
3906	313	8.24815E+02
10238	202	8.24862E+02
9204	79	8.25926E+02
9204	151	8.26164E+02
6611	159	8.26180E+02
10238	605	8.26384E+02
3906	233	8.26466E+02
10238	400	8.27640E+02
6611	197	8.27812E+02
9204	515	8.27842E+02
3906	273	8.28784E+02
9204	310	8.28786E+02
6611	356	8.29388E+02
9204	114	8.29419E+02
3906	194	8.29505E+02
9204	190	8.29533E+02
6611	236	8.29704E+02
3906	518	8.29742E+02
6611	561	8.30411E+02
3906	119	8.31159E+02
3906	354	8.31761E+02
9204	474	8.32101E+02
9204	598	8.32967E+02
3906	156	8.33109E+02
9204	351	8.33447E+02
10238	564	8.33618E+02
3906	477	8.33917E+02
9204	433	8.34751E+02
3906	601	8.34787E+02
9204	270	8.35181E+02
9204	392	8.35333E+02
9204	80	8.35345E+02
3906	395	8.35427E+02
9204	230	8.35850E+02
3906	436	8.36002E+02
10238	441	8.36002E+02
6611	520	8.36065E+02
6611	397	8.36627E+02
10238	280	8.37100E+02
6611	316	8.37473E+02
9204	152	8.37691E+02
6611	276	8.37947E+02
10238	523	8.38203E+02
10238	482	8.39281E+02
6611	479	8.39448E+02
6611	160	8.39835E+02
6611	438	8.39847E+02
9204	557	8.40023E+02
9204	115	8.40127E+02
10238	241	8.40212E+02
3906	234	8.40799E+02
10238	360	8.40847E+02
3906	314	8.41102E+02
3906	120	8.41574E+02
9204	191	8.42442E+02
3906	560	8.42549E+02
3906	195	8.42775E+02
6611	198	8.43657E+02
8057	221	8.44134E+02
8057	222	8.44223E+02
8057	262	8.44314E+02
8057	220	8.44366E+02
8057	261	8.44395E+02
7427	222	8.44425E+02
7427	221	8.44430E+02
8057	181	8.44539E+02
7427	262	8.44540E+02
9204	311	8.44546E+02
3906	274	8.44588E+02
8057	182	8.44635E+02
8057	263	8.44668E+02
8057	180	8.44690E+02
7427	261	8.44715E+02
8057	223	8.44721E+02
7427	220	8.44746E+02
10238	320	8.44747E+02
7427	263	8.44791E+02
8057	260	8.44806E+02
7427	223	8.44823E+02
8057	219	8.44843E+02
7427	181	8.44851E+02
7427	182	8.44860E+02
8057	302	8.44901E+02
8057	303	8.44950E+02
8057	179	8.45033E+02
8057	183	8.45050E+02
7427	180	8.45081E+02
7427	303	8.45131E+02
3906	157	8.45149E+02
7427	183	8.45181E+02
7427	302	8.45181E+02
7427	260	8.45212E+02
8057	301	8.45243E+02
7427	219	8.45300E+02
8147	222	8.45305E+02
8147	221	8.45329E+02
9204	81	8.45393E+02
8147	262	8.45442E+02
8057	259	8.45459E+02
7427	179	8.45494E+02
8057	218	8.45502E+02
8057	304	8.45517E+02
8057	178	8.45524E+02
8057	264	8.45574E+02
7427	264	8.45587E+02
7427	304	8.45590E+02
7427	301	8.45616E+02
8147	261	8.45636E+02
8147	220	8.45664E+02
8147	263	8.45671E+02
8147	223	8.45680E+02
8057	343	8.45691E+02
8147	182	8.45727E+02
7427	224	8.45730E+02
8147	181	8.45737E+02
8057	224	8.45738E+02
8057	142	8.45767E+02
8057	141	8.45791E+02
8057	344	8.45821E+02
8057	300	8.45869E+02
8057	184	8.45876E+02
7427	184	8.45904E+02
8057	143	8.45919E+02
7427	259	8.45943E+02
8057	140	8.45943E+02
7427	343	8.45951E+02
7427	344	8.45978E+02
8147	180	8.45985E+02
8057	342	8.45986E+02
8147	183	8.46026E+02
7427	218	8.46028E+02
8147	303	8.46041E+02
7427	178	8.46049E+02
7427	142	8.46072E+02
9204	516	8.46105E+02
8147	302	8.46111E+02
8057	177	8.46131E+02
7427	143	8.46144E+02
8147	260	8.46150E+02
7427	141	8.46168E+02
8057	139	8.46192E+02
6611	603	8.46197E+02
8147	219	8.46234E+02
8057	258	8.46280E+02
8057	217	8.46291E+02
8057	144	8.46311E+02
7427	300	8.46326E+02
7427	342	8.46342E+02
7427	140	8.46386E+02
10238	203	8.46413E+02
8147	179	8.46414E+02
