GRAM	c2h2	chi_tot
5492	245	6.08673E+01
5492	244	6.10226E+01
5595	245	6.11932E+01
5595	244	6.14973E+01
5492	284	6.20465E+01
5492	283	6.21152E+01
5595	284	6.22652E+01
5595	283	6.24676E+01
5492	243	6.29081E+01
5595	243	6.35217E+01
5492	323	6.36652E+01
5595	323	6.38352E+01
5492	285	6.40132E+01
5595	285	6.40935E+01
5492	282	6.40977E+01
5492	324	6.43121E+01
5595	324	6.43674E+01
5595	282	6.45768E+01
5492	322	6.51028E+01
5595	322	6.53849E+01
5492	204	6.55841E+01
9282	244	6.59193E+01
5492	363	6.61179E+01
5595	363	6.61429E+01
5595	364	6.63371E+01
5492	242	6.63479E+01
5492	364	6.64026E+01
5595	204	6.64305E+01
9282	245	6.65950E+01
5595	325	6.70554E+01
9282	243	6.70851E+01
5595	242	6.70890E+01
5492	325	6.71157E+01
5492	281	6.78362E+01
5492	362	6.79901E+01
5595	286	6.80306E+01
5492	286	6.80919E+01
5595	362	6.81069E+01
9282	204	6.81615E+01
9282	283	6.82404E+01
5595	281	6.84334E+01
5492	321	6.85057E+01
5595	404	6.85957E+01
5595	365	6.87388E+01
5492	404	6.87855E+01
5492	365	6.88918E+01
5595	321	6.88955E+01
9282	284	6.92118E+01
9282	282	6.93214E+01
5595	403	6.96146E+01
5492	403	6.97380E+01
5492	203	6.97869E+01
5595	405	6.98053E+01
9282	242	6.99430E+01
5492	405	7.00548E+01
7912	245	7.01428E+01
7912	285	7.05594E+01
5595	203	7.07536E+01
5492	241	7.11588E+01
7912	284	7.12973E+01
9282	323	7.13693E+01
9282	322	7.16184E+01
5595	445	7.16668E+01
8002	285	7.18623E+01
5492	361	7.19213E+01
5595	326	7.19252E+01
7912	286	7.19796E+01
5595	241	7.20147E+01
9282	203	7.20219E+01
5492	445	7.20545E+01
5492	326	7.21006E+01
3987	163	7.21029E+01
5595	361	7.21291E+01
8002	245	7.22841E+01
3987	162	7.23186E+01
9282	285	7.23256E+01
9282	281	7.23259E+01
5595	444	7.23373E+01
7377	245	7.24836E+01
5066	245	7.25784E+01
5066	285	7.26384E+01
7912	324	7.26792E+01
8002	286	7.26830E+01
5492	444	7.26885E+01
5066	286	7.27501E+01
5595	402	7.28155E+01
7912	325	7.28200E+01
5492	402	7.28676E+01
7912	244	7.29579E+01
5492	280	7.31514E+01
3987	200	7.31868E+01
8002	284	7.32042E+01
5595	446	7.32281E+01
5595	406	7.32389E+01
3987	161	7.33120E+01
5595	366	7.33498E+01
9282	324	7.33597E+01
5492	406	7.35406E+01
5492	366	7.35864E+01
5492	446	7.36409E+01
3987	201	7.36819E+01
8002	325	7.37000E+01
5492	320	7.37160E+01
5169	286	7.37601E+01
3987	199	7.37607E+01
7377	244	7.38126E+01
5595	280	7.38561E+01
5169	285	7.40057E+01
9282	321	7.40218E+01
7912	283	7.41037E+01
8002	324	7.41454E+01
5595	320	7.42066E+01
2040	286	7.43173E+01
9282	241	7.43319E+01
5169	245	7.44595E+01
5066	284	7.46895E+01
7912	323	7.47608E+01
9282	363	7.47608E+01
7377	284	7.49417E+01
5492	202	7.49839E+01
5595	486	7.50198E+01
3987	160	7.50373E+01
7912	365	7.51218E+01
9282	362	7.51966E+01
7912	364	7.52189E+01
7912	326	7.52201E+01
5595	443	7.52324E+01
3987	198	7.53256E+01
3987	202	7.53384E+01
5066	325	7.53899E+01
4845	245	7.54304E+01
4742	245	7.54479E+01
8002	326	7.55263E+01
5492	443	7.55367E+01
3987	239	7.55807E+01
5492	486	7.56146E+01
2040	285	7.56187E+01
3987	238	7.56321E+01
8002	244	7.56961E+01
5595	485	7.58476E+01
8002	365	7.58655E+01
2040	245	7.59057E+01
4742	244	7.59117E+01
7377	285	7.59131E+01
4845	244	7.59418E+01
5595	202	7.60564E+01
1930	286	7.61194E+01
7377	283	7.61300E+01
5066	326	7.62715E+01
7537	245	7.63475E+01
5595	487	7.63925E+01
5169	284	7.64159E+01
5492	485	7.64363E+01
5169	325	7.64928E+01
8002	364	7.65214E+01
5066	244	7.65322E+01
8002	283	7.66145E+01
9282	364	7.66677E+01
4948	245	7.67164E+01
5066	324	7.67639E+01
8002	323	7.68215E+01
3987	240	7.69073E+01
3987	237	7.69524E+01
7377	243	7.69761E+01
5492	487	7.69775E+01
5595	447	7.69787E+01
9282	202	7.70213E+01
5169	326	7.70474E+01
9282	280	7.70994E+01
9847	286	7.71007E+01
5492	240	7.71648E+01
7537	285	7.73223E+01
7912	366	7.73360E+01
4948	244	7.73874E+01
1930	285	7.73892E+01
5492	447	7.74047E+01
3987	159	7.74585E+01
7912	243	7.74996E+01
1930	245	7.75348E+01
8002	366	7.75400E+01
7912	363	7.76147E+01
9282	286	7.76250E+01
9282	325	7.76258E+01
7912	405	7.76989E+01
5492	360	7.77661E+01
3987	197	7.78178E+01
9282	361	7.79163E+01
7537	286	7.80270E+01
9847	285	7.80562E+01
5595	360	7.80614E+01
5492	401	7.80746E+01
5595	401	7.80963E+01
5595	240	7.81218E+01
3965	281	7.81469E+01
3965	280	7.81762E+01
5169	324	7.82025E+01
4742	243	7.82390E+01
7377	324	7.82599E+01
3987	203	7.82624E+01
2040	326	7.83119E+01
4845	243	7.83162E+01
3965	241	7.83447E+01
9282	320	7.84517E+01
3965	242	7.84670E+01
3965	320	7.84671E+01
9282	403	7.84725E+01
8002	405	7.84771E+01
6346	286	7.85167E+01
7377	323	7.85565E+01
6250	286	7.86177E+01
3987	278	7.86634E+01
5595	527	7.87286E+01
4845	284	7.87700E+01
5169	244	7.87768E+01
7912	406	7.88076E+01
5066	283	7.88141E+01
3965	321	7.88241E+01
4742	284	7.88259E+01
7912	282	7.88429E+01
5595	407	7.88504E+01
7537	284	7.88699E+01
5595	484	7.88955E+01
7912	404	7.89391E+01
2040	325	7.89482E+01
5595	327	7.89597E+01
7912	322	7.89784E+01
2040	284	7.90149E+01
9847	325	7.90419E+01
8002	406	7.90800E+01
5066	365	7.91061E+01
7377	286	7.91073E+01
5492	407	7.91963E+01
9847	326	7.91985E+01
3987	277	7.92011E+01
4845	283	7.92339E+01
5492	327	7.92487E+01
4742	283	7.92523E+01
4742	204	7.93166E+01
3965	203	7.93654E+01
7377	282	7.93683E+01
9282	404	7.93704E+01
5066	327	7.94007E+01
3987	236	7.94468E+01
3965	240	7.94533E+01
5492	484	7.94627E+01
4845	204	7.94774E+01
8002	363	7.94912E+01
5595	528	7.95011E+01
5492	527	7.95623E+01
3965	361	7.95699E+01
5066	366	7.95733E+01
3965	279	7.96190E+01
8002	327	7.96195E+01
3965	360	7.96408E+01
3965	204	7.96761E+01
7377	204	7.96762E+01
3987	279	7.97043E+01
3965	282	7.97106E+01
3987	241	7.97325E+01
3965	319	7.97375E+01
2040	327	7.98281E+01
5492	279	7.98572E+01
5169	327	7.98593E+01
7912	327	7.98713E+01
5595	488	7.98965E+01
4948	243	7.99190E+01
9282	402	7.99852E+01
3965	243	7.99939E+01
4948	284	8.00185E+01
7537	244	8.00718E+01
3965	202	8.00918E+01
9282	240	8.00931E+01
5169	365	8.01001E+01
5595	526	8.01086E+01
5595	367	8.01318E+01
3987	122	8.01523E+01
1930	326	8.02359E+01
8002	404	8.02481E+01
7377	325	8.02703E+01
5169	366	8.02776E+01
5595	442	8.02862E+01
5492	528	8.02924E+01
5066	323	8.03562E+01
5492	367	8.04476E+01
5492	488	8.04558E+01
4845	285	8.04713E+01
5492	442	8.05357E+01
5492	319	8.05498E+01
3987	158	8.05499E+01
4742	285	8.05632E+01
9847	245	8.06268E+01
4948	283	8.06401E+01
5595	279	8.06573E+01
6250	285	8.07058E+01
6346	285	8.07396E+01
1930	284	8.07586E+01
8002	243	8.08240E+01
3965	401	8.08446E+01
1930	325	8.08557E+01
7537	325	8.08651E+01
5169	283	8.08991E+01
3757	241	8.09054E+01
7912	446	8.09072E+01
9282	365	8.09238E+01
5066	364	8.09336E+01
3757	240	8.09523E+01
5492	526	8.09641E+01
3965	322	8.09801E+01
5492	201	8.10381E+01
2040	244	8.10810E+01
7377	322	8.11027E+01
5595	319	8.11323E+01
3987	196	8.11880E+01
3987	276	8.11916E+01
9847	365	8.12201E+01
9847	284	8.12263E+01
9847	324	8.12322E+01
4948	204	8.12500E+01
3757	202	8.12534E+01
3757	280	8.12596E+01
8002	446	8.13228E+01
9847	366	8.13464E+01
3965	362	8.13839E+01
3965	359	8.14313E+01
7537	324	8.14525E+01
8002	367	8.15182E+01
3757	203	8.15242E+01
3965	402	8.15275E+01
4948	285	8.15631E+01
3757	279	8.15812E+01
7912	445	8.16218E+01
3965	239	8.16314E+01
8002	322	8.16375E+01
9847	327	8.16988E+01
3965	201	8.17143E+01
4742	282	8.17361E+01
4845	282	8.17564E+01
2040	324	8.17671E+01
1930	327	8.17724E+01
7377	242	8.18091E+01
3863	241	8.18198E+01
7912	367	8.18321E+01
6346	326	8.18565E+01
7377	364	8.18863E+01
8002	282	8.19530E+01
3757	201	8.19665E+01
8002	407	8.20223E+01
3965	400	8.20468E+01
3863	240	8.20500E+01
6250	326	8.21001E+01
5169	323	8.21368E+01
3863	280	8.21426E+01
3757	239	8.21649E+01
3757	242	8.21814E+01
5595	201	8.22017E+01
5066	243	8.22240E+01
7912	407	8.22279E+01
5169	364	8.22320E+01
6250	245	8.22464E+01
7912	362	8.22479E+01
4742	242	8.22677E+01
3965	278	8.22983E+01
7912	204	8.23012E+01
5066	367	8.23073E+01
5595	529	8.23397E+01
3863	202	8.23493E+01
7377	363	8.23822E+01
4845	242	8.23914E+01
3863	203	8.24410E+01
3757	281	8.24468E+01
3965	318	8.24500E+01
3987	280	8.24567E+01
8002	447	8.25085E+01
8002	445	8.25158E+01
7912	403	8.25218E+01
6346	245	8.25331E+01
3757	320	8.25355E+01
7912	447	8.25375E+01
9282	444	8.25609E+01
3987	204	8.25709E+01
7537	283	8.25984E+01
3757	319	8.25998E+01
7537	326	8.26398E+01
3863	279	8.26496E+01
3965	442	8.26575E+01
1930	244	8.26757E+01
9282	405	8.26762E+01
3987	318	8.26863E+01
6346	327	8.27355E+01
5169	367	8.27374E+01
9282	360	8.28103E+01
5595	448	8.28376E+01
3863	242	8.29002E+01
3757	204	8.29179E+01
5595	569	8.29284E+01
2040	366	8.29825E+01
4845	323	8.30190E+01
9282	201	8.30326E+01
3987	235	8.30357E+01
3965	283	8.30361E+01
5595	568	8.30532E+01
5492	529	8.30690E+01
6250	327	8.30881E+01
3987	317	8.30951E+01
3965	244	8.31026E+01
4742	323	8.31120E+01
3863	281	8.31334E+01
3987	121	8.31676E+01
3863	201	8.32288E+01
3757	278	8.32415E+01
5066	406	8.32537E+01
5492	448	8.32654E+01
6346	325	8.32764E+01
4845	324	8.33035E+01
3863	320	8.33072E+01
4948	282	8.33201E+01
11208	245	8.33421E+01
6250	325	8.34056E+01
4742	324	8.34191E+01
9282	443	8.34199E+01
3863	239	8.34335E+01
11127	245	8.34385E+01
11290	245	8.34562E+01
9282	279	8.34770E+01
9847	406	8.34947E+01
9847	364	8.35203E+01
3757	200	8.35430E+01
3863	319	8.35591E+01
7912	242	8.35818E+01
3965	443	8.35967E+01
3863	204	8.36426E+01
1930	324	8.36615E+01
5595	525	8.36763E+01
3965	441	8.36793E+01
7377	365	8.37748E+01
9282	401	8.38532E+01
9847	367	8.38727E+01
5169	406	8.39537E+01
5492	569	8.39793E+01
2040	367	8.40194E+01
7559	245	8.40601E+01
3987	319	8.40749E+01
3965	200	8.41122E+01
2040	365	8.41151E+01
5066	405	8.41165E+01
5595	483	8.41222E+01
3757	360	8.41388E+01
4948	242	8.41479E+01
4742	203	8.41491E+01
9282	326	8.41543E+01
9282	445	8.41633E+01
5492	568	8.41741E+01
3987	242	8.41844E+01
3757	321	8.41913E+01
5492	239	8.42062E+01
3757	318	8.42093E+01
3965	403	8.42265E+01
3987	157	8.42972E+01
9847	405	8.43269E+01
4948	323	8.43321E+01
4845	203	8.43584E+01
7912	487	8.43654E+01
8002	403	8.43831E+01
7537	323	8.43863E+01
4845	286	8.43985E+01
3757	238	8.44018E+01
2040	283	8.44340E+01
4948	324	8.44676E+01
3863	278	8.44836E+01
3757	163	8.44982E+01
7377	281	8.45096E+01
8002	487	8.45122E+01
3987	275	8.45206E+01
4742	286	8.45250E+01
5492	525	8.45333E+01
7377	326	8.45950E+01
6329	285	8.46137E+01
5492	483	8.46545E+01
5066	407	8.46711E+01
6690	245	8.46887E+01
3757	359	8.46935E+01
8002	362	8.47094E+01
7912	444	8.47152E+01
3965	238	8.47354E+01
9282	319	8.47506E+01
3965	358	8.47538E+01
3863	321	8.47667E+01
5595	570	8.48065E+01
5169	243	8.48238E+01
3965	483	8.48388E+01
6329	245	8.48484E+01
5066	282	8.48775E+01
3863	360	8.48778E+01
7537	365	8.48864E+01
6233	285	8.49276E+01
3757	243	8.49475E+01
3863	200	8.49594E+01
3965	399	8.49636E+01
4845	322	8.49671E+01
6233	245	8.49736E+01
6250	284	8.49905E+01
7559	244	8.50162E+01
4742	322	8.50339E+01
5066	363	8.50409E+01
1930	366	8.50464E+01
5169	405	8.50694E+01
3965	323	8.50777E+01
7912	486	8.50841E+01
9847	407	8.51182E+01
5169	407	8.51399E+01
3987	316	8.51597E+01
6346	284	8.51608E+01
6329	286	8.51744E+01
7912	321	8.51983E+01
5492	400	8.52077E+01
3965	363	8.52104E+01
7377	362	8.52336E+01
5595	239	8.52499E+01
5595	567	8.52748E+01
7377	203	8.52931E+01
5595	400	8.53027E+01
3757	282	8.53129E+01
4948	286	8.53355E+01
5492	359	8.53432E+01
7912	281	8.53445E+01
3863	318	8.53464E+01
3757	361	8.53965E+01
3987	195	8.53997E+01
5595	489	8.54252E+01
3863	243	8.54590E+01
3965	163	8.54782E+01
3965	484	8.55868E+01
6233	286	8.56138E+01
3863	359	8.56146E+01
7537	243	8.56295E+01
8002	486	8.56541E+01
7537	364	8.56604E+01
5595	359	8.57201E+01
9847	323	8.57253E+01
8002	488	8.57267E+01
5492	570	8.57637E+01
11208	285	8.57819E+01
7377	321	8.57920E+01
3863	282	8.57933E+01
11290	285	8.57964E+01
11208	244	8.58239E+01
3863	238	8.58289E+01
11208	284	8.58601E+01
4845	325	8.58767E+01
3757	199	8.58805E+01
11127	244	8.58858E+01
9847	244	8.58916E+01
7377	404	8.58990E+01
11290	284	8.59171E+01
3863	163	8.59313E+01
5492	489	8.59441E+01
3863	361	8.59470E+01
11127	285	8.59541E+01
7912	488	8.59617E+01
11290	244	8.59921E+01
8002	448	8.60001E+01
11127	284	8.60034E+01
4742	325	8.60115E+01
3965	277	8.60494E+01
3965	482	8.60649E+01
5066	322	8.60796E+01
3757	277	8.60803E+01
1930	367	8.60842E+01
8002	444	8.61184E+01
4742	281	8.61340E+01
1930	283	8.61556E+01
1930	365	8.61805E+01
4845	281	8.61942E+01
6346	366	8.62031E+01
6329	284	8.62430E+01
4948	203	8.62733E+01
3757	162	8.62915E+01
8002	204	8.63182E+01
3965	317	8.64208E+01
6233	284	8.64294E+01
4948	322	8.64324E+01
7912	448	8.64382E+01
5492	567	8.64406E+01
9847	447	8.64853E+01
9847	446	8.65114E+01
9847	283	8.65119E+01
3965	440	8.65126E+01
3757	400	8.65256E+01
7537	366	8.65376E+01
6250	366	8.65434E+01
5595	408	8.65598E+01
3965	444	8.65970E+01
3757	401	8.66421E+01
5169	363	8.66568E+01
3987	120	8.66880E+01
7377	405	8.67244E+01
9282	442	8.67294E+01
1238	245	8.67358E+01
7537	327	8.67449E+01
2040	323	8.67507E+01
6346	367	8.67541E+01
6690	244	8.67669E+01
6329	325	8.68119E+01
9282	485	8.68805E+01
3757	358	8.68859E+01
4948	325	8.68959E+01
5066	204	8.69277E+01
5492	408	8.69422E+01
6346	324	8.70089E+01
6250	324	8.70187E+01
3987	281	8.70528E+01
5492	163	8.70661E+01
9282	239	8.70804E+01
5595	610	8.70809E+01
5595	530	8.71219E+01
2040	368	8.71371E+01
6250	367	8.71764E+01
3965	199	8.71838E+01
3757	317	8.71879E+01
3863	401	8.72193E+01
6233	325	8.72198E+01
3987	358	8.72245E+01
8002	408	8.72329E+01
5066	368	8.72451E+01
3863	400	8.72801E+01
5066	404	8.72925E+01
5169	282	8.73180E+01
5595	441	8.73731E+01
3987	320	8.73993E+01
5169	368	8.74172E+01
1799	327	8.74236E+01
3863	199	8.74393E+01
3965	524	8.74403E+01
2040	364	8.74683E+01
8002	242	8.74784E+01
3863	277	8.74842E+01
9282	366	8.74870E+01
7377	403	8.75122E+01
3757	237	8.75399E+01
5492	441	8.75626E+01
9282	484	8.75877E+01
3110	204	8.75888E+01
3965	525	8.76389E+01
9847	404	8.76505E+01
3987	234	8.76538E+01
6329	324	8.76595E+01
3757	322	8.77256E+01
8002	368	8.77386E+01
5492	530	8.77711E+01
5492	278	8.77747E+01
5595	611	8.78027E+01
4742	241	8.78263E+01
5492	200	8.78345E+01
3863	162	8.78579E+01
7559	243	8.78866E+01
7912	408	8.78866E+01
4948	281	8.79141E+01
7559	284	8.79197E+01
3965	162	8.79381E+01
11290	286	8.79494E+01
2040	243	8.79513E+01
6233	324	8.79578E+01
8002	528	8.79601E+01
3965	245	8.79603E+01
4845	364	8.79733E+01
11208	286	8.79736E+01
3863	358	8.79812E+01
6346	365	8.79895E+01
4845	241	8.79957E+01
7377	366	8.80280E+01
7912	528	8.80465E+01
4845	363	8.80665E+01
5066	447	8.80809E+01
3863	322	8.80978E+01
3987	359	8.81329E+01
7377	241	8.81378E+01
4742	364	8.81504E+01
11208	283	8.81607E+01
9282	163	8.81708E+01
11127	286	8.81734E+01
9282	446	8.81786E+01
7912	485	8.81811E+01
5169	322	8.82062E+01
3757	399	8.82210E+01
9847	363	8.82291E+01
3987	357	8.82321E+01
4742	363	8.82375E+01
6250	365	8.82393E+01
6329	326	8.82572E+01
11290	283	8.82639E+01
3965	284	8.82674E+01
11127	283	8.82737E+01
5066	408	8.82993E+01
5595	609	8.83029E+01
9282	406	8.83365E+01
6250	244	8.83822E+01
3965	485	8.83867E+01
7912	402	8.83887E+01
7537	282	8.83893E+01
5595	163	8.84156E+01
8002	321	8.84547E+01
5492	610	8.84574E+01
6233	244	8.84587E+01
6329	244	8.84698E+01
3863	317	8.84920E+01
5169	404	8.85197E+01
7912	368	8.85462E+01
2040	407	8.85527E+01
5595	571	8.85570E+01
5169	408	8.85589E+01
11353	245	8.85605E+01
5169	447	8.85750E+01
3757	161	8.86108E+01
3757	362	8.86166E+01
1930	323	8.86349E+01
3965	237	8.86414E+01
9282	486	8.86465E+01
11431	245	8.86481E+01
5595	278	8.86569E+01
5066	446	8.86689E+01
3987	156	8.86984E+01
7559	283	8.87062E+01
3757	402	8.87242E+01
9847	368	8.87365E+01
3987	315	8.87428E+01
11290	324	8.87627E+01
6233	326	8.87695E+01
8002	529	8.87713E+01
11208	324	8.87790E+01
1799	368	8.88122E+01
6346	244	8.88132E+01
5492	318	8.88140E+01
7537	363	8.88710E+01
2040	406	8.88839E+01
3757	198	8.88935E+01
9847	448	8.88997E+01
8612	204	8.89194E+01
7912	203	8.89352E+01
6690	284	8.89589E+01
8700	204	8.89740E+01
3863	362	8.89743E+01
11127	324	8.89800E+01
7912	361	8.90053E+01
5595	368	8.90139E+01
3965	404	8.90216E+01
4845	321	8.90445E+01
8002	281	8.90446E+01
9847	445	8.90546E+01
5492	611	8.90602E+01
5595	200	8.90749E+01
4742	321	8.90818E+01
3987	274	8.90866E+01
3757	441	8.90888E+01
6690	285	8.90895E+01
7559	204	8.90914E+01
3863	237	8.91133E+01
3863	402	8.91219E+01
9847	408	8.91243E+01
4948	364	8.91290E+01
3965	481	8.91324E+01
3863	399	8.91484E+01
7912	529	8.91802E+01
3965	523	8.91855E+01
7912	527	8.91886E+01
8002	489	8.91952E+01
1930	368	8.92061E+01
8002	485	8.92139E+01
9847	487	8.92907E+01
7559	285	8.93568E+01
5169	446	8.93582E+01
4948	363	8.93586E+01
3757	244	8.93719E+01
1799	367	8.93751E+01
5492	571	8.93991E+01
3965	398	8.94021E+01
5595	524	8.94037E+01
5492	368	8.94041E+01
3965	357	8.94160E+01
7537	405	8.94163E+01
3757	442	8.94306E+01
5066	242	8.94702E+01
8002	527	8.94730E+01
5595	318	8.94771E+01
9847	488	8.95144E+01
1930	243	8.95180E+01
1930	364	8.95367E+01
6346	368	8.95701E+01
7537	322	8.95995E+01
6329	365	8.96189E+01
5595	566	8.96336E+01
1799	326	8.96357E+01
3863	244	8.96649E+01
3110	203	8.96873E+01
1238	244	8.97062E+01
3863	441	8.97150E+01
5066	448	8.97163E+01
9282	359	8.97273E+01
1799	286	8.97585E+01
7912	489	8.97699E+01
5492	609	8.97706E+01
1689	327	8.98374E+01
11290	325	8.98378E+01
3965	526	8.98467E+01
11208	325	8.98807E+01
3863	442	8.98901E+01
4948	241	8.99019E+01
9282	200	8.99487E+01
3757	276	8.99542E+01
7377	406	8.99588E+01
5169	204	8.99627E+01
6329	283	8.99630E+01
9282	400	8.99641E+01
7537	406	8.99942E+01
3757	283	9.00150E+01
6233	283	9.00206E+01
5169	448	9.00438E+01
3965	566	9.00443E+01
7537	204	9.00497E+01
11208	323	9.00644E+01
6250	368	9.00659E+01
6233	365	9.00736E+01
11290	323	9.00805E+01
11127	325	9.01018E+01
4742	202	9.01266E+01
7912	443	9.01694E+01
11208	243	9.01941E+01
11353	285	9.02186E+01
4845	365	9.02198E+01
11127	243	9.02214E+01
11431	285	9.02390E+01
11127	323	9.02429E+01
5492	524	9.02436E+01
7377	445	9.02749E+01
3863	283	9.02805E+01
8700	243	9.02878E+01
3863	161	9.03005E+01
2040	408	9.03151E+01
5595	612	9.03372E+01
7377	361	9.03588E+01
4845	202	9.03827E+01
3987	243	9.03905E+01
4742	365	9.03972E+01
11290	243	9.04181E+01
3987	194	9.04290E+01
8612	243	9.04544E+01
4845	362	9.04701E+01
3757	357	9.05331E+01
7537	367	9.05584E+01
3863	198	9.05835E+01
4742	362	9.06290E+01
3757	440	9.06474E+01
3965	565	9.06564E+01
4948	321	9.06639E+01
6690	243	9.06771E+01
5595	449	9.06938E+01
3965	276	9.07265E+01
8612	203	9.07289E+01
3987	119	9.07363E+01
4845	326	9.07465E+01
6329	323	9.07522E+01
6329	366	9.07646E+01
1930	407	9.07814E+01
9282	483	9.07880E+01
6329	364	9.08134E+01
8002	402	9.08191E+01
5492	566	9.08194E+01
3110	243	9.08254E+01
3965	198	9.08448E+01
3965	161	9.08518E+01
8788	204	9.08792E+01
4742	326	9.08970E+01
6233	323	9.09362E+01
8700	203	9.09380E+01
6690	283	9.09610E+01
3965	439	9.09733E+01
8700	242	9.09975E+01
3987	356	9.10045E+01
8612	242	9.10047E+01
7912	241	9.10140E+01
6346	407	9.10622E+01
3987	360	9.10980E+01
5492	449	9.11128E+01
3965	364	9.11290E+01
1930	406	9.11315E+01
6233	364	9.11799E+01
7377	327	9.11961E+01
1689	368	9.12095E+01
3965	324	9.12186E+01
4948	365	9.12464E+01
7377	444	9.12601E+01
11353	284	9.12708E+01
9282	526	9.12900E+01
9282	278	9.12957E+01
6233	366	9.12989E+01
11431	284	9.13142E+01
7537	404	9.13170E+01
1799	408	9.13202E+01
5066	362	9.13647E+01
3757	316	9.13691E+01
3965	567	9.13758E+01
8700	244	9.13773E+01
6690	286	9.13796E+01
7377	280	9.13836E+01
6250	283	9.13839E+01
2040	405	9.14021E+01
3757	160	9.14048E+01
5595	482	9.14220E+01
3863	440	9.14395E+01
5492	612	9.14506E+01
3757	236	9.14752E+01
11431	286	9.14762E+01
11353	286	9.14774E+01
3965	316	9.14786E+01
1799	409	9.14965E+01
3863	276	9.15076E+01
1238	285	9.15416E+01
7377	402	9.15423E+01
5066	445	9.15477E+01
3757	398	9.15492E+01
6250	407	9.15567E+01
5595	608	9.15614E+01
9847	486	9.15815E+01
4948	326	9.16256E+01
7559	282	9.16317E+01
6346	283	9.16916E+01
8002	449	9.16921E+01
3965	445	9.17009E+01
8612	244	9.17045E+01
3110	242	9.17329E+01
3110	244	9.17428E+01
7377	446	9.17461E+01
2040	282	9.17573E+01
6346	406	9.17641E+01
8002	530	9.17835E+01
3863	357	9.17932E+01
3757	443	9.18024E+01
8002	569	9.18120E+01
1476	286	9.18339E+01
8788	243	9.18817E+01
1689	367	9.18897E+01
8002	570	9.18952E+01
4948	362	9.19049E+01
5492	482	9.19088E+01
11353	244	9.19855E+01
6329	327	9.19982E+01
7377	202	9.20100E+01
8002	361	9.20575E+01
1586	286	9.20715E+01
3863	443	9.20973E+01
11431	244	9.21009E+01
8002	443	9.21086E+01
7912	569	9.21419E+01
9847	489	9.21437E+01
5492	238	9.21448E+01
1689	326	9.21473E+01
6346	364	9.21480E+01
3757	482	9.21497E+01
1799	366	9.21544E+01
6690	204	9.21699E+01
6250	406	9.22033E+01
1689	286	9.22309E+01
9282	525	9.22621E+01
4742	280	9.22797E+01
11290	364	9.22938E+01
6250	364	9.22987E+01
3757	483	9.23043E+01
11208	364	9.23695E+01
4845	280	9.23806E+01
9847	528	9.23850E+01
9847	529	9.24118E+01
9282	441	9.24132E+01
5169	242	9.24149E+01
9847	322	9.24259E+01
4948	202	9.24346E+01
3987	399	9.24446E+01
5169	445	9.24609E+01
7912	530	9.24667E+01
7377	320	9.24776E+01
1238	284	9.24815E+01
7912	570	9.24947E+01
7912	449	9.25029E+01
3757	197	9.25124E+01
1930	408	9.25262E+01
7559	242	9.25280E+01
11208	282	9.25885E+01
6233	327	9.26092E+01
11127	364	9.26185E+01
2040	204	9.26205E+01
3863	398	9.26431E+01
6346	408	9.26538E+01
11127	282	9.26703E+01
3863	482	9.26717E+01
3863	483	9.26733E+01
7559	323	9.26846E+01
7912	526	9.26896E+01
5066	281	9.27102E+01
8788	244	9.27396E+01
11290	282	9.27414E+01
9282	318	9.27458E+01
3987	398	9.27461E+01
3965	522	9.27504E+01
5066	403	9.27717E+01
9282	527	9.27832E+01
3987	321	9.27835E+01
9282	487	9.28042E+01
8788	242	9.28271E+01
3863	316	9.28286E+01
1238	286	9.28294E+01
7559	324	9.28458E+01
5595	490	9.28470E+01
7537	242	9.28500E+01
3757	403	9.28844E+01
9282	327	9.28878E+01
9847	243	9.28928E+01
6250	323	9.29051E+01
1366	286	9.29560E+01
7537	407	9.29857E+01
6346	323	9.30193E+01
2040	363	9.30470E+01
7559	286	9.30544E+01
8788	203	9.30781E+01
5492	608	9.30906E+01
3110	202	9.30909E+01
3863	403	9.31025E+01
3965	607	9.31249E+01
8700	282	9.31495E+01
3965	564	9.31502E+01
4845	404	9.31700E+01
3863	236	9.31831E+01
6329	406	9.31917E+01
6250	408	9.31919E+01
8612	241	9.31957E+01
3863	160	9.32080E+01
3965	236	9.32456E+01
3987	233	9.32469E+01
7912	320	9.32482E+01
3965	486	9.32559E+01
5595	238	9.32605E+01
3757	323	9.32662E+01
6329	405	9.32736E+01
11290	326	9.32948E+01
5169	362	9.33088E+01
1799	407	9.33117E+01
5492	490	9.33122E+01
5066	488	9.33226E+01
8700	241	9.33462E+01
11208	326	9.33587E+01
8002	526	9.33922E+01
3965	608	9.33938E+01
5492	162	9.34004E+01
8612	282	9.34062E+01
11290	365	9.34169E+01
7912	280	9.34180E+01
3863	323	9.34297E+01
4742	404	9.34364E+01
9847	403	9.34556E+01
1930	282	9.34613E+01
8002	203	9.34745E+01
5066	449	9.34758E+01
11208	365	9.35020E+01
11127	326	9.35974E+01
3987	282	9.36140E+01
5169	488	9.36401E+01
9847	449	9.36448E+01
5169	449	9.36641E+01
11290	363	9.36662E+01
7912	484	9.36668E+01
1930	405	9.36689E+01
6233	243	9.36888E+01
11208	322	9.36962E+01
5595	531	9.37038E+01
3987	314	9.37154E+01
11208	363	9.37248E+01
11127	204	9.37260E+01
6233	406	9.37454E+01
11290	322	9.37503E+01
11127	365	9.37607E+01
3987	155	9.37617E+01
9847	282	9.37676E+01
6233	405	9.37718E+01
11208	204	9.37757E+01
8612	202	9.37871E+01
5066	321	9.38005E+01
2040	322	9.38290E+01
6329	243	9.38338E+01
11127	322	9.38500E+01
3965	480	9.38649E+01
8700	281	9.38671E+01
6690	324	9.38730E+01
1689	408	9.38963E+01
3757	363	9.39096E+01
3757	481	9.39175E+01
1689	409	9.39354E+01
3757	439	9.39386E+01
11127	363	9.39604E+01
8612	281	9.39704E+01
8002	568	9.40205E+01
7912	568	9.40256E+01
5595	572	9.40306E+01
5066	409	9.40408E+01
2040	409	9.40474E+01
1799	325	9.40554E+01
12108	285	9.40569E+01
1930	204	9.40581E+01
3965	527	9.40666E+01
3863	363	9.40720E+01
5492	399	9.40771E+01
11431	324	9.40799E+01
12166	285	9.40856E+01
11353	324	9.40912E+01
11290	204	9.41089E+01
5169	409	9.41125E+01
8002	571	9.41342E+01
4845	405	9.41472E+01
8700	202	9.41472E+01
9847	444	9.41484E+01
7537	446	9.41501E+01
12224	285	9.41524E+01
11431	325	9.41609E+01
3965	160	9.41691E+01
5066	487	9.41808E+01
11353	325	9.41876E+01
6329	367	9.42332E+01
3987	400	9.42349E+01
5595	399	9.42416E+01
4948	280	9.42545E+01
5492	531	9.42573E+01
5169	403	9.42927E+01
3863	197	9.43229E+01
6329	363	9.43235E+01
3110	241	9.43264E+01
4948	404	9.43568E+01
4742	405	9.43963E+01
8700	245	9.44134E+01
5492	358	9.44521E+01
8700	283	9.44551E+01
1799	449	9.44761E+01
7537	362	9.44791E+01
3757	484	9.44924E+01
9282	447	9.45100E+01
5595	613	9.45339E+01
12108	286	9.45356E+01
4845	403	9.45557E+01
12166	286	9.45568E+01
1238	243	9.45578E+01
5066	203	9.45802E+01
7377	367	9.45835E+01
11353	283	9.45849E+01
6233	363	9.45936E+01
3863	481	9.45956E+01
3110	245	9.46076E+01
8002	409	9.46121E+01
5066	489	9.46131E+01
7559	203	9.46231E+01
8788	282	9.46243E+01
3757	159	9.46321E+01
5169	487	9.46351E+01
3965	568	9.46499E+01
11431	283	9.46525E+01
1799	450	9.46625E+01
1799	285	9.46823E+01
12224	286	9.46885E+01
3863	484	9.47143E+01
3965	606	9.47176E+01
2040	448	9.47208E+01
7377	443	9.47245E+01
5492	572	9.47390E+01
3757	275	9.47391E+01
4742	240	9.47474E+01
9282	162	9.47681E+01
8002	490	9.47866E+01
1689	366	9.47872E+01
4845	366	9.47888E+01
3987	273	9.47988E+01
9847	530	9.48070E+01
5595	162	9.48132E+01
5169	489	9.48284E+01
4742	403	9.48309E+01
6346	405	9.48381E+01
6233	367	9.48383E+01
7559	322	9.48589E+01
9847	527	9.48598E+01
8612	283	9.48635E+01
3863	439	9.48938E+01
8612	245	9.49016E+01
5595	358	9.49018E+01
7377	486	9.49295E+01
6690	325	9.49370E+01
7912	571	9.49497E+01
2040	447	9.49600E+01
4742	366	9.49610E+01
4845	240	9.49616E+01
3987	397	9.49912E+01
6690	282	9.50204E+01
3965	197	9.50264E+01
6690	323	9.50776E+01
4845	361	9.51048E+01
4845	320	9.51087E+01
4742	320	9.51133E+01
1930	363	9.51193E+01
3965	397	9.51629E+01
9282	238	9.51658E+01
8002	484	9.51984E+01
6250	405	9.52097E+01
4948	405	9.52209E+01
3965	356	9.52328E+01
4742	361	9.52456E+01
12108	325	9.52537E+01
9847	570	9.52725E+01
12166	325	9.52765E+01
9847	362	9.52779E+01
5492	199	9.52800E+01
3987	118	9.53399E+01
3757	524	9.53661E+01
7537	447	9.53711E+01
7559	325	9.53727E+01
12224	325	9.53848E+01
3987	355	9.53877E+01
7537	445	9.53971E+01
1238	204	9.54049E+01
9847	409	9.54106E+01
8788	241	9.54152E+01
8002	611	9.54215E+01
1476	285	9.54300E+01
6329	407	9.54523E+01
3757	356	9.54562E+01
8002	241	9.54653E+01
5492	613	9.54816E+01
12108	245	9.54885E+01
5169	281	9.55003E+01
3965	285	9.55114E+01
3965	609	9.55270E+01
7377	407	9.55294E+01
12166	245	9.55348E+01
12224	245	9.55362E+01
8788	245	9.55490E+01
6233	282	9.55576E+01
8788	281	9.55666E+01
7377	447	9.56008E+01
1238	283	9.56033E+01
3757	245	9.56101E+01
6329	282	9.56290E+01
3863	524	9.56554E+01
7912	490	9.56592E+01
3863	245	9.56746E+01
7912	409	9.56828E+01
4948	366	9.56942E+01
1930	322	9.57058E+01
8788	283	9.57141E+01
7537	403	9.57169E+01
6329	404	9.57221E+01
3757	523	9.57324E+01
9282	524	9.57387E+01
12108	284	9.57773E+01
1586	285	9.57911E+01
9847	569	9.57916E+01
7377	240	9.57938E+01
1476	327	9.58040E+01
12166	284	9.58143E+01
7377	485	9.58167E+01
12224	284	9.58181E+01
1586	327	9.58453E+01
4948	403	9.58661E+01
9282	567	9.58803E+01
12108	324	9.58975E+01
12166	324	9.59235E+01
3965	405	9.59390E+01
3110	282	9.59498E+01
12224	324	9.59541E+01
6329	322	9.59934E+01
1689	407	9.60258E+01
6233	407	9.60491E+01
6233	322	9.60591E+01
7537	281	9.60876E+01
5595	565	9.61047E+01
3757	235	9.61229E+01
6233	404	9.61526E+01
3863	523	9.61607E+01
2040	404	9.61619E+01
3965	275	9.62049E+01
3987	361	9.62369E+01
1930	409	9.62436E+01
9282	407	9.62563E+01
3987	193	9.62597E+01
5595	409	9.62604E+01
7912	611	9.62642E+01
11290	404	9.62668E+01
6250	243	9.62720E+01
5169	321	9.62742E+01
9282	367	9.62747E+01
3757	444	9.62833E+01
6690	242	9.62850E+01
11127	242	9.62938E+01
11208	242	9.63009E+01
8002	610	9.63035E+01
5595	440	9.63165E+01
3757	397	9.63204E+01
2040	242	9.63478E+01
1799	448	9.63763E+01
8612	280	9.64060E+01
11208	404	9.64107E+01
3863	444	9.64175E+01
7912	401	9.64236E+01
11353	323	9.64294E+01
6346	409	9.64298E+01
3863	275	9.64299E+01
9282	482	9.64324E+01
11431	323	9.64359E+01
5492	440	9.64444E+01
9847	485	9.64539E+01
8700	280	9.64571E+01
2040	449	9.64755E+01
11290	405	9.64827E+01
7377	487	9.64851E+01
8788	202	9.65227E+01
7912	202	9.65313E+01
3863	159	9.65397E+01
7559	281	9.65728E+01
1476	326	9.65741E+01
11290	242	9.65821E+01
5595	199	9.65830E+01
6346	448	9.65968E+01
3757	315	9.66023E+01
11208	405	9.66195E+01
9282	528	9.66391E+01
1476	245	9.66433E+01
1366	285	9.66532E+01
8002	612	9.66612E+01
1689	325	9.66658E+01
11431	326	9.66691E+01
5492	409	9.66721E+01
3757	196	9.66822E+01
3757	284	9.66838E+01
4948	361	9.66873E+01
11353	326	9.67091E+01
11127	404	9.67117E+01
3863	284	9.67268E+01
1586	326	9.67392E+01
5492	277	9.67410E+01
5066	444	9.67449E+01
9282	568	9.67614E+01
12108	365	9.68263E+01
6329	446	9.68281E+01
6346	243	9.68442E+01
12166	365	9.68468E+01
8002	531	9.68483E+01
3965	438	9.68571E+01
7537	368	9.68572E+01
8612	240	9.68680E+01
3863	356	9.68706E+01
4948	320	9.68828E+01
5595	607	9.68930E+01
1366	327	9.68981E+01
3110	283	9.69015E+01
11127	405	9.69197E+01
7912	610	9.69201E+01
6346	447	9.69307E+01
8700	321	9.69341E+01
12108	326	9.69365E+01
12166	326	9.69572E+01
12224	365	9.69635E+01
8700	322	9.69751E+01
7537	321	9.69759E+01
11290	366	9.69946E+01
3757	525	9.69955E+01
6250	409	9.70005E+01
4948	240	9.70131E+01
3110	281	9.70345E+01
9847	490	9.70400E+01
11208	366	9.70816E+01
9847	571	9.70928E+01
8002	320	9.70961E+01
4742	201	9.71160E+01
1930	448	9.71406E+01
12224	326	9.71461E+01
3863	525	9.71552E+01
1586	245	9.71572E+01
6329	447	9.71677E+01
8700	240	9.71738E+01
1799	365	9.71747E+01
1689	449	9.71868E+01
5595	523	9.71953E+01
8612	321	9.72060E+01
1689	450	9.72169E+01
6250	448	9.72239E+01
1689	285	9.72346E+01
5066	486	9.72801E+01
5492	565	9.72866E+01
2040	446	9.73154E+01
11353	243	9.73287E+01
11127	366	9.73463E+01
8612	322	9.73855E+01
3965	563	9.74029E+01
1930	447	9.74171E+01
4845	201	9.74172E+01
6233	446	9.74355E+01
9282	566	9.74474E+01
3757	480	9.74506E+01
4845	406	9.74616E+01
3965	315	9.74703E+01
12108	364	9.74706E+01
11431	243	9.74723E+01
8634	245	9.74740E+01
12166	364	9.74888E+01
12224	364	9.75118E+01
11290	362	9.75250E+01
1799	406	9.75321E+01
6250	447	9.75403E+01
11208	362	9.75585E+01
3863	397	9.75728E+01
7377	360	9.76267E+01
7912	612	9.76708E+01
3110	201	9.76795E+01
9282	199	9.76823E+01
4742	406	9.76852E+01
5595	277	9.76908E+01
8002	280	9.76948E+01
7912	360	9.77258E+01
7912	531	9.77592E+01
11127	362	9.77772E+01
1366	326	9.77893E+01
6233	447	9.77947E+01
7537	203	9.78327E+01
1366	245	9.78431E+01
3965	159	9.78498E+01
4845	327	9.78765E+01
7559	364	9.78921E+01
1930	242	9.78927E+01
7912	442	9.79051E+01
5169	486	9.79071E+01
8700	284	9.79082E+01
7377	401	9.79097E+01
7559	363	9.79097E+01
5169	444	9.79102E+01
5066	490	9.79321E+01
5169	203	9.79334E+01
3863	235	9.79537E+01
8612	201	9.79621E+01
3965	521	9.79629E+01
3757	522	9.79939E+01
5492	523	9.80022E+01
2755	204	9.80260E+01
4742	327	9.80396E+01
11431	364	9.80563E+01
5169	490	9.80777E+01
5066	241	9.80820E+01
3987	439	9.80890E+01
3987	440	9.80900E+01
10995	245	9.80909E+01
3965	605	9.81045E+01
11353	364	9.81159E+01
11431	365	9.81340E+01
9282	399	9.81584E+01
11353	365	9.82004E+01
3863	315	9.82052E+01
8788	322	9.82369E+01
6690	326	9.82377E+01
3987	401	9.82382E+01
7912	567	9.82395E+01
3757	158	9.82615E+01
4845	402	9.82816E+01
3863	480	9.82853E+01
7537	408	9.82890E+01
2861	204	9.83009E+01
9847	611	9.83071E+01
5492	317	9.83193E+01
1799	491	9.83503E+01
8002	572	9.83700E+01
8788	280	9.83895E+01
8788	321	9.83936E+01
4948	406	9.84332E+01
1930	404	9.84470E+01
5492	607	9.84537E+01
3965	235	9.84639E+01
3110	240	9.84640E+01
8612	284	9.84654E+01
3987	244	9.84678E+01
8700	201	9.84694E+01
6346	449	9.84818E+01
8722	245	9.84839E+01
9282	358	9.84890E+01
2755	203	9.85163E+01
6690	322	9.85295E+01
6690	203	9.85378E+01
4742	402	9.85569E+01
3863	522	9.85679E+01
12108	405	9.85767E+01
7912	525	9.85773E+01
12108	366	9.85846E+01
12166	405	9.85911E+01
3863	196	9.86028E+01
12166	366	9.86092E+01
8002	567	9.86141E+01
4948	327	9.86211E+01
1238	325	9.86307E+01
11290	403	9.86337E+01
6346	363	9.86677E+01
12224	405	9.86725E+01
1799	490	9.86977E+01
6233	204	9.86991E+01
6250	363	9.87111E+01
3757	485	9.87693E+01
3757	438	9.87717E+01
11208	403	9.87746E+01
7559	241	9.87849E+01
9847	568	9.87993E+01
12224	323	9.88014E+01
2861	203	9.88093E+01
12108	323	9.88152E+01
12224	366	9.88230E+01
12166	323	9.88457E+01
6329	445	9.88483E+01
3863	485	9.88518E+01
1930	449	9.88583E+01
3757	565	9.88600E+01
1238	324	9.88714E+01
3965	446	9.88962E+01
7537	448	9.89556E+01
8788	284	9.89609E+01
11208	281	9.90103E+01
3987	396	9.90149E+01
8700	320	9.90151E+01
6329	204	9.90169E+01
5595	317	9.90505E+01
11127	281	9.90602E+01
3863	565	9.90670E+01
11127	403	9.90712E+01
11290	327	9.90764E+01
4845	445	9.90856E+01
6250	449	9.91119E+01
8612	320	9.91436E+01
5066	529	9.91501E+01
11208	327	9.91561E+01
3965	365	9.91700E+01
7537	444	9.91762E+01
3757	404	9.91834E+01
7377	484	9.92010E+01
11290	281	9.92162E+01
3863	404	9.92236E+01
9282	488	9.92250E+01
11290	406	9.92271E+01
7537	487	9.92367E+01
5066	450	9.92380E+01
1689	448	9.92435E+01
8700	323	9.92593E+01
5169	529	9.92692E+01
7559	321	9.92884E+01
9847	612	9.92970E+01
5169	450	9.93131E+01
11208	406	9.93474E+01
7912	572	9.93504E+01
8634	244	9.93660E+01
12108	244	9.94002E+01
11127	327	9.94096E+01
12224	244	9.94098E+01
9847	531	9.94116E+01
6233	445	9.94199E+01
8002	401	9.94345E+01
8002	609	9.94479E+01
8002	450	9.94563E+01
4742	445	9.94564E+01
12166	244	9.94579E+01
3965	325	9.94587E+01
3965	610	9.94681E+01
8788	240	9.94858E+01
12108	406	9.94923E+01
3987	154	9.94993E+01
3110	163	9.95165E+01
12166	406	9.95171E+01
12224	283	9.95799E+01
1476	325	9.95830E+01
11208	321	9.95841E+01
12108	283	9.95911E+01
6346	446	9.95944E+01
4948	201	9.96007E+01
7912	240	9.96146E+01
12166	283	9.96368E+01
9847	610	9.96399E+01
11127	406	9.96419E+01
6690	364	9.96420E+01
5150	327	9.96441E+01
3757	122	9.96523E+01
3757	566	9.96586E+01
3965	196	9.96747E+01
11290	321	9.96817E+01
5066	530	9.96894E+01
7377	201	9.96954E+01
11127	321	9.97110E+01
12224	406	9.97124E+01
4948	402	9.97251E+01
8002	525	9.97428E+01
7377	527	9.97497E+01
3863	566	9.97517E+01
6250	282	9.97521E+01
3987	232	9.97657E+01
5169	530	9.97664E+01
7912	609	9.97766E+01
5066	361	9.97911E+01
8612	323	9.98023E+01
3965	569	9.98068E+01
6329	448	9.98072E+01
1930	446	9.98087E+01
7377	279	9.98128E+01
2967	204	9.98481E+01
8002	613	9.98580E+01
1586	325	9.98717E+01
3863	438	9.98847E+01
1689	365	9.99258E+01
9847	526	9.99269E+01
11290	445	9.99296E+01
3987	313	9.99555E+01
6329	368	9.99727E+01
9282	569	9.99771E+01
3110	284	9.99882E+01
3757	564	9.99900E+01
6329	408	9.99957E+01
4742	279	9.99992E+01
3110	280	1.00028E+02
3965	479	1.00057E+02
11353	282	1.00064E+02
6329	362	1.00077E+02
2040	450	1.00078E+02
4845	444	1.00091E+02
10995	244	1.00102E+02
12224	404	1.00104E+02
12108	404	1.00125E+02
12166	404	1.00131E+02
3987	438	1.00137E+02
4845	279	1.00141E+02
11208	445	1.00146E+02
3965	487	1.00156E+02
11431	282	1.00157E+02
6250	446	1.00171E+02
5492	161	1.00179E+02
5150	368	1.00189E+02
6346	282	1.00197E+02
9847	204	1.00202E+02
4948	445	1.00214E+02
5595	614	1.00242E+02
6233	362	1.00243E+02
7559	326	1.00244E+02
3965	528	1.00245E+02
3863	158	1.00265E+02
3987	441	1.00278E+02
7559	365	1.00319E+02
3863	564	1.00324E+02
3987	322	1.00324E+02
6346	404	1.00324E+02
3757	274	1.00331E+02
9282	440	1.00336E+02
8788	323	1.00338E+02
2755	202	1.00349E+02
7559	362	1.00373E+02
7377	488	1.00379E+02
7537	486	1.00382E+02
1689	406	1.00383E+02
8002	442	1.00402E+02
9282	277	1.00405E+02
5595	450	1.00417E+02
2967	203	1.00426E+02
4845	446	1.00430E+02
6233	448	1.00438E+02
12224	363	1.00441E+02
1799	447	1.00451E+02
6233	242	1.00472E+02
6690	365	1.00475E+02
11580	243	1.00475E+02
12108	363	1.00490E+02
4742	444	1.00493E+02
5066	402	1.00493E+02
11127	445	1.00504E+02
12166	363	1.00508E+02
6329	403	1.00518E+02
11431	363	1.00522E+02
3987	117	1.00524E+02
7537	488	1.00526E+02
8612	279	1.00551E+02
12108	446	1.00565E+02
8722	244	1.00570E+02
11353	363	1.00572E+02
12166	446	1.00580E+02
9847	450	1.00587E+02
11127	203	1.00587E+02
7912	450	1.00603E+02
6250	404	1.00616E+02
6233	408	1.00624E+02
7377	442	1.00630E+02
5595	481	1.00631E+02
6233	368	1.00640E+02
1799	324	1.00653E+02
2861	202	1.00659E+02
3757	526	1.00662E+02
11208	203	1.00671E+02
5066	528	1.00682E+02
11505	243	1.00683E+02
8788	320	1.00686E+02
1238	326	1.00689E+02
3863	526	1.00704E+02
12224	446	1.00704E+02
11431	366	1.00716E+02
6329	242	1.00747E+02
8700	279	1.00756E+02
4742	446	1.00758E+02
11580	244	1.00785E+02
11353	366	1.00786E+02
11580	204	1.00795E+02
2040	362	1.00805E+02
1238	282	1.00814E+02
5492	450	1.00818E+02
2040	281	1.00830E+02
9282	608	1.00842E+02
3863	324	1.00850E+02
9282	609	1.00856E+02
5492	237	1.00864E+02
6233	403	1.00869E+02
5169	528	1.00884E+02
3757	324	1.00900E+02
1366	325	1.00919E+02
7377	528	1.00948E+02
8700	362	1.00950E+02
12108	327	1.00954E+02
7377	526	1.00967E+02
11505	204	1.00973E+02
12166	327	1.00974E+02
6250	322	1.00979E+02
7912	613	1.00979E+02
7377	319	1.00986E+02
6329	487	1.00999E+02
5492	614	1.01006E+02
11505	244	1.01015E+02
6690	281	1.01022E+02
1799	489	1.01039E+02
11290	203	1.01062E+02
11290	446	1.01063E+02
5492	481	1.01066E+02
5595	573	1.01076E+02
9847	572	1.01080E+02
8788	201	1.01081E+02
1689	491	1.01107E+02
1799	245	1.01108E+02
8700	361	1.01129E+02
1238	242	1.01143E+02
6690	363	1.01151E+02
11353	322	1.01160E+02
11431	322	1.01186E+02
1476	284	1.01188E+02
9847	321	1.01190E+02
5047	327	1.01191E+02
6329	488	1.01202E+02
6346	322	1.01221E+02
3987	354	1.01229E+02
12224	445	1.01234E+02
12166	445	1.01239E+02
12108	445	1.01241E+02
12224	327	1.01246E+02
11208	446	1.01247E+02
8612	163	1.01264E+02
3863	364	1.01304E+02
4948	444	1.01319E+02
2040	203	1.01321E+02
3757	364	1.01338E+02
5169	241	1.01359E+02
3757	195	1.01363E+02
8002	360	1.01369E+02
7559	202	1.01370E+02
2755	242	1.01372E+02
11290	444	1.01412E+02
2040	489	1.01416E+02
3757	234	1.01417E+02
1238	323	1.01419E+02
9847	242	1.01437E+02
8612	362	1.01461E+02
11353	204	1.01462E+02
4948	446	1.01472E+02
7912	483	1.01487E+02
3757	355	1.01488E+02
9282	565	1.01510E+02
8612	361	1.01521E+02
10995	284	1.01526E+02
11431	327	1.01548E+02
7537	241	1.01555E+02
3987	272	1.01572E+02
8002	202	1.01573E+02
11127	446	1.01589E+02
11353	327	1.01599E+02
2861	242	1.01617E+02
4845	367	1.01622E+02
1689	490	1.01628E+02
5492	573	1.01636E+02
5595	161	1.01642E+02
11208	444	1.01649E+02
1799	284	1.01665E+02
1586	284	1.01670E+02
11431	204	1.01673E+02
9847	402	1.01678E+02
9282	523	1.01686E+02
3863	122	1.01703E+02
6233	487	1.01720E+02
7377	448	1.01728E+02
9847	443	1.01772E+02
4742	367	1.01784E+02
9677	204	1.01829E+02
4845	360	1.01844E+02
3965	158	1.01864E+02
8612	239	1.01873E+02
2040	445	1.01876E+02
11580	242	1.01902E+02
6233	488	1.01907E+02
5595	532	1.01937E+02
9282	161	1.01948E+02
4742	360	1.01961E+02
8700	163	1.01965E+02
3757	521	1.01999E+02
11127	444	1.02017E+02
5595	491	1.02018E+02
11431	405	1.02028E+02
3965	355	1.02034E+02
5595	237	1.02037E+02
10995	285	1.02048E+02
3965	396	1.02050E+02
8788	362	1.02068E+02
5169	361	1.02071E+02
11505	242	1.02087E+02
2040	488	1.02093E+02
6250	204	1.02103E+02
5066	280	1.02124E+02
4742	163	1.02128E+02
1476	367	1.02134E+02
3110	322	1.02135E+02
8634	284	1.02139E+02
11353	405	1.02139E+02
5047	368	1.02140E+02
3863	274	1.02147E+02
4948	279	1.02166E+02
5066	531	1.02168E+02
1586	367	1.02173E+02
2755	243	1.02233E+02
2755	241	1.02233E+02
3987	283	1.02238E+02
5169	531	1.02240E+02
11580	282	1.02248E+02
9282	317	1.02263E+02
3757	157	1.02273E+02
5169	402	1.02325E+02
8700	239	1.02331E+02
2967	202	1.02343E+02
3757	396	1.02346E+02
8002	491	1.02355E+02
3965	274	1.02381E+02
5492	532	1.02381E+02
12108	447	1.02386E+02
7537	361	1.02393E+02
4948	367	1.02415E+02
8788	361	1.02415E+02
3863	567	1.02418E+02
5492	491	1.02419E+02
12166	447	1.02419E+02
3757	567	1.02423E+02
1930	450	1.02426E+02
9847	613	1.02428E+02
9591	204	1.02438E+02
5150	367	1.02452E+02
6346	450	1.02452E+02
6346	489	1.02460E+02
2861	243	1.02465E+02
11505	282	1.02465E+02
8810	245	1.02486E+02
2861	241	1.02491E+02
4845	163	1.02503E+02
1366	284	1.02511E+02
1930	281	1.02521E+02
9677	203	1.02541E+02
3757	479	1.02559E+02
7537	402	1.02584E+02
1238	203	1.02589E+02
8634	285	1.02601E+02
2040	490	1.02630E+02
5066	485	1.02674E+02
12224	447	1.02678E+02
3110	321	1.02679E+02
10121	327	1.02682E+02
12108	487	1.02693E+02
9763	204	1.02706E+02
9282	529	1.02707E+02
12166	487	1.02707E+02
3863	521	1.02722E+02
12108	367	1.02732E+02
1930	203	1.02735E+02
3757	314	1.02755E+02
12166	367	1.02762E+02
9847	281	1.02813E+02
3757	121	1.02819E+02
11580	283	1.02828E+02
12108	407	1.02848E+02
12224	487	1.02852E+02
3757	607	1.02853E+02
6233	281	1.02863E+02
3863	607	1.02864E+02
7912	279	1.02869E+02
3863	445	1.02875E+02
3987	192	1.02876E+02
4742	239	1.02878E+02
1930	362	1.02882E+02
2040	321	1.02883E+02
12166	407	1.02885E+02
3757	445	1.02895E+02
6346	204	1.02897E+02
1586	368	1.02911E+02
11431	404	1.02921E+02
8722	284	1.02924E+02
8788	279	1.02929E+02
7912	319	1.02932E+02
11290	367	1.02943E+02
3757	563	1.02950E+02
5150	409	1.02955E+02
4742	319	1.02960E+02
6346	488	1.02986E+02
1476	368	1.02991E+02
4845	319	1.02991E+02
11580	245	1.02993E+02
9591	203	1.02999E+02
9677	242	1.03001E+02
1799	532	1.03006E+02
12224	486	1.03008E+02
12166	486	1.03012E+02
12108	486	1.03023E+02
9282	448	1.03024E+02
11208	367	1.03025E+02
11353	404	1.03034E+02
3863	355	1.03045E+02
4845	407	1.03047E+02
8612	319	1.03048E+02
3757	606	1.03061E+02
6329	281	1.03062E+02
11505	283	1.03065E+02
8700	319	1.03066E+02
6250	450	1.03071E+02
12224	367	1.03076E+02
6329	486	1.03120E+02
8700	363	1.03135E+02
4845	239	1.03137E+02
8612	200	1.03140E+02
5066	491	1.03145E+02
7559	404	1.03151E+02
3965	604	1.03158E+02
2040	403	1.03172E+02
2967	242	1.03173E+02
3863	606	1.03174E+02
9282	610	1.03180E+02
6233	321	1.03184E+02
8634	243	1.03199E+02
12224	407	1.03199E+02
8722	285	1.03203E+02
5066	202	1.03215E+02
6250	489	1.03232E+02
4742	407	1.03238E+02
6329	321	1.03240E+02
3965	562	1.03241E+02
11505	245	1.03246E+02
6329	444	1.03248E+02
5169	491	1.03251E+02
9282	607	1.03254E+02
11127	367	1.03292E+02
5492	198	1.03301E+02
10995	283	1.03326E+02
7377	408	1.03329E+02
7377	368	1.03345E+02
5066	320	1.03348E+02
3110	200	1.03349E+02
3863	234	1.03359E+02
1689	324	1.03362E+02
10121	286	1.03377E+02
7559	280	1.03380E+02
3863	195	1.03384E+02
2755	201	1.03397E+02
1366	367	1.03406E+02
3863	563	1.03421E+02
11580	203	1.03422E+02
6690	241	1.03444E+02
9847	609	1.03452E+02
1476	366	1.03458E+02
4845	443	1.03464E+02
1689	447	1.03473E+02
7912	491	1.03485E+02
5169	485	1.03510E+02
3863	479	1.03548E+02
8002	483	1.03549E+02
8700	360	1.03572E+02
11505	203	1.03576E+02
4948	360	1.03578E+02
11290	402	1.03586E+02
6690	366	1.03590E+02
8700	285	1.03594E+02
9591	242	1.03617E+02
1586	366	1.03618E+02
3987	362	1.03629E+02
11580	281	1.03631E+02
6329	489	1.03641E+02
1689	245	1.03668E+02
9677	243	1.03679E+02
