GRAM	c2h2	chi_tot
5349	245	2.62395E+01
5349	285	2.66379E+01
5349	244	2.66510E+01
5349	284	2.66632E+01
6497	204	2.67987E+01
5349	286	2.70129E+01
5349	283	2.70557E+01
5287	203	2.70668E+01
6497	244	2.70730E+01
5349	324	2.70750E+01
6497	243	2.71394E+01
5287	202	2.71481E+01
5287	204	2.71966E+01
5349	325	2.72423E+01
6497	203	2.73105E+01
5349	323	2.73154E+01
6497	245	2.73282E+01
5349	243	2.73543E+01
5287	163	2.73651E+01
5287	201	2.74135E+01
6497	242	2.74964E+01
5287	241	2.75421E+01
5349	364	2.75462E+01
5287	242	2.76234E+01
5349	365	2.76985E+01
5287	240	2.77058E+01
5349	282	2.77787E+01
5349	204	2.77819E+01
5287	162	2.77970E+01
6497	283	2.78059E+01
5349	363	2.78195E+01
5287	200	2.78400E+01
5349	326	2.78418E+01
5246	245	2.78707E+01
6497	282	2.78722E+01
5246	244	2.78756E+01
5349	322	2.79327E+01
5287	243	2.79803E+01
6572	286	2.80127E+01
6497	202	2.80163E+01
5349	405	2.80325E+01
5349	404	2.80741E+01
5287	239	2.80864E+01
6497	284	2.80984E+01
6572	285	2.81089E+01
6497	241	2.81129E+01
5287	280	2.81530E+01
5246	243	2.81864E+01
5287	281	2.82110E+01
5390	204	2.82669E+01
6497	281	2.82679E+01
5349	366	2.82935E+01
5246	204	2.83028E+01
5349	242	2.83096E+01
5246	283	2.83171E+01
5287	161	2.83277E+01
6572	325	2.83402E+01
5246	284	2.83533E+01
6572	245	2.83570E+01
5287	279	2.83748E+01
5287	199	2.84094E+01
6475	203	2.84110E+01
5349	406	2.84345E+01
6475	202	2.84456E+01
5390	203	2.84463E+01
5349	445	2.84602E+01
6572	326	2.84707E+01
5349	362	2.84926E+01
5349	446	2.85261E+01
1360	204	2.85264E+01
5349	403	2.85461E+01
6475	204	2.85663E+01
5287	282	2.85802E+01
6572	284	2.85927E+01
6497	322	2.86105E+01
6475	241	2.86217E+01
5246	282	2.86236E+01
6572	324	2.86368E+01
6475	201	2.86409E+01
5287	244	2.86439E+01
6572	365	2.86507E+01
5287	238	2.86584E+01
6497	323	2.86836E+01
6475	240	2.87111E+01
6475	242	2.87549E+01
5390	242	2.87573E+01
5246	242	2.87646E+01
5246	285	2.87670E+01
5390	243	2.87672E+01
6475	163	2.87704E+01
5246	323	2.87742E+01
6497	285	2.87766E+01
5349	281	2.87929E+01
6572	366	2.87932E+01
5287	320	2.88129E+01
5390	202	2.88220E+01
5349	444	2.88341E+01
5349	203	2.88361E+01
5287	278	2.88457E+01
5340	368	2.88476E+01
5349	486	2.88763E+01
5340	327	2.88900E+01
5349	327	2.88901E+01
6497	201	2.88904E+01
5349	321	2.88906E+01
6497	321	2.89110E+01
5349	487	2.89396E+01
6475	280	2.89420E+01
1360	244	2.89469E+01
5246	322	2.89512E+01
5287	160	2.89515E+01
6572	364	2.89527E+01
6497	240	2.89594E+01
6497	280	2.89619E+01
5287	321	2.89680E+01
6572	406	2.89717E+01
6475	200	2.89725E+01
5287	319	2.89799E+01
5246	324	2.89826E+01
1360	243	2.89918E+01
6475	239	2.89921E+01
6572	405	2.90020E+01
5390	241	2.90085E+01
1360	203	2.90206E+01
5246	203	2.90211E+01
5349	447	2.90333E+01
6572	327	2.90503E+01
6475	279	2.90664E+01
6497	163	2.90667E+01
5390	244	2.90702E+01
6475	281	2.90738E+01
5287	198	2.91081E+01
6475	162	2.91087E+01
6475	243	2.91440E+01
6497	324	2.91555E+01
6572	244	2.91967E+01
6572	446	2.92027E+01
1360	245	2.92306E+01
5340	409	2.92322E+01
5246	281	2.92354E+01
5349	485	2.92493E+01
5246	363	2.92653E+01
5349	407	2.92820E+01
5349	528	2.92864E+01
5287	283	2.92907E+01
5349	527	2.93117E+01
6572	447	2.93119E+01
6475	320	2.93300E+01
6572	323	2.93308E+01
1360	242	2.93330E+01
5349	367	2.93387E+01
5390	282	2.93592E+01
5390	281	2.93604E+01
5390	201	2.93669E+01
6475	319	2.93896E+01
6572	367	2.93933E+01
6572	407	2.94000E+01
5287	237	2.94002E+01
6475	278	2.94128E+01
5340	367	2.94151E+01
6475	199	2.94211E+01
5349	402	2.94237E+01
6572	283	2.94268E+01
6572	487	2.94276E+01
5349	488	2.94319E+01
5287	318	2.94364E+01
6475	238	2.94371E+01
5246	364	2.94510E+01
6497	362	2.94617E+01
5287	322	2.94758E+01
5390	163	2.94770E+01
5349	241	2.94777E+01
5246	321	2.94802E+01
6572	404	2.94833E+01
5246	362	2.94851E+01
5390	240	2.94900E+01
6475	282	2.94963E+01
6497	363	2.94994E+01
5340	408	2.95162E+01
6475	161	2.95223E+01
5287	360	2.95279E+01
5349	361	2.95313E+01
5287	277	2.95372E+01
6572	445	2.95520E+01
6497	320	2.95559E+01
6572	488	2.95597E+01
6475	321	2.95689E+01
5246	241	2.95719E+01
1470	204	2.95806E+01
5246	286	2.95886E+01
5246	325	2.96047E+01
5349	569	2.96271E+01
5287	361	2.96291E+01
5349	443	2.96326E+01
5287	245	2.96451E+01
6572	528	2.96507E+01
5390	280	2.96590E+01
5287	159	2.96661E+01
5349	529	2.96746E+01
6572	363	2.96764E+01
5340	450	2.96778E+01
5390	283	2.96870E+01
5390	245	2.96980E+01
1470	244	2.97087E+01
6475	318	2.97106E+01
1360	202	2.97141E+01
6572	529	2.97148E+01
6475	360	2.97208E+01
6572	486	2.97493E+01
9103	368	2.97584E+01
5349	526	2.97634E+01
5287	359	2.97704E+01
5246	404	2.97960E+01
1360	283	2.98005E+01
5349	568	2.98030E+01
5246	403	2.98042E+01
1470	245	2.98149E+01
6497	361	2.98217E+01
6475	244	2.98237E+01
6572	570	2.98306E+01
6475	359	2.98366E+01
6594	286	2.98431E+01
5349	570	2.98495E+01
1360	282	2.98580E+01
5340	449	2.98590E+01
6497	286	2.98628E+01
6572	448	2.98734E+01
6594	327	2.98885E+01
5287	122	2.98933E+01
5246	202	2.98977E+01
6572	569	2.99007E+01
6497	200	2.99119E+01
6497	279	2.99226E+01
6475	361	2.99231E+01
1470	243	2.99256E+01
5287	197	2.99267E+01
1360	241	2.99391E+01
5340	326	2.99480E+01
6475	277	2.99493E+01
6497	364	2.99556E+01
5349	448	2.99711E+01
6475	198	2.99720E+01
6572	611	2.99768E+01
5390	321	2.99870E+01
6475	160	3.00057E+01
6497	239	3.00088E+01
6497	162	3.00197E+01
6475	237	3.00221E+01
6572	527	3.00309E+01
5349	202	3.00319E+01
5349	610	3.00359E+01
6497	325	3.00456E+01
9103	409	3.00496E+01
5349	484	3.00513E+01
5349	611	3.00524E+01
5349	280	3.00582E+01
5390	200	3.00590E+01
5246	365	3.00646E+01
5246	361	3.00795E+01
5340	491	3.00892E+01
5390	322	3.01004E+01
5287	362	3.01041E+01
1360	284	3.01067E+01
5246	280	3.01138E+01
5340	286	3.01186E+01
6572	612	3.01247E+01
9103	327	3.01265E+01
6572	489	3.01296E+01
5390	162	3.01371E+01
6475	322	3.01409E+01
6475	400	3.01484E+01
5349	320	3.01487E+01
5287	317	3.01503E+01
6572	571	3.01695E+01
5390	239	3.01736E+01
6594	326	3.01823E+01
6475	401	3.01841E+01
6572	530	3.02013E+01
5390	320	3.02143E+01
5246	405	3.02181E+01
5246	402	3.02217E+01
5390	279	3.02228E+01
1470	203	3.02241E+01
6572	610	3.02275E+01
6475	358	3.02317E+01
5246	444	3.02318E+01
6475	283	3.02432E+01
5287	401	3.02486E+01
1360	281	3.02490E+01
6475	317	3.02565E+01
6497	403	3.02752E+01
6572	408	3.02829E+01
5340	407	3.02935E+01
5287	236	3.02948E+01
5340	490	3.02999E+01
6572	243	3.03058E+01
5246	445	3.03229E+01
5287	358	3.03230E+01
5246	320	3.03231E+01
5349	489	3.03338E+01
5287	400	3.03385E+01
6572	444	3.03522E+01
5287	323	3.03634E+01
5287	284	3.03709E+01
5390	284	3.03736E+01
6572	322	3.03865E+01
5349	567	3.03925E+01
6572	403	3.03961E+01
5349	609	3.04037E+01
6572	568	3.04049E+01
6227	286	3.04228E+01
5287	276	3.04242E+01
5349	612	3.04272E+01
6475	399	3.04308E+01
6497	402	3.04323E+01
1470	242	3.04333E+01
5349	571	3.04441E+01
5349	530	3.04520E+01
6572	368	3.04534E+01
5287	158	3.04713E+01
6475	362	3.04789E+01
5340	366	3.04835E+01
5340	532	3.05052E+01
5340	448	3.05107E+01
6497	319	3.05130E+01
6475	441	3.05215E+01
6572	485	3.05269E+01
9103	450	3.05330E+01
5287	402	3.05371E+01
6497	404	3.05448E+01
6497	360	3.05523E+01
6475	159	3.05564E+01
5246	443	3.05642E+01
1470	283	3.05654E+01
5349	408	3.05662E+01
6594	367	3.05677E+01
6572	282	3.05707E+01
5246	240	3.05725E+01
6475	402	3.05755E+01
1360	201	3.05807E+01
5390	323	3.05839E+01
6227	327	3.05903E+01
5287	121	3.06119E+01
6475	197	3.06141E+01
6475	442	3.06365E+01
6572	613	3.06382E+01
5349	525	3.06390E+01
6475	276	3.06474E+01
9103	408	3.06475E+01
5246	326	3.06622E+01
1360	163	3.06627E+01
5349	401	3.06709E+01
5246	485	3.06796E+01
1470	284	3.06854E+01
5390	361	3.06922E+01
9103	367	3.07162E+01
6475	236	3.07277E+01
6594	368	3.07335E+01
6475	440	3.07480E+01
5390	319	3.07499E+01
1360	322	3.07525E+01
5390	362	3.07590E+01
5246	486	3.07676E+01
5287	399	3.07754E+01
6594	285	3.07768E+01
1360	240	3.07797E+01
6572	362	3.07903E+01
6475	122	3.07953E+01
1360	285	3.08040E+01
1470	282	3.08048E+01
1360	323	3.08168E+01
5349	240	3.08224E+01
5349	442	3.08265E+01
6475	245	3.08283E+01
5349	368	3.08310E+01
5340	531	3.08343E+01
6497	365	3.08433E+01
5246	446	3.08488E+01
5287	196	3.08584E+01
6594	366	3.08629E+01
6572	526	3.08639E+01
6475	357	3.08665E+01
6572	449	3.08702E+01
5390	199	3.08811E+01
5390	161	3.08847E+01
6572	572	3.08850E+01
5349	360	3.08942E+01
6475	482	3.08974E+01
6572	609	3.09026E+01
5246	201	3.09031E+01
6594	325	3.09260E+01
1360	280	3.09418E+01
9103	449	3.09515E+01
5340	489	3.09566E+01
5287	363	3.09772E+01
5390	360	3.09888E+01
6475	398	3.09902E+01
5287	442	3.09905E+01
6475	316	3.09930E+01
6497	401	3.09968E+01
5287	441	3.10058E+01
5246	360	3.10102E+01
5340	573	3.10102E+01
6227	326	3.10143E+01
5246	484	3.10156E+01
5246	401	3.10167E+01
6475	483	3.10189E+01
5390	278	3.10206E+01
9103	491	3.10295E+01
5390	238	3.10343E+01
1470	202	3.10608E+01
6497	161	3.10618E+01
1360	321	3.10629E+01
6497	199	3.10653E+01
6475	323	3.10773E+01
6572	531	3.10798E+01
5246	406	3.10801E+01
5287	316	3.10906E+01
6572	490	3.11117E+01
6497	278	3.11198E+01
5246	366	3.11200E+01
6475	481	3.11273E+01
6475	443	3.11280E+01
5349	613	3.11293E+01
5246	526	3.11397E+01
6497	444	3.11417E+01
5246	527	3.11424E+01
5287	357	3.11502E+01
5349	608	3.11712E+01
6475	158	3.11732E+01
6572	204	3.11773E+01
1470	285	3.11927E+01
6497	443	3.11944E+01
1470	241	3.11999E+01
1860	204	3.12024E+01
5390	363	3.12163E+01
5246	279	3.12199E+01
5287	403	3.12285E+01
6497	238	3.12374E+01
6497	405	3.12503E+01
5349	483	3.12587E+01
6475	523	3.12672E+01
6475	439	3.12745E+01
1360	324	3.12815E+01
5246	487	3.12828E+01
6594	408	3.12842E+01
5246	442	3.12955E+01
6594	407	3.13077E+01
5349	449	3.13189E+01
5287	235	3.13282E+01
6475	524	3.13321E+01
6475	121	3.13337E+01
6475	196	3.13391E+01
5349	201	3.13399E+01
6475	284	3.13463E+01
1860	203	3.13501E+01
6475	403	3.13536E+01
6572	567	3.13547E+01
6497	326	3.13665E+01
5287	157	3.13682E+01
5287	443	3.13712E+01
1470	281	3.13729E+01
5390	402	3.13780E+01
5349	572	3.13795E+01
5287	440	3.13889E+01
5349	566	3.13954E+01
9103	490	3.14048E+01
5287	120	3.14064E+01
6475	363	3.14181E+01
5246	163	3.14303E+01
5246	319	3.14385E+01
5390	285	3.14458E+01
5390	324	3.14623E+01
5340	325	3.14778E+01
6572	614	3.14821E+01
6475	275	3.14825E+01
5287	275	3.14842E+01
5246	568	3.15043E+01
5390	401	3.15047E+01
9103	532	3.15117E+01
5340	572	3.15154E+01
1470	323	3.15167E+01
5287	398	3.15226E+01
6475	484	3.15243E+01
6497	445	3.15258E+01
6227	285	3.15274E+01
5349	279	3.15345E+01
6475	235	3.15382E+01
6475	522	3.15525E+01
5246	525	3.15529E+01
5246	528	3.15593E+01
5390	318	3.15603E+01
5340	406	3.15706E+01
6572	443	3.15809E+01
6227	367	3.15861E+01
5349	531	3.15884E+01
5340	530	3.15887E+01
1360	200	3.15989E+01
6572	409	3.16058E+01
6475	565	3.16099E+01
1360	162	3.16127E+01
5390	359	3.16163E+01
5349	490	3.16180E+01
6594	365	3.16208E+01
6497	359	3.16214E+01
1860	242	3.16272E+01
6594	245	3.16356E+01
6227	368	3.16407E+01
6572	242	3.16414E+01
1470	322	3.16432E+01
9103	326	3.16454E+01
5246	567	3.16469E+01
5390	403	3.16477E+01
1860	243	3.16497E+01
6475	564	3.16505E+01
5340	447	3.16518E+01
5287	324	3.16536E+01
5349	319	3.16637E+01
6475	480	3.16671E+01
6497	442	3.16733E+01
1860	202	3.16858E+01
5287	483	3.16920E+01
5340	614	3.16925E+01
6594	409	3.17017E+01
6475	356	3.17026E+01
6572	402	3.17087E+01
5287	482	3.17090E+01
5390	160	3.17156E+01
1360	320	3.17183E+01
5246	239	3.17336E+01
6572	484	3.17459E+01
6497	318	3.17496E+01
5246	483	3.17569E+01
5246	569	3.17608E+01
6572	321	3.17633E+01
9103	407	3.17737E+01
6475	525	3.17783E+01
1360	362	3.17835E+01
6475	397	3.17836E+01
1360	363	3.17880E+01
1470	324	3.17880E+01
6594	406	3.17913E+01
5246	447	3.18073E+01
5390	198	3.18208E+01
1360	239	3.18270E+01
5340	285	3.18282E+01
5287	285	3.18458E+01
1860	241	3.18530E+01
6475	157	3.18554E+01
9103	448	3.18796E+01
6475	315	3.18886E+01
5287	195	3.18982E+01
6475	606	3.18985E+01
1360	279	3.19039E+01
1360	286	3.19153E+01
6594	448	3.19169E+01
5349	524	3.19189E+01
6227	325	3.19222E+01
5246	609	3.19232E+01
6475	120	3.19266E+01
9103	531	3.19390E+01
6475	566	3.19406E+01
6497	400	3.19414E+01
6572	573	3.19421E+01
1860	244	3.19504E+01
6497	485	3.19729E+01
5246	610	3.19788E+01
6572	281	3.19820E+01
5390	400	3.20001E+01
6594	449	3.20046E+01
5246	200	3.20137E+01
6572	608	3.20140E+01
6497	484	3.20143E+01
9103	573	3.20147E+01
6475	444	3.20211E+01
9103	286	3.20224E+01
5390	277	3.20239E+01
6227	366	3.20264E+01
6475	563	3.20314E+01
5340	365	3.20410E+01
5349	163	3.20414E+01
5390	237	3.20512E+01
6475	438	3.20556E+01
1470	201	3.20647E+01
6475	607	3.20742E+01
5287	484	3.20751E+01
6475	605	3.20786E+01
5390	364	3.20848E+01
5340	488	3.20853E+01
6594	284	3.20962E+01
5390	443	3.20982E+01
6594	324	3.21005E+01
5287	481	3.21007E+01
5287	439	3.21033E+01
1470	286	3.21110E+01
5349	614	3.21271E+01
6475	195	3.21403E+01
6572	525	3.21406E+01
1470	321	3.21409E+01
5390	442	3.21413E+01
6475	521	3.21462E+01
5246	400	3.21480E+01
5287	444	3.21657E+01
6497	366	3.21664E+01
1360	325	3.21667E+01
5246	327	3.21683E+01
1360	361	3.21732E+01
1860	282	3.21736E+01
1860	281	3.21746E+01
1860	201	3.21841E+01
6497	160	3.21900E+01
5246	566	3.21927E+01
1470	240	3.21953E+01
9103	366	3.22050E+01
1360	364	3.22080E+01
1470	163	3.22121E+01
5246	488	3.22144E+01
5287	356	3.22159E+01
5287	315	3.22278E+01
5246	359	3.22334E+01
1470	280	3.22376E+01
5349	400	3.22429E+01
5246	608	3.22513E+01
6572	361	3.22545E+01
5287	364	3.22662E+01
5349	409	3.22688E+01
9103	489	3.22690E+01
6594	447	3.22709E+01
6572	450	3.22763E+01
5287	119	3.22797E+01
6227	245	3.22907E+01
1860	163	3.22937E+01
1860	240	3.22985E+01
5349	239	3.23111E+01
6572	532	3.23162E+01
5390	404	3.23331E+01
5349	607	3.23372E+01
5287	404	3.23384E+01
6497	198	3.23400E+01
6497	446	3.23447E+01
5287	524	3.23542E+01
5287	156	3.23570E+01
6497	486	3.23664E+01
5246	524	3.23675E+01
5349	441	3.23740E+01
5246	529	3.23743E+01
5246	407	3.23807E+01
5246	441	3.23887E+01
6497	406	3.23907E+01
5246	570	3.23984E+01
5246	611	3.24002E+01
6475	324	3.24045E+01
5340	613	3.24100E+01
5340	571	3.24300E+01
6475	274	3.24326E+01
6475	485	3.24338E+01
5287	523	3.24371E+01
6475	234	3.24401E+01
5246	162	3.24443E+01
1860	280	3.24575E+01
5390	444	3.24665E+01
6475	479	3.24695E+01
6572	491	3.24744E+01
1470	325	3.24779E+01
1860	283	3.24840E+01
6497	483	3.24877E+01
5287	234	3.24883E+01
6594	450	3.25036E+01
1470	363	3.25150E+01
5246	278	3.25161E+01
6497	277	3.25266E+01
5349	359	3.25349E+01
6227	408	3.25383E+01
5390	358	3.25391E+01
5287	397	3.25399E+01
6475	404	3.25402E+01
6497	441	3.25565E+01
6594	489	3.25569E+01
1860	245	3.25589E+01
9103	572	3.25602E+01
6572	203	3.25701E+01
5390	441	3.25738E+01
6475	119	3.25749E+01
6475	604	3.25814E+01
9103	614	3.25914E+01
6475	156	3.26014E+01
5390	317	3.26123E+01
5246	367	3.26214E+01
6475	608	3.26228E+01
6475	526	3.26230E+01
5349	573	3.26235E+01
6497	237	3.26263E+01
5390	159	3.26289E+01
6594	490	3.26345E+01
1360	161	3.26550E+01
6475	567	3.26590E+01
5287	525	3.26659E+01
1360	319	3.26858E+01
5287	274	3.26965E+01
6475	355	3.27032E+01
6227	407	3.27045E+01
1470	362	3.27056E+01
6475	562	3.27094E+01
5349	200	3.27373E+01
1470	364	3.27386E+01
6594	405	3.27431E+01
6572	566	3.27434E+01
1360	199	3.27524E+01
1860	321	3.27528E+01
5390	325	3.27551E+01
6497	526	3.27628E+01
6475	364	3.27630E+01
1360	403	3.27678E+01
6475	396	3.27684E+01
5390	484	3.27820E+01
5246	318	3.27841E+01
5349	565	3.27928E+01
5340	529	3.27981E+01
1860	200	3.28242E+01
5390	483	3.28250E+01
5390	399	3.28297E+01
5287	480	3.28314E+01
6594	364	3.28315E+01
5349	482	3.28330E+01
6475	285	3.28341E+01
9103	530	3.28389E+01
1860	322	3.28445E+01
6227	409	3.28468E+01
5390	197	3.28701E+01
6497	525	3.28702E+01
5246	482	3.28703E+01
5287	485	3.28710E+01
5287	522	3.28908E+01
6594	488	3.28998E+01
1860	162	3.29002E+01
6475	314	3.29144E+01
6323	327	3.29257E+01
5390	286	3.29261E+01
1360	360	3.29295E+01
1860	239	3.29373E+01
5390	122	3.29507E+01
6227	365	3.29616E+01
5246	607	3.29666E+01
1360	404	3.29707E+01
1470	320	3.29793E+01
1360	402	3.29824E+01
1860	320	3.29826E+01
1860	279	3.29924E+01
6497	358	3.29939E+01
6475	520	3.29992E+01
6475	194	3.30112E+01
5287	565	3.30120E+01
5246	238	3.30270E+01
5287	194	3.30404E+01
6475	437	3.30443E+01
6227	284	3.30491E+01
5349	450	3.30494E+01
5349	532	3.30515E+01
1360	238	3.30567E+01
1360	365	3.30568E+01
6497	527	3.30827E+01
6594	446	3.30883E+01
6594	491	3.30961E+01
1360	278	3.31046E+01
5287	438	3.31068E+01
6497	327	3.31217E+01
5246	565	3.31283E+01
1860	284	3.31333E+01
5390	485	3.31525E+01
5246	612	3.31600E+01
6572	241	3.31626E+01
5349	278	3.31839E+01
6497	487	3.31844E+01
5246	448	3.31847E+01
5287	566	3.31972E+01
6594	531	3.32003E+01
6572	442	3.32006E+01
5390	276	3.32079E+01
5390	236	3.32081E+01
5287	564	3.32090E+01
5246	199	3.32118E+01
1470	200	3.32147E+01
6594	530	3.32165E+01
5237	327	3.32293E+01
6497	399	3.32313E+01
5287	118	3.32329E+01
6497	317	3.32340E+01
6594	244	3.32465E+01
5349	491	3.32533E+01
5390	445	3.32567E+01
5390	482	3.32644E+01
1816	245	3.32707E+01
1470	162	3.32764E+01
6475	118	3.32776E+01
1860	323	3.32851E+01
1470	361	3.32882E+01
5340	446	3.32913E+01
6227	324	3.32934E+01
5349	162	3.33016E+01
9103	613	3.33020E+01
6475	445	3.33298E+01
9103	447	3.33408E+01
5340	405	3.33422E+01
6227	406	3.33617E+01
6475	603	3.33623E+01
5287	325	3.33633E+01
5390	440	3.33636E+01
1470	279	3.33661E+01
6572	483	3.33740E+01
6497	482	3.33758E+01
5390	365	3.33773E+01
6572	401	3.33783E+01
5287	445	3.33809E+01
5287	526	3.33816E+01
5246	571	3.33894E+01
1470	365	3.33907E+01
1470	239	3.33918E+01
5349	318	3.33918E+01
6497	159	3.34054E+01
6497	524	3.34065E+01
6475	155	3.34075E+01
6572	320	3.34169E+01
6475	233	3.34206E+01
1860	361	3.34222E+01
5390	525	3.34296E+01
5287	155	3.34358E+01
6323	368	3.34368E+01
9103	406	3.34376E+01
5390	405	3.34434E+01
5340	324	3.34479E+01
1860	362	3.34519E+01
6475	273	3.34776E+01
5287	355	3.34837E+01
6475	478	3.34844E+01
1360	326	3.34852E+01
1816	284	3.34979E+01
1816	244	3.35016E+01
1860	319	3.35041E+01
5246	161	3.35066E+01
5340	612	3.35252E+01
6227	449	3.35290E+01
5287	314	3.35328E+01
5246	489	3.35407E+01
5390	524	3.35424E+01
6475	609	3.35446E+01
6594	532	3.35473E+01
6497	567	3.35490E+01
5246	523	3.35523E+01
6572	607	3.35544E+01
5246	530	3.35615E+01
6323	286	3.35640E+01
5349	523	3.35661E+01
9103	571	3.35676E+01
5246	399	3.35686E+01
6497	447	3.35850E+01
1860	199	3.35901E+01
1860	161	3.35920E+01
6227	448	3.35921E+01
1360	401	3.35950E+01
1470	403	3.35960E+01
1470	326	3.36000E+01
1360	405	3.36013E+01
1470	404	3.36016E+01
6572	280	3.36177E+01
5390	158	3.36261E+01
1816	285	3.36264E+01
6475	561	3.36339E+01
6594	529	3.36353E+01
5340	245	3.36357E+01
9103	488	3.36543E+01
9103	325	3.36594E+01
5237	286	3.36650E+01
6594	323	3.36780E+01
5287	521	3.36793E+01
6594	487	3.36935E+01
5246	358	3.37034E+01
5340	487	3.37045E+01
5237	368	3.37117E+01
5287	606	3.37119E+01
1816	283	3.37153E+01
5390	357	3.37204E+01
5390	526	3.37240E+01
6497	197	3.37298E+01
5287	607	3.37336E+01
1860	360	3.37340E+01
6497	568	3.37342E+01
5287	286	3.37357E+01
1860	238	3.37461E+01
1860	278	3.37503E+01
6475	486	3.37542E+01
1816	324	3.37624E+01
5287	233	3.37624E+01
5287	563	3.37642E+01
6475	568	3.37647E+01
6594	283	3.37660E+01
5287	567	3.37728E+01
6594	572	3.37730E+01
5237	367	3.37804E+01
5237	326	3.37806E+01
6497	566	3.37807E+01
5340	570	3.37852E+01
5287	396	3.37855E+01
1360	160	3.37863E+01
5246	440	3.37975E+01
6497	440	3.38116E+01
6497	528	3.38135E+01
1360	444	3.38218E+01
6497	122	3.38222E+01
6572	524	3.38320E+01
5390	121	3.38328E+01
6475	354	3.38334E+01
1816	323	3.38468E+01
6323	326	3.38477E+01
1860	363	3.38480E+01
5287	479	3.38570E+01
6475	527	3.38682E+01
6323	367	3.38683E+01
5287	405	3.38729E+01
5390	316	3.38748E+01
5349	606	3.38815E+01
6475	395	3.39031E+01
6227	450	3.39114E+01
5349	238	3.39157E+01
6497	367	3.39187E+01
5340	284	3.39247E+01
1360	318	3.39320E+01
6594	571	3.39389E+01
5390	486	3.39399E+01
6475	193	3.39442E+01
6497	407	3.39539E+01
5390	398	3.39543E+01
6594	573	3.39561E+01
1360	443	3.39647E+01
5246	277	3.39686E+01
5287	365	3.39811E+01
1470	402	3.40078E+01
1816	243	3.40093E+01
1816	364	3.40125E+01
1360	359	3.40197E+01
6572	360	3.40221E+01
8866	409	3.40228E+01
5390	196	3.40234E+01
1360	198	3.40302E+01
6475	117	3.40321E+01
1470	405	3.40358E+01
5287	273	3.40403E+01
6475	313	3.40434E+01
5390	523	3.40482E+01
5246	606	3.40543E+01
5287	605	3.40545E+01
1860	402	3.40571E+01
6475	519	3.40592E+01
1816	325	3.40597E+01
8127	245	3.40628E+01
5340	364	3.40650E+01
5390	481	3.40701E+01
6572	202	3.40763E+01
5390	566	3.40786E+01
5287	486	3.40788E+01
5349	399	3.40892E+01
1860	324	3.40972E+01
1360	445	3.41003E+01
5246	408	3.41082E+01
6497	276	3.41201E+01
1470	319	3.41249E+01
6227	244	3.41264E+01
6227	447	3.41270E+01
5287	608	3.41292E+01
1816	286	3.41319E+01
1816	363	3.41431E+01
6475	325	3.41435E+01
1860	285	3.41460E+01
6475	405	3.41472E+01
6594	404	3.41586E+01
6497	236	3.41611E+01
8866	368	3.41679E+01
6475	436	3.41940E+01
5237	408	3.41948E+01
5349	199	3.42075E+01
9103	365	3.42145E+01
5349	440	3.42246E+01
5246	613	3.42272E+01
1860	401	3.42285E+01
1470	360	3.42341E+01
5390	567	3.42389E+01
1816	282	3.42436E+01
9103	285	3.42462E+01
9103	529	3.42484E+01
1860	403	3.42559E+01
5287	117	3.42655E+01
6475	154	3.42683E+01
5287	193	3.42774E+01
1816	365	3.42781E+01
1816	322	3.42836E+01
1860	318	3.42858E+01
1816	404	3.42859E+01
7908	245	3.43090E+01
8866	450	3.43091E+01
5246	481	3.43106E+01
5390	565	3.43140E+01
6497	569	3.43168E+01
5246	317	3.43192E+01
8127	285	3.43242E+01
6323	409	3.43295E+01
8127	284	3.43321E+01
1360	366	3.43389E+01
5237	366	3.43426E+01
1816	405	3.43492E+01
5287	437	3.43534E+01
1860	359	3.43573E+01
6497	523	3.43574E+01
1860	160	3.43652E+01
6475	602	3.43692E+01
6594	445	3.43787E+01
6227	364	3.43806E+01
6497	608	3.43846E+01
5237	409	3.43912E+01
6497	609	3.43930E+01
6497	488	3.44042E+01
5349	358	3.44051E+01
6594	614	3.44178E+01
5246	564	3.44226E+01
5390	527	3.44245E+01
1470	161	3.44288E+01
5246	237	3.44292E+01
6594	613	3.44300E+01
6497	565	3.44326E+01
1816	204	3.44482E+01
1360	237	3.44491E+01
7908	244	3.44555E+01
6475	232	3.44665E+01
6227	490	3.44676E+01
5390	446	3.44678E+01
9103	612	3.44686E+01
1860	198	3.44702E+01
5390	439	3.44708E+01
6594	363	3.44744E+01
5390	326	3.44749E+01
1470	366	3.44768E+01
5237	407	3.44788E+01
8127	244	3.44813E+01
5246	198	3.44848E+01
6323	408	3.44852E+01
5340	528	3.44861E+01
6594	528	3.44918E+01
5390	235	3.44924E+01
6594	570	3.44945E+01
1470	199	3.44953E+01
5287	527	3.44955E+01
1816	445	3.45140E+01
1360	277	3.45162E+01
6227	405	3.45166E+01
1360	442	3.45180E+01
1838	245	3.45225E+01
6475	365	3.45282E+01
6572	565	3.45432E+01
5349	564	3.45476E+01
5390	275	3.45508E+01
6227	489	3.45547E+01
5246	368	3.45631E+01
8127	324	3.45728E+01
1360	400	3.45777E+01
5349	161	3.45971E+01
6475	272	3.45981E+01
5287	154	3.45997E+01
1470	444	3.46107E+01
1580	245	3.46134E+01
5246	160	3.46152E+01
1816	403	3.46204E+01
1860	364	3.46294E+01
6497	357	3.46334E+01
5287	562	3.46404E+01
1816	362	3.46453E+01
6497	481	3.46481E+01
1816	446	3.46496E+01
1360	406	3.46591E+01
6475	477	3.46617E+01
5237	449	3.46759E+01
1470	445	3.46932E+01
8127	283	3.46996E+01
5246	572	3.47023E+01
1860	277	3.47046E+01
1860	237	3.47056E+01
5390	157	3.47094E+01
6497	158	3.47113E+01
8127	286	3.47122E+01
1580	244	3.47177E+01
5349	481	3.47239E+01
1470	278	3.47277E+01
6475	286	3.47306E+01
5287	568	3.47314E+01
1860	443	3.47355E+01
5287	604	3.47355E+01
1860	400	3.47446E+01
6475	560	3.47511E+01
1816	242	3.47553E+01
1816	486	3.47567E+01
5287	520	3.47572E+01
8127	323	3.47578E+01
1816	326	3.47617E+01
1470	238	3.47654E+01
5390	608	3.47668E+01
7908	284	3.47745E+01
5390	607	3.47800E+01
6497	607	3.47810E+01
1816	444	3.47817E+01
6594	612	3.47825E+01
8866	491	3.47859E+01
6497	610	3.47869E+01
5390	120	3.47875E+01
8127	325	3.47917E+01
5390	568	3.47918E+01
6227	491	3.47990E+01
1360	446	3.47996E+01
5237	325	3.48041E+01
6323	366	3.48047E+01
1470	401	3.48162E+01
1816	406	3.48224E+01
6475	610	3.48240E+01
6497	398	3.48270E+01
8127	364	3.48287E+01
6572	240	3.48316E+01
6475	116	3.48342E+01
1860	404	3.48420E+01
1838	244	3.48492E+01
1860	442	3.48504E+01
5237	448	3.48520E+01
1816	487	3.48592E+01
7908	283	3.48649E+01
1360	485	3.48795E+01
5237	285	3.48818E+01
5287	609	3.48918E+01
1470	406	3.48991E+01
7908	243	3.49044E+01
5287	354	3.49174E+01
5390	522	3.49181E+01
1838	284	3.49250E+01
6497	529	3.49269E+01
6475	192	3.49302E+01
5390	564	3.49313E+01
1580	204	3.49339E+01
6497	316	3.49360E+01
1838	285	3.49457E+01
6227	283	3.49502E+01
1470	443	3.49514E+01
5237	450	3.49539E+01
1816	366	3.49554E+01
6594	486	3.49578E+01
5246	449	3.49585E+01
6475	81	3.49649E+01
5349	277	3.49723E+01
5287	313	3.49771E+01
5390	406	3.49780E+01
6497	121	3.49798E+01
1860	444	3.50020E+01
1360	159	3.50070E+01
8127	363	3.50112E+01
5287	446	3.50118E+01
1816	528	3.50155E+01
1816	527	3.50266E+01
1816	321	3.50387E+01
1360	484	3.50442E+01
1816	281	3.50456E+01
1816	485	3.50508E+01
6475	446	3.50553E+01
6475	353	3.50601E+01
5246	522	3.50622E+01
7908	285	3.50629E+01
8127	404	3.50659E+01
5340	611	3.50695E+01
8127	365	3.50725E+01
9103	570	3.50764E+01
5246	531	3.50898E+01
6227	488	3.50919E+01
5390	366	3.50979E+01
6227	323	3.50987E+01
6594	243	3.51228E+01
5390	356	3.51231E+01
5237	490	3.51231E+01
1360	486	3.51281E+01
5287	478	3.51289E+01
6323	407	3.51315E+01
5390	609	3.51315E+01
5390	487	3.51346E+01
5287	232	3.51358E+01
1580	243	3.51390E+01
6475	394	3.51481E+01
6227	446	3.51529E+01
8127	405	3.51550E+01
6323	285	3.51568E+01
1470	327	3.51594E+01
6572	441	3.51613E+01
7908	204	3.51654E+01
5390	606	3.51732E+01
6475	153	3.51761E+01
8127	243	3.51796E+01
1816	447	3.51896E+01
1816	569	3.51968E+01
1470	446	3.51994E+01
5390	480	3.52021E+01
5287	395	3.52168E+01
1860	159	3.52193E+01
6497	448	3.52224E+01
8127	445	3.52272E+01
5246	398	3.52290E+01
6497	196	3.52315E+01
5246	490	3.52332E+01
7908	323	3.52357E+01
1360	327	3.52414E+01
6475	569	3.52424E+01
9191	409	3.52430E+01
6475	312	3.52498E+01
5237	406	3.52521E+01
6323	450	3.52525E+01
1838	283	3.52530E+01
6323	325	3.52553E+01
1860	358	3.52588E+01
6497	570	3.52662E+01
6475	518	3.52740E+01
5390	195	3.52768E+01
8866	327	3.52903E+01
5349	317	3.52915E+01
1816	203	3.52923E+01
1860	317	3.52970E+01
7908	282	3.52971E+01
1860	325	3.52982E+01
6572	319	3.53001E+01
6323	449	3.53105E+01
8127	322	3.53120E+01
5390	315	3.53181E+01
5237	489	3.53224E+01
9191	450	3.53255E+01
1860	441	3.53264E+01
1816	402	3.53289E+01
5390	397	3.53319E+01
8866	408	3.53347E+01
7908	324	3.53399E+01
1838	286	3.53436E+01
1750	203	3.53469E+01
9103	446	3.53477E+01
1816	488	3.53506E+01
5237	491	3.53514E+01
6572	400	3.53527E+01
1838	324	3.53528E+01
6572	482	3.53633E+01
1816	570	3.53699E+01
1360	122	3.53701E+01
5287	116	3.53737E+01
5246	357	3.53747E+01
8127	486	3.53747E+01
1816	529	3.53753E+01
1816	568	3.53769E+01
8866	532	3.53811E+01
8127	282	3.53861E+01
6227	531	3.53887E+01
5237	365	3.53899E+01
6497	439	3.53976E+01
1860	484	3.54036E+01
1360	358	3.54083E+01
8127	403	3.54118E+01
8866	449	3.54131E+01
1816	526	3.54211E+01
1750	202	3.54211E+01
1360	317	3.54246E+01
1360	197	3.54254E+01
5340	445	3.54255E+01
6572	279	3.54356E+01
8127	444	3.54367E+01
1816	443	3.54382E+01
1816	611	3.54419E+01
8127	326	3.54432E+01
1838	243	3.54566E+01
1860	197	3.54573E+01
1360	441	3.54591E+01
6475	435	3.54604E+01
5246	439	3.54701E+01
8127	446	3.54702E+01
1750	204	3.54729E+01
6594	569	3.54768E+01
8127	527	3.54785E+01
6475	487	3.54787E+01
1580	284	3.54801E+01
5246	605	3.54814E+01
1816	361	3.54867E+01
1816	610	3.54884E+01
6497	564	3.54906E+01
5287	272	3.54943E+01
6572	606	3.54944E+01
6475	528	3.55013E+01
5237	447	3.55026E+01
5287	326	3.55026E+01
1470	359	3.55097E+01
5390	528	3.55159E+01
6594	611	3.55159E+01
7908	322	3.55212E+01
1860	122	3.55285E+01
5349	522	3.55298E+01
1838	325	3.55335E+01
6497	611	3.55351E+01
1860	483	3.55409E+01
1860	286	3.55423E+01
8127	485	3.55433E+01
1470	318	3.55441E+01
6475	601	3.55471E+01
5246	276	3.55482E+01
1838	323	3.55565E+01
8127	568	3.55609E+01
6475	231	3.55638E+01
5237	531	3.55670E+01
5246	614	3.55714E+01
1860	399	3.55732E+01
1580	283	3.55823E+01
9103	487	3.55843E+01
6497	606	3.55846E+01
6227	530	3.55867E+01
6227	532	3.55885E+01
8127	362	3.55896E+01
5340	404	3.55906E+01
5287	192	3.55988E+01
5340	569	3.56071E+01
5349	237	3.56136E+01
7908	242	3.56148E+01
1360	483	3.56178E+01
6594	322	3.56247E+01
8127	610	3.56294E+01
9103	405	3.56363E+01
1860	485	3.56462E+01
1750	163	3.56586E+01
1860	445	3.56589E+01
5237	532	3.56591E+01
8127	487	3.56620E+01
6572	201	3.56659E+01
1470	160	3.56665E+01
8127	609	3.56668E+01
1750	201	3.56699E+01
1470	485	3.56738E+01
6475	115	3.56776E+01
7908	363	3.56850E+01
5287	487	3.56852E+01
8127	569	3.56882E+01
8127	526	3.56886E+01
6497	522	3.56927E+01
8127	406	3.56969E+01
1816	241	3.57023E+01
1470	442	3.57028E+01
1816	407	3.57066E+01
1816	612	3.57072E+01
5287	603	3.57160E+01
5390	569	3.57196E+01
8127	528	3.57202E+01
1470	486	3.57296E+01
1816	484	3.57342E+01
6475	80	3.57376E+01
5349	198	3.57395E+01
9191	491	3.57407E+01
1750	241	3.57468E+01
6594	282	3.57475E+01
5287	81	3.57489E+01
1580	203	3.57541E+01
1580	285	3.57611E+01
7908	286	3.57627E+01
8127	366	3.57639E+01
5349	605	3.57644E+01
5246	159	3.57714E+01
6475	271	3.57754E+01
1360	487	3.57811E+01
9191	368	3.57847E+01
5287	561	3.57908E+01
1838	204	3.57916E+01
8127	204	3.57918E+01
7908	364	3.57933E+01
5287	436	3.57958E+01
1860	236	3.58007E+01
1860	365	3.58068E+01
6594	527	3.58119E+01
1750	242	3.58157E+01
5390	119	3.58184E+01
5340	323	3.58190E+01
5340	486	3.58209E+01
1860	405	3.58235E+01
5246	197	3.58244E+01
8866	490	3.58244E+01
5287	406	3.58280E+01
6497	235	3.58312E+01
1860	276	3.58323E+01
6323	448	3.58335E+01
5287	153	3.58403E+01
1838	364	3.58440E+01
1580	242	3.58444E+01
5390	438	3.58502E+01
5390	610	3.58565E+01
8217	327	3.58607E+01
7908	325	3.58641E+01
1816	571	3.58707E+01
8866	367	3.58712E+01
1816	609	3.58715E+01
8127	567	3.58779E+01
6497	275	3.58800E+01
5390	156	3.58802E+01
5237	530	3.58807E+01
1816	327	3.58832E+01
6572	523	3.58915E+01
5390	234	3.58927E+01
1360	399	3.58955E+01
1470	198	3.58958E+01
1838	282	3.58973E+01
5390	563	3.59009E+01
1360	447	3.59076E+01
1750	240	3.59097E+01
6497	408	3.59178E+01
8217	368	3.59206E+01
5246	236	3.59218E+01
1816	567	3.59245E+01
5349	160	3.59279E+01
5390	605	3.59311E+01
6475	476	3.59537E+01
1360	526	3.59567E+01
6475	191	3.59583E+01
5237	488	3.59759E+01
1838	365	3.59864E+01
5237	573	3.59882E+01
5287	528	3.59890E+01
1360	236	3.59893E+01
7908	362	3.59913E+01
1470	400	3.59921E+01
1470	367	3.59923E+01
6497	489	3.59938E+01
5340	244	3.59949E+01
5287	610	3.60002E+01
1219	327	3.60051E+01
5246	316	3.60069E+01
6475	559	3.60074E+01
8127	611	3.60131E+01
7908	203	3.60146E+01
6594	403	3.60210E+01
5246	480	3.60242E+01
5246	563	3.60294E+01
7908	281	3.60316E+01
5390	274	3.60325E+01
1470	484	3.60345E+01
1580	282	3.60388E+01
6572	359	3.60412E+01
1860	482	3.60426E+01
1360	367	3.60491E+01
1816	367	3.60508E+01
5287	569	3.60516E+01
1750	162	3.60591E+01
1750	200	3.60715E+01
1860	525	3.60732E+01
1816	320	3.60737E+01
5287	519	3.60739E+01
8127	443	3.60777E+01
1816	530	3.60820E+01
1816	280	3.60828E+01
6497	368	3.60838E+01
5390	447	3.60868E+01
5237	572	3.60875E+01
1360	527	3.60961E+01
8866	573	3.60992E+01
1838	363	3.61006E+01
6227	487	3.61059E+01
5390	521	3.61110E+01
6497	157	3.61122E+01
8127	242	3.61140E+01
1360	276	3.61149E+01
1838	322	3.61181E+01
1470	447	3.61183E+01
1838	326	3.61186E+01
6475	152	3.61219E+01
1816	448	3.61226E+01
6323	491	3.61230E+01
5287	366	3.61230E+01
7908	404	3.61265E+01
5237	245	3.61297E+01
9103	611	3.61322E+01
1360	407	3.61332E+01
1860	440	3.61338E+01
9103	324	3.61365E+01
6594	444	3.61381E+01
8127	608	3.61394E+01
1750	243	3.61449E+01
8217	367	3.61519E+01
8127	484	3.61549E+01
1860	158	3.61560E+01
5349	398	3.61574E+01
7908	321	3.61602E+01
8127	402	3.61624E+01
6227	404	3.61639E+01
8127	447	3.61712E+01
6475	406	3.61758E+01
1470	407	3.61816E+01
7908	403	3.61865E+01
1470	487	3.61946E+01
8127	321	3.61953E+01
1816	525	3.61965E+01
9103	528	3.61979E+01
6323	490	3.62097E+01
1816	489	3.62116E+01
1360	525	3.62160E+01
6227	529	3.62160E+01
8217	408	3.62170E+01
1219	368	3.62171E+01
6497	120	3.62182E+01
1860	526	3.62198E+01
5246	409	3.62423E+01
6323	365	3.62423E+01
8127	570	3.62460E+01
6227	243	3.62505E+01
1816	613	3.62539E+01
5246	122	3.62606E+01
6227	363	3.62623E+01
6497	480	3.62625E+01
6594	204	3.62638E+01
1816	202	3.62708E+01
1860	486	3.62714E+01
5237	324	3.62717E+01
1750	239	3.62775E+01
6323	406	3.62821E+01
1750	280	3.62868E+01
1470	277	3.62946E+01
1470	237	3.62967E+01
1860	524	3.62972E+01
5246	573	3.63058E+01
6475	326	3.63089E+01
1838	242	3.63091E+01
1750	281	3.63197E+01
1360	158	3.63201E+01
5349	439	3.63225E+01
8217	409	3.63354E+01
7908	365	3.63411E+01
8127	525	3.63433E+01
8127	281	3.63489E+01
6475	352	3.63520E+01
1860	121	3.63541E+01
1838	405	3.63590E+01
5340	283	3.63621E+01
6227	572	3.63712E+01
9191	532	3.63766E+01
1816	401	3.63773E+01
6497	530	3.63869E+01
6227	573	3.63880E+01
8127	488	3.64010E+01
8127	529	3.64032E+01
1860	357	3.64041E+01
8217	449	3.64168E+01
1838	404	3.64235E+01
6475	611	3.64334E+01
5237	614	3.64467E+01
1580	286	3.64500E+01
1816	442	3.64555E+01
8866	531	3.64567E+01
5349	357	3.64581E+01
1580	323	3.64627E+01
6475	393	3.64664E+01
5287	353	3.64811E+01
5237	284	3.64945E+01
6323	245	3.64986E+01
1580	324	3.65017E+01
6497	356	3.65026E+01
1860	316	3.65087E+01
6475	311	3.65090E+01
5237	405	3.65126E+01
7908	405	3.65135E+01
1750	279	3.65175E+01
7908	444	3.65187E+01
6594	362	3.65199E+01
5340	363	3.65224E+01
8127	361	3.65251E+01
5287	312	3.65316E+01
1360	121	3.65352E+01
6475	79	3.65383E+01
1838	366	3.65404E+01
3644	243	3.65411E+01
6497	571	3.65444E+01
1860	196	3.65467E+01
7908	241	3.65470E+01
8127	327	3.65475E+01
5287	115	3.65508E+01
1750	161	3.65538E+01
6475	114	3.65539E+01
5237	571	3.65758E+01
8217	490	3.65775E+01
1360	482	3.65823E+01
3644	282	3.65855E+01
5287	231	3.65919E+01
6475	517	3.65935E+01
5287	477	3.65964E+01
7908	445	3.65987E+01
6497	612	3.65994E+01
8217	407	3.66030E+01
1816	608	3.66051E+01
5349	563	3.66070E+01
1750	199	3.66089E+01
5390	479	3.66127E+01
6572	239	3.66149E+01
8217	448	3.66151E+01
3644	242	3.66166E+01
3644	204	3.66174E+01
1360	528	3.66207E+01
5390	194	3.66256E+01
5390	327	3.66257E+01
1816	360	3.66280E+01
9103	245	3.66289E+01
5237	529	3.66295E+01
8127	566	3.66346E+01
5237	446	3.66391E+01
6572	163	3.66412E+01
8217	326	3.66419E+01
1750	282	3.66459E+01
3644	281	3.66608E+01
5340	527	3.66658E+01
1816	572	3.66680E+01
6594	610	3.66682E+01
7908	402	3.66697E+01
8217	531	3.66717E+01
3644	321	3.66764E+01
1860	398	3.66777E+01
6227	445	3.66782E+01
7908	361	3.66784E+01
6497	397	3.66855E+01
8127	407	3.66975E+01
3644	322	3.66985E+01
6475	230	3.66986E+01
6594	485	3.66986E+01
8217	450	3.67024E+01
1860	446	3.67039E+01
1838	406	3.67049E+01
6572	564	3.67064E+01
5390	355	3.67102E+01
3644	244	3.67134E+01
5390	488	3.67153E+01
6475	366	3.67199E+01
9103	364	3.67223E+01
8217	489	3.67237E+01
1838	203	3.67287E+01
1838	362	3.67348E+01
1860	527	3.67352E+01
6323	489	3.67368E+01
6227	571	3.67371E+01
8217	572	3.67390E+01
1470	527	3.67417E+01
1360	440	3.67554E+01
3644	362	3.67569E+01
1580	202	3.67602E+01
1750	244	3.67640E+01
5237	613	3.67712E+01
8217	614	3.67769E+01
6497	605	3.67793E+01
3644	361	3.67815E+01
1816	483	3.67843E+01
1860	567	3.67886E+01
1860	566	3.67894E+01
3644	283	3.67900E+01
8127	612	3.67900E+01
1470	526	3.67908E+01
5287	394	3.67915E+01
1580	241	3.68018E+01
6475	434	3.68019E+01
3644	402	3.68057E+01
1470	483	3.68061E+01
1816	240	3.68153E+01
1580	322	3.68181E+01
1580	281	3.68183E+01
1360	488	3.68187E+01
1838	281	3.68230E+01
1750	238	3.68265E+01
6497	315	3.68268E+01
7908	326	3.68323E+01
8127	203	3.68388E+01
1816	566	3.68390E+01
8217	613	3.68400E+01
1470	441	3.68410E+01
5287	80	3.68416E+01
5246	521	3.68418E+01
6475	600	3.68426E+01
6497	195	3.68430E+01
6323	447	3.68463E+01
8217	573	3.68541E+01
3644	203	3.68595E+01
8217	530	3.68659E+01
3644	443	3.68688E+01
9103	284	3.68703E+01
5349	276	3.68708E+01
1750	320	3.68725E+01
5349	480	3.68730E+01
1360	524	3.68736E+01
7908	485	3.68741E+01
1860	523	3.68789E+01
1838	445	3.68791E+01
1860	481	3.68810E+01
7908	443	3.68836E+01
1838	446	3.68855E+01
1838	403	3.68897E+01
8217	366	3.68905E+01
8217	491	3.68922E+01
1860	326	3.68985E+01
3644	241	3.69028E+01
5237	364	3.69031E+01
5390	611	3.69126E+01
5390	314	3.69135E+01
8127	367	3.69145E+01
3644	484	3.69147E+01
6594	568	3.69151E+01
5390	396	3.69191E+01
8217	532	3.69196E+01
6497	563	3.69236E+01
5390	407	3.69255E+01
5390	118	3.69273E+01
5246	532	3.69274E+01
8217	286	3.69334E+01
1360	196	3.69343E+01
3644	320	3.69392E+01
3644	403	3.69452E+01
3644	608	3.69457E+01
3644	525	3.69479E+01
5287	602	3.69480E+01
1580	325	3.69572E+01
1774	608	3.69662E+01
9191	449	3.69713E+01
5390	529	3.69716E+01
8866	614	3.69722E+01
5246	158	3.69775E+01
3644	280	3.69791E+01
1750	321	3.69803E+01
6323	532	3.69827E+01
1750	278	3.69831E+01
3644	567	3.69870E+01
1470	159	3.69908E+01
6475	270	3.69910E+01
5287	191	3.69912E+01
1816	408	3.69919E+01
7908	486	3.69928E+01
5390	570	3.69933E+01
3644	401	3.70054E+01
1838	321	3.70058E+01
3644	566	3.70060E+01
7908	202	3.70118E+01
3644	442	3.70129E+01
6475	190	3.70168E+01
1860	235	3.70199E+01
5390	604	3.70219E+01
7908	280	3.70276E+01
1774	566	3.70305E+01
5287	271	3.70359E+01
3644	323	3.70414E+01
8127	607	3.70425E+01
5287	447	3.70427E+01
1470	488	3.70493E+01
1816	614	3.70502E+01
8217	571	3.70524E+01
1219	409	3.70543E+01
1360	357	3.70583E+01
1774	281	3.70648E+01
6475	570	3.70650E+01
3644	526	3.70659E+01
1750	319	3.70670E+01
1774	607	3.70681E+01
1774	321	3.70693E+01
5340	610	3.70694E+01
1774	525	3.70697E+01
3644	363	3.70717E+01
8866	448	3.70730E+01
3644	483	3.70753E+01
1470	358	3.70790E+01
5246	397	3.70793E+01
3644	444	3.70823E+01
1470	528	3.70835E+01
1360	568	3.70846E+01
1774	361	3.70848E+01
1774	242	3.70906E+01
3644	609	3.70953E+01
6475	151	3.70956E+01
5246	450	3.71003E+01
5237	487	3.71036E+01
1816	531	3.71051E+01
1360	567	3.71076E+01
3644	360	3.71091E+01
7908	320	3.71121E+01
1860	275	3.71131E+01
1774	567	3.71132E+01
9191	408	3.71134E+01
8127	442	3.71136E+01
3644	485	3.71162E+01
1838	327	3.71198E+01
9103	569	3.71209E+01
1774	402	3.71238E+01
6323	324	3.71240E+01
1774	484	3.71268E+01
1360	316	3.71329E+01
5390	155	3.71371E+01
1750	160	3.71373E+01
7908	446	3.71374E+01
3644	607	3.71378E+01
1860	568	3.71406E+01
1774	442	3.71435E+01
1860	565	3.71461E+01
5287	152	3.71464E+01
1774	483	3.71474E+01
1774	443	3.71515E+01
1774	282	3.71538E+01
6323	284	3.71590E+01
1774	401	3.71622E+01
5287	560	3.71633E+01
1774	320	3.71665E+01
3644	245	3.71706E+01
1774	243	3.71716E+01
7955	327	3.71716E+01
1774	204	3.71757E+01
1860	157	3.71780E+01
8127	483	3.71786E+01
5390	562	3.71802E+01
1774	524	3.71810E+01
6323	531	3.71821E+01
3644	524	3.71868E+01
6475	447	3.71873E+01
1774	609	3.71892E+01
6227	282	3.71899E+01
1860	406	3.71979E+01
5246	604	3.71988E+01
1219	286	3.72007E+01
1470	317	3.72041E+01
5246	356	3.72046E+01
8127	571	3.72075E+01
9191	573	3.72075E+01
7908	484	3.72079E+01
8866	407	3.72153E+01
7908	526	3.72213E+01
1774	280	3.72233E+01
6497	449	3.72243E+01
5246	196	3.72247E+01
6594	242	3.72250E+01
1774	241	3.72258E+01
1774	362	3.72266E+01
5246	275	3.72301E+01
1860	439	3.72352E+01
5390	367	3.72410E+01
8127	241	3.72419E+01
1470	525	3.72433E+01
1774	360	3.72468E+01
3644	202	3.72476E+01
1860	120	3.72514E+01
1219	367	3.72534E+01
1774	322	3.72601E+01
5246	491	3.72604E+01
6497	438	3.72675E+01
1860	487	3.72684E+01
1750	198	3.72694E+01
8127	401	3.72752E+01
1774	203	3.72777E+01
1774	565	3.72782E+01
1838	444	3.72784E+01
8866	572	3.72847E+01
7908	527	3.72936E+01
1750	283	3.72938E+01
1838	447	3.72948E+01
5349	159	3.72966E+01
6227	614	3.73004E+01
6227	322	3.73025E+01
1774	526	3.73036E+01
9191	490	3.73038E+01
5246	121	3.73060E+01
6227	528	3.73074E+01
3644	284	3.73097E+01
6475	475	3.73159E+01
6572	200	3.73167E+01
1816	279	3.73173E+01
8217	447	3.73177E+01
8127	448	3.73225E+01
8217	612	3.73228E+01
5349	316	3.73253E+01
3644	568	3.73260E+01
5349	197	3.73260E+01
6227	204	3.73267E+01
1816	524	3.73334E+01
7908	366	3.73447E+01
1816	319	3.73473E+01
5246	438	3.73518E+01
6475	558	3.73523E+01
1816	201	3.73552E+01
6475	78	3.73585E+01
7908	406	3.73595E+01
8217	488	3.73599E+01
1838	487	3.73623E+01
8127	320	3.73630E+01
3644	240	3.73648E+01
6572	318	3.73659E+01
6497	521	3.73690E+01
3644	565	3.73701E+01
1838	241	3.73717E+01
1860	366	3.73827E+01
5287	435	3.73868E+01
5349	236	3.73875E+01
1838	486	3.73894E+01
6572	278	3.73958E+01
5390	233	3.73970E+01
1470	122	3.73971E+01
8866	489	3.74021E+01
1360	448	3.74024E+01
6572	440	3.74044E+01
1470	197	3.74103E+01
1816	490	3.74143E+01
8127	524	3.74153E+01
1750	322	3.74196E+01
1774	403	3.74225E+01
5287	611	3.74229E+01
1860	608	3.74259E+01
1816	449	3.74272E+01
1360	569	3.74273E+01
1470	448	3.74282E+01
3644	319	3.74477E+01
1774	441	3.74523E+01
6475	113	3.74533E+01
5390	437	3.74537E+01
3644	404	3.74548E+01
1838	407	3.74588E+01
1774	485	3.74598E+01
5237	612	3.74720E+01
3644	441	3.74787E+01
1774	606	3.74805E+01
5237	570	3.74834E+01
1580	364	3.74888E+01
1774	482	3.74897E+01
5246	235	3.74907E+01
1219	326	3.74950E+01
6475	529	3.74976E+01
1774	400	3.74983E+01
6227	613	3.74984E+01
8217	406	3.74992E+01
1470	399	3.74993E+01
1580	363	3.75028E+01
3644	279	3.75034E+01
8127	530	3.75036E+01
3644	400	3.75049E+01
1360	529	3.75061E+01
1774	244	3.75065E+01
1838	367	3.75086E+01
1360	398	3.75087E+01
1360	566	3.75117E+01
1774	444	3.75117E+01
1774	319	3.75120E+01
6227	570	3.75200E+01
1774	283	3.75275E+01
1774	202	3.75306E+01
1750	318	3.75335E+01
8217	529	3.75358E+01
7908	568	3.75363E+01
1750	237	3.75366E+01
1750	360	3.75368E+01
1774	568	3.75398E+01
1580	321	3.75404E+01
7908	401	3.75405E+01
1774	240	3.75413E+01
6497	119	3.75430E+01
8127	280	3.75439E+01
3644	527	3.75554E+01
9191	327	3.75554E+01
1816	368	3.75598E+01
3644	482	3.75658E+01
7908	487	3.75692E+01
8127	489	3.75742E+01
6572	399	3.75753E+01
1750	361	3.75756E+01
5287	518	3.75762E+01
7908	567	3.75766E+01
5390	520	3.75773E+01
8866	326	3.75796E+01
1860	609	3.75813E+01
3644	610	3.75835E+01
6475	488	3.75879E+01
1774	279	3.75916E+01
7908	525	3.76002E+01
1860	528	3.76039E+01
1860	607	3.76058E+01
6594	526	3.76080E+01
1774	523	3.76081E+01
6497	156	3.76115E+01
6227	486	3.76145E+01
6497	234	3.76268E+01
5390	273	3.76327E+01
6572	481	3.76544E+01
1750	277	3.76568E+01
3644	606	3.76577E+01
7908	240	3.76632E+01
7908	442	3.76649E+01
1360	235	3.76658E+01
5287	488	3.76661E+01
1774	359	3.76703E+01
3644	445	3.76776E+01
6475	351	3.76800E+01
1816	607	3.76877E+01
7955	368	3.76966E+01
3644	359	3.76980E+01
3644	486	3.76982E+01
1750	245	3.77020E+01
5287	570	3.77023E+01
7908	360	3.77047E+01
1774	363	3.77085E+01
1838	361	3.77172E+01
1838	488	3.77218E+01
1816	400	3.77228E+01
