GRAM	c2h2	chi_tot
5159	277	4.06081E+01
5159	229	4.06370E+01
5159	327	4.06956E+01
5159	278	4.07152E+01
5159	230	4.08032E+01
5159	228	4.08206E+01
5159	276	4.08919E+01
5159	326	4.08932E+01
5159	328	4.09159E+01
5159	368	4.10182E+01
5056	277	4.10539E+01
5159	367	4.10703E+01
5056	229	4.10824E+01
5056	327	4.11551E+01
5159	279	4.11719E+01
5056	278	4.11947E+01
5159	142	4.12105E+01
5056	228	4.12317E+01
5159	231	4.12786E+01
5056	230	4.12814E+01
5056	276	4.13025E+01
5056	326	4.13184E+01
5159	227	4.13887E+01
5056	328	4.14079E+01
5159	369	4.14083E+01
5159	419	4.14836E+01
5056	368	4.14927E+01
5056	367	4.15130E+01
5159	329	4.15134E+01
5159	325	4.15446E+01
5056	142	4.15858E+01
5159	366	4.15990E+01
5159	275	4.16022E+01
5159	418	4.16554E+01
5056	279	4.16834E+01
5056	227	4.17643E+01
5056	231	4.17880E+01
5159	420	4.17958E+01
5056	369	4.19127E+01
5056	325	4.19339E+01
5159	280	4.19374E+01
5056	419	4.19549E+01
5056	275	4.19761E+01
5056	366	4.20078E+01
5159	141	4.20136E+01
5159	232	4.20215E+01
5056	329	4.20363E+01
5056	418	4.20974E+01
5159	370	4.22026E+01
5159	459	4.22184E+01
5159	460	4.22293E+01
5056	420	4.22942E+01
5159	417	4.23394E+01
5056	141	4.23549E+01
5159	226	4.23651E+01
5159	330	4.24495E+01
5056	280	4.24793E+01
5159	421	4.25577E+01
5056	232	4.25607E+01
5159	365	4.26278E+01
5159	324	4.26732E+01
5056	459	4.26791E+01
5056	226	4.27041E+01
5056	460	4.27145E+01
5159	458	4.27349E+01
5056	370	4.27350E+01
5159	461	4.27398E+01
5056	417	4.27497E+01
5159	274	4.27620E+01
5159	281	4.29764E+01
5159	233	4.29943E+01
5056	365	4.30012E+01
5056	330	4.30015E+01
5056	324	4.30253E+01
5159	551	4.30405E+01
5056	421	4.30809E+01
5159	552	4.30958E+01
5056	274	4.30981E+01
5056	458	4.31683E+01
5159	140	4.31838E+01
5056	461	4.32466E+01
5159	371	4.33651E+01
7836	141	4.34361E+01
5056	140	4.34906E+01
5056	551	4.35128E+01
5159	550	4.35279E+01
7836	140	4.35368E+01
5056	281	4.35472E+01
5159	416	4.35510E+01
5056	233	4.35617E+01
5056	552	4.35873E+01
7836	226	4.35981E+01
5159	553	4.36679E+01
7836	142	4.36852E+01
5159	331	4.36917E+01
7836	274	4.37068E+01
5159	462	4.37165E+01
5159	422	4.37336E+01
5159	225	4.37578E+01
7836	227	4.37694E+01
7836	275	4.37780E+01
5159	457	4.37953E+01
7836	225	4.38270E+01
7836	324	4.38289E+01
5056	371	4.39237E+01
5056	416	4.39275E+01
5056	550	4.39775E+01
7836	139	4.39927E+01
7746	141	4.39942E+01
7746	140	4.39943E+01
7836	325	4.39991E+01
5159	596	4.40242E+01
5159	595	4.40398E+01
5056	225	4.40596E+01
7836	273	4.40784E+01
7836	365	4.41034E+01
7836	323	4.41333E+01
7746	226	4.41537E+01
5159	364	4.41643E+01
5159	234	4.41661E+01
5056	553	4.41749E+01
5056	457	4.41985E+01
5056	462	4.42422E+01
7746	274	4.42533E+01
5159	282	4.42610E+01
7836	364	4.42673E+01
5056	331	4.42715E+01
7836	276	4.42736E+01
7746	225	4.42742E+01
5056	422	4.42796E+01
5159	323	4.42842E+01
7836	228	4.43208E+01
7746	142	4.43423E+01
7746	139	4.43493E+01
5159	273	4.43751E+01
7746	324	4.44149E+01
7746	227	4.44318E+01
7746	275	4.44352E+01
7836	366	4.44423E+01
7836	224	4.44596E+01
5056	364	4.45007E+01
7746	273	4.45124E+01
7836	416	4.45153E+01
5056	596	4.45200E+01
5056	595	4.45218E+01
5159	597	4.45397E+01
5159	549	4.45722E+01
5056	323	4.45979E+01
7746	323	4.46074E+01
5159	594	4.46097E+01
7836	326	4.46247E+01
5056	273	4.46727E+01
7746	325	4.46944E+01
5159	139	4.47138E+01
5159	554	4.47237E+01
7746	365	4.47378E+01
7836	417	4.47479E+01
5056	234	4.47603E+01
7836	138	4.47925E+01
7746	364	4.47939E+01
7746	224	4.47979E+01
7836	415	4.48167E+01
5056	282	4.48595E+01
5159	372	4.48656E+01
7836	272	4.48906E+01
7836	322	4.49114E+01
7836	363	4.49362E+01
5056	139	4.49857E+01
5056	549	4.49954E+01
5159	637	4.50327E+01
7746	276	4.50385E+01
5056	597	4.50448E+01
7746	138	4.50492E+01
5056	594	4.50734E+01
7746	228	4.50873E+01
7836	457	4.51011E+01
5159	463	4.51249E+01
7746	416	4.51372E+01
7836	277	4.51595E+01
7746	366	4.51806E+01
7836	456	4.51989E+01
7746	272	4.52118E+01
5159	636	4.52133E+01
5159	332	4.52157E+01
7836	229	4.52195E+01
5056	554	4.52430E+01
7836	367	4.52638E+01
7746	322	4.52721E+01
5159	415	4.52881E+01
5159	423	4.52913E+01
7746	415	4.53356E+01
7746	363	4.53521E+01
5159	638	4.53922E+01
5159	456	4.53995E+01
7746	326	4.54258E+01
5056	372	4.54491E+01
7746	417	4.54676E+01
7836	223	4.54800E+01
7836	418	4.55029E+01
5056	637	4.55353E+01
5159	598	4.55539E+01
5159	224	4.55561E+01
7836	458	4.55615E+01
7656	140	4.55820E+01
7656	141	4.56188E+01
5056	415	4.56287E+01
7836	414	4.56447E+01
5056	463	4.56670E+01
7836	327	4.56715E+01
5056	636	4.57070E+01
7746	223	4.57105E+01
5159	593	4.57440E+01
5056	456	4.57699E+01
5159	283	4.57705E+01
7746	457	4.57708E+01
7746	456	4.57762E+01
7656	226	4.57767E+01
7836	549	4.58054E+01
5056	224	4.58205E+01
5056	332	4.58219E+01
5425	374	4.58253E+01
7836	548	4.58325E+01
7836	455	4.58505E+01
7656	225	4.58574E+01
5056	423	4.58582E+01
7656	274	4.58715E+01
5425	425	4.58840E+01
5056	638	4.58983E+01
7656	139	4.58998E+01
7836	137	4.59074E+01
5425	375	4.59258E+01
5425	426	4.59438E+01
5159	635	4.59535E+01
7656	142	4.60031E+01
7746	277	4.60284E+01
5425	373	4.60330E+01
5425	334	4.60455E+01
7656	324	4.60459E+01
7836	568	4.60552E+01
7746	414	4.60566E+01
5056	598	4.60642E+01
7746	137	4.60666E+01
7746	229	4.60867E+01
7656	273	4.60903E+01
7836	362	4.60912E+01
7656	275	4.60928E+01
7656	227	4.60937E+01
5425	333	4.60970E+01
7746	367	4.61014E+01
7836	271	4.61188E+01
5425	466	4.61383E+01
7836	321	4.61407E+01
5425	424	4.61636E+01
5159	548	4.61712E+01
5159	678	4.61750E+01
5056	593	4.61848E+01
5159	363	4.61955E+01
7656	323	4.61998E+01
5159	555	4.62283E+01
5425	335	4.62581E+01
5159	639	4.62612E+01
5159	679	4.62993E+01
5425	465	4.62997E+01
5425	376	4.63143E+01
7746	418	4.63147E+01
7746	458	4.63164E+01
5425	427	4.63204E+01
5425	467	4.63253E+01
7746	271	4.63284E+01
7746	455	4.63289E+01
7656	224	4.63411E+01
5322	374	4.63464E+01
7836	550	4.63578E+01
5159	322	4.63608E+01
7656	325	4.63625E+01
7656	365	4.63838E+01
7746	321	4.63881E+01
7836	278	4.63929E+01
7746	362	4.63948E+01
5056	283	4.63955E+01
5322	375	4.64031E+01
7656	364	4.64053E+01
5322	425	4.64092E+01
5322	426	4.64183E+01
5159	272	4.64230E+01
7836	230	4.64245E+01
5056	635	4.64328E+01
7836	547	4.64328E+01
5425	332	4.64330E+01
7746	548	4.64408E+01
5056	363	4.64937E+01
7746	549	4.64943E+01
5159	568	4.65037E+01
5425	284	4.65208E+01
7836	368	4.65345E+01
5322	334	4.65551E+01
7836	593	4.65581E+01
7656	138	4.65627E+01
5056	548	4.65645E+01
7836	459	4.65666E+01
5425	372	4.65729E+01
7746	327	4.65741E+01
5159	138	4.65779E+01
5425	285	4.65808E+01
5425	558	4.65927E+01
5159	677	4.65935E+01
5322	373	4.65975E+01
7836	592	4.66234E+01
5056	322	4.66357E+01
5322	466	4.66435E+01
5322	333	4.66441E+01
7836	567	4.66609E+01
7746	568	4.66695E+01
5159	373	4.66812E+01
5056	272	4.66820E+01
5056	678	4.66902E+01
5425	283	4.66937E+01
5425	336	4.67169E+01
5322	335	4.67298E+01
7656	276	4.67342E+01
5322	424	4.67389E+01
5322	427	4.67435E+01
5322	376	4.67471E+01
7656	272	4.67490E+01
7836	419	4.67537E+01
5056	555	4.67568E+01
5425	557	4.67612E+01
5056	639	4.67657E+01
5322	467	4.67722E+01
5425	559	4.67785E+01
7656	416	4.67795E+01
7656	228	4.67871E+01
5425	423	4.68091E+01
5056	679	4.68130E+01
5056	138	4.68154E+01
7656	322	4.68251E+01
5425	468	4.68363E+01
5425	464	4.68372E+01
7836	222	4.68527E+01
5425	286	4.68559E+01
7656	366	4.68591E+01
5322	465	4.68624E+01
5056	568	4.69032E+01
7656	363	4.69270E+01
5159	464	4.69328E+01
5159	680	4.69388E+01
7656	415	4.69474E+01
7746	547	4.69516E+01
7836	413	4.69705E+01
5425	377	4.69724E+01
7746	222	4.69778E+01
5425	428	4.69938E+01
5159	333	4.70041E+01
5322	332	4.70175E+01
5159	599	4.70305E+01
7836	454	4.70308E+01
5322	284	4.70577E+01
5425	331	4.70780E+01
5322	285	4.70851E+01
7836	594	4.70886E+01
7836	328	4.70964E+01
5322	558	4.71003E+01
5056	677	4.71037E+01
7746	550	4.71176E+01
5425	282	4.71212E+01
7656	326	4.71292E+01
7656	417	4.71375E+01
5322	336	4.71502E+01
5322	372	4.71808E+01
7746	567	4.71886E+01
5425	602	4.72002E+01
5159	424	4.72039E+01
7656	223	4.72140E+01
5322	559	4.72202E+01
5322	468	4.72237E+01
7746	592	4.72484E+01
7746	593	4.72517E+01
5159	634	4.72579E+01
5322	283	4.72632E+01
5425	603	4.72714E+01
7746	413	4.72727E+01
7836	591	4.72736E+01
5056	373	4.72880E+01
5425	560	4.72900E+01
7836	136	4.72937E+01
5425	556	4.73144E+01
5322	286	4.73272E+01
5322	557	4.73335E+01
5159	720	4.73458E+01
7746	136	4.73588E+01
7836	634	4.73597E+01
5322	377	4.73600E+01
7746	278	4.73614E+01
5322	428	4.73643E+01
7746	230	4.73884E+01
7746	459	4.73991E+01
7746	454	4.74051E+01
5425	337	4.74054E+01
7656	456	4.74095E+01
7656	457	4.74274E+01
5322	423	4.74341E+01
5159	592	4.74356E+01
5056	680	4.74447E+01
5322	464	4.74565E+01
7746	368	4.74664E+01
5425	371	4.74738E+01
7836	551	4.74781E+01
5425	601	4.74855E+01
5056	464	4.74892E+01
5159	284	4.74895E+01
5159	719	4.75149E+01
5159	414	4.75275E+01
5159	455	4.75276E+01
5056	599	4.75422E+01
7656	137	4.75439E+01
7836	633	4.75507E+01
5159	676	4.75692E+01
7836	546	4.75798E+01
5159	640	4.76024E+01
7656	414	4.76351E+01
5056	333	4.76356E+01
5425	469	4.76480E+01
7746	419	4.76515E+01
5322	560	4.76644E+01
5425	604	4.76670E+01
7836	361	4.76914E+01
5159	721	4.76922E+01
5322	331	4.77001E+01
7836	270	4.77170E+01
5056	634	4.77171E+01
5322	282	4.77233E+01
5159	223	4.77287E+01
5322	603	4.77341E+01
5322	602	4.77357E+01
7656	277	4.77605E+01
7836	635	4.77734E+01
7836	320	4.77771E+01
5425	463	4.77814E+01
5056	424	4.77899E+01
5322	337	4.77994E+01
7656	367	4.78100E+01
7836	566	4.78166E+01
7746	270	4.78177E+01
7746	591	4.78185E+01
7656	229	4.78228E+01
7656	271	4.78251E+01
5425	234	4.78275E+01
5425	281	4.78295E+01
5056	414	4.78307E+01
7746	594	4.78382E+01
5056	592	4.78491E+01
5425	422	4.78514E+01
5056	455	4.78627E+01
5425	644	4.78720E+01
5056	720	4.78760E+01
7746	361	4.78828E+01
5425	378	4.78833E+01
7836	231	4.78921E+01
7656	321	4.79011E+01
7746	320	4.79129E+01
7836	279	4.79293E+01
7656	362	4.79318E+01
7656	455	4.79349E+01
5425	429	4.79445E+01
5322	556	4.79502E+01
5056	223	4.79559E+01
5322	469	4.79745E+01
7656	458	4.79920E+01
7746	546	4.80014E+01
5425	643	4.80062E+01
7656	418	4.80088E+01
5056	719	4.80503E+01
7746	634	4.80543E+01
5322	604	4.80554E+01
5159	681	4.80567E+01
5425	645	4.80603E+01
5425	330	4.80621E+01
5056	676	4.80678E+01
7387	373	4.80778E+01
7656	548	4.80882E+01
7836	460	4.80891E+01
5322	601	4.80922E+01
7746	328	4.80960E+01
5425	561	4.81001E+01
5056	640	4.81005E+01
7387	333	4.81143E+01
5322	371	4.81251E+01
5056	284	4.81399E+01
5159	556	4.81476E+01
7656	549	4.81571E+01
5425	600	4.81614E+01
7746	633	4.81879E+01
7387	332	4.81916E+01
7836	595	4.82071E+01
5056	721	4.82098E+01
7387	374	4.82121E+01
7836	369	4.82136E+01
5159	718	4.82225E+01
5322	378	4.82244E+01
7836	675	4.82418E+01
7746	566	4.82492E+01
5322	429	4.82613E+01
5425	555	4.82853E+01
7387	372	4.82874E+01
7746	551	4.82988E+01
5159	547	4.83030E+01
5425	338	4.83080E+01
7387	424	4.83093E+01
7656	327	4.83109E+01
7656	568	4.83206E+01
7836	632	4.83294E+01
7387	334	4.83299E+01
5425	605	4.83565E+01
5322	644	4.83844E+01
5322	561	4.84057E+01
5322	234	4.84344E+01
7656	222	4.84424E+01
7387	283	4.84475E+01
5322	463	4.84567E+01
7836	676	4.84628E+01
7387	425	4.84641E+01
7836	420	4.84646E+01
5322	281	4.84648E+01
5425	233	4.84687E+01
7836	590	4.84777E+01
7387	284	4.84777E+01
5322	645	4.84924E+01
5425	642	4.84979E+01
7746	635	4.85101E+01
5159	722	4.85195E+01
7836	221	4.85238E+01
5322	422	4.85259E+01
7387	423	4.85370E+01
5425	646	4.85383E+01
7746	221	4.85477E+01
5056	681	4.85492E+01
7656	547	4.85780E+01
7387	331	4.85845E+01
5322	643	4.85972E+01
5159	761	4.86100E+01
5425	686	4.86118E+01
5159	762	4.86199E+01
7836	674	4.86260E+01
5159	567	4.86548E+01
5322	338	4.86615E+01
5056	547	4.86631E+01
7387	375	4.86679E+01
5322	605	4.86689E+01
7387	282	4.86763E+01
5056	556	4.86824E+01
5159	362	4.86857E+01
7836	453	4.86936E+01
5425	685	4.86962E+01
5322	330	4.87223E+01
5159	137	4.87333E+01
5425	470	4.87372E+01
7836	412	4.87441E+01
7387	285	4.87473E+01
5056	718	4.87554E+01
5425	370	4.87696E+01
7836	636	4.87898E+01
7656	550	4.87901E+01
5159	374	4.87946E+01
7656	136	4.88012E+01
7387	465	4.88017E+01
7387	464	4.88128E+01
5425	687	4.88153E+01
7656	413	4.88158E+01
7387	335	4.88200E+01
7656	567	4.88206E+01
5322	600	4.88380E+01
5425	280	4.88515E+01
7836	329	4.88557E+01
5159	321	4.88637E+01
5159	271	4.88637E+01
7387	371	4.88680E+01
7746	135	4.88719E+01
5322	646	4.88883E+01
7746	632	4.88946E+01
7836	135	4.88961E+01
7656	592	4.89087E+01
7656	593	4.89198E+01
7746	590	4.89322E+01
5159	600	4.89325E+01
7746	412	4.89356E+01
5056	137	4.89371E+01
7746	675	4.89416E+01
5056	362	4.89452E+01
7746	231	4.89484E+01
7746	453	4.89605E+01
7387	426	4.89760E+01
7656	454	4.89802E+01
5322	555	4.89837E+01
7746	460	4.89914E+01
7746	279	4.89929E+01
7746	595	4.90001E+01
5322	470	4.90014E+01
5056	722	4.90178E+01
5056	567	4.90217E+01
5425	379	4.90308E+01
5159	334	4.90441E+01
7836	381	4.90734E+01
5056	271	4.90844E+01
7656	459	4.90892E+01
5056	321	4.90996E+01
5159	675	4.91001E+01
5425	684	4.91027E+01
5322	233	4.91055E+01
5159	763	4.91095E+01
5159	760	4.91101E+01
5159	465	4.91123E+01
5159	633	4.91132E+01
5322	686	4.91189E+01
7656	278	4.91282E+01
7836	552	4.91402E+01
5425	430	4.91532E+01
7656	230	4.91592E+01
5056	762	4.91612E+01
5322	642	4.91657E+01
5425	462	4.91667E+01
5056	761	4.91670E+01
7387	422	4.91771E+01
5425	562	4.91822E+01
7387	281	4.91889E+01
7387	466	4.91891E+01
7746	676	4.91926E+01
7656	368	4.92027E+01
7746	381	4.92148E+01
7836	717	4.92172E+01
7836	545	4.92267E+01
7746	369	4.92349E+01
5322	687	4.92356E+01
7387	286	4.92404E+01
7836	716	4.92460E+01
7387	463	4.92530E+01
5425	599	4.92641E+01
7656	270	4.92748E+01
5425	688	4.92749E+01
5425	647	4.92751E+01
7746	674	4.92772E+01
5322	685	4.92883E+01
7836	677	4.92936E+01
7387	234	4.93059E+01
5425	606	4.93105E+01
7387	330	4.93215E+01
5322	379	4.93240E+01
5425	421	4.93256E+01
5425	728	4.93585E+01
7656	419	4.93668E+01
5159	641	4.93759E+01
7656	361	4.93811E+01
5425	641	4.93844E+01
5425	232	4.93845E+01
7656	320	4.93862E+01
7387	556	4.93944E+01
5159	285	4.94056E+01
5322	430	4.94148E+01
5322	562	4.94174E+01
5425	329	4.94218E+01
5056	374	4.94235E+01
7387	376	4.94267E+01
5056	600	4.94421E+01
7746	420	4.94423E+01
5159	425	4.94496E+01
7656	591	4.94637E+01
5322	370	4.94645E+01
5425	727	4.94696E+01
5159	717	4.94765E+01
7387	557	4.94782E+01
5425	729	4.95031E+01
7656	594	4.95068E+01
5322	280	4.95206E+01
5322	647	4.95412E+01
5322	606	4.95452E+01
7746	545	4.95452E+01
5056	633	4.95469E+01
7746	636	4.95527E+01
7387	336	4.95686E+01
5056	675	4.95803E+01
7836	232	4.95805E+01
7836	673	4.95910E+01
7656	546	4.96017E+01
5322	688	4.96064E+01
5159	682	4.96113E+01
7746	269	4.96181E+01
7836	269	4.96220E+01
5056	763	4.96271E+01
5159	591	4.96581E+01
7836	631	4.96587E+01
5056	760	4.96743E+01
7836	360	4.96759E+01
5056	465	4.96807E+01
5056	334	4.97000E+01
5425	554	4.97092E+01
7836	280	4.97283E+01
7656	634	4.97319E+01
7746	360	4.97569E+01
7387	555	4.97572E+01
7836	319	4.97584E+01
5322	684	4.97778E+01
7387	233	4.97849E+01
7746	319	4.97859E+01
5159	723	4.97863E+01
7836	718	4.97974E+01
5159	803	4.98032E+01
7387	427	4.98240E+01
7387	370	4.98524E+01
7656	566	4.98565E+01
5056	641	4.98633E+01
7656	328	4.98641E+01
7656	633	4.98642E+01
5425	683	4.98683E+01
5425	726	4.98695E+01
7836	715	4.98711E+01
5425	730	4.98725E+01
5322	728	4.98824E+01
7836	596	4.98903E+01
5322	462	4.98974E+01
5159	804	4.99264E+01
5322	729	4.99349E+01
7746	329	4.99477E+01
7387	467	4.99483E+01
7746	717	4.99520E+01
7746	716	4.99596E+01
5425	689	4.99604E+01
7656	221	4.99749E+01
7387	558	4.99749E+01
7656	551	4.99754E+01
5056	717	4.99992E+01
5322	599	5.00090E+01
7746	552	5.00120E+01
7387	280	5.00165E+01
7746	677	5.00343E+01
5159	764	5.00394E+01
5056	591	5.00402E+01
5322	421	5.00494E+01
5322	232	5.00518E+01
5056	425	5.00533E+01
11300	140	5.00772E+01
5056	285	5.00805E+01
5425	471	5.00807E+01
5322	727	5.00837E+01
5056	682	5.00851E+01
7836	461	5.00936E+01
7836	758	5.00942E+01
5322	329	5.01206E+01
5425	770	5.01225E+01
5322	641	5.01271E+01
5159	759	5.01370E+01
5159	454	5.01383E+01
7746	631	5.01389E+01
7387	600	5.01482E+01
5159	802	5.01540E+01
7387	462	5.01566E+01
5425	771	5.01572E+01
7746	673	5.01761E+01
11300	141	5.01771E+01
7656	635	5.01797E+01
7836	589	5.01854E+01
5322	689	5.02010E+01
5322	730	5.02100E+01
7387	601	5.02147E+01
5159	222	5.02236E+01
5159	413	5.02236E+01
5425	279	5.02263E+01
5425	648	5.02416E+01
5056	723	5.02590E+01
7836	370	5.02604E+01
7387	421	5.02642E+01
5322	471	5.02808E+01
7656	135	5.02811E+01
5425	769	5.03137E+01
11300	139	5.03320E+01
11300	226	5.03418E+01
11300	225	5.03438E+01
7746	220	5.03545E+01
7836	759	5.03765E+01
5056	803	5.03804E+01
5425	772	5.03874E+01
7836	637	5.03895E+01
5425	380	5.03995E+01
7836	757	5.04111E+01
5056	222	5.04146E+01
5322	648	5.04218E+01
7836	220	5.04265E+01
11300	274	5.04296E+01
5056	454	5.04362E+01
5425	731	5.04369E+01
7387	329	5.04376E+01
7656	412	5.04417E+01
5159	557	5.04501E+01
5322	554	5.04689E+01
7387	377	5.04721E+01
5056	804	5.04776E+01
5056	413	5.04885E+01
5159	805	5.04885E+01
5425	369	5.04984E+01
5425	607	5.05009E+01
7656	453	5.05016E+01
5425	563	5.05100E+01
5056	764	5.05261E+01
7746	718	5.05305E+01
7387	232	5.05384E+01
7746	589	5.05410E+01
7746	715	5.05418E+01
11300	273	5.05432E+01
7387	599	5.05436E+01
7746	134	5.05464E+01
7656	590	5.05557E+01
7656	632	5.05607E+01
7387	337	5.05613E+01
5322	726	5.05716E+01
5425	725	5.05933E+01
7836	421	5.05963E+01
5425	431	5.06005E+01
7387	554	5.06025E+01
5425	231	5.06140E+01
11300	142	5.06238E+01
5322	683	5.06244E+01
7836	339	5.06247E+01
5322	771	5.06277E+01
7746	339	5.06335E+01
7656	675	5.06359E+01
11300	324	5.06411E+01
5322	380	5.06430E+01
11300	323	5.06480E+01
7836	134	5.06545E+01
5322	607	5.06559E+01
7656	595	5.06619E+01
5322	563	5.06729E+01
5322	731	5.06780E+01
5322	770	5.06891E+01
7656	460	5.06920E+01
5056	759	5.06994E+01
7656	381	5.06994E+01
5425	640	5.07040E+01
7387	602	5.07051E+01
7746	596	5.07143E+01
7836	678	5.07204E+01
7746	232	5.07251E+01
11300	227	5.07382E+01
5056	802	5.07480E+01
11300	224	5.07502E+01
7656	231	5.07522E+01
5322	772	5.07597E+01
11300	275	5.07600E+01
5425	768	5.07627E+01
7836	452	5.07748E+01
5425	773	5.07847E+01
7656	279	5.07925E+01
5322	431	5.08049E+01
5425	598	5.08302E+01
5425	690	5.08430E+01
5425	813	5.08442E+01
7746	758	5.08485E+01
7387	559	5.08538E+01
11300	364	5.08685E+01
7656	676	5.08720E+01
7746	280	5.08830E+01
7836	411	5.08973E+01
5425	814	5.09060E+01
7836	330	5.09113E+01
5159	546	5.09252E+01
5322	279	5.09300E+01
7746	452	5.09325E+01
11300	138	5.09327E+01
5425	812	5.09522E+01
5322	769	5.09742E+01
7656	674	5.09753E+01
7836	719	5.09790E+01
7746	411	5.09790E+01
5056	557	5.09886E+01
7387	642	5.09890E+01
7387	428	5.09895E+01
5322	690	5.09906E+01
7656	369	5.09964E+01
5159	801	5.10031E+01
5056	805	5.10052E+01
5425	461	5.10287E+01
5425	682	5.10318E+01
7656	269	5.10370E+01
7387	641	5.10390E+01
11300	365	5.10539E+01
7387	468	5.10557E+01
5322	773	5.10566E+01
7746	461	5.10582E+01
7836	714	5.10599E+01
7836	672	5.10923E+01
7836	800	5.10953E+01
11300	272	5.11020E+01
11300	325	5.11140E+01
7656	545	5.11149E+01
7746	759	5.11209E+01
5159	136	5.11221E+01
11300	322	5.11373E+01
7836	799	5.11402E+01
7746	757	5.11492E+01
7746	637	5.11631E+01
5159	674	5.11654E+01
5425	732	5.11681E+01
7656	420	5.11756E+01
5159	375	5.11923E+01
7387	279	5.11968E+01
5425	328	5.11980E+01
11300	363	5.12024E+01
7656	636	5.12052E+01
7656	360	5.12165E+01
7656	319	5.12202E+01
5159	601	5.12241E+01
5322	369	5.12373E+01
5056	546	5.12496E+01
7836	760	5.12584E+01
5425	811	5.12586E+01
5159	716	5.12673E+01
5425	420	5.12685E+01
7387	369	5.12782E+01
5056	136	5.12935E+01
5159	566	5.12961E+01
11300	415	5.12979E+01
7836	756	5.13059E+01
7836	544	5.13091E+01
7836	553	5.13092E+01
5322	732	5.13104E+01
5322	231	5.13129E+01
5159	335	5.13251E+01
5322	814	5.13458E+01
5159	765	5.13655E+01
7746	370	5.13661E+01
7387	643	5.13722E+01
5322	725	5.13812E+01
5322	813	5.13845E+01
11300	416	5.13984E+01
5425	649	5.14104E+01
7387	598	5.14398E+01
5159	806	5.14472E+01
5159	724	5.14482E+01
7746	678	5.14529E+01
7836	233	5.14540E+01
7836	630	5.14826E+01
5159	632	5.14866E+01
5322	649	5.15022E+01
5425	767	5.15031E+01
5159	286	5.15086E+01
11300	228	5.15106E+01
11300	276	5.15131E+01
5322	768	5.15149E+01
5322	640	5.15197E+01
7746	544	5.15205E+01
5159	642	5.15420E+01
11300	223	5.15481E+01
5159	683	5.15599E+01
7387	461	5.15600E+01
7387	640	5.15637E+01
5159	361	5.15774E+01
7387	603	5.15843E+01
5322	812	5.15908E+01
7746	672	5.15957E+01
5056	801	5.16042E+01
7387	231	5.16042E+01
5056	674	5.16209E+01
5425	553	5.16213E+01
5056	566	5.16275E+01
5159	270	5.16344E+01
5159	466	5.16391E+01
7836	801	5.16404E+01
5322	598	5.16418E+01
7746	421	5.16483E+01
7656	717	5.16524E+01
5425	472	5.16557E+01
7746	268	5.16573E+01
7746	714	5.16673E+01
5425	724	5.16786E+01
7656	716	5.16797E+01
7656	552	5.16872E+01
7656	677	5.16877E+01
7746	719	5.16881E+01
5159	758	5.16910E+01
5056	601	5.17282E+01
5159	320	5.17322E+01
7656	329	5.17452E+01
7656	220	5.17461E+01
11300	414	5.17479E+01
11300	366	5.17527E+01
7836	281	5.17581E+01
7836	268	5.17603E+01
7836	798	5.17655E+01
5056	716	5.17719E+01
7387	338	5.17848E+01
7656	631	5.17865E+01
7387	378	5.17894E+01
5322	472	5.17896E+01
5425	810	5.17938E+01
11300	456	5.17974E+01
5056	361	5.17981E+01
5322	461	5.18142E+01
5056	765	5.18146E+01
5056	270	5.18176E+01
7387	420	5.18355E+01
7387	683	5.18404E+01
5056	375	5.18423E+01
11300	137	5.18534E+01
5322	682	5.18666E+01
7746	630	5.18670E+01
7656	673	5.18672E+01
7746	800	5.18706E+01
5056	724	5.18897E+01
5056	632	5.18899E+01
8033	141	5.18939E+01
5425	691	5.18955E+01
5425	608	5.19013E+01
5056	806	5.19219E+01
7656	134	5.19244E+01
7746	799	5.19290E+01
5056	320	5.19298E+01
7746	318	5.19326E+01
5322	328	5.19363E+01
7746	359	5.19427E+01
5322	691	5.19474E+01
7746	760	5.19667E+01
7387	553	5.19677E+01
7836	359	5.19688E+01
7387	328	5.19731E+01
5322	608	5.19743E+01
5322	811	5.19932E+01
5425	278	5.19972E+01
7746	756	5.20029E+01
5056	335	5.20044E+01
11300	455	5.20066E+01
7836	318	5.20087E+01
5056	683	5.20103E+01
5159	426	5.20109E+01
5056	642	5.20147E+01
8033	142	5.20214E+01
7387	684	5.20332E+01
11300	362	5.20402E+01
5322	420	5.20417E+01
11300	326	5.20445E+01
11300	417	5.20529E+01
5425	564	5.20581E+01
7656	339	5.20639E+01
11300	271	5.20846E+01
7387	560	5.20866E+01
8033	226	5.20871E+01
7387	682	5.20896E+01
11300	321	5.20898E+01
7746	330	5.20915E+01
7836	597	5.21041E+01
8033	140	5.21155E+01
8033	227	5.21299E+01
7656	589	5.21367E+01
8033	275	5.21395E+01
5322	564	5.21465E+01
7387	644	5.21491E+01
11300	457	5.21748E+01
7656	718	5.21982E+01
5425	230	5.22003E+01
5056	286	5.22072E+01
8033	274	5.22105E+01
5056	466	5.22176E+01
7746	553	5.22227E+01
11218	140	5.22268E+01
5056	758	5.22428E+01
5425	432	5.22673E+01
7656	715	5.22685E+01
8033	324	5.22802E+01
8033	325	5.22904E+01
9878	470	5.23160E+01
7746	133	5.23233E+01
7746	219	5.23258E+01
7836	588	5.23292E+01
9878	562	5.23312E+01
5322	767	5.23446E+01
5159	800	5.23598E+01
7656	596	5.23623E+01
11218	141	5.23645E+01
5159	590	5.23654E+01
7746	801	5.23725E+01
9878	561	5.24056E+01
5322	432	5.24123E+01
9878	471	5.24302E+01
7656	452	5.24373E+01
5322	553	5.24412E+01
11218	139	5.24436E+01
11300	548	5.24437E+01
8033	225	5.24444E+01
9878	606	5.24467E+01
7656	411	5.24471E+01
7387	429	5.24547E+01
8033	365	5.24758E+01
9878	430	5.24807E+01
11218	225	5.24866E+01
7836	219	5.24874E+01
7387	469	5.24890E+01
8033	276	5.24930E+01
5425	639	5.24948E+01
9878	469	5.25047E+01
7836	133	5.25089E+01
9878	605	5.25109E+01
11218	226	5.25257E+01
11300	547	5.25381E+01
7746	798	5.25384E+01
7836	638	5.25399E+01
7836	462	5.25419E+01
5322	724	5.25499E+01
8033	228	5.25537E+01
7656	232	5.25600E+01
9878	563	5.25619E+01
5425	766	5.25705E+01
7746	588	5.25796E+01
7656	758	5.25817E+01
5425	809	5.25903E+01
9878	429	5.26009E+01
9878	647	5.26041E+01
7387	639	5.26054E+01
11218	274	5.26068E+01
5322	810	5.26223E+01
11300	229	5.26243E+01
7387	685	5.26253E+01
5056	426	5.26307E+01
8033	366	5.26320E+01
5425	681	5.26331E+01
9878	431	5.26364E+01
7836	371	5.26392E+01
11300	568	5.26483E+01
11300	277	5.26524E+01
11218	273	5.26776E+01
7746	233	5.26829E+01
9878	607	5.26887E+01
8033	139	5.26907E+01
5425	368	5.26991E+01
11300	222	5.27049E+01
5056	590	5.27126E+01
7836	679	5.27134E+01
7656	280	5.27136E+01
7836	761	5.27215E+01
8033	273	5.27231E+01
11300	413	5.27233E+01
11300	567	5.27301E+01
5322	278	5.27366E+01
7836	755	5.27369E+01
7836	720	5.27373E+01
8033	323	5.27418E+01
9878	646	5.27428E+01
8033	326	5.27547E+01
5425	650	5.27552E+01
5322	650	5.27561E+01
5159	807	5.27584E+01
7836	713	5.27600E+01
7836	802	5.27648E+01
7656	461	5.27653E+01
7387	278	5.27723E+01
7387	725	5.27751E+01
9878	648	5.27751E+01
11300	454	5.27810E+01
7656	637	5.27897E+01
11218	323	5.27943E+01
9878	560	5.28131E+01
7656	759	5.28172E+01
8033	364	5.28175E+01
7387	604	5.28190E+01
9878	472	5.28239E+01
7387	681	5.28253E+01
9878	688	5.28279E+01
11218	324	5.28302E+01
7387	724	5.28377E+01
11218	142	5.28481E+01
11218	224	5.28517E+01
9878	689	5.28654E+01
7387	597	5.28756E+01
5425	597	5.28952E+01
9878	379	5.28976E+01
7656	757	5.29042E+01
8033	416	5.29104E+01
9878	604	5.29119E+01
5322	230	5.29317E+01
8033	417	5.29365E+01
7836	797	5.29407E+01
11300	367	5.29413E+01
9878	380	5.29426E+01
7746	597	5.29470E+01
5056	800	5.29578E+01
11218	227	5.29624E+01
11300	549	5.29664E+01
11137	140	5.29683E+01
5159	221	5.29714E+01
11218	275	5.29792E+01
7746	281	5.30000E+01
11218	138	5.30064E+01
9878	428	5.30169E+01
9878	468	5.30207E+01
7387	230	5.30246E+01
9878	730	5.30305E+01
11218	364	5.30313E+01
7656	268	5.30398E+01
5159	766	5.30433E+01
9878	432	5.30489E+01
11300	136	5.30526E+01
7656	544	5.30559E+01
7836	671	5.30676E+01
7656	678	5.30696E+01
9878	564	5.30713E+01
9878	378	5.31017E+01
9878	687	5.31066E+01
5159	558	5.31070E+01
7836	422	5.31120E+01
11137	141	5.31178E+01
7387	726	5.31190E+01
5056	221	5.31277E+01
11300	592	5.31340E+01
11300	458	5.31387E+01
7656	370	5.31506E+01
5425	723	5.31649E+01
5159	453	5.31699E+01
11137	139	5.31730E+01
9878	729	5.31753E+01
9878	731	5.31758E+01
5056	807	5.31842E+01
7387	368	5.31844E+01
9878	690	5.31868E+01
11218	272	5.31935E+01
7836	451	5.31968E+01
8033	224	5.32041E+01
9878	608	5.32085E+01
11300	591	5.32211E+01
9878	645	5.32238E+01
9878	649	5.32257E+01
11137	225	5.32263E+01
11300	546	5.32270E+01
7836	331	5.32343E+01
8033	277	5.32377E+01
11218	322	5.32403E+01
7746	451	5.32454E+01
11300	418	5.32454E+01
11218	365	5.32585E+01
8033	367	5.32672E+01
7656	672	5.32698E+01
9878	772	5.32756E+01
11137	226	5.32782E+01
7387	645	5.32826E+01
7746	713	5.32860E+01
7746	638	5.33093E+01
7656	719	5.33101E+01
5159	412	5.33103E+01
11218	363	5.33224E+01
7746	410	5.33244E+01
8033	229	5.33260E+01
7656	318	5.33293E+01
9878	771	5.33431E+01
11300	361	5.33442E+01
11218	325	5.33451E+01
7836	410	5.33502E+01
7387	723	5.33518E+01
11137	274	5.33573E+01
7656	359	5.33641E+01
7387	379	5.33646E+01
7746	761	5.33684E+01
7746	755	5.33698E+01
5322	639	5.33814E+01
7656	714	5.33880E+01
8033	457	5.33902E+01
11300	327	5.33953E+01
7656	421	5.33967E+01
7746	720	5.34006E+01
5425	460	5.34017E+01
8033	415	5.34097E+01
11300	566	5.34134E+01
11137	273	5.34151E+01
7746	679	5.34197E+01
7746	802	5.34245E+01
5056	453	5.34294E+01
5425	327	5.34325E+01
5425	473	5.34404E+01
11300	270	5.34481E+01
5056	766	5.34489E+01
11218	415	5.34532E+01
5159	725	5.34617E+01
11300	320	5.34646E+01
9878	773	5.34720E+01
5322	609	5.34752E+01
9878	473	5.34752E+01
7746	671	5.34760E+01
8033	418	5.34778E+01
5322	368	5.34825E+01
7836	234	5.34854E+01
5425	609	5.34870E+01
7656	630	5.34885E+01
5322	766	5.34988E+01
7387	460	5.34992E+01
5322	473	5.35056E+01
5322	809	5.35102E+01
9878	814	5.35231E+01
11137	323	5.35358E+01
5056	412	5.35364E+01
5322	681	5.35441E+01
9878	813	5.35595E+01
7746	462	5.35617E+01
5159	715	5.35664E+01
9878	377	5.35706E+01
7387	686	5.35766E+01
9878	732	5.35784E+01
11137	224	5.35785E+01
9878	559	5.35826E+01
11137	324	5.35843E+01
11218	416	5.35943E+01
8033	138	5.36070E+01
11218	223	5.36087E+01
7656	800	5.36097E+01
7656	760	5.36111E+01
8033	458	5.36124E+01
11137	142	5.36132E+01
8033	327	5.36394E+01
9878	728	5.36452E+01
7387	561	5.36464E+01
5056	558	5.36466E+01
8033	363	5.36579E+01
7746	797	5.36699E+01
7656	133	5.36722E+01
8033	322	5.36729E+01
8033	272	5.36738E+01
5159	135	5.36776E+01
5425	808	5.36820E+01
9878	603	5.36822E+01
7656	219	5.36843E+01
11300	593	5.36886E+01
7387	766	5.36893E+01
7656	799	5.37060E+01
9878	770	5.37093E+01
8033	456	5.37143E+01
5425	419	5.37158E+01
11137	138	5.37240E+01
5159	673	5.37257E+01
11137	227	5.37275E+01
7836	629	5.37293E+01
9878	686	5.37360E+01
7387	767	5.37376E+01
11137	275	5.37425E+01
7746	287	5.37486E+01
7836	543	5.37492E+01
9878	427	5.37492E+01
5159	757	5.37543E+01
9878	691	5.37615E+01
7656	756	5.37646E+01
5322	597	5.37716E+01
11218	276	5.37731E+01
11218	228	5.37739E+01
11137	364	5.37781E+01
5425	565	5.38031E+01
5322	565	5.38141E+01
9878	338	5.38175E+01
5056	135	5.38180E+01
7746	371	5.38250E+01
7387	727	5.38272E+01
9878	565	5.38348E+01
5159	336	5.38364E+01
11300	633	5.38435E+01
5159	381	5.38510E+01
7746	543	5.38513E+01
7746	267	5.38595E+01
5159	684	5.38613E+01
11218	414	5.38614E+01
5159	376	5.38624E+01
5056	725	5.38669E+01
9878	812	5.38687E+01
5159	602	5.38717E+01
7387	552	5.38879E+01
9878	467	5.38888E+01
11218	137	5.38900E+01
7656	553	5.38912E+01
7656	330	5.39165E+01
11137	272	5.39179E+01
7836	287	5.39219E+01
11300	590	5.39227E+01
7387	419	5.39275E+01
9878	650	5.39280E+01
7836	554	5.39463E+01
11137	322	5.39690E+01
7387	327	5.39694E+01
11218	456	5.39704E+01
5159	545	5.39769E+01
9878	609	5.39800E+01
7836	282	5.39957E+01
11218	366	5.39978E+01
5425	765	5.40027E+01
7746	629	5.40092E+01
11300	632	5.40129E+01
11137	365	5.40166E+01
11300	230	5.40373E+01
8033	549	5.40383E+01
5056	715	5.40457E+01
5425	552	5.40545E+01
7836	267	5.40549E+01
7656	801	5.40565E+01
7387	765	5.40566E+01
5056	381	5.40568E+01
11137	363	5.40573E+01
5159	643	5.40627E+01
11300	453	5.40776E+01
9878	644	5.40819E+01
7387	680	5.40915E+01
11300	550	5.41076E+01
11137	325	5.41112E+01
5322	723	5.41168E+01
11218	362	5.41170E+01
11300	278	5.41333E+01
11218	271	5.41337E+01
11218	455	5.41401E+01
7656	588	5.41425E+01
7746	132	5.41478E+01
11218	321	5.41495E+01
5056	673	5.41506E+01
7387	768	5.41576E+01
11300	221	5.41700E+01
11300	412	5.41767E+01
5425	229	5.41852E+01
11137	415	5.41986E+01
7387	430	5.42023E+01
7387	638	5.42036E+01
5425	277	5.42071E+01
5322	327	5.42110E+01
5159	799	5.42159E+01
7387	470	5.42260E+01
7746	422	5.42329E+01
5322	460	5.42412E+01
9878	337	5.42458E+01
5056	545	5.42632E+01
7746	317	5.42726E+01
5056	684	5.42838E+01
5056	757	5.42866E+01
11218	417	5.42877E+01
11218	326	5.43160E+01
8033	548	5.43199E+01
8033	550	5.43202E+01
9878	376	5.43216E+01
11137	223	5.43226E+01
5159	631	5.43270E+01
8033	278	5.43311E+01
11300	634	5.43326E+01
7656	798	5.43363E+01
8033	368	5.43485E+01
8033	223	5.43490E+01
11137	416	5.43498E+01
7746	358	5.43585E+01
7387	722	5.43635E+01
5056	602	5.43672E+01
8033	459	5.43687E+01
7387	605	5.43783E+01
5159	808	5.43787E+01
11218	457	5.43854E+01
7746	218	5.43909E+01
7836	132	5.44046E+01
8033	230	5.44060E+01
9878	769	5.44116E+01
8033	414	5.44257E+01
7836	803	5.44400E+01
7836	317	5.44463E+01
11300	545	5.44663E+01
9878	727	5.44771E+01
11300	135	5.44775E+01
7836	358	5.44869E+01
9878	811	5.44877E+01
5159	467	5.44919E+01
11300	381	5.44929E+01
7746	331	5.44989E+01
8033	419	5.45087E+01
5056	643	5.45170E+01
5056	376	5.45324E+01
5322	419	5.45381E+01
5056	336	5.45384E+01
8033	568	5.45440E+01
7656	233	5.45473E+01
11137	276	5.45487E+01
11137	228	5.45512E+01
7656	597	5.45746E+01
7387	808	5.45763E+01
8033	455	5.45788E+01
11300	368	5.45830E+01
11300	674	5.45860E+01
11137	137	5.45959E+01
11137	414	5.45959E+01
7836	796	5.46150E+01
11218	548	5.46227E+01
7836	218	5.46348E+01
7836	754	5.46439E+01
5159	269	5.46567E+01
11300	459	5.46706E+01
7387	809	5.46753E+01
11218	547	5.46805E+01
5322	808	5.46905E+01
5056	631	5.46954E+01
5425	680	5.47102E+01
7656	451	5.47125E+01
11137	456	5.47206E+01
11218	222	5.47255E+01
7836	762	5.47312E+01
1741	372	5.47347E+01
7387	646	5.47383E+01
9878	558	5.47445E+01
5056	808	5.47496E+01
9878	685	5.47534E+01
7656	410	5.47546E+01
11137	366	5.47665E+01
7387	277	5.47856E+01
1741	373	5.47870E+01
8033	593	5.47876E+01
5425	638	5.47919E+01
5159	360	5.47939E+01
11218	413	5.47943E+01
7746	234	5.47951E+01
5056	799	5.48010E+01
5056	269	5.48041E+01
11300	631	5.48071E+01
7836	598	5.48082E+01
9878	426	5.48191E+01
11218	568	5.48276E+01
7836	587	5.48288E+01
8033	137	5.48348E+01
1741	424	5.48357E+01
11137	362	5.48396E+01
7387	229	5.48409E+01
11137	271	5.48450E+01
7387	687	5.48503E+01
9878	602	5.48563E+01
7387	807	5.48582E+01
7656	281	5.48599E+01
7387	728	5.48607E+01
11137	321	5.48654E+01
1741	332	5.48703E+01
5159	427	5.48725E+01
11218	454	5.48736E+01
11218	567	5.48737E+01
11137	455	5.48814E+01
7387	596	5.48855E+01
7387	764	5.48855E+01
5159	319	5.48887E+01
1741	423	5.48902E+01
11300	594	5.48904E+01
7746	554	5.48925E+01
7656	638	5.49018E+01
7836	712	5.49019E+01
8033	328	5.49021E+01
7387	769	5.49083E+01
11300	673	5.49106E+01
9878	336	5.49125E+01
1741	331	5.49216E+01
11218	229	5.49253E+01
11300	675	5.49279E+01
5322	552	5.49331E+01
11300	419	5.49457E+01
7656	761	5.49466E+01
5322	229	5.49504E+01
11218	277	5.49517E+01
7656	720	5.49649E+01
7746	587	5.49699E+01
5056	360	5.49762E+01
8033	362	5.49767E+01
5322	277	5.49833E+01
7656	713	5.49894E+01
7656	679	5.49896E+01
7746	803	5.49996E+01
5322	765	5.50148E+01
8033	594	5.50169E+01
1741	371	5.50181E+01
5159	767	5.50299E+01
7836	721	5.50334E+01
8033	271	5.50364E+01
7656	802	5.50369E+01
5056	319	5.50490E+01
8033	321	5.50496E+01
11137	417	5.50522E+01
11218	136	5.50534E+01
11300	360	5.50561E+01
5056	467	5.50787E+01
5425	722	5.50917E+01
11137	326	5.50936E+01
5425	807	5.51043E+01
1741	333	5.51065E+01
7656	287	5.51070E+01
7387	810	5.51125E+01
11300	328	5.51214E+01
1741	425	5.51220E+01
7656	671	5.51243E+01
7656	755	5.51244E+01
11300	269	5.51320E+01
8033	592	5.51331E+01
9878	466	5.51353E+01
11137	457	5.51433E+01
1741	374	5.51495E+01
8033	551	5.51552E+01
8033	547	5.51570E+01
1741	464	5.51663E+01
11218	549	5.51795E+01
7387	380	5.51853E+01
1741	465	5.51890E+01
11300	589	5.51902E+01
7746	754	5.51926E+01
7836	639	5.51997E+01
11300	319	5.52018E+01
7656	267	5.52078E+01
11218	367	5.52251E+01
1741	282	5.52295E+01
7836	680	5.52318E+01
1851	372	5.52624E+01
7656	462	5.52716E+01
7746	796	5.52757E+01
1741	330	5.52868E+01
7746	762	5.52927E+01
11218	592	5.53119E+01
1741	422	5.53134E+01
7746	282	5.53214E+01
7836	372	5.53229E+01
11218	546	5.53306E+01
7746	712	5.53315E+01
7656	543	5.53497E+01
9878	643	5.53552E+01
1741	281	5.53563E+01
1741	283	5.53615E+01
11218	591	5.53653E+01
9878	375	5.53739E+01
11137	548	5.53745E+01
11218	361	5.53782E+01
11218	458	5.53845E+01
5056	767	5.53868E+01
11300	715	5.53927E+01
8033	567	5.53932E+01
1851	423	5.53960E+01
7836	463	5.53977E+01
1851	331	5.54043E+01
5425	367	5.54067E+01
1851	373	5.54094E+01
11137	547	5.54255E+01
11137	222	5.54269E+01
7836	670	5.54392E+01
1851	332	5.54395E+01
1851	424	5.54457E+01
1851	371	5.54492E+01
11218	270	5.54559E+01
9878	810	5.54561E+01
7656	132	5.54702E+01
7656	797	5.54722E+01
11218	320	5.54819E+01
9878	768	5.54896E+01
5425	596	5.54901E+01
11300	635	5.54921E+01
5159	589	5.54938E+01
7387	562	5.55069E+01
5056	427	5.55072E+01
11218	418	5.55172E+01
11137	413	5.55174E+01
11218	566	5.55188E+01
1741	463	5.55202E+01
11300	716	5.55219E+01
1741	466	5.55601E+01
7387	806	5.55658E+01
11137	568	5.55795E+01
7656	629	5.55984E+01
11137	454	5.56050E+01
7387	367	5.56070E+01
1741	334	5.56089E+01
11137	567	5.56195E+01
7656	371	5.56303E+01
7746	721	5.56307E+01
8033	460	5.56329E+01
7656	317	5.56336E+01
8033	634	5.56400E+01
7746	598	5.56589E+01
1741	370	5.56677E+01
1741	557	5.56741E+01
1851	330	5.56808E+01
5322	680	5.56945E+01
1851	464	5.57011E+01
1741	556	5.57028E+01
11300	231	5.57048E+01
11218	327	5.57055E+01
9878	726	5.57108E+01
1851	422	5.57135E+01
11137	229	5.57143E+01
7656	218	5.57187E+01
1741	426	5.57252E+01
8033	635	5.57262E+01
8033	279	5.57286E+01
1741	284	5.57288E+01
11137	277	5.57390E+01
7746	670	5.57424E+01
7656	358	5.57428E+01
5322	638	5.57468E+01
11137	136	5.57480E+01
1851	282	5.57488E+01
8033	231	5.57497E+01
1851	333	5.57604E+01
1741	280	5.57710E+01
5159	726	5.57856E+01
1741	234	5.57897E+01
1851	281	5.57966E+01
1741	375	5.58014E+01
5056	589	5.58031E+01
7836	332	5.58053E+01
8033	595	5.58151E+01
7746	450	5.58161E+01
11300	452	5.58332E+01
1851	425	5.58350E+01
9878	335	5.58350E+01
8033	369	5.58357E+01
1851	465	5.58362E+01
5425	764	5.58383E+01
8033	222	5.58422E+01
7387	811	5.58479E+01
11300	551	5.58496E+01
11300	672	5.58596E+01
1851	374	5.58654E+01
7836	450	5.58746E+01
11300	220	5.58787E+01
1741	233	5.58816E+01
7746	409	5.58891E+01
5159	220	5.58914E+01
7746	680	5.58949E+01
11218	593	5.58969E+01
11300	279	5.59105E+01
7387	721	5.59169E+01
7387	679	5.59279E+01
11300	714	5.59279E+01
8033	413	5.59282E+01
11137	549	5.59362E+01
11300	339	5.59384E+01
1851	463	5.59416E+01
7746	639	5.59510E+01
7387	770	5.59512E+01
11300	676	5.59558E+01
8033	454	5.59572E+01
1851	283	5.59577E+01
7746	131	5.59732E+01
7836	423	5.59806E+01
7656	422	5.59936E+01
8033	420	5.59940E+01
1741	329	5.59986E+01
1741	558	5.59990E+01
1851	370	5.60001E+01
11137	367	5.60037E+01
7387	459	5.60045E+01
5056	220	5.60147E+01
11218	633	5.60165E+01
7836	409	5.60184E+01
11218	590	5.60304E+01
8033	591	5.60413E+01
11300	411	5.60416E+01
11137	592	5.60638E+01
11137	546	5.60674E+01
11300	134	5.60694E+01
11137	361	5.60882E+01
5159	559	5.60917E+01
11137	591	5.61127E+01
1741	555	5.61152E+01
5322	722	5.61212E+01
11218	453	5.61285E+01
1851	280	5.61297E+01
8033	633	5.61328E+01
1741	421	5.61372E+01
11137	458	5.61487E+01
5056	726	5.61497E+01
11218	221	5.61520E+01
7746	266	5.61522E+01
11137	270	5.61544E+01
11218	632	5.61550E+01
5425	326	5.61614E+01
11300	757	5.61659E+01
11300	630	5.61710E+01
7387	729	5.61831E+01
11137	320	5.61849E+01
11300	544	5.61922E+01
5322	807	5.61985E+01
9878	684	5.61995E+01
11218	412	5.62052E+01
7387	431	5.62152E+01
1741	232	5.62216E+01
7387	763	5.62223E+01
1851	556	5.62233E+01
5159	339	5.62252E+01
7387	606	5.62325E+01
5322	367	5.62349E+01
7387	471	5.62451E+01
9878	425	5.62504E+01
1741	467	5.62547E+01
11137	566	5.62569E+01
5159	809	5.62673E+01
1741	462	5.62820E+01
1851	234	5.62879E+01
11137	418	5.62897E+01
5159	756	5.62899E+01
7836	131	5.62948E+01
11300	756	5.62986E+01
1851	329	5.63012E+01
1851	233	5.63079E+01
1741	285	5.63124E+01
1741	601	5.63125E+01
5425	459	5.63140E+01
7836	628	5.63144E+01
1851	557	5.63149E+01
1851	466	5.63190E+01
5159	714	5.63267E+01
8033	136	5.63289E+01
5159	134	5.63298E+01
9878	557	5.63315E+01
11300	717	5.63439E+01
1851	334	5.63463E+01
7656	331	5.63497E+01
11218	550	5.63517E+01
1741	335	5.63598E+01
11218	230	5.63741E+01
5056	339	5.63807E+01
8033	636	5.63909E+01
7387	637	5.63918E+01
7387	551	5.63921E+01
1851	284	5.64002E+01
7387	688	5.64121E+01
7836	283	5.64255E+01
5322	596	5.64292E+01
1851	421	5.64300E+01
7836	266	5.64330E+01
5056	134	5.64413E+01
11218	135	5.64442E+01
7746	542	5.64538E+01
7836	542	5.64608E+01
7387	326	5.64635E+01
7746	463	5.64664E+01
11218	278	5.64700E+01
9878	601	5.64716E+01
5159	685	5.64764E+01
1741	602	5.64792E+01
7387	647	5.64842E+01
7746	628	5.64843E+01
7746	217	5.64871E+01
11137	327	5.64940E+01
7656	587	5.64960E+01
8033	329	5.64988E+01
8033	676	5.64995E+01
1741	600	5.65008E+01
11218	381	5.65051E+01
1741	279	5.65095E+01
1851	555	5.65150E+01
8033	552	5.65187E+01
8033	546	5.65220E+01
7656	803	5.65248E+01
11218	545	5.65296E+01
11218	634	5.65322E+01
1851	426	5.65405E+01
5159	798	5.65447E+01
5159	452	5.65450E+01
7656	554	5.65498E+01
5159	337	5.65670E+01
7387	418	5.65706E+01
1851	232	5.65731E+01
5056	809	5.65778E+01
7746	372	5.65849E+01
1851	462	5.65890E+01
5425	228	5.66041E+01
1851	375	5.66098E+01
7836	804	5.66229E+01
1741	427	5.66253E+01
8033	675	5.66268E+01
5056	559	5.66301E+01
11300	369	5.66346E+01
1741	559	5.66491E+01
11137	593	5.66510E+01
9878	286	5.66623E+01
7656	234	5.66872E+01
5425	418	5.66961E+01
5159	411	5.67056E+01
1741	369	5.67189E+01
7836	795	5.67207E+01
5159	672	5.67234E+01
11300	758	5.67235E+01
1741	376	5.67245E+01
11300	595	5.67252E+01
7746	316	5.67278E+01
8033	361	5.67318E+01
11300	460	5.67387E+01
7387	805	5.67453E+01
9878	374	5.67495E+01
11218	674	5.67525E+01
1851	558	5.67593E+01
8033	270	5.67632E+01
5056	452	5.67654E+01
11137	633	5.67685E+01
11137	590	5.67712E+01
8033	566	5.67723E+01
5056	714	5.67739E+01
1851	279	5.67834E+01
9878	465	5.67891E+01
7656	762	5.67913E+01
5159	377	5.67928E+01
5056	756	5.67946E+01
7836	217	5.68061E+01
9878	809	5.68163E+01
8033	320	5.68265E+01
11137	221	5.68414E+01
5159	603	5.68435E+01
7387	812	5.68438E+01
1741	231	5.68464E+01
11137	453	5.68490E+01
5056	685	5.68670E+01
5425	276	5.68920E+01
5056	411	5.68931E+01
5425	806	5.68943E+01
5159	644	5.69022E+01
1851	601	5.69034E+01
11218	368	5.69035E+01
11137	632	5.69046E+01
11300	798	5.69069E+01
11218	631	5.69147E+01
11137	412	5.69163E+01
7746	357	5.69235E+01
7656	754	5.69273E+01
5322	764	5.69309E+01
7746	91	5.69426E+01
1741	554	5.69438E+01
11218	459	5.69491E+01
1851	369	5.69502E+01
7836	753	5.69509E+01
8033	677	5.69530E+01
11300	588	5.69563E+01
1851	600	5.69650E+01
1741	603	5.69693E+01
5322	326	5.69810E+01
10603	377	5.69835E+01
9878	767	5.69861E+01
7836	316	5.69924E+01
7656	712	5.70075E+01
7836	555	5.70134E+01
10603	427	5.70146E+01
10603	376	5.70291E+01
9878	334	5.70330E+01
5425	551	5.70345E+01
11218	360	5.70480E+01
11218	673	5.70486E+01
7746	804	5.70570E+01
1851	285	5.70576E+01
11300	268	5.70647E+01
10603	428	5.70654E+01
7656	796	5.70669E+01
10687	377	5.70739E+01
11300	713	5.70761E+01
1741	599	5.70772E+01
11300	755	5.70827E+01
10687	427	5.70842E+01
9878	642	5.70852E+01
7387	228	5.70885E+01
1741	328	5.70955E+01
1741	286	5.70962E+01
11218	269	5.71002E+01
11300	359	5.71015E+01
5056	798	5.71071E+01
11137	550	5.71116E+01
5056	672	5.71125E+01
11300	420	5.71143E+01
10687	376	5.71162E+01
11218	675	5.71177E+01
1851	231	5.71199E+01
1741	643	5.71206E+01
1851	467	5.71247E+01
11218	594	5.71252E+01
7656	721	5.71259E+01
11137	135	5.71280E+01
10687	428	5.71370E+01
7836	357	5.71484E+01
7746	332	5.71512E+01
11300	799	5.71575E+01
8033	596	5.71605E+01
7746	423	5.71654E+01
11137	230	5.71742E+01
11300	329	5.71777E+01
11218	319	5.71780E+01
1851	335	5.71796E+01
8033	632	5.71858E+01
1851	602	5.71965E+01
1741	642	5.71992E+01
5322	459	5.72065E+01
7656	282	5.72090E+01
11137	381	5.72101E+01
1851	554	5.72222E+01
11300	318	5.72275E+01
10603	378	5.72296E+01
7836	763	5.72406E+01
7656	450	5.72449E+01
10603	337	5.72488E+01
1741	468	5.72501E+01
7387	771	5.72506E+01
11218	419	5.72521E+01
11137	545	5.72568E+01
11218	589	5.72592E+01
7656	598	5.72601E+01
11137	278	5.72685E+01
7656	131	5.72714E+01
7387	276	5.72731E+01
7656	409	5.72817E+01
11137	634	5.72839E+01
5159	768	5.72854E+01
10603	336	5.72881E+01
5056	337	5.72907E+01
7746	795	5.72913E+01
5425	679	5.72962E+01
10603	468	5.72987E+01
