GRAM	c2h2	chi_tot
3656	231	2.50341E+01
3656	232	2.50512E+01
3656	230	2.51150E+01
3656	233	2.51545E+01
3656	229	2.53093E+01
3656	234	2.53363E+01
3656	142	2.53888E+01
3656	279	2.54335E+01
3656	280	2.54890E+01
3656	278	2.54942E+01
3656	228	2.56335E+01
3656	281	2.56430E+01
3550	232	2.56656E+01
3550	231	2.56807E+01
3656	277	2.56897E+01
3550	233	2.57333E+01
3656	329	2.57755E+01
3656	328	2.57800E+01
3550	230	2.57911E+01
3550	234	2.58757E+01
3656	282	2.58810E+01
3656	330	2.58957E+01
3656	327	2.59282E+01
3656	141	2.60098E+01
3550	229	2.60125E+01
3656	276	2.60380E+01
3550	142	2.60393E+01
3656	227	2.61033E+01
3550	279	2.61181E+01
3656	331	2.61237E+01
3656	369	2.61282E+01
3550	280	2.61498E+01
3656	283	2.61924E+01
3656	370	2.61935E+01
3550	278	2.62015E+01
3656	368	2.62115E+01
3656	326	2.62383E+01
3550	281	2.62785E+01
3550	228	2.63620E+01
3656	371	2.63864E+01
3550	277	2.64190E+01
3656	332	2.64450E+01
3550	329	2.64632E+01
3656	367	2.64643E+01
3550	282	2.64893E+01
3550	328	2.64895E+01
3656	275	2.65529E+01
3656	420	2.65574E+01
3550	330	2.65611E+01
3656	284	2.65705E+01
3656	421	2.66016E+01
3550	327	2.66591E+01
3656	419	2.66776E+01
3656	372	2.66889E+01
3550	141	2.66989E+01
3656	325	2.67255E+01
3656	226	2.67294E+01
3550	331	2.67659E+01
3656	140	2.67683E+01
3550	283	2.67711E+01
3656	422	2.67872E+01
3550	276	2.67886E+01
3550	369	2.68355E+01
3656	333	2.68484E+01
3550	227	2.68554E+01
3550	370	2.68785E+01
3656	366	2.69042E+01
3550	368	2.69407E+01
3656	418	2.69830E+01
3550	326	2.69904E+01
3656	285	2.70127E+01
3656	461	2.70413E+01
3550	371	2.70488E+01
3550	332	2.70630E+01
3656	373	2.70867E+01
3656	423	2.70930E+01
3656	460	2.71009E+01
3550	284	2.71166E+01
3656	462	2.71449E+01
3550	367	2.72155E+01
3656	274	2.72412E+01
3550	420	2.72760E+01
3550	421	2.72970E+01
3550	275	2.73242E+01
3656	334	2.73249E+01
3550	372	2.73281E+01
3656	459	2.73452E+01
3656	463	2.73889E+01
3656	324	2.73984E+01
3550	419	2.74192E+01
3550	333	2.74405E+01
3550	422	2.74592E+01
3656	417	2.74882E+01
3550	140	2.74922E+01
3550	325	2.74985E+01
3656	424	2.75022E+01
3550	226	2.75038E+01
3656	225	2.75153E+01
3656	286	2.75197E+01
3550	285	2.75224E+01
3656	365	2.75412E+01
3656	374	2.75692E+01
3656	553	2.75788E+01
3656	552	2.76299E+01
3656	139	2.76551E+01
3550	366	2.76770E+01
3656	554	2.76931E+01
3550	373	2.77018E+01
3550	423	2.77412E+01
3550	418	2.77475E+01
3656	464	2.77524E+01
3550	461	2.77588E+01
3656	458	2.77902E+01
3550	462	2.78378E+01
3550	460	2.78427E+01
3656	551	2.78671E+01
3656	335	2.78680E+01
3550	334	2.78891E+01
3656	555	2.79505E+01
3550	286	2.79886E+01
3656	425	2.80024E+01
3550	274	2.80328E+01
3550	463	2.80569E+01
3656	273	2.81016E+01
3550	459	2.81112E+01
3550	424	2.81258E+01
3656	375	2.81286E+01
3656	597	2.81493E+01
3550	374	2.81589E+01
3550	324	2.81921E+01
3656	416	2.81989E+01
3656	465	2.82193E+01
3656	596	2.82310E+01
3656	598	2.82367E+01
3656	323	2.82577E+01
3550	417	2.82754E+01
3550	553	2.83033E+01
3656	550	2.83059E+01
3550	225	2.83108E+01
3656	556	2.83306E+01
3550	365	2.83355E+01
3656	364	2.83759E+01
3550	552	2.83801E+01
3550	554	2.83915E+01
3550	464	2.83951E+01
3550	335	2.84015E+01
3550	139	2.84103E+01
3656	457	2.84436E+01
3656	224	2.84554E+01
3656	599	2.84715E+01
3656	336	2.84733E+01
3656	595	2.85014E+01
3550	458	2.85799E+01
3656	426	2.85853E+01
3550	425	2.86005E+01
3550	555	2.86224E+01
3550	551	2.86426E+01
3656	138	2.86564E+01
3550	375	2.86911E+01
3656	638	2.87584E+01
3656	376	2.87588E+01
3656	466	2.87776E+01
3656	639	2.87887E+01
3656	557	2.88167E+01
3656	600	2.88331E+01
3550	465	2.88358E+01
3550	597	2.88881E+01
3656	637	2.89013E+01
3550	273	2.89130E+01
3550	598	2.89479E+01
3656	549	2.89539E+01
3656	640	2.89709E+01
3550	336	2.89726E+01
3656	594	2.89743E+01
3550	556	2.89755E+01
3550	596	2.89968E+01
3550	416	2.90082E+01
3550	323	2.90715E+01
3550	550	2.91062E+01
3656	415	2.91102E+01
3656	272	2.91243E+01
3656	337	2.91386E+01
3550	599	2.91547E+01
3550	426	2.91565E+01
3550	364	2.91912E+01
3656	636	2.92351E+01
3656	427	2.92453E+01
3550	457	2.92565E+01
3550	224	2.92710E+01
3656	641	2.92835E+01
3550	376	2.92918E+01
3550	595	2.92935E+01
3656	322	2.92937E+01
3656	456	2.93029E+01
3656	601	2.93037E+01
3550	466	2.93669E+01
3656	680	2.93712E+01
3656	558	2.93963E+01
3656	363	2.93980E+01
3656	467	2.94197E+01
3656	679	2.94222E+01
3550	557	2.94338E+01
3550	138	2.94397E+01
3656	377	2.94553E+01
3656	681	2.94760E+01
3550	600	2.94877E+01
3550	638	2.95182E+01
3550	639	2.95197E+01
3656	223	2.95348E+01
3550	337	2.95996E+01
3656	678	2.96497E+01
3656	593	2.96556E+01
3550	640	2.96725E+01
3550	637	2.96890E+01
3656	642	2.97074E+01
3656	682	2.97148E+01
3656	137	2.97536E+01
3656	635	2.97713E+01
3550	549	2.97782E+01
3550	427	2.97876E+01
3550	594	2.97921E+01
3656	548	2.98087E+01
3656	338	2.98653E+01
3656	602	2.98687E+01
3550	601	2.99288E+01
3550	415	2.99412E+01
3550	272	2.99547E+01
3550	641	2.99551E+01
3550	377	2.99559E+01
3656	428	2.99783E+01
3550	467	2.99803E+01
3550	558	2.99845E+01
3656	568	3.00074E+01
3656	721	3.00088E+01
3656	722	3.00174E+01
3550	636	3.00499E+01
3656	559	3.00597E+01
3656	683	3.00671E+01
3656	677	3.00690E+01
3550	322	3.01271E+01
3550	680	3.01284E+01
3550	456	3.01383E+01
3656	468	3.01399E+01
3656	720	3.01596E+01
3656	723	3.01637E+01
3550	681	3.02028E+01
3656	414	3.02068E+01
3550	679	3.02091E+01
3656	378	3.02153E+01
3656	643	3.02263E+01
3550	363	3.02338E+01
3550	338	3.02829E+01
3656	271	3.02902E+01
3550	642	3.03481E+01
3656	455	3.03553E+01
3550	223	3.03694E+01
3550	682	3.04105E+01
3656	724	3.04261E+01
3550	602	3.04634E+01
3550	678	3.04651E+01
3656	321	3.04860E+01
3656	719	3.04883E+01
3550	428	3.04893E+01
3550	593	3.04978E+01
3656	634	3.05122E+01
3656	684	3.05148E+01
3656	603	3.05163E+01
3656	592	3.05408E+01
3550	137	3.05623E+01
3656	362	3.05865E+01
3550	635	3.06121E+01
3550	559	3.06175E+01
3656	763	3.06240E+01
3550	548	3.06561E+01
3656	764	3.06645E+01
3550	468	3.06699E+01
3550	378	3.06798E+01
3656	676	3.06877E+01
3656	762	3.07249E+01
3656	222	3.07291E+01
3550	683	3.07307E+01
3550	722	3.07759E+01
3656	429	3.07811E+01
3656	725	3.07854E+01
3550	721	3.07982E+01
3656	560	3.07997E+01
3656	765	3.08246E+01
3656	644	3.08261E+01
3550	643	3.08351E+01
3656	547	3.08573E+01
3550	568	3.08596E+01
3550	723	3.08902E+01
3550	677	3.09117E+01
3656	136	3.09244E+01
3656	469	3.09341E+01
3550	720	3.09790E+01
3656	761	3.09873E+01
3656	718	3.10067E+01
3656	379	3.10384E+01
3656	685	3.10429E+01
3550	414	3.10584E+01
3656	567	3.10611E+01
3550	603	3.10791E+01
3656	766	3.10843E+01
3550	724	3.11198E+01
3550	271	3.11389E+01
3550	684	3.11454E+01
3550	455	3.12121E+01
3656	726	3.12256E+01
3656	604	3.12368E+01
3656	805	3.12459E+01
3550	429	3.12577E+01
3656	806	3.12960E+01
3656	804	3.13195E+01
3550	560	3.13252E+01
3550	719	3.13362E+01
3550	321	3.13383E+01
3550	634	3.13777E+01
3550	644	3.14016E+01
3550	592	3.14062E+01
3550	763	3.14199E+01
3656	760	3.14265E+01
3656	767	3.14265E+01
3550	764	3.14282E+01
3550	469	3.14311E+01
3550	362	3.14419E+01
3550	725	3.14453E+01
3656	807	3.14494E+01
3656	633	3.14502E+01
3550	379	3.14621E+01
3656	413	3.14624E+01
3656	645	3.14953E+01
3656	675	3.15042E+01
3656	803	3.15374E+01
3550	762	3.15517E+01
3550	765	3.15551E+01
3550	676	3.15563E+01
3656	270	3.15713E+01
3656	454	3.15767E+01
3550	222	3.15815E+01
3656	561	3.16108E+01
3656	591	3.16146E+01
3656	686	3.16385E+01
3550	685	3.16392E+01
3656	430	3.16519E+01
3656	808	3.16881E+01
3656	717	3.17182E+01
3550	547	3.17265E+01
3656	727	3.17331E+01
3550	136	3.17557E+01
3550	604	3.17658E+01
3550	766	3.17806E+01
3656	470	3.17993E+01
3656	320	3.18032E+01
3656	768	3.18370E+01
3550	761	3.18438E+01
3550	726	3.18504E+01
3550	718	3.18816E+01
3656	361	3.19095E+01
3656	802	3.19166E+01
3656	380	3.19273E+01
3550	567	3.19351E+01
3656	809	3.19968E+01
3656	221	3.20063E+01
3656	605	3.20228E+01
3550	645	3.20359E+01
3656	759	3.20498E+01
3550	805	3.20523E+01
3550	806	3.20694E+01
3656	546	3.20754E+01
3550	767	3.20874E+01
3550	430	3.20903E+01
3550	561	3.21016E+01
3656	135	3.21430E+01
3550	804	3.21577E+01
3550	807	3.21886E+01
3550	686	3.21990E+01
3656	646	3.22248E+01
3550	470	3.22601E+01
3656	566	3.22828E+01
3656	687	3.22913E+01
3656	728	3.22966E+01
3656	769	3.23037E+01
3550	380	3.23048E+01
3550	760	3.23108E+01
3550	727	3.23215E+01
3550	413	3.23336E+01
3550	633	3.23385E+01
3656	810	3.23628E+01
3550	808	3.23920E+01
3550	675	3.23968E+01
3550	803	3.24059E+01
3550	270	3.24372E+01
3550	454	3.24537E+01
3550	768	3.24613E+01
3656	801	3.24681E+01
3656	562	3.24885E+01
3550	591	3.25017E+01
3656	674	3.25062E+01
3550	605	3.25157E+01
3656	632	3.25664E+01
3656	431	3.25901E+01
3656	716	3.26161E+01
3550	717	3.26181E+01
3550	809	3.26642E+01
3550	320	3.26734E+01
3550	646	3.27282E+01
3656	471	3.27327E+01
3656	811	3.27749E+01
3550	361	3.27835E+01
3550	802	3.28137E+01
3550	687	3.28140E+01
3656	770	3.28162E+01
3656	412	3.28409E+01
3550	728	3.28468E+01
3656	590	3.28509E+01
3656	758	3.28556E+01
3656	606	3.28684E+01
3550	221	3.28754E+01
3550	769	3.28897E+01
3656	729	3.29069E+01
3656	269	3.29312E+01
3656	453	3.29327E+01
3550	562	3.29416E+01
3550	759	3.29600E+01
3550	546	3.29648E+01
3550	431	3.29856E+01
3550	810	3.29923E+01
3656	688	3.29933E+01
3550	135	3.29946E+01
3656	381	3.29977E+01
3656	647	3.30077E+01
3550	471	3.31535E+01
3550	566	3.31770E+01
3656	800	3.31942E+01
3656	319	3.32050E+01
3656	812	3.32232E+01
3550	606	3.33224E+01
3656	360	3.33271E+01
3656	220	3.33293E+01
7563	337	3.33344E+01
3550	770	3.33619E+01
3550	811	3.33647E+01
3656	771	3.33656E+01
3656	134	3.33819E+01
7563	336	3.33854E+01
3550	801	3.33916E+01
7563	338	3.33957E+01
7563	286	3.34139E+01
3550	729	3.34167E+01
3550	674	3.34207E+01
3656	545	3.34282E+01
3656	563	3.34288E+01
3550	647	3.34715E+01
3550	632	3.34756E+01
3550	688	3.34757E+01
3550	716	3.35388E+01
7563	335	3.35458E+01
3656	730	3.35562E+01
3656	432	3.35973E+01
7563	285	3.36311E+01
3656	673	3.36711E+01
3656	715	3.36836E+01
7563	377	3.36982E+01
3656	813	3.36995E+01
7563	378	3.37262E+01
3550	412	3.37305E+01
3656	472	3.37321E+01
3656	689	3.37385E+01
3550	590	3.37578E+01
3656	607	3.37691E+01
3550	812	3.37711E+01
7563	376	3.37788E+01
3550	758	3.37892E+01
3550	269	3.38134E+01
7563	334	3.38169E+01
3550	453	3.38285E+01
3656	631	3.38318E+01
3656	757	3.38321E+01
3656	648	3.38393E+01
3550	563	3.38405E+01
7563	379	3.38634E+01
3656	339	3.38639E+01
3550	771	3.38687E+01
3550	381	3.38871E+01
4971	230	3.39128E+01
4971	231	3.39390E+01
3550	432	3.39441E+01
3656	772	3.39447E+01
7563	284	3.39689E+01
7563	375	3.39711E+01
4971	229	3.40220E+01
3550	730	3.40230E+01
4868	230	3.40388E+01
4868	231	3.40731E+01
3656	799	3.40879E+01
4971	232	3.40886E+01
3550	319	3.40920E+01
4971	279	3.41042E+01
3550	472	3.41081E+01
4971	278	3.41083E+01
7563	380	3.41144E+01
4868	229	3.41390E+01
3550	800	3.41416E+01
3550	689	3.41777E+01
3550	607	3.41807E+01
3656	814	3.41975E+01
3550	813	3.42031E+01
7563	333	3.42037E+01
3656	589	3.42135E+01
3550	220	3.42138E+01
3550	360	3.42184E+01
4868	232	3.42296E+01
4971	280	3.42311E+01
7563	428	3.42371E+01
3656	731	3.42389E+01
4868	278	3.42480E+01
3550	134	3.42515E+01
4868	279	3.42545E+01
3550	648	3.42600E+01
4971	277	3.42605E+01
4765	230	3.42724E+01
4971	228	3.42807E+01
7563	374	3.42808E+01
7563	429	3.42836E+01
3656	411	3.42991E+01
7563	427	3.43039E+01
4765	231	3.43067E+01
3656	268	3.43283E+01
3550	545	3.43362E+01
4971	233	3.43532E+01
4765	229	3.43718E+01
3656	452	3.43810E+01
4868	228	3.43879E+01
4868	277	3.43889E+01
4868	280	3.43911E+01
3550	772	3.44024E+01
4971	328	3.44081E+01
7563	283	3.44251E+01
3656	564	3.44279E+01
7563	430	3.44424E+01
4971	329	3.44557E+01
4765	232	3.44623E+01
4971	281	3.44736E+01
7563	426	3.44870E+01
4765	278	3.44937E+01
4868	233	3.45000E+01
4765	279	3.45024E+01
4971	327	3.45149E+01
3656	690	3.45220E+01
3656	773	3.45482E+01
4868	328	3.45578E+01
4971	276	3.45772E+01
3550	673	3.46052E+01
3656	133	3.46126E+01
4868	329	3.46166E+01
4765	228	3.46190E+01
3550	715	3.46265E+01
4765	277	3.46318E+01
4971	330	3.46401E+01
4765	280	3.46405E+01
4868	281	3.46425E+01
3656	318	3.46469E+01
4868	327	3.46527E+01
3550	814	3.46539E+01
3550	731	3.46594E+01
3656	219	3.46598E+01
4868	276	3.46936E+01
4971	142	3.46971E+01
4971	227	3.47017E+01
7563	332	3.47144E+01
7563	431	3.47148E+01
3656	649	3.47152E+01
7563	373	3.47156E+01
3656	608	3.47210E+01
4971	234	3.47286E+01
4765	233	3.47305E+01
3550	339	3.47596E+01
3550	631	3.47598E+01
4868	142	3.47631E+01
3550	757	3.47864E+01
7563	425	3.47918E+01
3550	564	3.47936E+01
4971	326	3.47936E+01
3656	359	3.47942E+01
3656	473	3.47958E+01
4868	227	3.47985E+01
4765	328	3.48089E+01
4868	330	3.48114E+01
4971	282	3.48201E+01
4971	369	3.48211E+01
4971	368	3.48538E+01
4765	329	3.48700E+01
3656	544	3.48734E+01
4868	234	3.48800E+01
4765	281	3.48927E+01
3656	714	3.48937E+01
4765	327	3.49009E+01
7563	468	3.49050E+01
3550	690	3.49144E+01
4868	326	3.49188E+01
7563	469	3.49191E+01
4765	276	3.49333E+01
4971	331	3.49458E+01
4971	370	3.49474E+01
3656	732	3.49502E+01
3550	773	3.49571E+01
3656	756	3.49577E+01
4765	142	3.49594E+01
3656	672	3.49664E+01
4868	369	3.49786E+01
4868	282	3.49968E+01
4868	368	3.49994E+01
7563	282	3.50011E+01
7563	467	3.50078E+01
4765	227	3.50274E+01
7563	470	3.50481E+01
3550	799	3.50563E+01
4971	367	3.50661E+01
4765	330	3.50666E+01
4971	275	3.50707E+01
3550	608	3.50859E+01
3550	649	3.50890E+01
7563	432	3.51058E+01
4765	234	3.51069E+01
4868	370	3.51159E+01
3550	473	3.51214E+01
4868	331	3.51266E+01
3656	798	3.51323E+01
3550	589	3.51383E+01
4971	141	3.51574E+01
4765	326	3.51638E+01
4868	275	3.51747E+01
4868	367	3.51991E+01
3550	411	3.52055E+01
3656	630	3.52082E+01
4971	371	3.52126E+01
4868	141	3.52182E+01
3550	268	3.52256E+01
7563	424	3.52262E+01
7563	466	3.52318E+01
4765	369	3.52330E+01
4765	282	3.52470E+01
4765	368	3.52515E+01
4971	325	3.52584E+01
4971	283	3.52632E+01
7563	372	3.52857E+01
7563	471	3.52916E+01
4971	226	3.52938E+01
3550	452	3.52939E+01
4971	420	3.52977E+01
3550	732	3.53206E+01
3656	691	3.53396E+01
7563	331	3.53597E+01
4971	419	3.53599E+01
4971	332	3.53605E+01
4868	325	3.53705E+01
4765	370	3.53721E+01
4868	226	3.53797E+01
4765	331	3.53830E+01
4868	371	3.53914E+01
4971	421	3.54104E+01
4765	275	3.54107E+01
4765	141	3.54173E+01
6297	379	3.54358E+01
4868	283	3.54467E+01
4765	367	3.54484E+01
4868	420	3.54543E+01
4971	366	3.54748E+01
6297	378	3.54775E+01
7563	234	3.54810E+01
3656	565	3.54824E+01
3550	133	3.54984E+01
4868	419	3.55047E+01
3550	318	3.55494E+01
4868	332	3.55500E+01
3550	219	3.55584E+01
6297	380	3.55748E+01
4868	421	3.55781E+01
7563	465	3.55845E+01
4868	366	3.55946E+01
4971	372	3.55997E+01
4765	226	3.56058E+01
4765	325	3.56117E+01
4971	418	3.56178E+01
7563	560	3.56261E+01
3656	650	3.56317E+01
6297	338	3.56345E+01
4765	371	3.56487E+01
7563	472	3.56505E+01
3656	588	3.56595E+01
4971	422	3.56754E+01
6297	337	3.56794E+01
3550	691	3.56808E+01
7563	561	3.56812E+01
7563	559	3.56861E+01
6297	377	3.56864E+01
4765	283	3.56959E+01
3550	359	3.57015E+01
7563	281	3.57031E+01
4765	420	3.57100E+01
3656	287	3.57111E+01
3656	609	3.57204E+01
3656	267	3.57206E+01
6297	430	3.57324E+01
4971	274	3.57469E+01
4868	418	3.57498E+01
4765	419	3.57587E+01
4971	140	3.57855E+01
4868	372	3.57880E+01
3656	410	3.57912E+01
3550	565	3.57967E+01
3550	544	3.57983E+01
4971	284	3.58005E+01
7563	423	3.58016E+01
6297	431	3.58054E+01
4765	332	3.58069E+01
3656	132	3.58084E+01
6297	429	3.58314E+01
4765	421	3.58350E+01
4868	274	3.58381E+01
4868	140	3.58402E+01
4765	366	3.58407E+01
7563	562	3.58485E+01
4868	422	3.58534E+01
3550	714	3.58542E+01
4971	460	3.58578E+01
7563	558	3.58669E+01
4971	461	3.58716E+01
4971	333	3.58755E+01
3656	451	3.58758E+01
6297	336	3.59019E+01
4971	324	3.59175E+01
3550	672	3.59176E+01
3550	756	3.59299E+01
3550	650	3.59538E+01
3656	218	3.59630E+01
4868	284	3.59896E+01
4765	418	3.60015E+01
7563	371	3.60043E+01
4868	460	3.60081E+01
4868	324	3.60161E+01
4868	461	3.60333E+01
3550	609	3.60335E+01
4971	459	3.60398E+01
4765	140	3.60410E+01
4765	372	3.60460E+01
6297	376	3.60545E+01
4971	225	3.60585E+01
4971	462	3.60598E+01
6297	432	3.60649E+01
4765	274	3.60701E+01
4971	423	3.60722E+01
4868	333	3.60728E+01
7563	464	3.60773E+01
3656	317	3.60852E+01
4971	417	3.60857E+01
4971	365	3.60899E+01
6297	428	3.60928E+01
4971	373	3.60962E+01
4765	422	3.61108E+01
3550	798	3.61188E+01
7563	473	3.61269E+01
7563	563	3.61270E+01
4868	225	3.61331E+01
7563	233	3.61383E+01
3550	630	3.61528E+01
7563	330	3.61528E+01
7563	557	3.61775E+01
4868	459	3.61780E+01
4868	365	3.61959E+01
3656	755	3.62015E+01
4868	417	3.62044E+01
3656	713	3.62108E+01
4868	462	3.62319E+01
4765	284	3.62366E+01
4765	324	3.62533E+01
4868	423	3.62597E+01
4765	460	3.62651E+01
3656	358	3.62665E+01
4765	461	3.62908E+01
6297	335	3.62913E+01
4868	373	3.62932E+01
3656	797	3.63015E+01
4765	333	3.63293E+01
3656	671	3.63519E+01
4765	225	3.63560E+01
6297	471	3.63572E+01
6393	379	3.63644E+01
3656	543	3.63656E+01
6393	378	3.63720E+01
7563	604	3.63837E+01
4971	463	3.63996E+01
6297	470	3.64003E+01
4971	458	3.64337E+01
4765	459	3.64337E+01
4971	285	3.64337E+01
7563	603	3.64368E+01
4765	365	3.64382E+01
7563	605	3.64418E+01
4971	552	3.64437E+01
4765	417	3.64532E+01
4971	553	3.64794E+01
4971	334	3.64852E+01
6297	472	3.64869E+01
4765	462	3.64893E+01
6297	427	3.65108E+01
7563	564	3.65160E+01
4765	423	3.65171E+01
1264	333	3.65277E+01
7563	422	3.65341E+01
7563	280	3.65414E+01
6393	380	3.65436E+01
4765	373	3.65512E+01
6393	377	3.65517E+01
4868	458	3.65589E+01
4971	139	3.65690E+01
6297	375	3.65789E+01
4868	463	3.65812E+01
4971	424	3.65849E+01
6393	338	3.65954E+01
4868	552	3.65956E+01
1264	332	3.65985E+01
3550	588	3.66002E+01
6393	337	3.66025E+01
4971	273	3.66034E+01
1264	334	3.66052E+01
4971	551	3.66060E+01
7563	606	3.66063E+01
6297	469	3.66068E+01
7563	602	3.66092E+01
4868	139	3.66169E+01
6393	430	3.66220E+01
3550	287	3.66230E+01
4868	285	3.66272E+01
7563	556	3.66310E+01
3550	267	3.66316E+01
4868	553	3.66420E+01
3656	629	3.66520E+01
4868	273	3.66815E+01
4868	334	3.66893E+01
6393	429	3.66906E+01
4971	554	3.66921E+01
4971	374	3.66937E+01
3550	132	3.67083E+01
3550	410	3.67130E+01
7563	463	3.67264E+01
6393	431	3.67305E+01
4868	551	3.67463E+01
4971	416	3.67689E+01
4971	323	3.67707E+01
1264	374	3.67776E+01
4868	424	3.67811E+01
1264	283	3.67863E+01
6393	336	3.67928E+01
6297	473	3.68015E+01
3550	451	3.68042E+01
1264	373	3.68074E+01
4765	458	3.68126E+01
4765	139	3.68186E+01
1264	331	3.68205E+01
1264	335	3.68320E+01
4765	463	3.68380E+01
6297	286	3.68411E+01
6297	334	3.68423E+01
1264	282	3.68515E+01
4765	552	3.68552E+01
4868	323	3.68555E+01
4868	554	3.68645E+01
4765	285	3.68706E+01
4971	464	3.68708E+01
4868	416	3.68736E+01
3550	218	3.68744E+01
7563	607	3.68752E+01
1264	284	3.68792E+01
7563	370	3.68882E+01
1264	375	3.68918E+01
6393	376	3.68950E+01
4868	374	3.68986E+01
4765	553	3.69010E+01
4765	273	3.69094E+01
4971	364	3.69111E+01
7563	601	3.69129E+01
6393	428	3.69260E+01
7563	232	3.69283E+01
4765	334	3.69446E+01
3656	131	3.69454E+01
6297	468	3.69700E+01
4971	550	3.69821E+01
1264	372	3.69840E+01
4971	224	3.69881E+01
3550	317	3.70019E+01
4868	364	3.70031E+01
4765	551	3.70056E+01
7563	565	3.70159E+01
6393	432	3.70318E+01
4765	424	3.70378E+01
4971	457	3.70469E+01
4868	224	3.70512E+01
4971	555	3.70597E+01
4868	464	3.70611E+01
3656	266	3.70706E+01
1264	281	3.70722E+01
4971	596	3.70776E+01
6297	426	3.70833E+01
4765	323	3.70883E+01
4971	597	3.70936E+01
7563	329	3.71089E+01
4868	550	3.71099E+01
4765	416	3.71189E+01
4765	554	3.71222E+01
1264	285	3.71380E+01
7563	645	3.71429E+01
3656	587	3.71434E+01
1264	376	3.71504E+01
6393	335	3.71546E+01
4765	374	3.71558E+01
4868	457	3.71585E+01
4971	286	3.71684E+01
6297	563	3.71687E+01
7563	646	3.71733E+01
6297	285	3.71812E+01
3550	713	3.71863E+01
4971	335	3.71869E+01
3550	358	3.71882E+01
3550	755	3.71888E+01
1264	330	3.72001E+01
4971	425	3.72028E+01
3656	217	3.72102E+01
6297	562	3.72111E+01
1264	336	3.72132E+01
7563	644	3.72202E+01
4868	596	3.72286E+01
6393	471	3.72337E+01
4868	555	3.72409E+01
4765	364	3.72412E+01
7563	555	3.72453E+01
6393	470	3.72456E+01
7563	608	3.72477E+01
4868	597	3.72547E+01
6297	374	3.72604E+01
4971	595	3.72632E+01
4765	224	3.72708E+01
3656	409	3.72745E+01
4971	598	3.72910E+01
6297	564	3.72919E+01
1264	425	3.72946E+01
3550	797	3.73029E+01
7563	647	3.73046E+01
3550	543	3.73054E+01
1264	371	3.73144E+01
4765	464	3.73165E+01
3550	671	3.73179E+01
6393	427	3.73215E+01
1264	424	3.73543E+01
7563	600	3.73641E+01
4868	286	3.73648E+01
4765	550	3.73680E+01
3656	450	3.73734E+01
1264	426	3.73772E+01
4971	375	3.73872E+01
4868	335	3.73967E+01
6393	375	3.73979E+01
6393	472	3.73998E+01
4868	595	3.74030E+01
4868	425	3.74071E+01
4765	457	3.74095E+01
6297	561	3.74109E+01
7563	643	3.74160E+01
6393	469	3.74252E+01
7563	421	3.74448E+01
1264	280	3.74512E+01
4971	465	3.74579E+01
4868	598	3.74613E+01
3656	91	3.74739E+01
3656	316	3.74824E+01
6297	467	3.74862E+01
4971	138	3.74907E+01
4765	596	3.74912E+01
4765	555	3.74966E+01
4765	597	3.75158E+01
3656	754	3.75254E+01
7563	279	3.75304E+01
4868	138	3.75313E+01
7563	648	3.75339E+01
7563	462	3.75536E+01
6297	333	3.75547E+01
1264	377	3.75575E+01
1264	423	3.75610E+01
3656	796	3.75613E+01
4971	556	3.75619E+01
1264	286	3.75749E+01
8638	279	3.75757E+01
4971	549	3.75797E+01
6297	565	3.75907E+01
3656	712	3.75932E+01
4868	375	3.75990E+01
1264	427	3.76013E+01
4765	286	3.76033E+01
3550	629	3.76110E+01
8638	280	3.76260E+01
4971	272	3.76289E+01
4971	599	3.76481E+01
4765	335	3.76498E+01
4868	465	3.76562E+01
4971	415	3.76621E+01
4765	425	3.76624E+01
4971	594	3.76646E+01
4765	595	3.76662E+01
8638	278	3.76783E+01
6393	334	3.76820E+01
8638	329	3.76846E+01
4868	272	3.76941E+01
4868	549	3.76942E+01
3656	357	3.77051E+01
6297	284	3.77055E+01
4971	638	3.77169E+01
4765	598	3.77199E+01
7563	609	3.77238E+01
4765	138	3.77330E+01
7563	642	3.77452E+01
1264	329	3.77470E+01
4868	556	3.77512E+01
4868	415	3.77525E+01
4971	637	3.77539E+01
8638	328	3.77565E+01
6393	473	3.77570E+01
1264	337	3.77586E+01
6297	560	3.77624E+01
6393	468	3.77651E+01
8638	330	3.77675E+01
3656	670	3.77834E+01
6393	286	3.77846E+01
4868	594	3.77922E+01
4971	322	3.78075E+01
1264	370	3.78099E+01
6297	425	3.78115E+01
8638	281	3.78176E+01
4868	599	3.78265E+01
9617	380	3.78367E+01
9617	432	3.78541E+01
4765	375	3.78547E+01
7563	231	3.78550E+01
3550	131	3.78578E+01
7563	649	3.78599E+01
3656	542	3.78606E+01
4971	639	3.78663E+01
6393	426	3.78744E+01
4868	638	3.78750E+01
4971	456	3.78770E+01
4868	322	3.78785E+01
7563	687	3.78849E+01
4868	637	3.79023E+01
7563	686	3.79041E+01
4765	465	3.79096E+01
4765	272	3.79177E+01
4971	426	3.79201E+01
1264	422	3.79248E+01
4971	363	3.79276E+01
8638	230	3.79298E+01
8638	231	3.79442E+01
8638	277	3.79476E+01
4765	549	3.79502E+01
7563	369	3.79572E+01
7563	688	3.79633E+01
1264	428	3.79702E+01
4868	456	3.79744E+01
4971	336	3.79806E+01
7563	599	3.79824E+01
8726	279	3.79913E+01
8638	331	3.79923E+01
4765	415	3.79938E+01
3550	266	3.79942E+01
4971	636	3.79959E+01
1264	279	3.79960E+01
8638	327	3.79987E+01
4765	556	3.80041E+01
3656	130	3.80051E+01
4868	363	3.80053E+01
1264	465	3.80097E+01
1264	466	3.80120E+01
8638	369	3.80152E+01
8638	370	3.80202E+01
6393	563	3.80241E+01
8726	280	3.80284E+01
7563	685	3.80299E+01
4868	639	3.80329E+01
6393	562	3.80348E+01
7563	554	3.80427E+01
4765	594	3.80551E+01
6393	374	3.80608E+01
4971	223	3.80657E+01
9617	431	3.80704E+01
6297	607	3.80732E+01
8726	329	3.80742E+01
8638	229	3.80811E+01
4765	599	3.80818E+01
6393	285	3.80894E+01
3550	587	3.80979E+01
6297	373	3.81034E+01
4765	322	3.81068E+01
8726	278	3.81088E+01
4868	223	3.81174E+01
8638	232	3.81178E+01
3656	628	3.81179E+01
1264	378	3.81209E+01
4868	426	3.81314E+01
3550	217	3.81331E+01
4868	636	3.81335E+01
7563	689	3.81343E+01
4765	638	3.81394E+01
6297	608	3.81394E+01
8726	330	3.81427E+01
8638	282	3.81429E+01
4971	600	3.81442E+01
1264	234	3.81498E+01
4971	466	3.81509E+01
1264	233	3.81519E+01
1264	464	3.81529E+01
1264	467	3.81549E+01
6297	466	3.81556E+01
6297	606	3.81618E+01
8726	328	3.81623E+01
4765	637	3.81692E+01
4971	376	3.81739E+01
4971	640	3.81804E+01
8638	371	3.81812E+01
4971	557	3.81831E+01
6393	564	3.81839E+01
8638	368	3.81846E+01
9617	379	3.81860E+01
4868	336	3.81950E+01
6393	561	3.82073E+01
8726	281	3.82088E+01
3550	409	3.82101E+01
4765	456	3.82219E+01
7563	641	3.82267E+01
4765	363	3.82389E+01
7563	328	3.82452E+01
6393	467	3.82609E+01
6297	559	3.82628E+01
3550	91	3.82674E+01
3656	90	3.82690E+01
7563	684	3.82754E+01
9617	473	3.82801E+01
7563	650	3.82825E+01
4971	593	3.82880E+01
4765	639	3.82938E+01
3550	450	3.83154E+01
4868	600	3.83298E+01
4765	223	3.83334E+01
1264	232	3.83365E+01
8638	332	3.83494E+01
3656	265	3.83497E+01
4868	640	3.83544E+01
8726	331	3.83547E+01
4868	466	3.83564E+01
4971	679	3.83649E+01
6297	609	3.83702E+01
6393	333	3.83741E+01
4868	557	3.83795E+01
3656	216	3.83805E+01
11360	380	3.83806E+01
4765	426	3.83848E+01
8726	370	3.83897E+01
4868	376	3.83918E+01
8726	277	3.83946E+01
7563	690	3.83956E+01
4971	548	3.83964E+01
8726	230	3.83964E+01
8638	276	3.83966E+01
6297	605	3.83978E+01
8726	369	3.83999E+01
4765	636	3.84017E+01
8726	231	3.84020E+01
4868	593	3.84025E+01
6297	283	3.84057E+01
8638	228	3.84072E+01
3550	316	3.84118E+01
9617	472	3.84132E+01
8726	327	3.84219E+01
8638	326	3.84263E+01
6297	332	3.84327E+01
9617	430	3.84343E+01
1264	468	3.84382E+01
4971	680	3.84391E+01
8638	421	3.84399E+01
4765	336	3.84446E+01
8638	233	3.84474E+01
8638	420	3.84505E+01
1264	463	3.84517E+01
4971	635	3.84549E+01
1264	421	3.84615E+01
1264	328	3.84739E+01
4971	678	3.84815E+01
8638	372	3.84828E+01
1264	338	3.84832E+01
1264	369	3.84859E+01
9703	432	3.84894E+01
1264	429	3.84901E+01
4868	548	3.84968E+01
11438	380	3.84972E+01
11360	379	3.85049E+01
9703	380	3.85151E+01
4868	679	3.85191E+01
3550	754	3.85248E+01
8726	282	3.85249E+01
6393	565	3.85253E+01
4971	137	3.85286E+01
6393	560	3.85348E+01
8726	371	3.85369E+01
8638	367	3.85474E+01
7563	420	3.85583E+01
8726	229	3.85588E+01
4868	137	3.85615E+01
8726	232	3.85691E+01
3550	796	3.85746E+01
9617	338	3.85762E+01
4868	635	3.85806E+01
3550	712	3.85810E+01
4765	600	3.85811E+01
6393	284	3.85836E+01
7563	461	3.85844E+01
6393	425	3.85853E+01
8726	368	3.85863E+01
4971	568	3.85966E+01
8638	422	3.85982E+01
8638	283	3.85991E+01
7563	728	3.86010E+01
4868	680	3.86014E+01
3343	380	3.86042E+01
4765	466	3.86071E+01
4765	640	3.86109E+01
7563	729	3.86130E+01
3656	586	3.86217E+01
11438	379	3.86260E+01
4868	678	3.86264E+01
4765	557	3.86291E+01
4971	641	3.86375E+01
3550	357	3.86399E+01
4765	376	3.86450E+01
8638	419	3.86515E+01
7563	683	3.86578E+01
4765	593	3.86638E+01
9617	378	3.86774E+01
9703	431	3.86797E+01
4971	681	3.86828E+01
7563	727	3.86856E+01
7563	278	3.86868E+01
3656	235	3.86891E+01
11360	431	3.86934E+01
9617	471	3.86954E+01
11360	338	3.86968E+01
4868	568	3.86974E+01
1264	231	3.87004E+01
6297	424	3.87005E+01
8726	332	3.87010E+01
3343	379	3.87056E+01
3656	408	3.87136E+01
7563	730	3.87140E+01
1264	278	3.87178E+01
11360	432	3.87253E+01
4971	427	3.87337E+01
8814	280	3.87387E+01
7563	691	3.87463E+01
4971	414	3.87492E+01
4765	548	3.87499E+01
8814	279	3.87549E+01
3550	670	3.87618E+01
4971	601	3.87622E+01
4765	137	3.87627E+01
6297	604	3.87765E+01
11360	378	3.87803E+01
8814	329	3.87806E+01
4765	679	3.87886E+01
7563	598	3.87915E+01
8814	330	3.87949E+01
8726	421	3.88008E+01
4971	271	3.88035E+01
11438	431	3.88038E+01
4971	677	3.88052E+01
3656	315	3.88101E+01
3550	542	3.88135E+01
4868	641	3.88180E+01
11360	430	3.88188E+01
1264	557	3.88217E+01
4868	414	3.88250E+01
8726	420	3.88260E+01
8726	372	3.88265E+01
11438	338	3.88275E+01
11438	432	3.88318E+01
8638	333	3.88336E+01
3656	449	3.88356E+01
9703	379	3.88407E+01
1264	558	3.88433E+01
4765	635	3.88488E+01
4868	681	3.88519E+01
1264	379	3.88534E+01
4868	271	3.88559E+01
8726	276	3.88614E+01
1264	469	3.88653E+01
4765	680	3.88665E+01
8726	326	3.88683E+01
8814	281	3.88688E+01
4971	337	3.88695E+01
3656	795	3.88723E+01
9617	565	3.88729E+01
9703	473	3.88762E+01
7563	726	3.88782E+01
7563	640	3.88824E+01
3656	753	3.88873E+01
6393	373	3.88873E+01
8726	233	3.88952E+01
8726	228	3.88977E+01
4765	678	3.88990E+01
6393	607	3.88993E+01
7563	731	3.88998E+01
8638	423	3.89059E+01
11438	378	3.89062E+01
4971	455	3.89104E+01
4971	558	3.89118E+01
6393	466	3.89121E+01
6297	558	3.89136E+01
8638	373	3.89148E+01
8638	227	3.89162E+01
3237	380	3.89179E+01
3343	431	3.89201E+01
1264	462	3.89220E+01
3343	432	3.89249E+01
8814	328	3.89262E+01
7563	230	3.89266E+01
8638	461	3.89269E+01
3550	130	3.89283E+01
8814	278	3.89289E+01
11438	430	3.89333E+01
8638	234	3.89347E+01
4868	677	3.89396E+01
9617	429	3.89396E+01
4971	467	3.89440E+01
1264	556	3.89460E+01
8726	422	3.89463E+01
4868	427	3.89513E+01
4765	568	3.89521E+01
4868	601	3.89541E+01
3343	338	3.89542E+01
8814	331	3.89560E+01
6393	606	3.89564E+01
8726	367	3.89675E+01
3343	378	3.89737E+01
8726	283	3.89745E+01
3656	129	3.89754E+01
9703	472	3.89819E+01
6297	465	3.89826E+01
9617	564	3.89834E+01
3656	89	3.89930E+01
4868	455	3.89932E+01
3656	711	3.89973E+01
6393	608	3.90018E+01
1264	559	3.90041E+01
8638	462	3.90056E+01
4971	321	3.90067E+01
6393	559	3.90141E+01
9703	430	3.90262E+01
11360	337	3.90308E+01
8638	275	3.90346E+01
4971	721	3.90354E+01
6297	649	3.90362E+01
3449	380	3.90367E+01
8638	460	3.90396E+01
8726	419	3.90433E+01
8814	370	3.90467E+01
7563	553	3.90488E+01
8638	325	3.90510E+01
4971	377	3.90536E+01
6297	648	3.90565E+01
4971	720	3.90580E+01
4765	414	3.90619E+01
8638	418	3.90624E+01
4868	321	3.90640E+01
4765	641	3.90691E+01
3237	379	3.90705E+01
4971	682	3.90736E+01
4765	271	3.90751E+01
3656	356	3.90805E+01
3343	430	3.90868E+01
4868	337	3.90871E+01
3550	628	3.90891E+01
3550	90	3.90918E+01
11360	429	3.90937E+01
4765	681	3.91115E+01
9617	337	3.91117E+01
8814	369	3.91124E+01
4868	558	3.91146E+01
6297	372	3.91152E+01
4971	362	3.91174E+01
8638	366	3.91188E+01
9617	470	3.91226E+01
4971	592	3.91288E+01
4971	634	3.91336E+01
8814	282	3.91381E+01
8814	371	3.91422E+01
4868	467	3.91559E+01
6393	605	3.91649E+01
11438	337	3.91665E+01
7563	732	3.91683E+01
6297	650	3.91694E+01
3449	379	3.91706E+01
1264	430	3.91711E+01
8726	333	3.91763E+01
4868	362	3.91808E+01
4971	722	3.91869E+01
8638	284	3.91890E+01
1264	420	3.91910E+01
4868	721	3.91931E+01
7563	725	3.91937E+01
7563	682	3.91976E+01
11360	377	3.91999E+01
4765	601	3.92006E+01
4765	427	3.92019E+01
4868	720	3.92080E+01
11438	429	3.92126E+01
4765	677	3.92138E+01
3656	669	3.92173E+01
4971	642	3.92189E+01
6297	647	3.92207E+01
3237	432	3.92223E+01
3343	337	3.92247E+01
8814	231	3.92269E+01
1264	555	3.92277E+01
4868	592	3.92295E+01
7563	368	3.92330E+01
6393	332	3.92344E+01
4765	455	3.92366E+01
9617	563	3.92374E+01
8726	423	3.92430E+01
1264	230	3.92447E+01
9703	471	3.92455E+01
4868	634	3.92464E+01
8814	327	3.92466E+01
11360	472	3.92467E+01
8726	373	3.92482E+01
4868	682	3.92484E+01
8638	463	3.92534E+01
8814	332	3.92548E+01
6393	283	3.92578E+01
4971	222	3.92652E+01
11360	471	3.92698E+01
3237	431	3.92705E+01
8814	230	3.92706E+01
8814	277	3.92740E+01
4971	719	3.92741E+01
6393	609	3.92744E+01
4868	377	3.92764E+01
6297	282	3.92776E+01
7563	770	3.92841E+01
3550	265	3.92844E+01
8726	461	3.92852E+01
4765	321	3.92876E+01
6297	603	3.92974E+01
1264	560	3.93016E+01
9617	377	3.93053E+01
4868	222	3.93057E+01
9703	338	3.93059E+01
3449	432	3.93072E+01
7563	771	3.93074E+01
3237	338	3.93090E+01
3550	216	3.93136E+01
9703	378	3.93164E+01
3656	541	3.93199E+01
9789	432	3.93287E+01
11438	377	3.93307E+01
4765	337	3.93319E+01
3449	431	3.93359E+01
4971	676	3.93443E+01
8814	232	3.93480E+01
7563	769	3.93484E+01
8638	424	3.93488E+01
11438	472	3.93493E+01
4868	722	3.93509E+01
8726	462	3.93518E+01
8814	368	3.93578E+01
4765	558	3.93600E+01
1264	368	3.93603E+01
8638	459	3.93641E+01
11438	471	3.93756E+01
8726	234	3.93821E+01
11360	473	3.93823E+01
8814	372	3.93835E+01
3237	378	3.93857E+01
1264	327	3.93946E+01
3343	377	3.93976E+01
4765	467	3.94032E+01
4868	642	3.94049E+01
4765	362	3.94097E+01
7563	772	3.94115E+01
8726	460	3.94119E+01
3343	429	3.94134E+01
4868	719	3.94151E+01
4971	547	3.94185E+01
8726	227	3.94211E+01
9703	565	3.94311E+01
1264	470	3.94432E+01
8638	334	3.94433E+01
11360	470	3.94460E+01
8814	421	3.94467E+01
9789	380	3.94563E+01
6393	424	3.94589E+01
3656	215	3.94605E+01
4765	721	3.94646E+01
3449	338	3.94661E+01
4868	676	3.94670E+01
8638	374	3.94714E+01
8726	418	3.94723E+01
3449	378	3.94734E+01
11438	473	3.94819E+01
6297	331	3.94837E+01
4765	720	3.94844E+01
8814	229	3.94850E+01
3237	430	3.94862E+01
8638	553	3.94876E+01
4765	592	3.94881E+01
4971	602	3.94886E+01
4971	723	3.94897E+01
4765	682	3.95016E+01
4868	547	3.95044E+01
7563	768	3.95104E+01
8726	325	3.95130E+01
4765	634	3.95133E+01
9703	564	3.95137E+01
9617	609	3.95146E+01
11360	428	3.95146E+01
11360	336	3.95152E+01
4765	222	3.95181E+01
8726	275	3.95183E+01
6393	604	3.95194E+01
9703	429	3.95215E+01
6297	646	3.95221E+01
8814	420	3.95256E+01
4765	377	3.95262E+01
9789	431	3.95298E+01
3449	430	3.95386E+01
3656	264	3.95394E+01
8814	422	3.95425E+01
8814	283	3.95443E+01
3343	472	3.95552E+01
11438	470	3.95553E+01
8726	366	3.95587E+01
8726	284	3.95606E+01
3656	627	3.95642E+01
8638	552	3.95661E+01
7563	327	3.95787E+01
1264	461	3.95840E+01
9617	428	3.95840E+01
3550	586	3.95882E+01
8726	463	3.95895E+01
4971	683	3.95909E+01
7563	773	3.95928E+01
8638	554	3.96044E+01
3343	473	3.96049E+01
8638	226	3.96123E+01
4765	722	3.96161E+01
4971	567	3.96221E+01
3550	235	3.96258E+01
3237	337	3.96284E+01
1264	277	3.96287E+01
8814	233	3.96314E+01
9617	562	3.96331E+01
11438	428	3.96379E+01
9789	473	3.96391E+01
4971	428	3.96431E+01
3656	88	3.96438E+01
6393	558	3.96462E+01
4765	642	3.96498E+01
9617	608	3.96506E+01
7563	724	3.96508E+01
8638	464	3.96511E+01
11438	336	3.96562E+01
4971	136	3.96567E+01
4868	723	3.96588E+01
3343	336	3.96608E+01
3550	408	3.96613E+01
9703	470	3.96614E+01
3343	471	3.96760E+01
8726	424	3.96765E+01
4971	762	3.96811E+01
4868	136	3.96818E+01
1264	554	3.96835E+01
4868	602	3.96861E+01
8814	333	3.96861E+01
9617	469	3.96925E+01
4765	719	3.96949E+01
8638	417	3.96960E+01
4971	718	3.96968E+01
4868	567	3.97083E+01
6297	557	3.97211E+01
6393	465	3.97230E+01
4971	763	3.97238E+01
1264	601	3.97336E+01
1264	602	3.97365E+01
7563	639	3.97368E+01
1264	561	3.97377E+01
4971	559	3.97405E+01
4765	676	3.97415E+01
9703	563	3.97483E+01
3550	315	3.97509E+01
9789	472	3.97517E+01
8726	459	3.97525E+01
4765	547	3.97537E+01
8814	326	3.97567E+01
6297	423	3.97598E+01
8814	373	3.97603E+01
11360	376	3.97618E+01
3449	337	3.97685E+01
4868	683	3.97703E+01
11360	469	3.97718E+01
1264	380	3.97733E+01
8726	334	3.97794E+01
7563	767	3.97835E+01
3550	449	3.97898E+01
9617	336	3.97900E+01
8814	423	3.97933E+01
8726	374	3.97965E+01
9789	379	3.97971E+01
8814	419	3.98010E+01
8814	367	3.98017E+01
8814	276	3.98028E+01
4971	761	3.98159E+01
7563	597	3.98167E+01
9703	337	3.98206E+01
4868	718	3.98274E+01
8726	553	3.98337E+01
4868	762	3.98344E+01
4971	468	3.98345E+01
3550	89	3.98412E+01
7563	460	3.98445E+01
6393	648	3.98453E+01
3656	128	3.98512E+01
3237	377	3.98534E+01
3237	429	3.98582E+01
6393	649	3.98605E+01
8638	551	3.98605E+01
4971	338	3.98607E+01
8638	274	3.98639E+01
4868	428	3.98661E+01
1264	603	3.98760E+01
1264	600	3.98769E+01
8638	324	3.98783E+01
8814	228	3.98785E+01
4765	136	3.98821E+01
4868	763	3.98830E+01
6393	372	3.98845E+01
11438	469	3.98849E+01
3343	428	3.98927E+01
3550	795	3.98945E+01
8638	555	3.98950E+01
3550	753	3.98963E+01
11438	376	3.98976E+01
9789	430	3.98978E+01
7563	419	3.98986E+01
3449	429	3.99032E+01
8638	365	3.99062E+01
3237	473	3.99081E+01
3550	129	3.99081E+01
4971	643	3.99089E+01
11360	563	3.99115E+01
3237	472	3.99126E+01
8638	458	3.99152E+01
4765	723	3.99167E+01
8638	425	3.99182E+01
7563	681	3.99187E+01
8638	285	3.99203E+01
4971	724	3.99221E+01
4971	764	3.99224E+01
9617	607	3.99230E+01
8726	552	3.99240E+01
4765	602	3.99269E+01
3449	377	3.99343E+01
11360	564	3.99354E+01
9703	377	3.99359E+01
8726	554	3.99411E+01
8814	461	3.99418E+01
7563	812	3.99431E+01
3449	472	3.99459E+01
4868	559	3.99488E+01
3343	470	3.99574E+01
6297	645	3.99574E+01
4765	567	3.99594E+01
8814	462	3.99601E+01
3449	473	3.99613E+01
4868	761	3.99617E+01
7563	813	3.99622E+01
6297	602	3.99648E+01
3343	376	3.99720E+01
1264	229	3.99741E+01
6297	464	3.99767E+01
6393	647	3.99786E+01
8726	464	3.99789E+01
3550	711	3.99951E+01
4971	413	4.00031E+01
7563	811	4.00031E+01
11438	563	4.00105E+01
4765	683	4.00161E+01
6393	603	4.00188E+01
6297	690	4.00204E+01
4971	633	4.00242E+01
1264	431	4.00269E+01
3550	356	4.00269E+01
7563	277	4.00270E+01
4971	378	4.00283E+01
11438	564	4.00321E+01
9789	471	4.00331E+01
9703	609	4.00340E+01
6393	650	4.00343E+01
11360	562	4.00373E+01
6297	691	4.00414E+01
3656	314	4.00507E+01
4868	468	4.00519E+01
7563	814	4.00548E+01
3656	585	4.00569E+01
4868	413	4.00644E+01
9617	376	4.00694E+01
8638	142	4.00724E+01
8814	234	4.00795E+01
4868	338	4.00800E+01
11360	427	4.00811E+01
3656	407	4.00823E+01
3237	471	4.00834E+01
8638	597	4.00835E+01
4868	764	4.00863E+01
8814	284	4.00906E+01
4868	724	4.00951E+01
4971	675	4.00976E+01
4971	270	4.00979E+01
4868	643	4.00995E+01
3449	471	4.01034E+01
6393	282	4.01072E+01
4765	718	4.01089E+01
3237	336	4.01099E+01
11360	565	4.01126E+01
4765	428	4.01129E+01
4765	762	4.01144E+01
8814	460	4.01217E+01
4971	454	4.01222E+01
4868	633	4.01232E+01
8726	417	4.01256E+01
9703	562	4.01318E+01
9789	565	4.01324E+01
8726	226	4.01328E+01
1264	419	4.01336E+01
4868	270	4.01378E+01
11438	562	4.01389E+01
6297	689	4.01417E+01
9703	608	4.01420E+01
4971	760	4.01445E+01
11360	335	4.01453E+01
1264	604	4.01466E+01
8638	375	4.01511E+01
7563	810	4.01512E+01
8814	463	4.01538E+01
7563	229	4.01546E+01
4765	763	4.01564E+01
9703	428	4.01621E+01
9617	561	4.01692E+01
8638	596	4.01705E+01
4971	591	4.01715E+01
1264	599	4.01803E+01
8638	335	4.01805E+01
1264	471	4.01817E+01
7563	766	4.01843E+01
8814	424	4.01844E+01
8638	465	4.01845E+01
9617	650	4.01864E+01
4765	559	4.01894E+01
4868	454	4.01903E+01
3656	794	4.01940E+01
8638	598	4.01982E+01
3550	669	4.02058E+01
11438	565	4.02073E+01
4868	675	4.02074E+01
11438	427	4.02091E+01
4971	684	4.02173E+01
9789	564	4.02188E+01
3656	87	4.02229E+01
8726	555	4.02244E+01
9703	469	4.02264E+01
8726	551	4.02325E+01
3656	448	4.02331E+01
8726	425	4.02383E+01
3449	336	4.02390E+01
11360	468	4.02455E+01
3656	752	4.02461E+01
4765	761	4.02468E+01
8814	334	4.02485E+01
6393	646	4.02527E+01
3343	335	4.02543E+01
4971	765	4.02547E+01
4868	378	4.02549E+01
4868	591	4.02576E+01
8814	374	4.02669E+01
6393	331	4.02697E+01
7563	723	4.02716E+01
4868	760	4.02814E+01
3550	541	4.02841E+01
7563	552	4.02889E+01
8726	285	4.02913E+01
11438	335	4.02916E+01
8814	418	4.02923E+01
4765	468	4.02949E+01
4765	413	4.02964E+01
9789	378	4.02986E+01
6297	371	4.03070E+01
11360	561	4.03106E+01
4971	603	4.03133E+01
1264	562	4.03179E+01
4765	338	4.03184E+01
4971	804	4.03208E+01
8726	458	4.03218E+01
6297	281	4.03221E+01
4971	717	4.03299E+01
9617	606	4.03303E+01
1264	553	4.03332E+01
4971	320	4.03355E+01
4765	643	4.03375E+01
8638	556	4.03397E+01
4765	724	4.03446E+01
4765	764	4.03517E+01
4765	270	4.03526E+01
11360	286	4.03542E+01
8726	324	4.03612E+01
11438	468	4.03626E+01
8726	365	4.03671E+01
8726	274	4.03672E+01
9617	427	4.03685E+01
3656	355	4.03735E+01
9617	649	4.03765E+01
4868	320	4.03795E+01
3237	428	4.03801E+01
3656	710	4.03824E+01
8638	550	4.03857E+01
4765	633	4.03876E+01
9789	338	4.03899E+01
3343	469	4.03926E+01
9703	607	4.03948E+01
6297	688	4.03966E+01
4971	803	4.03980E+01
7563	809	4.03998E+01
4868	684	4.04004E+01
3550	215	4.04028E+01
4971	805	4.04037E+01
9617	468	4.04046E+01
3237	470	4.04114E+01
11438	561	4.04151E+01
3343	564	4.04173E+01
8726	597	4.04197E+01
4868	765	4.04218E+01
3449	428	4.04225E+01
3449	470	4.04239E+01
9789	429	4.04241E+01
4765	454	4.04290E+01
6393	557	4.04370E+01
8638	141	4.04373E+01
3343	565	4.04441E+01
3656	214	4.04442E+01
4971	361	4.04476E+01
4868	717	4.04488E+01
1264	367	4.04499E+01
8814	227	4.04586E+01
1264	460	4.04587E+01
8814	366	4.04591E+01
8814	553	4.04648E+01
4971	725	4.04650E+01
8814	325	4.04677E+01
9789	563	4.04683E+01
11360	375	4.04684E+01
3237	376	4.04691E+01
8726	375	4.04699E+01
4868	804	4.04759E+01
9789	470	4.04768E+01
8638	595	4.04788E+01
4765	675	4.04806E+01
3550	264	4.04840E+01
9703	336	4.04860E+01
8638	225	4.04924E+01
8638	599	4.04928E+01
4868	361	4.04970E+01
4765	378	4.04999E+01
8814	464	4.05034E+01
6393	423	4.05043E+01
11438	286	4.05047E+01
8726	465	4.05060E+01
4765	591	4.05126E+01
8726	335	4.05127E+01
3550	88	4.05137E+01
4868	603	4.05153E+01
8726	596	4.05162E+01
8814	459	4.05205E+01
1264	326	4.05212E+01
3343	427	4.05212E+01
8814	275	4.05236E+01
8726	598	4.05275E+01
6297	644	4.05284E+01
8814	554	4.05292E+01
3550	627	4.05457E+01
4868	803	4.05473E+01
1264	605	4.05474E+01
3449	376	4.05478E+01
3343	563	4.05519E+01
4971	221	4.05528E+01
8638	416	4.05552E+01
4868	805	4.05631E+01
4765	760	4.05698E+01
4868	221	4.05824E+01
4765	320	4.05984E+01
8814	552	4.06037E+01
3343	286	4.06054E+01
9617	335	4.06077E+01
11438	375	4.06094E+01
11360	607	4.06101E+01
8638	426	4.06107E+01
3656	668	4.06147E+01
4971	546	4.06210E+01
4971	806	4.06251E+01
3656	263	4.06315E+01
11360	608	4.06332E+01
3656	127	4.06342E+01
4765	684	4.06379E+01
4868	725	4.06408E+01
4971	429	4.06496E+01
4971	802	4.06540E+01
8726	142	4.06573E+01
1264	598	4.06612E+01
9703	561	4.06621E+01
6393	645	4.06638E+01
8726	556	4.06639E+01
9703	650	4.06643E+01
4971	560	4.06645E+01
6393	602	4.06671E+01
4971	759	4.06756E+01
4765	765	4.06781E+01
1264	643	4.06785E+01
9789	609	4.06803E+01
4868	546	4.06921E+01
4971	644	4.06952E+01
3343	375	4.06963E+01
9617	648	4.06966E+01
6297	556	4.06967E+01
9703	376	4.06977E+01
8638	457	4.06988E+01
4971	766	4.07003E+01
8638	638	4.07018E+01
6393	464	4.07025E+01
11438	607	4.07030E+01
8814	425	4.07073E+01
3656	540	4.07131E+01
6297	330	4.07180E+01
4765	361	4.07210E+01
11438	608	4.07248E+01
1264	642	4.07270E+01
11360	560	4.07303E+01
11360	606	4.07303E+01
4765	717	4.07304E+01
7563	765	4.07327E+01
7563	367	4.07344E+01
3656	86	4.07348E+01
1264	276	4.07386E+01
3237	335	4.07458E+01
4765	603	4.07498E+01
4765	804	4.07598E+01
7563	808	4.07637E+01
1264	644	4.07639E+01
9617	286	4.07654E+01
3237	565	4.07735E+01
8814	555	4.07742E+01
8726	550	4.07742E+01
6297	687	4.07799E+01
8638	639	4.07802E+01
8814	285	4.07855E+01
4868	806	4.07874E+01
6297	601	4.07886E+01
9703	606	4.07895E+01
9789	608	4.07902E+01
4765	221	4.07912E+01
3550	128	4.07921E+01
3449	565	4.07955E+01
4868	802	4.07958E+01
11360	426	4.07958E+01
6393	690	4.07982E+01
3237	564	4.08012E+01
4868	759	4.08020E+01
11360	609	4.08027E+01
3449	564	4.08034E+01
8638	286	4.08050E+01
7563	638	4.08160E+01
8726	599	4.08177E+01
4971	469	4.08216E+01
11438	606	4.08249E+01
4971	566	4.08271E+01
9703	649	4.08271E+01
8638	637	4.08321E+01
8726	595	4.08369E+01
