GRAM	c2h2	chi_tot
3040	234	3.36898E+01
2828	234	3.36923E+01
2828	233	3.37702E+01
3040	233	3.37764E+01
3040	282	3.37817E+01
2828	282	3.37881E+01
2934	234	3.37981E+01
2828	281	3.38204E+01
3040	281	3.38225E+01
3040	283	3.38721E+01
2934	233	3.38770E+01
2828	283	3.38865E+01
2934	282	3.38930E+01
2934	281	3.39258E+01
2828	232	3.39876E+01
2934	283	3.39909E+01
2828	280	3.40010E+01
3040	232	3.40031E+01
3040	280	3.40122E+01
3040	284	3.40790E+01
2934	232	3.40955E+01
2828	284	3.41010E+01
2934	280	3.41072E+01
3040	331	3.41134E+01
2828	331	3.41170E+01
3040	332	3.41629E+01
2828	332	3.41741E+01
2934	284	3.42050E+01
2828	330	3.42120E+01
3040	330	3.42165E+01
2934	331	3.42211E+01
2934	332	3.42784E+01
2934	330	3.43160E+01
3040	333	3.43488E+01
2828	279	3.43501E+01
2828	231	3.43618E+01
2828	333	3.43671E+01
3040	279	3.43709E+01
3040	231	3.43871E+01
3040	285	3.43913E+01
2828	285	3.44204E+01
2934	279	3.44572E+01
2934	231	3.44709E+01
2934	333	3.44719E+01
2828	329	3.44792E+01
3040	329	3.44926E+01
2934	285	3.45242E+01
2934	329	3.45834E+01
3040	334	3.46592E+01
3040	372	3.46692E+01
3040	371	3.46737E+01
2828	371	3.46759E+01
2828	372	3.46781E+01
2828	334	3.46842E+01
2934	371	3.47774E+01
2934	372	3.47809E+01
2934	334	3.47895E+01
3040	286	3.48004E+01
3040	373	3.48235E+01
2828	286	3.48363E+01
2828	373	3.48385E+01
2828	370	3.48508E+01
3040	370	3.48561E+01
2828	278	3.48883E+01
2828	230	3.49094E+01
3040	278	3.49196E+01
2934	286	3.49399E+01
2828	328	3.49411E+01
2934	373	3.49429E+01
3040	230	3.49452E+01
2934	370	3.49513E+01
3040	328	3.49639E+01
2934	278	3.49965E+01
2934	230	3.50200E+01
2934	328	3.50455E+01
3040	335	3.50860E+01
2828	335	3.51173E+01
3040	374	3.51221E+01
2828	374	3.51428E+01
2934	335	3.52233E+01
2828	369	3.52244E+01
3040	369	3.52379E+01
2934	374	3.52489E+01
2934	369	3.53241E+01
3040	423	3.53721E+01
3040	422	3.53825E+01
2828	423	3.53827E+01
2828	422	3.53878E+01
2934	423	3.54826E+01
2934	422	3.54850E+01
3040	424	3.55364E+01
2828	424	3.55515E+01
3040	375	3.55549E+01
2828	375	3.55807E+01
2828	421	3.55863E+01
3040	421	3.55871E+01
2828	327	3.56189E+01
3040	336	3.56229E+01
2828	277	3.56346E+01
2828	229	3.56453E+01
3040	327	3.56520E+01
2934	424	3.56545E+01
2828	336	3.56602E+01
3040	277	3.56768E+01
2934	421	3.56812E+01
2934	375	3.56888E+01
3040	229	3.56919E+01
2934	327	3.57238E+01
2934	277	3.57440E+01
2934	229	3.57573E+01
2934	336	3.57669E+01
2828	368	3.58182E+01
3040	368	3.58407E+01
3040	425	3.58595E+01
2828	425	3.58784E+01
2934	368	3.59174E+01
2934	425	3.59847E+01
2828	420	3.59992E+01
3040	420	3.60070E+01
2934	420	3.60921E+01
3040	376	3.61150E+01
2828	376	3.61456E+01
3040	463	3.61768E+01
2828	463	3.61894E+01
2934	376	3.62557E+01
3040	464	3.62603E+01
3040	337	3.62652E+01
2828	464	3.62758E+01
2934	463	3.62826E+01
3040	462	3.62882E+01
2828	462	3.62969E+01
2828	337	3.63081E+01
3040	426	3.63295E+01
2828	426	3.63516E+01
2934	464	3.63736E+01
2934	462	3.63861E+01
2934	337	3.64159E+01
2934	426	3.64615E+01
3040	465	3.65203E+01
2828	326	3.65295E+01
2828	465	3.65377E+01
3040	326	3.65737E+01
2828	228	3.65794E+01
2828	276	3.66028E+01
3040	461	3.66152E+01
2828	461	3.66189E+01
2934	326	3.66353E+01
3040	228	3.66375E+01
2934	465	3.66405E+01
2828	419	3.66460E+01
2828	367	3.66499E+01
3040	276	3.66565E+01
3040	419	3.66621E+01
3040	367	3.66824E+01
2934	228	3.66931E+01
2934	461	3.67046E+01
2934	276	3.67136E+01
2934	419	3.67377E+01
11021	380	3.67395E+01
10939	380	3.67434E+01
2934	367	3.67491E+01
10858	380	3.67732E+01
3040	377	3.67974E+01
2828	377	3.68322E+01
10939	338	3.69133E+01
11021	338	3.69185E+01
10858	338	3.69308E+01
3040	427	3.69376E+01
3040	466	3.69411E+01
2934	377	3.69447E+01
2828	466	3.69597E+01
2828	427	3.69624E+01
3040	338	3.70091E+01
2828	338	3.70573E+01
2934	466	3.70679E+01
11021	379	3.70754E+01
2934	427	3.70762E+01
3040	555	3.70769E+01
10939	379	3.70776E+01
2828	555	3.70962E+01
10858	379	3.71061E+01
3040	554	3.71610E+01
2934	338	3.71661E+01
2828	460	3.71748E+01
3040	460	3.71774E+01
2828	554	3.71787E+01
2934	555	3.71835E+01
3040	556	3.71899E+01
2828	556	3.72095E+01
2934	460	3.72578E+01
2934	554	3.72601E+01
2934	556	3.73032E+01
3040	553	3.74628E+01
11021	432	3.74639E+01
10939	432	3.74738E+01
2828	553	3.74775E+01
3040	557	3.74805E+01
2828	557	3.74994E+01
3040	467	3.75102E+01
10858	432	3.75109E+01
10939	337	3.75241E+01
2828	467	3.75291E+01
11021	337	3.75317E+01
10858	337	3.75391E+01
2828	418	3.75419E+01
11021	378	3.75466E+01
10939	378	3.75469E+01
2934	553	3.75539E+01
3040	418	3.75671E+01
11021	431	3.75718E+01
10858	378	3.75739E+01
10939	431	3.75810E+01
3040	378	3.75978E+01
2934	557	3.76002E+01
10858	431	3.76188E+01
2934	418	3.76327E+01
2828	378	3.76365E+01
2934	467	3.76432E+01
3040	428	3.76769E+01
2828	325	3.76819E+01
2828	428	3.77037E+01
2828	227	3.77154E+01
2828	366	3.77304E+01
3040	325	3.77377E+01
2934	378	3.77515E+01
3040	366	3.77737E+01
3040	227	3.77852E+01
2934	325	3.77888E+01
2828	275	3.77985E+01
11021	430	3.78202E+01
2934	428	3.78218E+01
10939	430	3.78285E+01
2934	366	3.78299E+01
2934	227	3.78308E+01
3040	275	3.78643E+01
10858	430	3.78666E+01
2934	275	3.79109E+01
3040	558	3.79319E+01
2828	558	3.79489E+01
2828	459	3.79806E+01
3040	459	3.79908E+01
3040	552	3.80018E+01
2828	552	3.80120E+01
3040	599	3.80198E+01
2828	599	3.80475E+01
2934	558	3.80574E+01
2934	459	3.80615E+01
2934	552	3.80843E+01
2868	380	3.80998E+01
3040	600	3.81071E+01
2934	599	3.81255E+01
3040	598	3.81310E+01
2828	600	3.81327E+01
2974	380	3.81396E+01
10939	377	3.81560E+01
11021	377	3.81578E+01
2828	142	3.81588E+01
2828	598	3.81593E+01
2762	380	3.81667E+01
10858	377	3.81813E+01
11021	429	3.82153E+01
3040	468	3.82170E+01
2934	600	3.82191E+01
10939	429	3.82224E+01
2934	598	3.82298E+01
3040	142	3.82351E+01
2828	468	3.82355E+01
10858	429	3.82605E+01
10939	336	3.82611E+01
11021	336	3.82712E+01
10858	336	3.82735E+01
2934	142	3.82768E+01
2934	468	3.83559E+01
3040	601	3.83723E+01
2828	601	3.83944E+01
3040	597	3.84619E+01
2868	432	3.84656E+01
2828	597	3.84891E+01
2934	601	3.84899E+01
2974	432	3.84966E+01
11021	472	3.85060E+01
3040	379	3.85124E+01
10939	472	3.85198E+01
3040	559	3.85294E+01
3040	429	3.85412E+01
2762	432	3.85431E+01
2828	559	3.85436E+01
2934	597	3.85532E+01
11021	473	3.85545E+01
2828	379	3.85546E+01
10858	472	3.85634E+01
10939	473	3.85676E+01
2828	429	3.85695E+01
11021	471	3.85972E+01
10858	473	3.86082E+01
10939	471	3.86112E+01
10858	471	3.86575E+01
2934	559	3.86604E+01
2934	379	3.86724E+01
2934	429	3.86921E+01
2828	417	3.86938E+01
10939	286	3.87063E+01
10858	286	3.87075E+01
11021	286	3.87238E+01
3040	417	3.87294E+01
11021	428	3.87635E+01
10939	428	3.87693E+01
2934	417	3.87844E+01
3040	551	3.87935E+01
3040	602	3.87966E+01
2828	551	3.87975E+01
10858	428	3.88070E+01
2828	602	3.88139E+01
11021	470	3.88357E+01
10939	470	3.88498E+01
2868	379	3.88593E+01
2934	551	3.88667E+01
2868	338	3.88679E+01
10858	470	3.88982E+01
2974	379	3.89033E+01
10939	376	3.89109E+01
11021	376	3.89149E+01
2934	602	3.89192E+01
2974	338	3.89197E+01
2762	338	3.89247E+01
2762	379	3.89270E+01
10858	376	3.89342E+01
3040	640	3.89978E+01
3040	641	3.90156E+01
3040	596	3.90319E+01
2828	640	3.90373E+01
2828	458	3.90449E+01
2828	226	3.90478E+01
2828	641	3.90508E+01
3040	469	3.90522E+01
2828	596	3.90560E+01
2868	431	3.90581E+01
2828	365	3.90605E+01
3040	458	3.90642E+01
2828	469	3.90695E+01
2828	324	3.90736E+01
2974	431	3.90929E+01
2934	640	3.91019E+01
2934	596	3.91148E+01
3040	365	3.91155E+01
2934	458	3.91247E+01
2934	641	3.91253E+01
3040	226	3.91297E+01
10939	335	3.91320E+01
2762	431	3.91376E+01
3040	324	3.91416E+01
10858	335	3.91416E+01
11021	335	3.91447E+01
2934	365	3.91609E+01
2934	226	3.91652E+01
3040	639	3.91796E+01
2934	324	3.91819E+01
2934	469	3.91966E+01
3040	642	3.92111E+01
2828	274	3.92165E+01
2828	639	3.92214E+01
11021	469	3.92302E+01
2828	642	3.92404E+01
10939	469	3.92440E+01
3040	560	3.92606E+01
2828	560	3.92710E+01
2934	639	3.92773E+01
10858	469	3.92941E+01
3040	274	3.92947E+01
2934	642	3.93258E+01
2934	274	3.93307E+01
3040	603	3.93639E+01
2828	603	3.93753E+01
2828	141	3.93809E+01
2934	560	3.93965E+01
2868	473	3.94309E+01
2974	473	3.94554E+01
3040	141	3.94680E+01
11021	427	3.94730E+01
10939	427	3.94770E+01
2934	603	3.94911E+01
2934	141	3.95005E+01
10858	427	3.95140E+01
2762	473	3.95203E+01
3040	430	3.95242E+01
3040	380	3.95372E+01
2828	430	3.95536E+01
11021	563	3.95592E+01
11021	564	3.95616E+01
3040	643	3.95643E+01
10939	563	3.95777E+01
10939	564	3.95785E+01
3040	638	3.95824E+01
2828	380	3.95825E+01
2828	643	3.95862E+01
2828	638	3.96245E+01
10858	564	3.96261E+01
10858	563	3.96306E+01
10858	285	3.96485E+01
10939	285	3.96505E+01
11021	285	3.96707E+01
2934	638	3.96729E+01
2934	430	3.96810E+01
2934	643	3.96834E+01
11021	565	3.97016E+01
11021	562	3.97028E+01
2934	380	3.97033E+01
10939	565	3.97164E+01
10939	562	3.97228E+01
2868	378	3.97536E+01
10858	565	3.97583E+01
10858	562	3.97803E+01
2868	430	3.97900E+01
11021	468	3.97903E+01
2974	378	3.98019E+01
10939	468	3.98035E+01
10939	375	3.98198E+01
2762	378	3.98219E+01
11021	375	3.98261E+01
2974	430	3.98287E+01
10858	375	3.98409E+01
2828	550	3.98421E+01
3040	550	3.98461E+01
2868	337	3.98464E+01
10858	468	3.98547E+01
3040	595	3.98548E+01
2762	430	3.98714E+01
2828	595	3.98738E+01
2974	337	3.99025E+01
2762	337	3.99030E+01
2934	550	3.99092E+01
2934	595	3.99286E+01
2868	472	3.99298E+01
3040	682	3.99468E+01
2974	472	3.99575E+01
2828	682	3.99968E+01
11021	561	4.00026E+01
3040	470	4.00073E+01
2762	472	4.00227E+01
2828	470	4.00227E+01
10939	561	4.00236E+01
3040	681	4.00315E+01
3040	683	4.00402E+01
2934	682	4.00544E+01
3040	644	4.00578E+01
3040	604	4.00604E+01
2828	604	4.00647E+01
2828	644	4.00709E+01
2828	683	4.00823E+01
10858	561	4.00851E+01
2828	681	4.00873E+01
2828	416	4.00982E+01
3040	561	4.01144E+01
2828	561	4.01202E+01
2934	681	4.01339E+01
3040	416	4.01452E+01
10939	334	4.01467E+01
2934	683	4.01522E+01
10858	334	4.01534E+01
2934	470	4.01569E+01
11021	334	4.01622E+01
2934	644	4.01807E+01
2934	416	4.01893E+01
2934	604	4.01917E+01
3040	637	4.02242E+01
2934	561	4.02550E+01
2828	637	4.02643E+01
3040	684	4.02908E+01
2934	637	4.03066E+01
3040	680	4.03165E+01
2828	684	4.03233E+01
11021	426	4.03535E+01
10939	426	4.03558E+01
2828	457	4.03666E+01
2828	680	4.03759E+01
10858	426	4.03916E+01
3040	457	4.03963E+01
2934	684	4.04065E+01
2934	680	4.04128E+01
2934	457	4.04461E+01
11021	560	4.04700E+01
10939	560	4.04916E+01
11021	467	4.05278E+01
10939	467	4.05401E+01
11021	607	4.05451E+01
10858	560	4.05565E+01
2828	225	4.05611E+01
2868	471	4.05657E+01
10939	607	4.05679E+01
11021	608	4.05900E+01
10858	467	4.05920E+01
2974	471	4.05969E+01
10939	608	4.06095E+01
3040	431	4.06198E+01
10858	607	4.06274E+01
2828	364	4.06283E+01
11021	606	4.06458E+01
2828	431	4.06494E+01
3040	225	4.06551E+01
10858	608	4.06611E+01
2762	471	4.06619E+01
2868	429	4.06666E+01
10939	606	4.06715E+01
3040	645	4.06770E+01
2828	645	4.06800E+01
3040	685	4.06800E+01
2934	225	4.06804E+01
2868	565	4.06834E+01
2828	323	4.06885E+01
3040	364	4.06957E+01
2828	685	4.07013E+01
2974	565	4.07027E+01
2974	429	4.07094E+01
10858	284	4.07294E+01
2934	364	4.07300E+01
10939	284	4.07347E+01
10858	606	4.07382E+01
2828	140	4.07487E+01
2762	429	4.07496E+01
11021	284	4.07578E+01
3040	323	4.07692E+01
11021	609	4.07709E+01
2934	431	4.07821E+01
10939	609	4.07869E+01
2868	377	4.07871E+01
2762	565	4.07876E+01
2934	323	4.07985E+01
2934	685	4.07988E+01
2934	645	4.08032E+01
3040	679	4.08224E+01
10858	609	4.08298E+01
2828	273	4.08381E+01
2974	377	4.08397E+01
3040	140	4.08468E+01
2762	377	4.08558E+01
2934	140	4.08701E+01
2828	605	4.08705E+01
3040	605	4.08743E+01
2828	679	4.08828E+01
10939	374	4.08938E+01
11021	374	4.09027E+01
11021	605	4.09031E+01
3040	724	4.09103E+01
2934	679	4.09117E+01
10858	374	4.09125E+01
3040	273	4.09289E+01
10939	605	4.09311E+01
3040	594	4.09366E+01
3040	723	4.09414E+01
2828	594	4.09483E+01
2868	336	4.09531E+01
2934	273	4.09542E+01
2828	724	4.09717E+01
2934	594	4.10006E+01
10858	605	4.10043E+01
2934	605	4.10093E+01
2762	336	4.10095E+01
2828	723	4.10118E+01
2974	336	4.10135E+01
2934	724	4.10202E+01
3040	725	4.10368E+01
2934	723	4.10472E+01
3040	471	4.10745E+01
3040	562	4.10814E+01
2828	562	4.10817E+01
2828	725	4.10871E+01
2828	471	4.10873E+01
3040	636	4.11166E+01
11021	559	4.11188E+01
10939	559	4.11406E+01
2828	549	4.11437E+01
2934	725	4.11499E+01
3040	722	4.11513E+01
2828	636	4.11521E+01
2868	564	4.11553E+01
3040	549	4.11574E+01
2974	564	4.11773E+01
2934	636	4.11901E+01
3040	686	4.11924E+01
2828	686	4.12010E+01
10858	559	4.12082E+01
2934	549	4.12101E+01
2934	562	4.12263E+01
2828	722	4.12285E+01
2934	471	4.12291E+01
2934	722	4.12522E+01
2762	564	4.12646E+01
3040	726	4.13015E+01
2934	686	4.13137E+01
10939	333	4.13185E+01
10858	333	4.13221E+01
11021	604	4.13297E+01
11021	333	4.13369E+01
2828	726	4.13388E+01
2868	470	4.13459E+01
10939	604	4.13596E+01
2974	470	4.13807E+01
2828	646	4.14010E+01
3040	646	4.14093E+01
2934	726	4.14171E+01
11021	425	4.14185E+01
10939	425	4.14186E+01
10858	604	4.14385E+01
2762	470	4.14450E+01
10858	425	4.14529E+01
11021	466	4.14570E+01
10939	466	4.14681E+01
11021	648	4.14922E+01
2868	286	4.15076E+01
10939	648	4.15198E+01
10858	466	4.15200E+01
2934	646	4.15383E+01
11021	649	4.15389E+01
2762	286	4.15545E+01
3040	721	4.15615E+01
10939	649	4.15618E+01
3040	678	4.15647E+01
2974	286	4.15748E+01
10858	648	4.15875E+01
11021	647	4.15911E+01
10858	649	4.16188E+01
10939	647	4.16230E+01
2828	678	4.16234E+01
2828	721	4.16426E+01
2934	678	4.16461E+01
2934	721	4.16565E+01
3040	727	4.16878E+01
2868	428	4.16939E+01
10858	647	4.17005E+01
2828	727	4.17104E+01
11021	650	4.17203E+01
10939	650	4.17380E+01
2828	415	4.17381E+01
2974	428	4.17409E+01
2868	563	4.17601E+01
2762	428	4.17782E+01
2828	606	4.17825E+01
10858	650	4.17835E+01
2974	563	4.17850E+01
3040	606	4.17954E+01
3040	415	4.17974E+01
2934	727	4.18053E+01
2828	687	4.18091E+01
3040	687	4.18146E+01
3040	432	4.18210E+01
2934	415	4.18304E+01
11021	646	4.18479E+01
2828	432	4.18505E+01
3040	766	4.18566E+01
3040	765	4.18676E+01
2762	563	4.18741E+01
10939	646	4.18836E+01
2828	456	4.19317E+01
2828	766	4.19323E+01
2934	606	4.19337E+01
2934	687	4.19378E+01
11021	603	4.19409E+01
2828	765	4.19551E+01
11021	558	4.19652E+01
2868	376	4.19659E+01
10858	283	4.19666E+01
2934	766	4.19682E+01
10858	646	4.19700E+01
10939	603	4.19722E+01
3040	456	4.19732E+01
10939	283	4.19754E+01
2934	765	4.19762E+01
3040	767	4.19844E+01
10939	558	4.19867E+01
2934	432	4.19887E+01
11021	283	4.20015E+01
2934	456	4.20119E+01
2974	376	4.20230E+01
2762	376	4.20350E+01
3040	764	4.20371E+01
2828	767	4.20460E+01
10858	603	4.20559E+01
10858	558	4.20562E+01
2868	609	4.20943E+01
2934	767	4.20981E+01
2974	609	4.21087E+01
2828	764	4.21340E+01
2934	764	4.21419E+01
2828	563	4.21470E+01
10939	373	4.21488E+01
3040	563	4.21532E+01
11021	373	4.21604E+01
10858	373	4.21648E+01
3040	728	4.21813E+01
2828	728	4.21878E+01
3040	720	4.21902E+01
2868	335	4.21964E+01
2762	609	4.22177E+01
2828	647	4.22233E+01
2828	224	4.22287E+01
3040	768	4.22332E+01
2828	139	4.22409E+01
3040	647	4.22442E+01
3040	472	4.22465E+01
2762	335	4.22524E+01
2828	472	4.22560E+01
2974	335	4.22612E+01
3040	635	4.22620E+01
2828	720	4.22724E+01
3040	593	4.22726E+01
2828	593	4.22748E+01
11021	645	4.22766E+01
2868	469	4.22781E+01
2934	720	4.22783E+01
2828	768	4.22790E+01
2828	635	4.22904E+01
2934	728	4.23001E+01
2934	563	4.23019E+01
10939	645	4.23154E+01
2974	469	4.23168E+01
2934	635	4.23259E+01
2934	593	4.23262E+01
3040	224	4.23347E+01
2934	768	4.23484E+01
3040	139	4.23497E+01
2934	224	4.23499E+01
2934	139	4.23640E+01
2934	647	4.23754E+01
2762	469	4.23798E+01
3040	763	4.23859E+01
11021	689	4.23881E+01
11021	690	4.24040E+01
2934	472	4.24056E+01
2828	363	4.24072E+01
10858	645	4.24100E+01
10939	689	4.24219E+01
10939	690	4.24316E+01
2934	763	4.24858E+01
3040	363	4.24875E+01
2828	763	4.24894E+01
2828	322	4.24960E+01
10858	690	4.24969E+01
10858	689	4.25005E+01
2868	562	4.25058E+01
2934	363	4.25107E+01
2828	688	4.25144E+01
11021	688	4.25183E+01
2974	562	4.25339E+01
3040	688	4.25352E+01
3040	677	4.25515E+01
11021	691	4.25534E+01
10939	688	4.25578E+01
10939	691	4.25743E+01
3040	769	4.25877E+01
2868	608	4.25888E+01
3040	322	4.25895E+01
11021	465	4.25954E+01
10939	465	4.26048E+01
2974	608	4.26054E+01
2828	677	4.26055E+01
2934	322	4.26079E+01
2828	769	4.26159E+01
2934	677	4.26241E+01
2762	562	4.26241E+01
10858	691	4.26254E+01
2828	272	4.26305E+01
10858	688	4.26487E+01
10858	465	4.26563E+01
2934	688	4.26600E+01
10939	332	4.26653E+01
10858	332	4.26655E+01
10939	424	4.26832E+01
11021	424	4.26855E+01
11021	332	4.26867E+01
2828	548	4.26879E+01
2934	769	4.27036E+01
3040	548	4.27131E+01
10858	424	4.27156E+01
2762	608	4.27187E+01
3040	272	4.27340E+01
2934	272	4.27486E+01
11021	602	4.27547E+01
2934	548	4.27548E+01
2828	729	4.27588E+01
3040	729	4.27700E+01
3040	808	4.27783E+01
2868	285	4.27796E+01
10939	602	4.27868E+01
2828	607	4.27921E+01
3040	807	4.27936E+01
11021	687	4.28085E+01
3040	607	4.28151E+01
2762	285	4.28259E+01
2974	285	4.28512E+01
10939	687	4.28530E+01
2828	808	4.28727E+01
10858	602	4.28746E+01
2868	427	4.28797E+01
3040	809	4.28846E+01
2934	729	4.28895E+01
2934	808	4.28916E+01
11021	644	4.28937E+01
2828	807	4.29021E+01
2934	807	4.29050E+01
2974	427	4.29311E+01
3040	762	4.29332E+01
10939	644	4.29351E+01
3040	806	4.29487E+01
10858	687	4.29553E+01
2934	607	4.29563E+01
2828	809	4.29627E+01
2762	427	4.29651E+01
2828	568	4.29971E+01
2934	809	4.29990E+01
3040	568	4.30175E+01
2934	762	4.30273E+01
11021	557	4.30283E+01
3040	770	4.30347E+01
10858	644	4.30367E+01
2828	762	4.30403E+01
2828	770	4.30436E+01
10939	557	4.30491E+01
3040	719	4.30497E+01
2934	806	4.30572E+01
2934	568	4.30596E+01
2828	806	4.30689E+01
3040	810	4.30959E+01
10858	557	4.31198E+01
2828	719	4.31296E+01
2934	719	4.31298E+01
2828	648	4.31380E+01
2934	770	4.31507E+01
2828	810	4.31558E+01
3040	648	4.31723E+01
11021	731	4.32043E+01
2934	810	4.32108E+01
2868	607	4.32126E+01
2974	607	4.32316E+01
10939	731	4.32386E+01
11021	730	4.32451E+01
3040	805	4.32632E+01
11021	686	4.32739E+01
10939	730	4.32869E+01
11021	732	4.32967E+01
2868	375	4.32989E+01
2934	648	4.33054E+01
2828	689	4.33071E+01
2828	564	4.33088E+01
10858	731	4.33160E+01
3040	564	4.33222E+01
10939	686	4.33228E+01
10939	732	4.33229E+01
3040	689	4.33444E+01
2762	607	4.33486E+01
2974	375	4.33606E+01
2934	805	4.33678E+01
2762	375	4.33682E+01
2868	468	4.33717E+01
10858	730	4.33801E+01
10858	282	4.33803E+01
10858	732	4.33837E+01
2828	805	4.33922E+01
10939	282	4.33928E+01
3040	811	4.33981E+01
2868	561	4.34020E+01
2828	730	4.34128E+01
2974	468	4.34145E+01
11021	282	4.34221E+01
11021	729	4.34331E+01
2974	561	4.34335E+01
10858	686	4.34354E+01
2828	811	4.34380E+01
3040	730	4.34429E+01
2934	689	4.34701E+01
2934	564	4.34745E+01
2762	468	4.34756E+01
10939	729	4.34819E+01
2934	811	4.35128E+01
3040	473	4.35159E+01
2828	473	4.35213E+01
2762	561	4.35242E+01
2828	771	4.35508E+01
3040	771	4.35624E+01
2934	730	4.35626E+01
2828	414	4.35814E+01
2868	334	4.35872E+01
10858	729	4.35899E+01
10939	372	4.36066E+01
10858	372	4.36196E+01
11021	372	4.36212E+01
2868	650	4.36329E+01
2974	650	4.36421E+01
2762	334	4.36429E+01
3040	634	4.36521E+01
3040	414	4.36539E+01
2974	334	4.36566E+01
2828	634	4.36707E+01
2934	414	4.36757E+01
2934	771	4.36781E+01
2934	473	4.36793E+01
3040	761	4.36941E+01
2934	634	4.37054E+01
2828	455	4.37120E+01
11021	643	4.37189E+01
3040	804	4.37560E+01
10939	643	4.37622E+01
3040	455	4.37665E+01
3040	812	4.37786E+01
2762	650	4.37810E+01
2934	761	4.37811E+01
3040	676	4.37812E+01
11021	728	4.37837E+01
11021	601	4.37923E+01
2934	455	4.37939E+01
2828	812	4.37971E+01
2828	761	4.38012E+01
10939	601	4.38247E+01
2828	676	4.38274E+01
2828	138	4.38278E+01
2828	592	4.38363E+01
10939	728	4.38387E+01
2934	676	4.38440E+01
3040	592	4.38456E+01
2934	804	4.38557E+01
10858	643	4.38698E+01
2934	592	4.38883E+01
2828	804	4.38906E+01
2828	608	4.38919E+01
2934	812	4.38925E+01
10858	234	4.39091E+01
10858	601	4.39154E+01
3040	608	4.39260E+01
10939	234	4.39295E+01
11021	685	4.39326E+01
3040	138	4.39472E+01
2934	138	4.39526E+01
10858	728	4.39603E+01
11021	234	4.39637E+01
11021	464	4.39645E+01
11021	772	4.39684E+01
10939	464	4.39720E+01
2868	606	4.39746E+01
10939	685	4.39852E+01
11021	773	4.39852E+01
2974	606	4.39963E+01
10939	772	4.40118E+01
2828	223	4.40137E+01
10939	773	4.40192E+01
10858	464	4.40223E+01
2934	608	4.40696E+01
11021	771	4.40858E+01
10858	773	4.40944E+01
10858	772	4.41060E+01
10858	685	4.41069E+01
2762	606	4.41161E+01
2828	772	4.41272E+01
3040	223	4.41315E+01
2828	649	4.41368E+01
2934	223	4.41370E+01
10939	771	4.41380E+01
2828	731	4.41400E+01
3040	718	4.41435E+01
3040	772	4.41607E+01
10939	423	4.41725E+01
11021	423	4.41774E+01
2828	690	4.41781E+01
2868	649	4.41852E+01
3040	649	4.41857E+01
3040	731	4.41902E+01
2974	649	4.41961E+01
2868	284	4.41996E+01
10858	423	4.42025E+01
10858	331	4.42076E+01
10939	331	4.42110E+01
2934	718	4.42147E+01
2828	718	4.42178E+01
2828	813	4.42225E+01
3040	813	4.42268E+01
3040	690	4.42331E+01
2868	426	4.42347E+01
11021	331	4.42356E+01
2762	284	4.42451E+01
10858	771	4.42502E+01
2934	772	4.42755E+01
2974	284	4.42756E+01
2974	426	4.42906E+01
2934	731	4.43096E+01
11021	727	4.43138E+01
2934	649	4.43203E+01
2762	426	4.43209E+01
11021	556	4.43309E+01
2934	813	4.43394E+01
2762	649	4.43412E+01
10939	556	4.43505E+01
11021	770	4.43526E+01
2828	362	4.43558E+01
2934	690	4.43593E+01
10939	727	4.43743E+01
10939	770	4.44129E+01
10858	556	4.44216E+01
3040	803	4.44434E+01
2828	547	4.44465E+01
3040	362	4.44493E+01
2828	321	4.44516E+01
2868	560	4.44597E+01
2934	362	4.44614E+01
3040	547	4.44847E+01
2974	560	4.44949E+01
10858	727	4.45083E+01
2934	547	4.45150E+01
2934	803	4.45369E+01
10858	770	4.45419E+01
2828	271	4.45486E+01
3040	321	4.45581E+01
2828	565	4.45605E+01
2934	321	4.45657E+01
2828	803	4.45799E+01
3040	565	4.45819E+01
2762	560	4.45853E+01
2868	467	4.46386E+01
11021	814	4.46535E+01
3040	271	4.46644E+01
2934	271	4.46687E+01
3040	760	4.46763E+01
2974	467	4.46856E+01
10939	814	4.46980E+01
2828	814	4.47049E+01
11021	813	4.47265E+01
3040	814	4.47331E+01
2934	565	4.47374E+01
2762	467	4.47444E+01
2934	760	4.47552E+01
2828	567	4.47554E+01
2828	773	4.47636E+01
11021	642	4.47756E+01
2828	760	4.47796E+01
10939	813	4.47815E+01
11021	769	4.47854E+01
3040	567	4.47889E+01
10858	814	4.47929E+01
2868	374	4.47986E+01
11021	684	4.48062E+01
2934	567	4.48197E+01
3040	773	4.48200E+01
10939	642	4.48201E+01
2934	814	4.48439E+01
10939	769	4.48529E+01
10939	684	4.48616E+01
2868	648	4.48640E+01
2974	374	4.48650E+01
2762	374	4.48679E+01
2974	648	4.48768E+01
2868	605	4.48851E+01
10858	813	4.48975E+01
2974	605	4.49098E+01
2828	732	4.49314E+01
10858	642	4.49324E+01
2934	773	4.49334E+01
11021	812	4.49357E+01
10858	684	4.49913E+01
10858	281	4.49945E+01
10858	769	4.49976E+01
10939	812	4.50007E+01
3040	732	4.50027E+01
10939	281	4.50109E+01
2762	648	4.50271E+01
2762	605	4.50317E+01
11021	726	4.50434E+01
11021	281	4.50435E+01
2828	609	4.50756E+01
11021	600	4.50788E+01
10939	726	4.51086E+01
10939	600	4.51108E+01
2828	691	4.51191E+01
2934	732	4.51215E+01
3040	609	4.51216E+01
10858	812	4.51366E+01
2868	333	4.51402E+01
3040	691	4.51927E+01
2762	333	4.51953E+01
10858	600	4.52035E+01
2828	650	4.52125E+01
2974	333	4.52143E+01
3040	675	4.52404E+01
10858	726	4.52535E+01
3040	633	4.52656E+01
2934	609	4.52673E+01
2828	633	4.52719E+01
2828	675	4.52758E+01
3040	650	4.52770E+01
2934	675	4.52926E+01
10939	371	4.52949E+01
11021	811	4.52976E+01
10858	371	4.53045E+01
2934	633	4.53079E+01
2868	691	4.53120E+01
11021	371	4.53127E+01
2974	691	4.53150E+01
2934	691	4.53190E+01
3040	802	4.53359E+01
10939	811	4.53716E+01
11021	768	4.54031E+01
2934	650	4.54126E+01
2934	802	4.54221E+01
3040	717	4.54650E+01
2828	802	4.54703E+01
2828	137	4.54738E+01
10939	768	4.54771E+01
2762	691	4.54915E+01
10858	811	4.55262E+01
2934	717	4.55263E+01
10858	233	4.55277E+01
2828	717	4.55301E+01
10939	233	4.55520E+01
2828	413	4.55821E+01
11021	233	4.55895E+01
11021	463	4.55904E+01
10939	463	4.55954E+01
2934	137	4.56003E+01
2828	591	4.56022E+01
3040	137	4.56033E+01
3040	591	4.56251E+01
10858	768	4.56360E+01
10858	463	4.56440E+01
2934	591	4.56564E+01
2828	454	4.56650E+01
3040	413	4.56682E+01
2934	413	4.56788E+01
2868	647	4.56790E+01
2868	559	4.56924E+01
2974	647	4.56941E+01
2974	559	4.57316E+01
3040	454	4.57334E+01
2934	454	4.57495E+01
2868	425	4.57730E+01
2868	283	4.57856E+01
2762	559	4.58210E+01
11021	810	4.58301E+01
2762	283	4.58302E+01
2974	425	4.58337E+01
2762	647	4.58488E+01
2762	425	4.58599E+01
2974	283	4.58662E+01
2828	222	4.58715E+01
3040	759	4.58783E+01
11021	555	4.58996E+01
10939	810	4.59124E+01
10939	422	4.59145E+01
10939	555	4.59175E+01
11021	683	4.59205E+01
11021	422	4.59224E+01
10858	422	4.59416E+01
2868	690	4.59467E+01
2934	759	4.59479E+01
2974	690	4.59509E+01
2868	604	4.59566E+01
2828	759	4.59740E+01
10858	330	4.59773E+01
10939	683	4.59781E+01
10939	330	4.59845E+01
2974	604	4.59846E+01
10858	555	4.59881E+01
2934	222	4.59966E+01
11021	725	4.59966E+01
3040	222	4.60006E+01
11021	330	4.60126E+01
10939	725	4.60656E+01
10858	810	4.60842E+01
11021	641	4.60913E+01
2868	466	4.60934E+01
2762	604	4.61077E+01
10858	683	4.61141E+01
2762	690	4.61348E+01
10939	641	4.61362E+01
2974	466	4.61450E+01
2762	466	4.62007E+01
10858	725	4.62200E+01
11021	767	4.62284E+01
10858	641	4.62521E+01
10939	767	4.63080E+01
2828	546	4.63776E+01
2828	361	4.64204E+01
3040	546	4.64301E+01
3040	801	4.64362E+01
2934	546	4.64490E+01
10858	767	4.64794E+01
2868	373	4.64826E+01
2828	320	4.65009E+01
2934	801	4.65138E+01
3040	361	4.65271E+01
2934	361	4.65285E+01
2828	270	4.65385E+01
2762	373	4.65517E+01
2974	373	4.65538E+01
11021	809	4.65549E+01
2828	801	4.65643E+01
2934	320	4.66172E+01
3040	320	4.66199E+01
2868	646	4.66418E+01
11021	599	4.66426E+01
10939	809	4.66444E+01
2974	646	4.66595E+01
2934	270	4.66607E+01
3040	270	4.66663E+01
10939	599	4.66735E+01
2828	566	4.66840E+01
2868	689	4.67055E+01
2974	689	4.67112E+01
3040	566	4.67320E+01
2934	566	4.67514E+01
10858	599	4.67671E+01
2762	646	4.68176E+01
10858	809	4.68319E+01
10858	280	4.68360E+01
10939	280	4.68565E+01
2868	332	4.68752E+01
11021	280	4.68927E+01
2762	689	4.69016E+01
3040	674	4.69035E+01
2828	674	4.69253E+01
2762	332	4.69297E+01
2934	674	4.69445E+01
2974	332	4.69541E+01
3040	716	4.69958E+01
2934	716	4.70462E+01
2828	716	4.70482E+01
2828	632	4.70604E+01
3040	632	4.70686E+01
2934	632	4.70994E+01
2868	558	4.71164E+01
2828	136	4.71403E+01
2974	732	4.71559E+01
2974	558	4.71598E+01
2868	732	4.71606E+01
11021	724	4.72023E+01
2868	603	4.72037E+01
2974	603	4.72353E+01
10939	370	4.72450E+01
2762	558	4.72473E+01
10858	370	4.72508E+01
11021	370	4.72663E+01
2934	136	4.72684E+01
10939	724	4.72741E+01
3040	136	4.72794E+01
3040	758	4.72879E+01
11021	766	4.72885E+01
11021	682	4.73061E+01
2934	758	4.73472E+01
2762	603	4.73587E+01
10858	232	4.73626E+01
10939	682	4.73648E+01
2828	758	4.73720E+01
10939	766	4.73726E+01
2762	732	4.73782E+01
10939	232	4.73911E+01
11021	232	4.74321E+01
10858	724	4.74364E+01
11021	808	4.74977E+01
11021	462	4.75020E+01
10939	462	4.75041E+01
10858	682	4.75057E+01
2868	424	4.75139E+01
2828	590	4.75297E+01
10858	462	4.75501E+01
10858	766	4.75549E+01
2868	282	4.75596E+01
3040	590	4.75677E+01
2974	424	4.75795E+01
2934	590	4.75874E+01
10939	808	4.75935E+01
2868	688	4.75995E+01
2762	424	4.76011E+01
2762	282	4.76032E+01
2974	688	4.76072E+01
2974	282	4.76449E+01
2828	412	4.76833E+01
11021	640	4.76971E+01
2828	453	4.77373E+01
3040	800	4.77374E+01
10939	640	4.77416E+01
2828	221	4.77524E+01
2868	465	4.77543E+01
11021	554	4.77634E+01
2868	645	4.77653E+01
10939	554	4.77788E+01
2934	412	4.77830E+01
3040	412	4.77832E+01
2974	645	4.77859E+01
10858	808	4.77948E+01
2762	688	4.78031E+01
2934	800	4.78051E+01
2974	465	4.78107E+01
3040	453	4.78201E+01
2934	453	4.78250E+01
10858	554	4.78480E+01
2828	800	4.78549E+01
10858	640	4.78596E+01
2762	465	4.78627E+01
2934	221	4.78794E+01
2974	731	4.78891E+01
3040	221	4.78921E+01
2868	731	4.78929E+01
10939	421	4.79392E+01
2762	645	4.79464E+01
11021	421	4.79506E+01
10858	421	4.79629E+01
2828	381	4.79776E+01
10858	329	4.80061E+01
10939	329	4.80176E+01
11021	329	4.80493E+01
2868	234	4.80576E+01
2934	381	4.80829E+01
3040	381	4.80870E+01
2762	234	4.80945E+01
2762	731	4.81198E+01
2974	234	4.81467E+01
2868	372	4.83748E+01
2828	545	4.84290E+01
2762	372	4.84436E+01
2974	372	4.84511E+01
3040	545	4.84967E+01
2934	545	4.85043E+01
11021	598	4.85142E+01
2828	360	4.85405E+01
10939	598	4.85432E+01
2828	269	4.85440E+01
2828	319	4.85843E+01
11021	765	4.86151E+01
10858	598	4.86364E+01
2868	687	4.86411E+01
2868	602	4.86439E+01
2974	687	4.86510E+01
2934	360	4.86513E+01
3040	360	4.86602E+01
2934	269	4.86683E+01
2974	602	4.86795E+01
3040	269	4.86831E+01
11021	807	4.86890E+01
11021	723	4.86932E+01
10939	765	4.87025E+01
2934	319	4.87030E+01
3040	715	4.87054E+01
3040	319	4.87155E+01
3040	673	4.87329E+01
2828	673	4.87386E+01
2828	715	4.87421E+01
2934	715	4.87443E+01
2974	730	4.87458E+01
2868	730	4.87483E+01
2868	557	4.87508E+01
2934	673	4.87623E+01
10939	723	4.87668E+01
2828	135	4.87893E+01
10939	807	4.87897E+01
2974	557	4.87988E+01
2762	602	4.88022E+01
2868	331	4.88184E+01
2762	687	4.88513E+01
2762	331	4.88722E+01
3040	757	4.88815E+01
2762	557	4.88837E+01
10858	765	4.88936E+01
2974	331	4.89024E+01
2934	135	4.89189E+01
2934	757	4.89296E+01
10858	279	4.89316E+01
10858	723	4.89349E+01
3040	135	4.89374E+01
2828	757	4.89504E+01
10939	279	4.89565E+01
2762	730	4.89837E+01
2828	631	4.89914E+01
11021	681	4.89958E+01
11021	279	4.89965E+01
10858	807	4.90028E+01
3040	631	4.90159E+01
2934	631	4.90351E+01
10939	681	4.90546E+01
2868	644	4.90651E+01
2974	644	4.90891E+01
2974	773	4.91946E+01
10858	681	4.91987E+01
2868	773	4.92088E+01
3040	799	4.92216E+01
2762	644	4.92508E+01
2934	799	4.92786E+01
2828	799	4.93244E+01
2828	339	4.94166E+01
10858	231	4.94336E+01
10939	231	4.94666E+01
2762	773	4.94718E+01
2868	423	4.94822E+01
10939	369	4.94870E+01
10858	369	4.94885E+01
11021	231	4.95113E+01
11021	369	4.95121E+01
2934	339	4.95327E+01
2868	281	4.95474E+01
3040	339	4.95474E+01
2974	423	4.95530E+01
2828	589	4.95668E+01
2762	423	4.95694E+01
2762	281	4.95900E+01
2828	220	4.96073E+01
3040	589	4.96210E+01
11021	639	4.96249E+01
2934	589	4.96293E+01
2974	281	4.96378E+01
2868	464	4.96440E+01
10939	639	4.96680E+01
2974	464	4.97054E+01
10939	461	4.97261E+01
11021	461	4.97275E+01
2934	220	4.97360E+01
2974	729	4.97376E+01
2868	729	4.97385E+01
2762	464	4.97531E+01
3040	220	4.97570E+01
10858	461	4.97689E+01
10858	639	4.97865E+01
2828	411	4.98244E+01
2868	686	4.98438E+01
2974	686	4.98565E+01
2828	452	4.98697E+01
2934	411	4.99273E+01
3040	411	4.99380E+01
11021	553	4.99506E+01
2934	452	4.99613E+01
10939	553	4.99630E+01
3040	452	4.99672E+01
2762	729	4.99817E+01
2868	233	5.00250E+01
10858	553	5.00296E+01
2974	772	5.00340E+01
2868	772	5.00474E+01
2762	686	5.00599E+01
2762	233	5.00608E+01
2974	233	5.01190E+01
11021	806	5.01625E+01
11021	764	5.02425E+01
10939	806	5.02668E+01
10939	420	5.02744E+01
11021	420	5.02896E+01
10858	420	5.02939E+01
2868	601	5.02981E+01
2762	772	5.03198E+01
10858	328	5.03230E+01
10939	764	5.03320E+01
2974	601	5.03381E+01
10939	328	5.03390E+01
11021	328	5.03747E+01
2828	134	5.03868E+01
2762	601	5.04590E+01
10858	806	5.04893E+01
11021	722	5.05036E+01
2868	371	5.05053E+01
2828	268	5.05128E+01
2934	134	5.05179E+01
10858	764	5.05296E+01
3040	134	5.05431E+01
2828	544	5.05435E+01
3040	714	5.05528E+01
2868	643	5.05597E+01
2828	714	5.05712E+01
2762	371	5.05735E+01
10939	722	5.05775E+01
2934	714	5.05799E+01
2974	371	5.05869E+01
2974	643	5.05875E+01
2868	556	5.06187E+01
2934	544	5.06233E+01
3040	756	5.06243E+01
3040	544	5.06268E+01
2934	268	5.06390E+01
2828	318	5.06447E+01
2828	359	5.06564E+01
2934	756	5.06606E+01
3040	268	5.06623E+01
2828	672	5.06689E+01
2974	556	5.06716E+01
2828	756	5.06748E+01
3040	672	5.06814E+01
2934	672	5.06989E+01
11021	597	5.07221E+01
10939	597	5.07485E+01
2762	643	5.07494E+01
10858	722	5.07495E+01
2762	556	5.07529E+01
2934	318	5.07658E+01
2934	359	5.07701E+01
3040	318	5.07874E+01
3040	359	5.07886E+01
10858	597	5.08399E+01
3040	798	5.08603E+01
2868	728	5.08763E+01
2974	728	5.08776E+01
2934	798	5.09056E+01
2828	798	5.09445E+01
2974	771	5.09966E+01
2868	330	5.10014E+01
2868	771	5.10088E+01
2828	630	5.10126E+01
11021	680	5.10222E+01
2762	330	5.10542E+01
3040	630	5.10548E+01
2934	630	5.10623E+01
10939	680	5.10799E+01
2974	330	5.10906E+01
2762	728	5.11265E+01
2868	685	5.12240E+01
10858	680	5.12252E+01
2974	685	5.12399E+01
2762	771	5.12898E+01
10858	278	5.13045E+01
10939	278	5.13341E+01
11021	278	5.13782E+01
2828	219	5.13928E+01
2762	685	5.14452E+01
2974	814	5.14557E+01
2868	814	5.14811E+01
2934	219	5.15231E+01
3040	219	5.15516E+01
2828	588	5.16573E+01
2868	422	5.17074E+01
2934	588	5.17254E+01
3040	588	5.17284E+01
10858	230	5.17564E+01
2868	280	5.17776E+01
2974	422	5.17837E+01
2868	463	5.17893E+01
10939	230	5.17940E+01
2762	422	5.17943E+01
2762	814	5.17966E+01
2762	280	5.18190E+01
11021	230	5.18426E+01
2974	463	5.18561E+01
2974	280	5.18731E+01
2762	463	5.18986E+01
11021	638	5.19027E+01
2828	133	5.19054E+01
10939	638	5.19434E+01
2828	410	5.19483E+01
11021	805	5.19529E+01
2828	451	5.20049E+01
2934	133	5.20378E+01
10858	368	5.20414E+01
10939	368	5.20446E+01
2934	410	5.20547E+01
10939	805	5.20593E+01
10858	638	5.20607E+01
3040	133	5.20692E+01
11021	368	5.20740E+01
3040	410	5.20751E+01
2974	770	5.20944E+01
2934	451	5.21007E+01
2868	770	5.21050E+01
3040	451	5.21168E+01
2868	727	5.21762E+01
2974	727	5.21801E+01
2868	600	5.21907E+01
11021	763	5.22046E+01
2868	232	5.22251E+01
2974	600	5.22355E+01
2828	287	5.22421E+01
2762	232	5.22596E+01
2868	642	5.22718E+01
10939	460	5.22842E+01
10858	805	5.22885E+01
11021	460	5.22896E+01
10939	763	5.22945E+01
2974	642	5.23038E+01
10858	460	5.23227E+01
2974	232	5.23241E+01
2762	600	5.23534E+01
2934	287	5.23677E+01
2762	770	5.23938E+01
3040	287	5.23972E+01
2828	267	5.24012E+01
2974	813	5.24046E+01
2868	813	5.24292E+01
2762	727	5.24325E+01
2762	642	5.24644E+01
3040	755	5.24724E+01
11021	552	5.24842E+01
2828	713	5.24872E+01
3040	713	5.24892E+01
10939	552	5.24929E+01
10858	763	5.24963E+01
2934	755	5.24964E+01
2828	755	5.25017E+01
2934	713	5.25041E+01
2934	267	5.25293E+01
10858	552	5.25558E+01
3040	267	5.25604E+01
3040	797	5.26148E+01
2828	317	5.26335E+01
2934	797	5.26478E+01
2828	671	5.26638E+01
2828	543	5.26644E+01
11021	721	5.26645E+01
2828	797	5.26772E+01
3040	671	5.26958E+01
2934	671	5.27015E+01
2828	358	5.27163E+01
10939	721	5.27375E+01
2868	555	5.27465E+01
2934	543	5.27494E+01
2762	813	5.27538E+01
2934	317	5.27568E+01
3040	543	5.27635E+01
3040	317	5.27868E+01
2868	684	5.28017E+01
2974	555	5.28047E+01
2974	684	5.28212E+01
2934	358	5.28328E+01
3040	358	5.28602E+01
2762	555	5.28814E+01
2868	370	5.29071E+01
10858	721	5.29110E+01
10939	419	5.29402E+01
10858	327	5.29489E+01
10858	419	5.29550E+01
11021	419	5.29597E+01
10939	327	5.29699E+01
2762	370	5.29744E+01
2974	370	5.29943E+01
11021	327	5.30099E+01
2762	684	5.30270E+01
2828	629	5.30688E+01
2828	218	5.30759E+01
2934	629	5.31256E+01
3040	629	5.31295E+01
2934	218	5.32077E+01
2831	432	5.32343E+01
3040	218	5.32428E+01
11021	596	5.32882E+01
10939	596	5.33109E+01
2828	132	5.33253E+01
2974	769	5.33409E+01
2868	769	5.33494E+01
10858	596	5.33991E+01
11021	679	5.34114E+01
2868	329	5.34573E+01
2934	132	5.34588E+01
10939	679	5.34668E+01
2974	812	5.34769E+01
3040	132	5.34957E+01
2937	432	5.34993E+01
2868	812	5.35004E+01
2762	329	5.35090E+01
2974	329	5.35521E+01
10858	679	5.36111E+01
2762	769	5.36450E+01
2868	726	5.36558E+01
2974	726	5.36629E+01
3043	432	5.36714E+01
2828	587	5.37461E+01
2831	380	5.37744E+01
2934	587	5.38205E+01
2762	812	5.38331E+01
3040	587	5.38344E+01
2831	473	5.38563E+01
2762	726	5.39171E+01
10858	277	5.39703E+01
10939	277	5.40050E+01
2828	409	5.40077E+01
11021	277	5.40533E+01
2937	380	5.40697E+01
2937	473	5.40860E+01
11021	804	5.40917E+01
2828	450	5.40925E+01
2934	409	5.41177E+01
3040	409	5.41471E+01
2828	266	5.41775E+01
2934	450	5.41927E+01
10939	804	5.41983E+01
3040	450	5.42185E+01
2868	462	5.42193E+01
2868	421	5.42203E+01
2868	641	5.42275E+01
3043	473	5.42425E+01
3043	380	5.42622E+01
2974	641	5.42643E+01
2868	279	5.42780E+01
2974	462	5.42919E+01
2974	421	5.43025E+01
2762	421	5.43065E+01
2934	266	5.43074E+01
2762	279	5.43182E+01
2762	462	5.43283E+01
10858	229	5.43397E+01
3040	266	5.43455E+01
2868	599	5.43493E+01
3040	754	5.43760E+01
2974	279	5.43791E+01
10939	229	5.43822E+01
2828	754	5.43824E+01
2934	754	5.43877E+01
2974	599	5.43993E+01
2762	641	5.44222E+01
10858	804	5.44314E+01
11021	229	5.44350E+01
2828	712	5.44380E+01
3040	796	5.44396E+01
2934	796	5.44599E+01
3040	712	5.44617E+01
2934	712	5.44646E+01
2828	796	5.44777E+01
2762	599	5.45130E+01
2828	316	5.45149E+01
11021	762	5.45293E+01
11021	637	5.45499E+01
10939	637	5.45870E+01
2868	683	5.46012E+01
10939	762	5.46180E+01
2974	683	5.46250E+01
2828	131	5.46342E+01
2828	217	5.46359E+01
2934	316	5.46404E+01
2831	431	5.46450E+01
2828	670	5.46697E+01
1315	338	5.46699E+01
2868	231	5.46779E+01
3040	316	5.46779E+01
2828	357	5.46812E+01
2974	811	5.46849E+01
10858	637	5.47013E+01
2868	811	5.47067E+01
2762	231	5.47111E+01
2934	670	5.47160E+01
3040	670	5.47219E+01
2828	542	5.47414E+01
2974	768	5.47517E+01
2868	768	5.47576E+01
2934	131	5.47687E+01
2934	217	5.47690E+01
2974	231	5.47824E+01
2934	357	5.48004E+01
3040	217	5.48101E+01
3040	131	5.48106E+01
10858	762	5.48210E+01
2762	683	5.48296E+01
2934	542	5.48318E+01
3040	357	5.48360E+01
3040	542	5.48559E+01
2937	431	5.49089E+01
10858	367	5.49222E+01
1315	337	5.49268E+01
10939	367	5.49307E+01
11021	367	5.49646E+01
2762	811	5.50468E+01
2762	768	5.50590E+01
3043	431	5.50899E+01
2828	628	5.51070E+01
2868	554	5.51626E+01
2934	628	5.51715E+01
1315	286	5.51860E+01
3040	628	5.51863E+01
10939	459	5.51907E+01
2831	472	5.51916E+01
11021	720	5.51986E+01
11021	459	5.52007E+01
10858	459	5.52240E+01
2974	554	5.52266E+01
2831	565	5.52406E+01
10939	720	5.52691E+01
1315	336	5.52947E+01
2762	554	5.52975E+01
2831	379	5.53168E+01
1315	380	5.53225E+01
2868	725	5.53370E+01
2974	725	5.53477E+01
1315	379	5.53537E+01
11021	551	5.53767E+01
10939	551	5.53808E+01
2937	472	5.54187E+01
2937	565	5.54284E+01
10858	551	5.54387E+01
10858	720	5.54415E+01
1315	378	5.55019E+01
3043	565	5.55719E+01
3043	472	5.55835E+01
2762	725	5.56022E+01
2868	369	5.56108E+01
2937	379	5.56125E+01
2828	91	5.56265E+01
2762	369	5.56770E+01
2974	369	5.57040E+01
1315	285	5.57397E+01
2934	91	5.57633E+01
1315	377	5.57720E+01
1315	335	5.57806E+01
2828	586	5.57841E+01
3040	91	5.58101E+01
3043	379	5.58140E+01
2828	265	5.58228E+01
2828	130	5.58269E+01
2934	586	5.58651E+01
3040	586	5.58891E+01
10858	326	5.58928E+01
10939	326	5.59192E+01
10939	418	5.59454E+01
2934	265	5.59542E+01
10858	418	5.59547E+01
2934	130	5.59623E+01
11021	326	5.59638E+01
2828	408	5.59678E+01
11021	418	5.59697E+01
3040	265	5.59986E+01
3040	130	5.60085E+01
2831	338	5.60380E+01
2974	810	5.60429E+01
2868	810	5.60625E+01
2828	216	5.60641E+01
2934	408	5.60814E+01
2828	449	5.60930E+01
3040	408	5.61190E+01
1315	376	5.61698E+01
11021	678	5.61786E+01
2934	449	5.61977E+01
2934	216	5.61985E+01
2831	430	5.62047E+01
2868	328	5.62158E+01
11021	595	5.62225E+01
10939	678	5.62303E+01
3040	449	5.62323E+01
10939	595	5.62407E+01
3040	216	5.62449E+01
2762	328	5.62662E+01
2828	753	5.62670E+01
2828	315	5.62679E+01
2934	753	5.62842E+01
3040	753	5.62847E+01
3040	795	5.62859E+01
2934	795	5.62937E+01
2828	795	5.62983E+01
2974	328	5.63165E+01
10858	595	5.63240E+01
2828	235	5.63421E+01
2974	767	5.63464E+01
2868	767	5.63492E+01
2937	338	5.63604E+01
2828	90	5.63694E+01
10858	678	5.63713E+01
2828	711	5.63732E+01
1315	430	5.63823E+01
1315	431	5.63826E+01
1315	334	5.63934E+01
2934	315	5.63955E+01
2762	810	5.64087E+01
2934	711	5.64103E+01
1315	284	5.64147E+01
3040	711	5.64190E+01
3040	315	5.64397E+01
2868	640	5.64560E+01
2937	430	5.64679E+01
2934	235	5.64755E+01
2974	640	5.64980E+01
1315	432	5.64996E+01
1315	429	5.65051E+01
2934	90	5.65066E+01
3040	235	5.65224E+01
2828	356	5.65268E+01
3040	90	5.65559E+01
2831	564	5.65611E+01
3043	338	5.65787E+01
11021	803	5.66018E+01
2828	669	5.66368E+01
2934	356	5.66487E+01
2868	682	5.66507E+01
2762	640	5.66517E+01
2762	767	5.66550E+01
3043	430	5.66581E+01
2831	471	5.66757E+01
2974	682	5.66792E+01
3040	356	5.66916E+01
2934	669	5.66924E+01
1315	375	5.67027E+01
10939	803	5.67067E+01
3040	669	5.67093E+01
2828	541	5.67332E+01
2937	564	5.67448E+01
1315	428	5.67578E+01
2868	598	5.68024E+01
2934	541	5.68292E+01
2974	598	5.68582E+01
3040	541	5.68625E+01
2762	682	5.68810E+01
3043	564	5.68959E+01
2937	471	5.69008E+01
2828	129	5.69038E+01
10858	276	5.69330E+01
10858	803	5.69402E+01
2868	461	5.69611E+01
2762	598	5.69662E+01
10939	276	5.69730E+01
2831	378	5.69993E+01
11021	276	5.70258E+01
2828	89	5.70374E+01
2974	461	5.70399E+01
2934	129	5.70401E+01
2868	420	5.70478E+01
2762	461	5.70693E+01
2868	278	5.70720E+01
3043	471	5.70742E+01
2828	627	5.70810E+01
3040	129	5.70902E+01
2762	278	5.71108E+01
2762	420	5.71329E+01
2974	420	5.71361E+01
1315	333	5.71443E+01
1315	427	5.71478E+01
2934	627	5.71535E+01
2934	89	5.71749E+01
3040	627	5.71786E+01
2974	278	5.71789E+01
2831	609	5.71829E+01
10858	228	5.71831E+01
1315	283	5.72252E+01
3040	89	5.72264E+01
10939	228	5.72307E+01
11021	761	5.72336E+01
2868	724	5.72459E+01
2974	724	5.72609E+01
11021	228	5.72877E+01
2937	378	5.72956E+01
10939	761	5.73193E+01
2937	609	5.73204E+01
2828	264	5.73302E+01
2828	215	5.73613E+01
1315	374	5.73802E+01
2868	230	5.73988E+01
2762	230	5.74305E+01
3043	609	5.74518E+01
2934	264	5.74631E+01
2934	215	5.74967E+01
3043	378	5.75065E+01
2974	230	5.75088E+01
3040	264	5.75130E+01
2762	724	5.75138E+01
10858	761	5.75205E+01
1315	471	5.75377E+01
3040	215	5.75478E+01
2974	809	5.75683E+01
11021	636	5.75724E+01
2868	809	5.75851E+01
1315	470	5.75901E+01
1315	472	5.76043E+01
10939	636	5.76048E+01
2828	88	5.76378E+01
1315	426	5.76842E+01
10858	636	5.77139E+01
2828	585	5.77312E+01
2831	337	5.77372E+01
1315	469	5.77696E+01
2934	88	5.77755E+01
1315	473	5.77824E+01
2828	407	5.78064E+01
2934	585	5.78190E+01
3040	88	5.78290E+01
3040	585	5.78524E+01
2828	128	5.78707E+01
2828	314	5.78854E+01
2868	553	5.78934E+01
2831	429	5.79171E+01
2934	407	5.79234E+01
2762	809	5.79362E+01
2974	553	5.79636E+01
3040	407	5.79686E+01
2828	448	5.79781E+01
2934	128	5.80077E+01
2934	314	5.80148E+01
2831	563	5.80262E+01
2762	553	5.80275E+01
1315	332	5.80485E+01
2937	337	5.80609E+01
3040	128	5.80611E+01
3040	314	5.80651E+01
1315	468	5.80850E+01
2934	448	5.80871E+01
2828	794	5.80933E+01
2934	794	5.81028E+01
3040	794	5.81073E+01
2828	752	5.81096E+01
11021	719	5.81152E+01
10858	366	5.81291E+01
3040	448	5.81298E+01
2934	752	5.81393E+01
10939	366	5.81435E+01
2868	766	5.81478E+01
2974	766	5.81490E+01
3040	752	5.81515E+01
2828	87	5.81789E+01
2937	429	5.81801E+01
10939	719	5.81815E+01
11021	366	5.81824E+01
1315	282	5.81889E+01
2937	563	5.82065E+01
1315	373	5.82157E+01
2828	355	5.82414E+01
2828	710	5.82478E+01
3043	337	5.82882E+01
2934	710	5.82959E+01
2831	470	5.83148E+01
3040	710	5.83157E+01
