GRAM	c2h2	chi_tot
7390	332	4.65945E+01
7390	283	4.67693E+01
7390	372	4.69283E+01
7390	331	4.69680E+01
7390	333	4.69824E+01
7390	284	4.70736E+01
7390	282	4.71037E+01
7390	373	4.73122E+01
7390	371	4.74291E+01
7390	423	4.76005E+01
7390	422	4.79704E+01
7390	285	4.79770E+01
7390	334	4.80849E+01
7390	281	4.81244E+01
7390	330	4.81596E+01
7390	424	4.82045E+01
7390	463	4.84750E+01
7390	374	4.85235E+01
7390	234	4.86171E+01
7390	464	4.87929E+01
7390	370	4.88812E+01
7390	462	4.92384E+01
7390	421	4.93875E+01
7390	555	4.94284E+01
7390	286	4.94478E+01
7390	425	4.97183E+01
7390	335	4.98632E+01
7390	554	4.98819E+01
7390	280	4.98880E+01
7390	233	4.99334E+01
5203	333	4.99763E+01
7390	556	5.00933E+01
7390	465	5.01168E+01
5203	284	5.02086E+01
5100	333	5.02184E+01
5203	332	5.02317E+01
7390	329	5.02365E+01
5203	373	5.02616E+01
5100	332	5.04182E+01
5203	283	5.04270E+01
5100	284	5.04374E+01
7390	599	5.04416E+01
5203	334	5.04435E+01
5100	373	5.05040E+01
7390	375	5.05133E+01
5100	283	5.05989E+01
5203	285	5.06018E+01
5203	372	5.06714E+01
5203	374	5.06809E+01
5100	334	5.07382E+01
5100	372	5.08641E+01
7390	598	5.08844E+01
5100	285	5.08847E+01
5203	424	5.08872E+01
5100	374	5.09692E+01
5100	424	5.11408E+01
7390	600	5.11512E+01
7390	461	5.11638E+01
5203	423	5.12548E+01
5203	331	5.12580E+01
5203	282	5.12974E+01
7390	369	5.13585E+01
5100	331	5.13856E+01
5100	282	5.14096E+01
5203	425	5.14216E+01
7390	640	5.14442E+01
5100	423	5.14702E+01
7390	553	5.15389E+01
5203	286	5.15735E+01
5203	335	5.15930E+01
7837	277	5.16910E+01
5100	425	5.17084E+01
5203	464	5.17466E+01
7390	557	5.17955E+01
7837	229	5.18617E+01
5203	375	5.18791E+01
5203	465	5.18846E+01
7390	232	5.19005E+01
5100	286	5.19079E+01
7837	326	5.19104E+01
7390	420	5.19292E+01
7390	641	5.19371E+01
5100	335	5.19375E+01
5203	371	5.19687E+01
7837	327	5.19775E+01
5100	464	5.19992E+01
7837	230	5.20327E+01
7390	426	5.20872E+01
5100	371	5.21075E+01
7837	278	5.21085E+01
7837	276	5.21233E+01
7390	639	5.21338E+01
5100	465	5.21565E+01
5100	375	5.22096E+01
7837	367	5.22210E+01
7390	336	5.22841E+01
7390	466	5.23809E+01
7837	228	5.24146E+01
7390	279	5.24592E+01
7390	681	5.25369E+01
7390	597	5.25711E+01
5203	422	5.25891E+01
7390	682	5.25951E+01
5203	463	5.25954E+01
5203	556	5.25988E+01
7837	366	5.26013E+01
7678	278	5.26384E+01
7678	328	5.26847E+01
7747	277	5.27334E+01
5100	422	5.27609E+01
7678	279	5.27919E+01
7747	229	5.27923E+01
5203	426	5.28024E+01
7837	418	5.28162E+01
5100	463	5.28221E+01
7837	325	5.28403E+01
5203	281	5.28689E+01
7678	327	5.28706E+01
5100	556	5.28718E+01
7837	231	5.28742E+01
5203	557	5.28797E+01
7747	326	5.29078E+01
7837	368	5.29145E+01
5100	281	5.29184E+01
7390	601	5.29237E+01
5203	466	5.29437E+01
7747	276	5.29617E+01
7837	328	5.29806E+01
7678	368	5.30078E+01
7678	231	5.30185E+01
7678	230	5.30916E+01
5203	330	5.31134E+01
5100	426	5.31178E+01
5100	557	5.31508E+01
7747	228	5.31510E+01
7747	230	5.31532E+01
7747	327	5.31736E+01
5100	330	5.31785E+01
5203	234	5.31859E+01
5100	234	5.32251E+01
5100	466	5.32287E+01
7390	376	5.32394E+01
7390	328	5.32722E+01
7837	417	5.32888E+01
7678	277	5.33030E+01
7837	279	5.33076E+01
5203	555	5.33236E+01
7390	723	5.33474E+01
7747	278	5.33486E+01
7747	367	5.33600E+01
5203	336	5.33906E+01
7678	329	5.33925E+01
7678	369	5.34026E+01
7768	328	5.34538E+01
7837	275	5.34570E+01
7768	278	5.34614E+01
7390	642	5.35144E+01
7837	419	5.35150E+01
7747	366	5.35494E+01
7768	279	5.35561E+01
5203	600	5.35641E+01
5100	555	5.35903E+01
7678	232	5.35987E+01
7678	419	5.36175E+01
7747	325	5.36312E+01
7678	367	5.36415E+01
7837	458	5.36664E+01
5203	601	5.36776E+01
7657	277	5.36803E+01
7390	680	5.36884E+01
7678	280	5.36939E+01
7768	327	5.36948E+01
7657	229	5.37014E+01
7837	227	5.37313E+01
7390	683	5.37583E+01
5100	336	5.37822E+01
7768	368	5.37837E+01
5203	376	5.38127E+01
7837	459	5.38154E+01
7768	231	5.38357E+01
7657	326	5.38379E+01
7657	276	5.38390E+01
5100	600	5.38616E+01
7678	229	5.38734E+01
7390	722	5.38984E+01
7390	724	5.39230E+01
5100	601	5.39515E+01
7747	418	5.39614E+01
7768	230	5.39660E+01
7678	420	5.39794E+01
7657	228	5.39925E+01
7678	326	5.40202E+01
7747	275	5.40864E+01
5203	558	5.40951E+01
7837	365	5.40975E+01
7390	638	5.41029E+01
7768	329	5.41107E+01
7657	230	5.41277E+01
7768	369	5.41381E+01
7657	327	5.41676E+01
7747	231	5.41792E+01
5100	376	5.41822E+01
7768	277	5.41879E+01
5203	370	5.42209E+01
7747	368	5.42332E+01
7747	417	5.42629E+01
7747	227	5.42702E+01
7390	765	5.42854E+01
5100	370	5.43013E+01
7837	232	5.43266E+01
7390	460	5.43292E+01
7657	367	5.43323E+01
5100	558	5.43568E+01
7768	232	5.43619E+01
7657	278	5.43624E+01
7747	328	5.43667E+01
7678	418	5.43761E+01
7768	419	5.43818E+01
7837	142	5.43863E+01
7768	280	5.44027E+01
5203	642	5.44066E+01
7390	764	5.44312E+01
7678	460	5.44325E+01
7390	558	5.44616E+01
7768	367	5.44634E+01
7657	366	5.44655E+01
5203	599	5.44699E+01
7837	550	5.44742E+01
7390	552	5.44809E+01
7657	325	5.44937E+01
5203	462	5.45044E+01
7390	231	5.45726E+01
7837	369	5.46143E+01
7678	459	5.46531E+01
5100	462	5.46983E+01
5100	642	5.47070E+01
5203	641	5.47126E+01
7768	420	5.47213E+01
5203	602	5.47317E+01
7747	279	5.47381E+01
7678	370	5.47527E+01
7747	458	5.47553E+01
7678	233	5.47763E+01
5100	599	5.47810E+01
7837	457	5.47821E+01
7747	142	5.47965E+01
7837	324	5.47999E+01
7768	229	5.48079E+01
7747	419	5.48163E+01
7837	329	5.48442E+01
7747	365	5.48449E+01
7678	276	5.48477E+01
5203	467	5.48666E+01
7657	275	5.48917E+01
7768	326	5.49034E+01
7837	551	5.49062E+01
7678	330	5.49200E+01
7657	418	5.49337E+01
7390	368	5.49353E+01
5100	233	5.49536E+01
5203	421	5.49627E+01
7837	416	5.49636E+01
5100	602	5.49731E+01
5203	233	5.49744E+01
5203	427	5.49815E+01
7747	459	5.50369E+01
7657	227	5.50424E+01
5203	643	5.50439E+01
5100	641	5.50570E+01
5100	421	5.50851E+01
7390	806	5.50968E+01
5203	554	5.51315E+01
5100	467	5.51590E+01
7768	418	5.51708E+01
7390	766	5.51776E+01
7768	460	5.51816E+01
5100	280	5.51827E+01
7837	460	5.51894E+01
7390	807	5.51900E+01
7657	417	5.51925E+01
5203	280	5.51991E+01
7837	280	5.52154E+01
7657	231	5.52166E+01
7657	368	5.52563E+01
7390	427	5.52639E+01
7678	281	5.52782E+01
5100	643	5.52896E+01
7390	337	5.53197E+01
5100	427	5.53212E+01
7837	420	5.53247E+01
5203	683	5.53474E+01
7837	549	5.53606E+01
7678	366	5.53625E+01
7678	461	5.53703E+01
5203	684	5.53748E+01
7747	324	5.53783E+01
5100	554	5.53832E+01
7678	421	5.53922E+01
7678	552	5.53977E+01
7768	459	5.54065E+01
7678	228	5.54117E+01
7657	328	5.54205E+01
7678	551	5.54313E+01
7837	594	5.54315E+01
7768	370	5.54536E+01
7768	233	5.54888E+01
7657	142	5.55141E+01
7390	725	5.55175E+01
7390	467	5.55276E+01
7390	596	5.55854E+01
7768	330	5.55914E+01
7858	328	5.55918E+01
7747	550	5.56108E+01
5100	684	5.56673E+01
7390	419	5.56688E+01
7390	602	5.56756E+01
7858	279	5.56769E+01
7390	721	5.56839E+01
7657	365	5.56996E+01
5100	683	5.57140E+01
7837	274	5.57148E+01
7747	457	5.57186E+01
7657	458	5.57194E+01
7390	763	5.57259E+01
7747	416	5.57526E+01
7858	278	5.57933E+01
7768	276	5.57975E+01
5203	337	5.58075E+01
7747	232	5.58103E+01
7657	279	5.58155E+01
7657	419	5.58236E+01
7837	226	5.58304E+01
7837	595	5.58569E+01
5100	329	5.58649E+01
5203	329	5.58660E+01
7390	278	5.59066E+01
7390	684	5.59249E+01
7768	281	5.59350E+01
7858	368	5.59564E+01
7657	459	5.60204E+01
7858	327	5.60458E+01
7858	329	5.60459E+01
5203	640	5.60472E+01
7390	805	5.60632E+01
7390	643	5.60826E+01
7678	458	5.60885E+01
7747	369	5.61009E+01
5203	725	5.61034E+01
7858	231	5.61185E+01
7858	369	5.61187E+01
7768	421	5.61194E+01
7768	461	5.61259E+01
7747	551	5.61313E+01
7747	274	5.61323E+01
7390	679	5.61493E+01
7768	552	5.61497E+01
7768	551	5.61587E+01
7657	324	5.61702E+01
7747	226	5.61703E+01
5203	559	5.61809E+01
7678	325	5.61855E+01
7390	808	5.62324E+01
7768	366	5.62362E+01
5100	337	5.62435E+01
5203	726	5.62464E+01
5203	685	5.62638E+01
5203	682	5.62661E+01
7837	141	5.62931E+01
7678	417	5.63056E+01
7678	596	5.63102E+01
7858	280	5.63207E+01
7837	233	5.63313E+01
7837	593	5.63674E+01
7747	549	5.63822E+01
7768	228	5.64086E+01
7747	329	5.64109E+01
5100	640	5.64237E+01
5100	559	5.64261E+01
5203	377	5.64450E+01
7858	232	5.64486E+01
7858	230	5.64516E+01
7678	595	5.64519E+01
5100	685	5.64709E+01
5203	598	5.64779E+01
5100	725	5.64978E+01
7678	234	5.64992E+01
7837	635	5.64993E+01
7747	460	5.65231E+01
7858	419	5.65234E+01
7747	141	5.65307E+01
5100	726	5.65383E+01
5203	644	5.65451E+01
7678	553	5.65607E+01
7747	594	5.65871E+01
7657	550	5.65900E+01
7837	552	5.66160E+01
7657	416	5.66319E+01
7657	457	5.66525E+01
5203	603	5.66541E+01
7390	377	5.66659E+01
7837	636	5.66741E+01
5100	682	5.66942E+01
7858	420	5.66963E+01
7837	364	5.67146E+01
7678	550	5.67185E+01
5100	644	5.67263E+01
7858	277	5.67388E+01
7747	420	5.67667E+01
5100	598	5.67919E+01
5203	724	5.68226E+01
7747	280	5.68288E+01
7858	367	5.68412E+01
5100	377	5.68501E+01
5100	603	5.68543E+01
7768	458	5.68575E+01
7657	274	5.68637E+01
7657	226	5.68721E+01
5203	767	5.68863E+01
7657	232	5.69076E+01
5203	768	5.69763E+01
7678	371	5.69842E+01
7390	767	5.70010E+01
7747	595	5.70552E+01
7768	596	5.70608E+01
7657	551	5.71040E+01
7768	325	5.71317E+01
7768	417	5.71389E+01
7768	595	5.71482E+01
7837	456	5.71641E+01
7768	234	5.71646E+01
5203	727	5.71690E+01
7657	369	5.71693E+01
7657	141	5.71890E+01
7678	331	5.71994E+01
7678	637	5.72150E+01
7858	460	5.72188E+01
7837	370	5.72420E+01
7747	364	5.72533E+01
7858	370	5.72548E+01
5100	768	5.72931E+01
5100	724	5.73064E+01
7678	275	5.73151E+01
5100	767	5.73309E+01
7858	330	5.73339E+01
7390	327	5.73376E+01
5100	727	5.73466E+01
5100	232	5.73477E+01
7768	553	5.73517E+01
7657	549	5.73536E+01
7858	233	5.73864E+01
7678	462	5.73933E+01
7678	597	5.73983E+01
5203	232	5.74316E+01
7390	637	5.74359E+01
7768	550	5.74360E+01
7747	593	5.74465E+01
7858	326	5.74771E+01
7837	677	5.74803E+01
7678	282	5.74880E+01
7837	330	5.74915E+01
7858	418	5.74959E+01
5203	369	5.75016E+01
7858	229	5.75022E+01
7657	460	5.75154E+01
5100	369	5.75187E+01
7657	329	5.75205E+01
5203	461	5.75515E+01
7837	548	5.75672E+01
5203	766	5.75763E+01
7657	594	5.75806E+01
7858	459	5.75843E+01
5203	468	5.76017E+01
7837	596	5.76074E+01
5203	810	5.76301E+01
7768	371	5.76557E+01
7858	281	5.76584E+01
7747	635	5.76763E+01
5100	461	5.77048E+01
7678	636	5.77074E+01
7837	634	5.77148E+01
5203	809	5.77174E+01
7837	461	5.77218E+01
7678	227	5.77386E+01
7837	676	5.77561E+01
7837	281	5.77645E+01
5203	769	5.77657E+01
7678	422	5.77797E+01
7837	323	5.77827E+01
7657	420	5.78013E+01
7768	331	5.78281E+01
7837	415	5.78305E+01
7837	568	5.78325E+01
7747	636	5.78499E+01
7678	594	5.78770E+01
5100	468	5.78960E+01
7747	552	5.79033E+01
5203	428	5.79171E+01
7747	456	5.79295E+01
5203	686	5.79360E+01
7768	637	5.79407E+01
5100	769	5.79428E+01
7858	421	5.79444E+01
7657	280	5.79666E+01
7678	638	5.79761E+01
7747	233	5.79873E+01
7390	230	5.80037E+01
5100	810	5.80150E+01
7657	595	5.80156E+01
7390	559	5.80255E+01
7390	726	5.80297E+01
7657	364	5.80420E+01
7858	461	5.80443E+01
5100	686	5.80471E+01
7768	282	5.80963E+01
5203	553	5.81025E+01
7390	809	5.81190E+01
5100	766	5.81353E+01
7747	323	5.81450E+01
7858	552	5.81605E+01
5203	811	5.81649E+01
7768	462	5.81656E+01
7837	421	5.81686E+01
7390	804	5.82000E+01
7678	365	5.82017E+01
7837	637	5.82114E+01
5203	681	5.82208E+01
7768	597	5.82214E+01
5100	809	5.82511E+01
7858	551	5.82616E+01
5100	279	5.82681E+01
7678	678	5.82721E+01
7390	762	5.82767E+01
5100	428	5.82768E+01
5100	553	5.83297E+01
7768	275	5.83322E+01
7768	636	5.83508E+01
5203	279	5.83536E+01
5100	811	5.83896E+01
7747	415	5.84223E+01
7837	718	5.84441E+01
7747	548	5.84483E+01
5203	420	5.84511E+01
7657	593	5.84546E+01
5203	723	5.84922E+01
5203	639	5.84985E+01
7768	422	5.84996E+01
7678	679	5.85024E+01
5203	808	5.85051E+01
5100	420	5.85181E+01
7768	594	5.85380E+01
7858	276	5.85744E+01
7837	678	5.85911E+01
7837	592	5.86603E+01
7747	677	5.86643E+01
5100	681	5.86964E+01
7657	635	5.86982E+01
7837	225	5.87044E+01
7747	568	5.87417E+01
7678	457	5.87658E+01
7390	551	5.87738E+01
5203	728	5.87945E+01
7390	459	5.87984E+01
7768	227	5.87997E+01
7390	720	5.88019E+01
7837	140	5.88053E+01
7768	638	5.88066E+01
7657	636	5.88137E+01
7747	596	5.88151E+01
5203	338	5.88210E+01
7657	456	5.88228E+01
7858	366	5.88311E+01
7837	234	5.88344E+01
5203	645	5.88368E+01
7747	225	5.88455E+01
7678	554	5.88457E+01
5100	728	5.88470E+01
7747	634	5.88512E+01
7657	552	5.88553E+01
7657	323	5.88637E+01
7747	140	5.88707E+01
7858	234	5.88804E+01
7837	273	5.88824E+01
7747	370	5.88849E+01
5100	639	5.88942E+01
7768	678	5.89349E+01
7678	142	5.89396E+01
5100	645	5.89443E+01
7390	338	5.89480E+01
7837	719	5.89575E+01
7747	676	5.89798E+01
7390	685	5.90004E+01
5100	723	5.90508E+01
7858	596	5.90762E+01
5203	560	5.90773E+01
7747	273	5.90870E+01
5203	765	5.91317E+01
7768	365	5.91326E+01
7657	233	5.91415E+01
7747	461	5.91476E+01
5100	808	5.91744E+01
5203	770	5.91787E+01
7858	458	5.91980E+01
7858	595	5.92051E+01
5100	770	5.92056E+01
7390	428	5.92069E+01
7678	720	5.92235E+01
7747	330	5.92297E+01
7657	415	5.92443E+01
5203	812	5.92490E+01
7678	549	5.92861E+01
7858	371	5.92901E+01
7858	553	5.92982E+01
7768	679	5.92985E+01
5100	338	5.92986E+01
5100	560	5.92994E+01
5100	812	5.93034E+01
7678	677	5.93068E+01
7858	228	5.93165E+01
7837	717	5.93262E+01
7390	603	5.93299E+01
7747	637	5.93448E+01
5203	604	5.93772E+01
7678	324	5.93877E+01
7858	331	5.93878E+01
7657	548	5.93975E+01
7678	416	5.94239E+01
7837	675	5.94347E+01
7657	140	5.94689E+01
7657	225	5.94765E+01
7678	635	5.95001E+01
7390	468	5.95049E+01
5100	328	5.95176E+01
7837	760	5.95240E+01
5100	604	5.95285E+01
7837	553	5.95356E+01
7747	281	5.95534E+01
7390	644	5.95554E+01
7768	457	5.95619E+01
5203	328	5.95890E+01
7747	592	5.96298E+01
7858	282	5.96330E+01
7678	598	5.96411E+01
7390	768	5.96555E+01
7858	550	5.96597E+01
7657	677	5.96601E+01
7858	417	5.96636E+01
5203	597	5.96712E+01
7390	367	5.96743E+01
7678	719	5.96787E+01
7747	718	5.96848E+01
7747	678	5.96857E+01
7768	554	5.96887E+01
7657	568	5.97069E+01
7657	596	5.97245E+01
7747	421	5.97361E+01
7837	759	5.97368E+01
7657	273	5.97438E+01
5203	378	5.97462E+01
5100	765	5.97902E+01
7768	677	5.98637E+01
7657	634	5.99080E+01
7678	639	5.99177E+01
7678	680	5.99300E+01
7768	720	5.99322E+01
7858	325	5.99363E+01
7858	637	5.99519E+01
7678	721	5.99727E+01
5100	597	5.99766E+01
7858	462	5.99863E+01
7390	595	5.99921E+01
7657	370	5.99931E+01
7390	678	6.00011E+01
7768	549	6.00093E+01
7678	372	6.00312E+01
7657	676	6.00549E+01
7768	142	6.00690E+01
7747	719	6.00701E+01
5203	807	6.00762E+01
7768	635	6.00852E+01
7657	461	6.01385E+01
7678	332	6.01751E+01
5100	378	6.01838E+01
7858	422	6.01906E+01
7657	637	6.02283E+01
7858	597	6.02298E+01
7768	719	6.02315E+01
7678	283	6.02773E+01
7390	277	6.02941E+01
7768	416	6.03040E+01
7837	633	6.03054E+01
5203	687	6.03190E+01
5100	687	6.03246E+01
7678	762	6.03271E+01
7858	636	6.03552E+01
7678	761	6.03748E+01
7657	330	6.03910E+01
7768	324	6.04001E+01
7837	363	6.04126E+01
7678	463	6.04234E+01
5100	231	6.04616E+01
7837	801	6.04804E+01
7768	598	6.05534E+01
7657	678	6.05752E+01
7678	593	6.06064E+01
5203	231	6.06115E+01
7837	597	6.06165E+01
7657	592	6.06338E+01
7747	717	6.06364E+01
7747	675	6.06477E+01
7747	234	6.06564E+01
7390	418	6.06627E+01
7837	761	6.06690E+01
7858	594	6.06726E+01
7768	372	6.06784E+01
5100	813	6.06911E+01
7678	274	6.07166E+01
7837	371	6.07213E+01
7747	760	6.07237E+01
7747	363	6.07371E+01
7657	281	6.07484E+01
7657	718	6.07492E+01
7390	810	6.07504E+01
7390	378	6.07638E+01
7768	332	6.07649E+01
7837	455	6.07674E+01
11301	282	6.07892E+01
7657	421	6.07906E+01
7837	802	6.08046E+01
5203	813	6.08155E+01
7837	720	6.08215E+01
7768	283	6.08404E+01
11301	331	6.08543E+01
7837	331	6.08546E+01
7747	553	6.08595E+01
7678	226	6.08633E+01
5100	807	6.08659E+01
7768	721	6.08672E+01
7858	638	6.08672E+01
7768	639	6.08735E+01
7768	680	6.08845E+01
7837	282	6.08986E+01
7858	678	6.09029E+01
7768	761	6.09372E+01
5100	729	6.09687E+01
7657	719	6.10073E+01
5100	771	6.10123E+01
7837	679	6.10328E+01
7837	638	6.10485E+01
7837	547	6.10498E+01
5203	729	6.10509E+01
7678	423	6.10702E+01
11301	281	6.10873E+01
7747	759	6.10923E+01
7768	762	6.10954E+01
5203	469	6.11006E+01
11219	282	6.11287E+01
11301	283	6.11431E+01
5203	771	6.11450E+01
11301	330	6.11499E+01
5203	722	6.12038E+01
11219	331	6.12049E+01
7768	463	6.12218E+01
7678	803	6.12333E+01
7768	593	6.12521E+01
11138	282	6.12782E+01
5203	680	6.13018E+01
11301	371	6.13099E+01
7837	567	6.13272E+01
11301	234	6.13272E+01
7837	462	6.13322E+01
7837	758	6.13372E+01
7858	275	6.13404E+01
7747	455	6.13454E+01
11301	332	6.13518E+01
11138	331	6.13575E+01
7747	633	6.13601E+01
7390	727	6.13655E+01
7858	679	6.13670E+01
11219	281	6.13684E+01
5100	469	6.13916E+01
7678	718	6.13972E+01
7678	763	6.14040E+01
7678	804	6.14353E+01
11219	330	6.14394E+01
7657	363	6.14560E+01
11138	281	6.14978E+01
7837	800	6.15067E+01
11219	283	6.15379E+01
5203	429	6.15716E+01
11138	330	6.15726E+01
11219	234	6.15926E+01
7858	554	6.15973E+01
7837	716	6.16049E+01
7390	803	6.16086E+01
7678	760	6.16232E+01
5203	764	6.16425E+01
7678	676	6.16437E+01
7747	761	6.16482E+01
11219	371	6.16588E+01
11301	370	6.16745E+01
7678	141	6.16870E+01
11138	283	6.17061E+01
11138	234	6.17159E+01
7837	322	6.17375E+01
7747	720	6.17504E+01
7657	760	6.17558E+01
11219	332	6.17598E+01
7747	547	6.17668E+01
7657	675	6.17741E+01
7657	553	6.17778E+01
7858	677	6.17823E+01
7768	423	6.17895E+01
7657	717	6.17959E+01
7747	139	6.17959E+01
7747	597	6.18017E+01
7768	274	6.18028E+01
7768	803	6.18071E+01
5203	460	6.18096E+01
5100	680	6.18098E+01
11138	371	6.18099E+01
5100	722	6.18210E+01
7768	718	6.18266E+01
5100	368	6.18316E+01
7837	414	6.18323E+01
7747	801	6.18406E+01
7678	722	6.18416E+01
5203	646	6.18515E+01
7657	234	6.18643E+01
5100	646	6.18767E+01
11301	372	6.18815E+01
7747	322	6.18825E+01
5203	368	6.18828E+01
7837	139	6.19006E+01
5100	460	6.19143E+01
7747	802	6.19205E+01
7858	227	6.19247E+01
11138	332	6.19304E+01
7858	720	6.19396E+01
5100	429	6.19474E+01
7858	365	6.19553E+01
11219	370	6.19635E+01
7837	422	6.19665E+01
7768	226	6.19899E+01
7747	679	6.19911E+01
7768	760	6.20148E+01
11301	233	6.20774E+01
7747	567	6.20795E+01
7858	457	6.20866E+01
11301	280	6.20950E+01
7858	719	6.20963E+01
11138	370	6.20978E+01
7747	638	6.21004E+01
11301	284	6.21005E+01
7768	676	6.21237E+01
7858	635	6.21270E+01
11301	422	6.21374E+01
7678	364	6.21502E+01
7858	332	6.21506E+01
5203	638	6.21509E+01
7678	802	6.21530E+01
7858	372	6.21575E+01
7678	555	6.21713E+01
7390	761	6.21746E+01
7657	455	6.21881E+01
7390	636	6.21928E+01
7858	283	6.21978E+01
7747	414	6.22174E+01
7390	229	6.22421E+01
5100	278	6.22429E+01
11301	421	6.22555E+01
7837	591	6.22589E+01
7747	224	6.22601E+01
7768	804	6.22627E+01
7657	759	6.22654E+01
11219	372	6.22859E+01
11219	233	6.22897E+01
11301	329	6.23058E+01
5203	552	6.23109E+01
11219	280	6.23141E+01
7837	224	6.23154E+01
7657	139	6.23341E+01
7858	549	6.23822E+01
5100	764	6.23836E+01
11138	233	6.23941E+01
5203	278	6.24008E+01
7768	763	6.24096E+01
11138	280	6.24222E+01
7837	803	6.24239E+01
7390	560	6.24253E+01
7657	633	6.24286E+01
11138	372	6.24521E+01
7678	681	6.24663E+01
7837	674	6.24863E+01
7390	326	6.24890E+01
5100	814	6.24934E+01
11219	422	6.24967E+01
5100	552	6.25037E+01
7657	761	6.25038E+01
7747	371	6.25091E+01
7768	802	6.25097E+01
5203	806	6.25176E+01
7657	322	6.25267E+01
7657	720	6.25302E+01
11219	329	6.25306E+01
11219	284	6.25471E+01
5100	638	6.25519E+01
11219	421	6.25613E+01
11301	333	6.25855E+01
7858	598	6.25875E+01
7678	634	6.26043E+01
11138	329	6.26428E+01
7657	597	6.26432E+01
11138	422	6.26484E+01
7678	805	6.26713E+01
7678	456	6.26721E+01
7657	547	6.26800E+01
11138	421	6.27012E+01
5203	561	6.27278E+01
11138	284	6.27329E+01
7657	679	6.27487E+01
7747	331	6.27554E+01
7747	758	6.27808E+01
7858	761	6.27999E+01
5203	814	6.28038E+01
7657	224	6.28207E+01
7747	462	6.28309E+01
5203	605	6.28385E+01
7747	282	6.28559E+01
7768	141	6.28693E+01
7657	638	6.28826E+01
7747	272	6.28972E+01
7390	686	6.28978E+01
7837	272	6.29037E+01
7657	802	6.29075E+01
5100	561	6.29204E+01
7747	716	6.29254E+01
5100	605	6.29334E+01
7768	722	6.29486E+01
7678	640	6.29512E+01
7678	599	6.29535E+01
7858	463	6.29647E+01
7657	414	6.29758E+01
7657	567	6.30130E+01
11301	462	6.30134E+01
7657	801	6.30150E+01
7858	639	6.30232E+01
7747	800	6.30372E+01
7858	416	6.30434E+01
7390	769	6.30470E+01
11219	333	6.30475E+01
11301	369	6.30507E+01
11301	423	6.30643E+01
7858	721	6.30731E+01
7768	555	6.30786E+01
7747	591	6.30877E+01
7858	680	6.31009E+01
7837	762	6.31017E+01
7678	548	6.31211E+01
5203	419	6.31238E+01
5100	419	6.31288E+01
7768	364	6.31432E+01
7768	634	6.31560E+01
7858	762	6.31958E+01
7747	803	6.32265E+01
11138	333	6.32348E+01
5100	688	6.32373E+01
11219	369	6.32756E+01
5100	772	6.32993E+01
11301	373	6.33224E+01
7390	719	6.33263E+01
5203	688	6.33462E+01
7858	142	6.33505E+01
11219	462	6.33563E+01
7858	423	6.33616E+01
11138	369	6.33911E+01
11301	461	6.34091E+01
5100	806	6.34105E+01
11301	232	6.34351E+01
7858	324	6.34421E+01
11219	423	6.34720E+01
7678	568	6.34725E+01
7657	272	6.34794E+01
11301	420	6.34998E+01
7858	593	6.35008E+01
11138	462	6.35024E+01
7768	456	6.35066E+01
7678	764	6.35100E+01
7837	554	6.35818E+01
11219	232	6.35908E+01
5203	772	6.35995E+01
7768	681	6.36016E+01
7678	323	6.36064E+01
7858	718	6.36089E+01
7678	284	6.36093E+01
11301	285	6.36202E+01
11138	423	6.36331E+01
7747	674	6.36390E+01
7747	422	6.36449E+01
5100	730	6.36461E+01
7657	371	6.36519E+01
11138	232	6.36750E+01
5203	379	6.36940E+01
7858	803	6.36991E+01
7858	760	6.37050E+01
11219	461	6.37052E+01
7678	415	6.37067E+01
11219	420	6.37466E+01
11219	373	6.37782E+01
7768	805	6.37844E+01
11301	463	6.37964E+01
7747	762	6.38004E+01
7678	333	6.38037E+01
7657	462	6.38108E+01
7390	604	6.38152E+01
7678	373	6.38397E+01
11138	461	6.38452E+01
7390	645	6.38529E+01
7768	548	6.38654E+01
5203	730	6.38717E+01
11138	420	6.38724E+01
11301	279	6.38781E+01
7390	429	6.38789E+01
7837	799	6.38947E+01
7837	721	6.39562E+01
11138	373	6.39577E+01
11752	277	6.39629E+01
7657	331	6.39646E+01
7768	599	6.39702E+01
7657	803	6.39883E+01
11752	229	6.40012E+01
11219	279	6.40317E+01
7390	811	6.40336E+01
7858	676	6.40461E+01
7768	640	6.40511E+01
7657	758	6.40576E+01
11681	277	6.40609E+01
7657	591	6.40695E+01
11752	276	6.40901E+01
11681	229	6.40967E+01
7657	282	6.41047E+01
11219	285	6.41153E+01
11138	279	6.41172E+01
7678	759	6.41184E+01
5203	596	6.41237E+01
11752	326	6.41278E+01
7768	284	6.41305E+01
7858	802	6.41389E+01
11301	553	6.41446E+01
7657	716	6.41467E+01
5100	379	6.41610E+01
11219	463	6.41797E+01
11681	276	6.41814E+01
7768	568	6.41896E+01
5100	327	6.42060E+01
7837	632	6.42080E+01
11681	326	6.42236E+01
7678	801	6.42579E+01
7390	469	6.42635E+01
11301	554	6.42800E+01
11752	228	6.42881E+01
7837	757	6.43077E+01
11138	285	6.43174E+01
11138	463	6.43287E+01
5100	230	6.43491E+01
5203	327	6.43516E+01
7768	333	6.43583E+01
7657	800	6.43584E+01
11681	228	6.43764E+01
7768	759	6.43772E+01
7678	464	6.43871E+01
11301	328	6.43971E+01
7678	717	6.44025E+01
5100	596	6.44079E+01
7768	801	6.44379E+01
7657	762	6.44470E+01
11752	230	6.44475E+01
7390	550	6.44548E+01
11219	553	6.44621E+01
7768	373	6.44673E+01
7858	804	6.44854E+01
11301	334	6.45088E+01
11681	230	6.45500E+01
11219	328	6.45533E+01
5203	230	6.45678E+01
7837	283	6.45724E+01
11752	327	6.45808E+01
11138	553	6.46060E+01
7390	458	6.46073E+01
7678	592	6.46201E+01
11219	554	6.46303E+01
7768	415	6.46410E+01
11138	328	6.46430E+01
7747	721	6.46500E+01
11681	327	6.46815E+01
11752	325	6.46837E+01
11752	366	6.46843E+01
7768	323	6.46876E+01
11752	278	6.46917E+01
7657	422	6.47126E+01
7837	680	6.47198E+01
7678	723	6.47312E+01
7768	717	6.47431E+01
7678	225	6.47672E+01
11138	554	6.47707E+01
11681	325	6.47739E+01
11681	366	6.47791E+01
7768	764	6.47805E+01
11752	367	6.47883E+01
7657	674	6.47885E+01
11681	278	6.47960E+01
7837	598	6.47981E+01
7858	763	6.48067E+01
7678	806	6.48405E+01
7837	332	6.48788E+01
11681	367	6.48859E+01
7747	554	6.49181E+01
11301	424	6.49614E+01
7858	555	6.49738E+01
7837	372	6.49863E+01
11219	334	6.50214E+01
7678	273	6.50246E+01
7858	274	6.50457E+01
5203	721	6.50468E+01
7678	140	6.50555E+01
11301	460	6.50689E+01
7837	639	6.50980E+01
7837	362	6.51042E+01
11752	275	6.51260E+01
7747	632	6.51418E+01
11301	597	6.51780E+01
5203	763	6.51992E+01
7678	424	6.52017E+01
11681	275	6.52102E+01
7747	362	6.52118E+01
7768	464	6.52205E+01
11138	334	6.52240E+01
7837	715	6.52323E+01
7657	721	6.52447E+01
7837	804	6.52478E+01
7747	138	6.52630E+01
7768	592	6.52705E+01
7858	634	6.52801E+01
7678	675	6.52805E+01
7390	677	6.52947E+01
11219	460	6.53115E+01
7858	284	6.53158E+01
5203	470	6.53170E+01
7858	226	6.53336E+01
11301	552	6.53389E+01
11752	417	6.53428E+01
11752	227	6.53477E+01
7858	722	6.54038E+01
11219	424	6.54128E+01
11681	227	6.54287E+01
7390	728	6.54375E+01
11681	417	6.54388E+01
11138	460	6.54421E+01
11301	231	6.54577E+01
5100	647	6.54623E+01
11752	418	6.54804E+01
7837	454	6.54979E+01
7747	680	6.54982E+01
11219	597	6.55008E+01
7390	379	6.55113E+01
11301	368	6.55166E+01
7747	799	6.55185E+01
5203	647	6.55272E+01
7837	138	6.55342E+01
11219	231	6.55533E+01
11301	598	6.55596E+01
11752	231	6.55742E+01
11301	374	6.55753E+01
11681	418	6.55757E+01
7858	333	6.55784E+01
11138	424	6.55810E+01
5203	679	6.55922E+01
5100	470	6.55997E+01
7390	366	6.56126E+01
11219	552	6.56155E+01
11138	231	6.56160E+01
11138	597	6.56439E+01
11301	555	6.56539E+01
7390	276	6.56679E+01
11301	286	6.56681E+01
11301	464	6.56727E+01
11219	368	6.56729E+01
7747	804	6.56747E+01
11681	231	6.56834E+01
5100	721	6.57046E+01
7768	675	6.57137E+01
7837	546	6.57151E+01
11752	365	6.57209E+01
7657	138	6.57419E+01
11138	552	6.57586E+01
11138	368	6.57676E+01
7747	757	6.57712E+01
7657	554	6.57903E+01
7858	373	6.58021E+01
11681	365	6.58120E+01
7390	594	6.58235E+01
7657	362	6.58582E+01
7747	454	6.58751E+01
7858	801	6.58791E+01
11219	598	6.58996E+01
5203	430	6.59122E+01
5203	805	6.59182E+01
7768	424	6.59270E+01
7747	598	6.59309E+01
7837	463	6.59385E+01
11301	419	6.59495E+01
7768	225	6.59597E+01
7858	759	6.59644E+01
11752	328	6.59793E+01
11752	368	6.59868E+01
5100	763	6.60042E+01
5100	773	6.60084E+01
7858	681	6.60090E+01
7678	682	6.60130E+01
7837	566	6.60149E+01
11138	598	6.60290E+01
11219	555	6.60291E+01
7747	639	6.60321E+01
7858	599	6.60601E+01
7768	723	6.60743E+01
11219	374	6.60789E+01
11681	328	6.60843E+01
11752	458	6.60846E+01
11681	368	6.60862E+01
11219	464	6.60904E+01
7657	680	6.61007E+01
5100	679	6.61158E+01
11752	142	6.61294E+01
11219	419	6.61319E+01
11138	555	6.61621E+01
7657	804	6.61777E+01
11681	458	6.61794E+01
7768	273	6.61810E+01
11301	596	6.61930E+01
7657	632	6.61993E+01
7858	364	6.62021E+01
11681	142	6.62071E+01
11752	279	6.62076E+01
11219	286	6.62082E+01
7858	456	6.62353E+01
11138	464	6.62394E+01
11138	419	6.62409E+01
7747	546	6.62477E+01
7768	806	6.62668E+01
11138	374	6.62700E+01
11752	324	6.62841E+01
7768	140	6.62916E+01
11301	638	6.62981E+01
5100	430	6.63001E+01
11681	279	6.63178E+01
7858	640	6.63261E+01
7858	141	6.63388E+01
7747	223	6.63466E+01
11681	324	6.63682E+01
7390	802	6.63689E+01
7858	805	6.63981E+01
7858	548	6.64148E+01
11138	286	6.64254E+01
11752	416	6.64490E+01
7678	556	6.64588E+01
11752	457	6.64705E+01
5203	773	6.64830E+01
11219	596	6.64886E+01
7747	321	6.64975E+01
7747	715	6.65050E+01
7858	717	6.65056E+01
11301	278	6.65074E+01
7678	765	6.65414E+01
11681	416	6.65440E+01
7837	321	6.65680E+01
11681	457	6.65691E+01
7747	566	6.65877E+01
11219	278	6.65922E+01
7837	223	6.65937E+01
11219	638	6.66201E+01
11138	596	6.66402E+01
7837	423	6.66454E+01
11138	278	6.66537E+01
7657	454	6.66586E+01
11301	639	6.66687E+01
7657	598	6.66890E+01
7747	283	6.66915E+01
7858	568	6.66919E+01
7657	639	6.66939E+01
7837	763	6.67222E+01
5100	689	6.67243E+01
11138	638	6.67634E+01
5100	731	6.68179E+01
11752	419	6.68255E+01
7837	673	6.68316E+01
7657	223	6.68380E+01
7837	413	6.68628E+01
5100	805	6.68952E+01
7858	464	6.69038E+01
7747	372	6.69084E+01
11681	419	6.69188E+01
7747	332	6.69342E+01
7390	417	6.69365E+01
7657	799	6.69439E+01
5203	689	6.69557E+01
5203	606	6.69796E+01
7678	641	6.69833E+01
7678	633	6.69883E+01
11219	639	6.69920E+01
5100	606	6.70113E+01
11752	459	6.70227E+01
7747	413	6.70348E+01
7837	590	6.70635E+01
7657	321	6.70667E+01
5203	637	6.70752E+01
5203	562	6.70783E+01
11301	335	6.70818E+01
7747	763	6.70866E+01
7390	770	6.70878E+01
11752	274	6.70952E+01
11138	639	6.71109E+01
11681	459	6.71115E+01
7657	546	6.71122E+01
7657	757	6.71134E+01
11752	549	6.71258E+01
11752	550	6.71445E+01
7678	363	6.71529E+01
5100	277	6.71693E+01
11681	274	6.71721E+01
5203	731	6.71946E+01
11752	226	6.71991E+01
11681	549	6.72255E+01
11681	550	6.72349E+01
5100	562	6.72356E+01
11301	599	6.72400E+01
7678	600	6.72492E+01
11681	226	6.72725E+01
5100	367	6.72989E+01
7390	228	6.73214E+01
11752	232	6.73231E+01
5203	459	6.73356E+01
7768	682	6.73491E+01
5100	459	6.73833E+01
11301	637	6.73879E+01
7858	424	6.73939E+01
5203	277	6.74028E+01
5203	367	6.74233E+01
11681	232	6.74387E+01
7768	556	6.74415E+01
7678	285	6.74547E+01
5100	637	6.74663E+01
7747	271	6.74685E+01
11301	679	6.74748E+01
7657	566	6.74756E+01
7390	760	6.74815E+01
7747	463	6.74920E+01
7657	763	6.74952E+01
11301	327	6.74983E+01
7858	764	6.75265E+01
7768	633	6.75314E+01
7390	687	6.75364E+01
7678	800	6.75772E+01
11219	327	6.75822E+01
11219	599	6.75879E+01
7390	561	6.76014E+01
7837	798	6.76045E+01
11301	680	6.76049E+01
7858	415	6.76080E+01
7768	800	6.76242E+01
11219	335	6.76418E+01
11138	327	6.76479E+01
10648	334	6.76641E+01
7858	592	6.76684E+01
7837	271	6.76815E+01
7858	675	6.76938E+01
11219	637	6.76967E+01
11138	599	6.76986E+01
7747	590	6.77239E+01
7657	413	6.77247E+01
7678	455	6.77469E+01
7657	715	6.77551E+01
11301	425	6.77642E+01
11752	141	6.77730E+01
10648	335	6.77896E+01
11219	679	6.77983E+01
5203	551	6.78141E+01
7678	807	6.78395E+01
11681	141	6.78437E+01
11138	637	6.78579E+01
11138	335	6.78585E+01
7678	758	6.78672E+01
7747	673	6.78769E+01
7390	812	6.78823E+01
11752	364	6.79072E+01
11219	680	6.79141E+01
10648	374	6.79171E+01
7768	285	6.79376E+01
11301	551	6.79410E+01
11138	679	6.79471E+01
5100	551	6.79617E+01
7858	323	6.79709E+01
7657	271	6.79771E+01
7657	283	6.79912E+01
11681	364	6.79936E+01
11138	680	6.80282E+01
7768	758	6.80332E+01
11752	593	6.80388E+01
7678	334	6.80519E+01
10648	286	6.80606E+01
11301	459	6.80662E+01
7657	372	6.80811E+01
7768	765	6.81005E+01
10648	285	6.81229E+01
11681	593	6.81397E+01
7678	547	6.81636E+01
11219	551	6.81684E+01
11301	556	6.81734E+01
11752	594	6.81849E+01
7657	332	6.81875E+01
11752	456	6.81880E+01
10648	375	6.81906E+01
11301	230	6.82032E+01
11752	369	6.82088E+01
7768	363	6.82120E+01
11219	230	6.82353E+01
7768	641	6.82440E+01
11752	329	6.82462E+01
11219	459	6.82485E+01
11219	425	6.82547E+01
7837	722	6.82572E+01
11681	594	6.82708E+01
5203	380	6.82710E+01
10648	333	6.82730E+01
11138	230	6.82753E+01
11681	456	6.82883E+01
11138	551	6.83061E+01
11681	369	6.83091E+01
11681	329	6.83551E+01
11138	459	6.83663E+01
7678	374	6.83665E+01
7768	600	6.83840E+01
11301	640	6.83960E+01
7390	635	6.83962E+01
7747	423	6.84211E+01
11138	425	6.84279E+01
11752	280	6.84382E+01
7657	463	6.84521E+01
11301	721	6.84671E+01
10648	373	6.84874E+01
10732	334	6.85069E+01
11752	548	6.85167E+01
7678	724	6.85390E+01
7678	567	6.85509E+01
11681	280	6.85540E+01
11752	551	6.85633E+01
11301	465	6.85643E+01
11219	556	6.85664E+01
10648	425	6.85749E+01
7768	334	6.85750E+01
7837	756	6.85790E+01
11301	375	6.85913E+01
10648	336	6.86117E+01
11681	548	6.86227E+01
7768	455	6.86304E+01
11681	551	6.86415E+01
10732	335	6.86420E+01
7657	590	6.86666E+01
7837	555	6.86676E+01
7747	722	6.86695E+01
7678	716	6.86762E+01
11301	595	6.86851E+01
11138	556	6.86884E+01
11219	640	6.87094E+01
11752	568	6.87283E+01
10732	374	6.87326E+01
7837	284	6.87499E+01
7390	325	6.87533E+01
5100	380	6.87641E+01
11219	721	6.87721E+01
7678	322	6.87752E+01
11301	720	6.87766E+01
11752	415	6.87936E+01
11138	640	6.87979E+01
10648	284	6.88107E+01
7858	723	6.88238E+01
11681	568	6.88359E+01
10648	424	6.88429E+01
11301	678	6.88633E+01
11681	415	6.88863E+01
11138	721	6.88911E+01
7390	646	6.89015E+01
11752	323	6.89258E+01
11219	595	6.89432E+01
7768	547	6.89438E+01
10732	286	6.89468E+01
7858	800	6.89568E+01
7858	285	6.89572E+01
7768	716	6.89633E+01
5100	418	6.89678E+01
7768	374	6.89793E+01
10732	285	6.89960E+01
11681	323	6.90033E+01
11219	465	6.90106E+01
7678	139	6.90125E+01
10732	375	6.90132E+01
7657	673	6.90224E+01
5203	418	6.90311E+01
7657	722	6.90543E+01
5100	229	6.90569E+01
7390	605	6.90642E+01
7678	414	6.90810E+01
11752	634	6.90835E+01
11138	595	6.90976E+01
10732	333	6.91058E+01
11219	720	6.91101E+01
11752	635	6.91157E+01
11219	375	6.91389E+01
11301	367	6.91411E+01
11301	681	6.91470E+01
11138	465	6.91568E+01
7747	805	6.91592E+01
7837	805	6.91628E+01
11219	678	6.91869E+01
11681	634	6.91880E+01
11681	635	6.91997E+01
7747	137	6.92054E+01
7678	465	6.92202E+01
11219	367	6.92243E+01
10648	426	6.92351E+01
11752	460	6.92381E+01
7747	798	6.92448E+01
7390	430	6.92465E+01
10648	376	6.92596E+01
11138	720	6.92732E+01
10732	373	6.92950E+01
7390	718	6.92951E+01
11138	367	6.92963E+01
7768	567	6.93001E+01
7837	631	6.93106E+01
11752	420	6.93127E+01
11681	460	6.93188E+01
7858	806	6.93242E+01
11138	375	6.93403E+01
7858	556	6.93460E+01
5203	229	6.93470E+01
11138	678	6.93626E+01
10732	425	6.93652E+01
11752	592	6.93674E+01
7657	805	6.93740E+01
7678	224	6.94003E+01
11301	762	6.94010E+01
11681	420	6.94027E+01
10648	465	6.94038E+01
11219	681	6.94288E+01
10732	336	6.94739E+01
11681	592	6.94794E+01
7657	423	6.94953E+01
11138	681	6.95010E+01
7858	225	6.95218E+01
7837	333	6.95230E+01
7837	681	6.95478E+01
7858	758	6.95897E+01
7768	807	6.96028E+01
11301	722	6.96223E+01
7657	137	6.96264E+01
10732	424	6.96279E+01
7858	334	6.96370E+01
11752	233	6.96373E+01
7837	137	6.96379E+01
5100	648	6.96450E+01
7858	273	6.96592E+01
10648	332	6.96607E+01
11301	418	6.96694E+01
10732	284	6.96711E+01
11219	762	6.97167E+01
7390	470	6.97553E+01
11681	233	6.97590E+01
7858	633	6.97815E+01
11219	418	6.97821E+01
11752	595	6.98010E+01
5203	648	6.98076E+01
11752	225	6.98351E+01
7678	591	6.98512E+01
11138	762	6.98527E+01
10648	464	6.98547E+01
11681	595	6.98681E+01
11138	418	6.98716E+01
11219	722	6.98834E+01
5203	762	6.98854E+01
5203	595	6.98883E+01
11681	225	6.99010E+01
7768	322	6.99268E+01
7858	140	6.99489E+01
11138	722	6.99497E+01
10648	372	6.99575E+01
11752	676	6.99783E+01
10648	466	6.99808E+01
5100	326	6.99830E+01
7837	373	6.99849E+01
11752	273	6.99856E+01
7858	682	6.99863E+01
7747	555	6.99940E+01
7747	756	6.99961E+01
11301	763	6.99975E+01
11301	636	7.00183E+01
10732	426	7.00299E+01
11752	140	7.00408E+01
11301	277	7.00505E+01
11681	273	7.00549E+01
7837	599	7.00586E+01
11219	277	7.00632E+01
11681	676	7.00647E+01
7768	414	7.00763E+01
7747	631	7.00885E+01
10732	376	7.00890E+01
10816	335	7.00949E+01
7768	465	7.00968E+01
5203	720	7.00975E+01
10648	337	7.00992E+01
11138	277	7.00996E+01
10648	423	7.01015E+01
11681	140	7.01046E+01
7747	681	7.01068E+01
7837	714	7.01096E+01
11301	600	7.01164E+01
7678	425	7.01237E+01
10816	334	7.01301E+01
5100	595	7.01384E+01
7768	724	7.01386E+01
10648	283	7.01594E+01
7390	729	7.01640E+01
10732	465	7.01662E+01
7678	272	7.01688E+01
7678	674	7.01703E+01
7858	374	7.01796E+01
5203	326	7.02065E+01
5203	471	7.02074E+01
11219	763	7.02546E+01
7837	640	7.02597E+01
11752	675	7.02669E+01
11301	336	7.02697E+01
11219	636	7.03015E+01
7768	139	7.03030E+01
11301	761	7.03180E+01
11138	763	7.03283E+01
5203	804	7.03641E+01
10816	374	7.03789E+01
11681	675	7.03790E+01
7678	766	7.03961E+01
10816	286	7.04148E+01
5100	732	7.04275E+01
11301	804	7.04591E+01
11219	600	7.04637E+01
10648	556	7.04668E+01
7678	683	7.04724E+01
11138	636	7.04735E+01
5100	471	7.04770E+01
10732	332	7.04831E+01
10816	375	7.05038E+01
10648	557	7.05053E+01
7768	591	7.05258E+01
7657	681	7.05335E+01
7747	361	7.05486E+01
11138	600	7.05511E+01
7858	600	7.05574E+01
11301	803	7.05639E+01
11752	633	7.05762E+01
7768	674	7.05868E+01
10732	464	7.06141E+01
10816	285	7.06366E+01
11301	719	7.06555E+01
7837	361	7.06573E+01
7768	224	7.06584E+01
11219	761	7.06745E+01
7858	641	7.06774E+01
11752	636	7.06780E+01
11681	633	7.06963E+01
5100	690	7.07282E+01
7657	798	7.07314E+01
11219	804	7.07328E+01
5100	762	7.07335E+01
11681	636	7.07364E+01
10732	466	7.07452E+01
10732	372	7.07565E+01
10816	336	7.07652E+01
7858	716	7.07692E+01
10648	427	7.07697E+01
5100	720	7.07764E+01
7657	555	7.08088E+01
11138	804	7.08292E+01
7768	425	7.08608E+01
11138	761	7.08626E+01
11219	336	7.08739E+01
11752	717	7.08788E+01
10732	423	7.08802E+01
7390	380	7.08912E+01
11219	803	7.09084E+01
10816	333	7.09087E+01
5203	431	7.09088E+01
5203	732	7.09623E+01
10732	337	7.09713E+01
11681	717	7.09735E+01
11219	719	7.10010E+01
7747	222	7.10069E+01
10732	283	7.10071E+01
10816	425	7.10133E+01
7747	284	7.10247E+01
7747	640	7.10428E+01
11138	803	7.10749E+01
10648	377	7.10832E+01
5203	690	7.10896E+01
11138	336	7.11034E+01
10816	373	7.11088E+01
7747	599	7.11114E+01
7657	631	7.11139E+01
7657	361	7.11211E+01
5203	678	7.11553E+01
11752	455	7.11973E+01
11138	719	7.11987E+01
10732	556	7.12022E+01
11752	363	7.12068E+01
7837	453	7.12160E+01
10732	557	7.12404E+01
7858	765	7.12412E+01
11752	677	7.12664E+01
11752	547	7.12789E+01
7747	714	7.12797E+01
11681	363	7.12877E+01
11681	455	7.12971E+01
11752	330	7.13046E+01
5100	431	7.13049E+01
11752	281	7.13175E+01
11681	677	7.13210E+01
11752	552	7.13328E+01
7657	756	7.13661E+01
11301	641	7.13668E+01
10648	600	7.13710E+01
11752	370	7.13738E+01
7747	453	7.13830E+01
11681	547	7.13882E+01
7768	272	7.13953E+01
7747	764	7.13960E+01
11681	552	7.13960E+01
5100	804	7.14036E+01
10648	463	7.14074E+01
7837	764	7.14134E+01
10816	424	7.14156E+01
11681	330	7.14167E+01
11301	426	7.14174E+01
7837	545	7.14250E+01
7657	222	7.14313E+01
10816	376	7.14347E+01
11681	281	7.14384E+01
7837	222	7.14392E+01
11752	567	7.14654E+01
7837	464	7.14655E+01
11681	370	7.14741E+01
10816	284	7.14924E+01
7858	363	7.15131E+01
7390	549	7.15205E+01
10648	467	7.15206E+01
7657	764	7.15413E+01
10816	426	7.15527E+01
7657	640	7.15667E+01
10732	427	7.15684E+01
7678	808	7.15694E+01
10648	555	7.15731E+01
11681	567	7.15775E+01
7858	455	7.15804E+01
10648	558	7.16070E+01
10648	601	7.16101E+01
7678	557	7.16371E+01
11752	716	7.16593E+01
11219	641	7.16601E+01
11301	326	7.16715E+01
5100	678	7.16765E+01
11219	326	7.16794E+01
11219	229	7.16900E+01
7858	547	7.16947E+01
7390	771	7.16957E+01
11752	718	7.17051E+01
11138	229	7.17062E+01
5100	607	7.17103E+01
11138	641	7.17128E+01
11138	326	7.17196E+01
11301	229	7.17243E+01
7747	333	7.17255E+01
7858	465	7.17378E+01
5203	607	7.17485E+01
7390	457	7.17517E+01
11301	557	7.17524E+01
7747	545	7.17566E+01
11681	718	7.17627E+01
7657	599	7.17720E+01
11681	716	7.17841E+01
11301	805	7.17904E+01
7678	286	7.17912E+01
11301	677	7.18467E+01
7747	320	7.18576E+01
10648	331	7.18805E+01
10816	465	7.18974E+01
10732	377	7.19192E+01
7678	642	7.19236E+01
11219	426	7.19426E+01
11752	758	7.19463E+01
11219	805	7.19747E+01
11301	682	7.19793E+01
11301	764	7.19812E+01
11138	805	7.19905E+01
7858	567	7.19978E+01
11301	550	7.20023E+01
7768	683	7.20268E+01
7747	373	7.20316E+01
7390	676	7.20395E+01
7390	275	7.20443E+01
11681	758	7.20560E+01
7768	799	7.20572E+01
5203	563	7.20797E+01
10732	600	7.20806E+01
7678	799	7.20977E+01
7657	453	7.21000E+01
10816	337	7.21092E+01
11752	674	7.21130E+01
11301	723	7.21155E+01
11138	426	7.21190E+01
11752	591	7.21259E+01
7837	320	7.21390E+01
7837	424	7.21444E+01
11219	677	7.21556E+01
11219	557	7.21564E+01
11752	759	7.21575E+01
10732	463	7.21626E+01
11219	764	7.21635E+01
11138	764	7.21661E+01
11219	550	7.21719E+01
5100	563	7.21958E+01
10648	282	7.22126E+01
7390	813	7.22181E+01
11219	682	7.22216E+01
11301	802	7.22255E+01
11681	759	7.22256E+01
10648	338	7.22278E+01
7858	425	7.22355E+01
7768	286	7.22394E+01
11681	674	7.22446E+01
11681	591	7.22450E+01
11138	682	7.22456E+01
11138	557	7.22638E+01
7768	766	7.22643E+01
10732	467	7.22862E+01
11138	550	7.22997E+01
10732	555	7.23075E+01
10732	601	7.23163E+01
10648	599	7.23171E+01
11219	723	7.23186E+01
11752	414	7.23234E+01
11138	723	7.23247E+01
11301	376	7.23271E+01
10732	558	7.23409E+01
7837	672	7.23425E+01
10648	641	7.23495E+01
11138	677	7.23495E+01
7657	320	7.23527E+01
7657	284	7.23722E+01
10816	466	7.23858E+01
10648	371	7.23924E+01
11301	466	7.24033E+01
11681	414	7.24123E+01
10648	422	7.24232E+01
7678	601	7.24473E+01
11301	458	7.24489E+01
10816	464	7.24541E+01
11752	234	7.24653E+01
10816	332	7.24760E+01
7390	801	7.25257E+01
7657	714	7.25270E+01
10648	642	7.25333E+01
7837	797	7.25430E+01
3244	334	7.25594E+01
11752	322	7.25604E+01
7657	545	7.25614E+01
11219	458	7.25643E+01
7678	632	7.25733E+01
11681	234	7.25930E+01
3244	374	7.26179E+01
11219	802	7.26202E+01
11681	322	7.26308E+01
11752	461	7.26579E+01
11138	458	7.26656E+01
7747	270	7.26716E+01
7858	674	7.26772E+01
10732	331	7.26918E+01
11301	594	7.27038E+01
7768	557	7.27055E+01
11681	461	7.27286E+01
7747	412	7.27288E+01
7390	365	7.27477E+01
10816	372	7.27507E+01
3244	333	7.27672E+01
7837	412	7.27725E+01
11752	800	7.27850E+01
3350	334	7.28098E+01
10816	423	7.28235E+01
7678	757	7.28317E+01
11752	596	7.28401E+01
7390	688	7.28417E+01
11138	802	7.28452E+01
11301	760	7.28464E+01
3350	374	7.28605E+01
11752	421	7.28612E+01
11681	800	7.28716E+01
11219	466	7.28729E+01
11681	596	7.28847E+01
7678	335	7.28929E+01
11752	139	7.29098E+01
11219	594	7.29141E+01
11219	376	7.29153E+01
7837	589	7.29297E+01
3350	333	7.29395E+01
10648	602	7.29420E+01
7768	757	7.29456E+01
11681	421	7.29465E+01
3456	334	7.29572E+01
11681	139	7.29667E+01
10816	427	7.29794E+01
3244	425	7.29903E+01
3244	373	7.29930E+01
3456	374	7.29948E+01
11138	466	7.30137E+01
10816	557	7.30144E+01
10816	283	7.30178E+01
3244	285	7.30179E+01
7657	333	7.30195E+01
3244	375	7.30236E+01
10732	599	7.30287E+01
10816	556	7.30320E+01
10732	641	7.30340E+01
3244	335	7.30403E+01
10732	282	7.30474E+01
7747	464	7.30570E+01
11138	594	7.30653E+01
7390	593	7.30688E+01
7837	270	7.30839E+01
5100	276	7.30908E+01
7858	286	7.30997E+01
3456	333	7.31010E+01
7858	591	7.31058E+01
7678	362	7.31069E+01
7657	270	7.31087E+01
10732	338	7.31101E+01
11138	376	7.31253E+01
10816	377	7.31300E+01
10648	428	7.31318E+01
7768	632	7.31321E+01
3350	373	7.31446E+01
7858	807	7.31490E+01
7678	725	7.31670E+01
10732	371	7.31819E+01
3244	284	7.31942E+01
10732	422	7.31945E+01
10732	642	7.32117E+01
11752	224	7.32190E+01
7858	724	7.32222E+01
11219	760	7.32245E+01
7657	373	7.32295E+01
7747	672	7.32381E+01
3350	425	7.32440E+01
7390	227	7.32527E+01
3350	285	7.32644E+01
11681	224	7.32772E+01
7858	414	7.32808E+01
3456	373	7.32958E+01
10648	683	7.32967E+01
11752	799	7.33070E+01
5203	636	7.33162E+01
7657	412	7.33466E+01
11752	757	7.33535E+01
3350	375	7.33571E+01
7768	642	7.33602E+01
3456	425	7.33611E+01
7858	799	7.33629E+01
3350	335	7.33684E+01
3350	284	7.33722E+01
3244	424	7.33809E+01
10648	682	7.33879E+01
7768	335	7.33880E+01
10648	640	7.33892E+01
7747	589	7.33983E+01
7837	285	7.34022E+01
5203	276	7.34027E+01
3456	285	7.34291E+01
3244	286	7.34304E+01
11681	799	7.34381E+01
3244	426	7.34419E+01
7858	322	7.34525E+01
11138	760	7.34536E+01
7657	806	7.34657E+01
3456	375	7.34746E+01
11681	757	7.34961E+01
7390	562	7.34965E+01
3456	335	7.35020E+01
