GRAM	c2h2	chi_tot
3392	473	7.16390E+01
3392	565	7.17514E+01
3392	432	7.18536E+01
3392	609	7.20649E+01
3286	473	7.21107E+01
3392	472	7.21692E+01
3286	565	7.22263E+01
3392	564	7.22447E+01
3286	432	7.23203E+01
3180	473	7.24175E+01
3392	431	7.24716E+01
3392	650	7.25353E+01
3180	565	7.25405E+01
3286	609	7.25418E+01
3392	608	7.25588E+01
3180	432	7.26208E+01
3286	472	7.26372E+01
3392	380	7.26716E+01
3286	564	7.27161E+01
3392	471	7.27900E+01
3392	563	7.28237E+01
3180	609	7.28660E+01
3286	431	7.29345E+01
3180	472	7.29461E+01
3286	650	7.30133E+01
3286	608	7.30322E+01
3180	564	7.30336E+01
3392	649	7.30558E+01
3286	380	7.31307E+01
3392	607	7.31346E+01
3392	691	7.31578E+01
3392	430	7.31855E+01
3180	431	7.32356E+01
3286	471	7.32541E+01
3286	563	7.32913E+01
3180	650	7.33513E+01
3180	608	7.33609E+01
3180	380	7.34239E+01
3392	379	7.34410E+01
3392	562	7.34991E+01
3392	470	7.35117E+01
3286	649	7.35305E+01
3180	471	7.35647E+01
3286	607	7.36044E+01
3180	563	7.36118E+01
3286	691	7.36362E+01
3286	430	7.36443E+01
3392	648	7.36558E+01
3392	690	7.37224E+01
3392	606	7.38033E+01
3180	649	7.38741E+01
3286	379	7.38959E+01
3180	607	7.39373E+01
3392	732	7.39429E+01
3180	430	7.39460E+01
3286	562	7.39627E+01
3286	470	7.39717E+01
3180	691	7.39929E+01
3392	429	7.40049E+01
3286	648	7.41269E+01
3180	379	7.41887E+01
3286	690	7.41977E+01
3286	606	7.42693E+01
3392	561	7.42822E+01
3180	470	7.42838E+01
3180	562	7.42859E+01
3392	378	7.43118E+01
3392	469	7.43449E+01
3392	647	7.43464E+01
3392	689	7.43652E+01
3286	732	7.44213E+01
3286	429	7.44594E+01
3180	648	7.44757E+01
3180	690	7.45607E+01
3392	731	7.45626E+01
3392	605	7.45765E+01
3180	606	7.46059E+01
3392	338	7.46356E+01
3286	561	7.47416E+01
3180	429	7.47613E+01
3286	378	7.47624E+01
3286	469	7.48007E+01
3180	732	7.48021E+01
3286	647	7.48138E+01
3286	689	7.48370E+01
3392	773	7.49049E+01
3392	428	7.49392E+01
3286	731	7.50380E+01
3286	605	7.50385E+01
3180	378	7.50545E+01
3180	561	7.50670E+01
3286	338	7.50825E+01
3392	688	7.50974E+01
3180	469	7.51138E+01
3392	646	7.51395E+01
3180	647	7.51672E+01
3392	560	7.51847E+01
3180	689	7.52059E+01
3392	730	7.52601E+01
3392	377	7.52931E+01
3392	468	7.53003E+01
3180	338	7.53660E+01
3180	605	7.53783E+01
3286	773	7.53830E+01
3286	428	7.53893E+01
3180	731	7.54256E+01
3392	604	7.54667E+01
3286	688	7.55656E+01
3392	772	7.55858E+01
3286	646	7.56029E+01
3286	560	7.56398E+01
3392	337	7.56447E+01
3180	428	7.56911E+01
3286	730	7.57322E+01
3286	377	7.57392E+01
3286	468	7.57516E+01
3180	773	7.57935E+01
3286	604	7.59243E+01
3392	687	7.59312E+01
3180	688	7.59398E+01
3180	646	7.59604E+01
3180	560	7.59670E+01
3392	427	7.59980E+01
3180	377	7.60304E+01
3392	729	7.60469E+01
3392	645	7.60479E+01
3392	814	7.60551E+01
3286	772	7.60610E+01
3180	468	7.60654E+01
3286	337	7.60871E+01
9016	473	7.61064E+01
3180	730	7.61261E+01
9016	432	7.61999E+01
9016	565	7.62155E+01
3392	559	7.62187E+01
3180	604	7.62670E+01
3392	771	7.63450E+01
3180	337	7.63691E+01
3392	467	7.63886E+01
3392	376	7.63934E+01
3286	687	7.63954E+01
9016	609	7.64103E+01
9016	472	7.64168E+01
3286	427	7.64435E+01
9016	564	7.64721E+01
3180	772	7.64785E+01
3392	603	7.64869E+01
3286	645	7.65071E+01
3286	729	7.65154E+01
3286	814	7.65328E+01
9016	431	7.66085E+01
9016	650	7.66461E+01
9016	608	7.66478E+01
3286	559	7.66693E+01
9016	380	7.67396E+01
3180	427	7.67448E+01
3392	336	7.67636E+01
3180	687	7.67744E+01
9016	563	7.67965E+01
9016	471	7.67988E+01
3392	813	7.67999E+01
3286	771	7.68170E+01
3286	376	7.68348E+01
3286	467	7.68352E+01
3180	645	7.68682E+01
3392	686	7.68797E+01
9016	649	7.68907E+01
3180	729	7.69150E+01
9016	691	7.69160E+01
3392	728	7.69354E+01
3286	603	7.69400E+01
9016	607	7.69506E+01
3180	814	7.69787E+01
3180	559	7.69978E+01
3392	644	7.70853E+01
9016	430	7.70938E+01
3180	376	7.71249E+01
3180	467	7.71493E+01
9016	690	7.71875E+01
3392	426	7.71907E+01
3392	770	7.71942E+01
9016	648	7.71993E+01
3286	336	7.72014E+01
9016	562	7.72019E+01
9016	732	7.72315E+01
3180	771	7.72409E+01
9016	470	7.72654E+01
3286	813	7.72747E+01
3180	603	7.72849E+01
9016	379	7.73005E+01
9016	606	7.73320E+01
3286	686	7.73399E+01
3392	558	7.73968E+01
3286	728	7.74000E+01
3180	336	7.74818E+01
11284	609	7.74971E+01
9016	689	7.75226E+01
3286	644	7.75401E+01
9016	731	7.75437E+01
9016	647	7.75855E+01
11284	565	7.76046E+01
9016	773	7.76097E+01
3392	375	7.76205E+01
3392	466	7.76208E+01
3392	812	7.76243E+01
3286	426	7.76313E+01
3392	602	7.76508E+01
3286	770	7.76627E+01
11284	650	7.76655E+01
9016	429	7.76677E+01
9016	561	7.77014E+01
3180	686	7.77229E+01
3180	813	7.77275E+01
3180	728	7.78047E+01
9016	605	7.78055E+01
9016	469	7.78290E+01
11202	609	7.78296E+01
3286	558	7.78426E+01
3180	644	7.79041E+01
11202	565	7.79159E+01
9016	730	7.79205E+01
3180	426	7.79319E+01
9016	688	7.79353E+01
3392	727	7.79392E+01
9016	378	7.79441E+01
3392	685	7.79574E+01
9016	772	7.79722E+01
11121	609	7.79780E+01
3392	335	7.79980E+01
11202	650	7.80205E+01
11284	691	7.80367E+01
11121	565	7.80510E+01
3286	375	7.80571E+01
3286	466	7.80625E+01
9016	646	7.80630E+01
9016	814	7.80671E+01
3180	770	7.80924E+01
3286	812	7.80960E+01
3286	602	7.80992E+01
11284	473	7.81258E+01
3392	769	7.81463E+01
3180	558	7.81718E+01
11121	650	7.81833E+01
9016	338	7.81884E+01
3392	643	7.82665E+01
9016	560	7.83086E+01
11259	432	7.83156E+01
11259	473	7.83188E+01
9016	428	7.83417E+01
3180	375	7.83457E+01
9016	729	7.83758E+01
3180	466	7.83764E+01
9016	604	7.83854E+01
3286	727	7.83997E+01
9016	771	7.84015E+01
3286	685	7.84131E+01
11202	473	7.84158E+01
11202	691	7.84164E+01
3286	335	7.84309E+01
9016	687	7.84396E+01
3180	602	7.84457E+01
11259	472	7.84728E+01
9016	813	7.84869E+01
9016	468	7.85021E+01
11259	565	7.85059E+01
3392	425	7.85264E+01
11284	608	7.85279E+01
11121	473	7.85380E+01
3392	811	7.85402E+01
3180	812	7.85549E+01
11284	732	7.85694E+01
11259	564	7.85790E+01
11121	691	7.85954E+01
11259	431	7.85963E+01
3286	769	7.86109E+01
9016	645	7.86464E+01
11284	649	7.86795E+01
9016	377	7.86817E+01
11284	564	7.86823E+01
11177	432	7.86895E+01
11177	473	7.86952E+01
3180	335	7.87095E+01
11259	471	7.87150E+01
3286	643	7.87166E+01
3392	557	7.87314E+01
11259	563	7.87371E+01
11259	609	7.87435E+01
11259	380	7.87559E+01
11259	608	7.87728E+01
3180	685	7.87995E+01
3180	727	7.88087E+01
11177	472	7.88496E+01
11096	432	7.88574E+01
11202	608	7.88623E+01
11096	473	7.88641E+01
11177	565	7.88814E+01
11259	607	7.88846E+01
8928	473	7.88983E+01
9016	770	7.89115E+01
9016	728	7.89242E+01
11177	564	7.89570E+01
3392	286	7.89588E+01
3286	425	7.89620E+01
11177	431	7.89688E+01
11259	430	7.89692E+01
11259	650	7.89723E+01
3392	601	7.89724E+01
9016	812	7.89763E+01
11202	732	7.89770E+01
9016	337	7.89780E+01
3392	374	7.89813E+01
8928	432	7.89816E+01
11259	649	7.89873E+01
11259	562	7.89913E+01
11202	564	7.89938E+01
3392	465	7.90077E+01
3286	811	7.90084E+01
8928	565	7.90125E+01
11121	608	7.90125E+01
11096	472	7.90191E+01
9016	559	7.90370E+01
11202	649	7.90379E+01
3180	769	7.90456E+01
11096	565	7.90495E+01
9016	686	7.90506E+01
11284	690	7.90562E+01
11259	470	7.90562E+01
3392	726	7.90729E+01
3180	643	7.90828E+01
11259	648	7.90830E+01
9016	603	7.90861E+01
11259	606	7.90904E+01
11177	471	7.90919E+01
11177	609	7.91168E+01
11177	563	7.91171E+01
11177	380	7.91218E+01
11096	564	7.91270E+01
9016	427	7.91271E+01
11121	564	7.91297E+01
11096	431	7.91362E+01
11177	608	7.91506E+01
3286	557	7.91722E+01
11121	732	7.91742E+01
11259	691	7.91749E+01
3392	684	7.91793E+01
11259	690	7.91988E+01
11121	649	7.92035E+01
8928	472	7.92108E+01
8928	609	7.92124E+01
3392	768	7.92150E+01
11259	379	7.92178E+01
11284	773	7.92404E+01
3180	425	7.92615E+01
11096	471	7.92618E+01
11177	607	7.92664E+01
11259	647	7.92714E+01
8928	564	7.92755E+01
11096	609	7.92835E+01
11096	380	7.92855E+01
11096	563	7.92887E+01
11284	472	7.92931E+01
9016	467	7.92970E+01
11259	689	7.93022E+01
11096	608	7.93205E+01
11284	432	7.93234E+01
11177	430	7.93398E+01
11177	650	7.93436E+01
9016	644	7.93510E+01
3392	334	7.93514E+01
11259	561	7.93531E+01
11259	732	7.93570E+01
11177	649	7.93652E+01
11177	562	7.93726E+01
3286	286	7.93861E+01
8928	431	7.93880E+01
11259	605	7.94022E+01
11259	731	7.94066E+01
3286	374	7.94128E+01
3286	601	7.94159E+01
11177	470	7.94325E+01
11096	607	7.94391E+01
11202	690	7.94408E+01
11259	429	7.94440E+01
3286	465	7.94444E+01
8928	650	7.94571E+01
8928	608	7.94603E+01
11177	648	7.94669E+01
3180	811	7.94728E+01
11177	606	7.94755E+01
11259	688	7.94978E+01
8928	380	7.94997E+01
3180	557	7.95016E+01
11096	430	7.95064E+01
11259	469	7.95073E+01
11096	650	7.95092E+01
9016	769	7.95169E+01
9016	376	7.95239E+01
3286	726	7.95291E+01
11259	773	7.95333E+01
11096	649	7.95353E+01
11259	730	7.95359E+01
11096	562	7.95455E+01
11177	691	7.95457E+01
9016	811	7.95496E+01
3392	810	7.95608E+01
11259	646	7.95651E+01
11177	690	7.95781E+01
11177	379	7.95805E+01
9016	727	7.95812E+01
11202	472	7.95815E+01
11202	432	7.95901E+01
8928	471	7.95932E+01
11096	470	7.96025E+01
8928	563	7.96044E+01
3392	642	7.96063E+01
11284	731	7.96121E+01
11259	772	7.96210E+01
11121	690	7.96234E+01
3286	684	7.96303E+01
11096	648	7.96410E+01
11096	606	7.96507E+01
3180	286	7.96557E+01
11177	647	7.96605E+01
3286	768	7.96756E+01
11284	607	7.96785E+01
11202	773	7.96793E+01
11177	689	7.96894E+01
11121	432	7.96988E+01
3180	374	7.96997E+01
11121	472	7.97034E+01
11096	691	7.97115E+01
8928	649	7.97159E+01
11259	814	7.97201E+01
11177	732	7.97299E+01
11177	561	7.97352E+01
11096	379	7.97427E+01
8928	691	7.97429E+01
11096	690	7.97495E+01
3180	465	7.97576E+01
11259	729	7.97578E+01
3180	601	7.97632E+01
8928	607	7.97715E+01
11259	378	7.97761E+01
3286	334	7.97794E+01
9016	685	7.97840E+01
11177	731	7.97897E+01
11259	771	7.97898E+01
11177	605	7.97900E+01
11259	687	7.97988E+01
11177	429	7.98121E+01
11284	648	7.98127E+01
11259	604	7.98332E+01
11259	560	7.98349E+01
11096	647	7.98383E+01
11259	813	7.98555E+01
9016	336	7.98611E+01
11096	689	7.98659E+01
8928	430	7.98694E+01
11284	563	7.98824E+01
11177	469	7.98824E+01
11177	688	7.98920E+01
11121	773	7.98972E+01
11096	732	7.98974E+01
9016	558	7.99004E+01
11096	561	7.99090E+01
11177	773	7.99112E+01
9016	602	7.99227E+01
11177	730	7.99286E+01
3180	726	7.99415E+01
11177	646	7.99586E+01
11096	731	7.99640E+01
11096	605	7.99673E+01
11096	429	7.99777E+01
11259	645	7.99779E+01
11177	772	8.00110E+01
8928	562	8.00124E+01
11202	607	8.00137E+01
3392	424	8.00141E+01
3180	684	8.00193E+01
3286	810	8.00251E+01
11202	731	8.00257E+01
11259	428	8.00304E+01
8928	690	8.00316E+01
9016	426	8.00348E+01
11284	814	8.00357E+01
8928	648	8.00364E+01
3286	642	8.00514E+01
11096	469	8.00522E+01
11259	770	8.00531E+01
8928	379	8.00542E+01
3180	334	8.00560E+01
8928	470	8.00583E+01
11096	688	8.00734E+01
11259	812	8.00744E+01
11259	468	8.00793E+01
11096	773	8.00826E+01
8928	732	8.00830E+01
11259	728	8.00865E+01
11177	814	8.01067E+01
11096	730	8.01091E+01
3180	768	8.01145E+01
11259	338	8.01164E+01
11177	378	8.01352E+01
11096	646	8.01397E+01
8928	606	8.01593E+01
11177	729	8.01594E+01
11121	607	8.01653E+01
11202	648	8.01736E+01
11096	772	8.01900E+01
11177	771	8.01910E+01
9016	643	8.01927E+01
11202	563	8.01932E+01
11284	689	8.01961E+01
11177	687	8.01993E+01
11177	560	8.02171E+01
11259	686	8.02199E+01
9016	810	8.02219E+01
11177	604	8.02229E+01
9016	466	8.02259E+01
11121	731	8.02273E+01
9016	768	8.02339E+01
3392	556	8.02348E+01
11177	813	8.02556E+01
11096	814	8.02842E+01
11096	378	8.02956E+01
11284	772	8.03202E+01
3392	285	8.03291E+01
11121	563	8.03294E+01
11121	648	8.03414E+01
11096	729	8.03457E+01
3392	725	8.03524E+01
9016	726	8.03630E+01
11177	645	8.03751E+01
11096	771	8.03772E+01
8928	689	8.03819E+01
11096	687	8.03850E+01
11259	811	8.03907E+01
11096	560	8.03915E+01
11177	428	8.03957E+01
11259	603	8.03974E+01
11096	604	8.04019E+01
8928	731	8.04151E+01
3392	767	8.04156E+01
3180	642	8.04190E+01
11259	769	8.04255E+01
8928	647	8.04325E+01
8928	429	8.04378E+01
11259	377	8.04399E+01
11096	813	8.04416E+01
3286	424	8.04444E+01
11259	559	8.04495E+01
11177	468	8.04527E+01
11177	770	8.04645E+01
3392	600	8.04653E+01
11177	338	8.04661E+01
9016	375	8.04807E+01
3392	373	8.04817E+01
11177	812	8.04871E+01
3180	810	8.04942E+01
11177	728	8.04959E+01
8928	773	8.04960E+01
11202	814	8.05097E+01
8928	561	8.05127E+01
11259	644	8.05248E+01
11259	727	8.05373E+01
11096	645	8.05590E+01
3392	464	8.05599E+01
11096	428	8.05600E+01
3392	683	8.05611E+01
11202	689	8.05845E+01
11284	471	8.05874E+01
8928	469	8.06188E+01
11096	338	8.06212E+01
11096	468	8.06220E+01
11177	686	8.06258E+01
8928	605	8.06374E+01
11284	431	8.06378E+01
9016	684	8.06568E+01
11096	770	8.06576E+01
3286	556	8.06703E+01
11096	812	8.06812E+01
11096	728	8.06876E+01
8928	378	8.06899E+01
3392	809	8.07002E+01
11259	427	8.07386E+01
3180	424	8.07425E+01
11121	814	8.07509E+01
3286	285	8.07516E+01
11202	772	8.07662E+01
11121	689	8.07701E+01
11259	685	8.07771E+01
11284	730	8.07772E+01
11259	467	8.07837E+01
11177	603	8.07882E+01
11177	377	8.07950E+01
3286	725	8.08037E+01
8928	688	8.08075E+01
8928	730	8.08096E+01
11177	811	8.08150E+01
11096	686	8.08153E+01
11259	810	8.08199E+01
3392	333	8.08262E+01
11177	559	8.08310E+01
11259	337	8.08350E+01
9016	335	8.08459E+01
11177	769	8.08463E+01
3286	767	8.08716E+01
11202	471	8.08734E+01
8928	772	8.08806E+01
11202	431	8.09013E+01
3286	600	8.09035E+01
8928	338	8.09080E+01
3286	373	8.09081E+01
9016	601	8.09104E+01
9016	557	8.09126E+01
8928	646	8.09179E+01
11259	768	8.09234E+01
11177	644	8.09249E+01
11096	377	8.09534E+01
11177	727	8.09537E+01
11284	606	8.09621E+01
11096	603	8.09684E+01
11121	772	8.09891E+01
3286	464	8.09912E+01
11121	471	8.09947E+01
8928	814	8.09990E+01
3180	556	8.09993E+01
11096	559	8.10056E+01
3286	683	8.10071E+01
11121	431	8.10087E+01
9016	809	8.10095E+01
11096	811	8.10167E+01
3180	285	8.10192E+01
11096	769	8.10456E+01
9016	425	8.10757E+01
11284	647	8.10788E+01
9016	767	8.10793E+01
11177	427	8.11005E+01
8928	428	8.11048E+01
11259	602	8.11096E+01
11096	644	8.11111E+01
8928	560	8.11188E+01
3392	641	8.11194E+01
11259	726	8.11274E+01
11096	727	8.11501E+01
11177	467	8.11547E+01
3286	809	8.11604E+01
11284	813	8.11642E+01
11177	337	8.11801E+01
11177	685	8.11875E+01
9016	642	8.11881E+01
3180	373	8.11931E+01
11202	730	8.11958E+01
11259	558	8.12103E+01
11284	562	8.12179E+01
11259	376	8.12184E+01
3180	725	8.12188E+01
8928	604	8.12197E+01
11259	643	8.12222E+01
3286	333	8.12492E+01
3180	600	8.12511E+01
11177	810	8.12549E+01
11096	427	8.12632E+01
8928	729	8.12806E+01
8928	468	8.12871E+01
9016	725	8.12874E+01
11202	606	8.12973E+01
9016	465	8.13010E+01
3180	464	8.13034E+01
3180	767	8.13138E+01
8928	687	8.13227E+01
11096	467	8.13231E+01
8928	771	8.13296E+01
11096	337	8.13328E+01
11177	768	8.13526E+01
11259	809	8.13793E+01
11096	685	8.13803E+01
3180	683	8.13977E+01
11121	730	8.14012E+01
8928	377	8.14181E+01
11202	647	8.14410E+01
8928	813	8.14423E+01
11121	606	8.14497E+01
11096	810	8.14636E+01
11284	688	8.14703E+01
11259	684	8.14880E+01
11177	602	8.15007E+01
8928	645	8.15071E+01
3180	333	8.15237E+01
11284	771	8.15257E+01
11202	562	8.15271E+01
11177	726	8.15497E+01
11096	768	8.15575E+01
3286	641	8.15592E+01
9016	374	8.15606E+01
11259	767	8.15652E+01
11177	376	8.15691E+01
11259	426	8.15785E+01
11177	558	8.15904E+01
9016	286	8.16014E+01
11121	647	8.16106E+01
11177	643	8.16242E+01
11259	466	8.16320E+01
3180	809	8.16332E+01
11202	813	8.16461E+01
11259	336	8.16581E+01
3392	423	8.16617E+01
11121	562	8.16633E+01
11284	380	8.16757E+01
11096	602	8.16817E+01
9016	683	8.16864E+01
8928	337	8.16874E+01
11096	376	8.17253E+01
11096	726	8.17503E+01
3392	766	8.17638E+01
11096	558	8.17648E+01
3392	724	8.17934E+01
3392	284	8.17969E+01
11096	643	8.18121E+01
11177	809	8.18239E+01
8928	728	8.18422E+01
8928	559	8.18443E+01
8928	770	8.18571E+01
11202	688	8.18614E+01
11259	725	8.18755E+01
8928	427	8.18816E+01
11121	813	8.18928E+01
11177	684	8.19017E+01
11202	380	8.19152E+01
3392	555	8.19175E+01
8928	603	8.19209E+01
3180	641	8.19274E+01
9016	808	8.19303E+01
11177	426	8.19365E+01
9016	334	8.19386E+01
8928	686	8.19422E+01
8928	812	8.19530E+01
3392	808	8.19739E+01
11202	771	8.19776E+01
11259	601	8.19855E+01
11177	336	8.19982E+01
11177	466	8.20001E+01
11177	767	8.20015E+01
11121	380	8.20086E+01
11284	470	8.20209E+01
11096	809	8.20389E+01
11121	688	8.20495E+01
9016	600	8.20643E+01
9016	766	8.20713E+01
8928	467	8.20755E+01
11284	729	8.20797E+01
11284	430	8.20838E+01
3286	423	8.20867E+01
9016	556	8.20870E+01
11259	642	8.20871E+01
11259	808	8.20884E+01
11096	684	8.20971E+01
11096	426	8.20974E+01
3392	682	8.21181E+01
11259	375	8.21202E+01
3392	372	8.21273E+01
11259	557	8.21309E+01
3392	599	8.21414E+01
11096	336	8.21482E+01
11096	466	8.21673E+01
11121	771	8.22049E+01
11096	767	8.22113E+01
3286	284	8.22147E+01
3286	766	8.22151E+01
8928	644	8.22152E+01
3286	724	8.22397E+01
8928	376	8.22497E+01
9016	424	8.22599E+01
3392	463	8.22861E+01
11177	725	8.23024E+01
11202	470	8.23037E+01
11202	430	8.23432E+01
3286	555	8.23475E+01
9016	641	8.23535E+01
11259	766	8.23705E+01
11259	683	8.23709E+01
9016	724	8.23723E+01
11177	601	8.23759E+01
3180	423	8.23829E+01
11284	605	8.23933E+01
11284	812	8.24226E+01
11121	470	8.24240E+01
3392	332	8.24247E+01
3286	808	8.24296E+01
11121	430	8.24490E+01
11177	375	8.24661E+01
8928	769	8.24776E+01
3180	284	8.24800E+01
11177	642	8.24899E+01
11284	646	8.24929E+01
11202	729	8.25020E+01
11096	725	8.25065E+01
11177	557	8.25089E+01
8928	727	8.25099E+01
9016	464	8.25340E+01
11177	808	8.25411E+01
8928	811	8.25450E+01
3286	372	8.25484E+01
11096	601	8.25572E+01
3286	682	8.25587E+01
8928	336	8.25590E+01
11259	425	8.25601E+01
3286	599	8.25741E+01
11259	335	8.25923E+01
11096	375	8.26198E+01
11259	465	8.26362E+01
3180	724	8.26562E+01
3180	766	8.26594E+01
3180	555	8.26754E+01
11096	642	8.26788E+01
8928	685	8.26818E+01
11096	557	8.26825E+01
11284	561	8.27027E+01
8928	558	8.27028E+01
11121	729	8.27105E+01
3286	463	8.27119E+01
11202	605	8.27275E+01
9016	285	8.27400E+01
8928	602	8.27558E+01
11096	808	8.27616E+01
9016	373	8.27716E+01
8928	426	8.27795E+01
11177	683	8.27868E+01
11259	724	8.28012E+01
11177	766	8.28125E+01
3392	640	8.28185E+01
3180	372	8.28313E+01
3286	332	8.28426E+01
11202	646	8.28554E+01
11284	770	8.28727E+01
11121	605	8.28802E+01
9016	682	8.28899E+01
11284	687	8.28948E+01
3180	808	8.29049E+01
11202	812	8.29111E+01
11177	425	8.29137E+01
3180	599	8.29210E+01
11177	335	8.29272E+01
3180	682	8.29500E+01
11259	807	8.29680E+01
11096	683	8.29841E+01
8928	466	8.29962E+01
11177	465	8.30006E+01
9016	807	8.30026E+01
11202	561	8.30094E+01
3180	463	8.30224E+01
11121	646	8.30261E+01
11096	766	8.30264E+01
11259	600	8.30405E+01
8928	643	8.30581E+01
11096	425	8.30724E+01
11096	335	8.30744E+01
3180	332	8.31147E+01
11259	641	8.31367E+01
9016	333	8.31440E+01
11121	561	8.31450E+01
11259	374	8.31532E+01
9886	609	8.31620E+01
11121	812	8.31625E+01
11096	465	8.31662E+01
9886	565	8.31692E+01
8928	375	8.31946E+01
11284	379	8.32057E+01
8928	768	8.32069E+01
11259	556	8.32249E+01
9016	765	8.32285E+01
11177	724	8.32314E+01
8928	810	8.32334E+01
3286	640	8.32528E+01
3392	765	8.32757E+01
11202	687	8.32873E+01
8928	726	8.32999E+01
11202	770	8.33292E+01
11259	765	8.33600E+01
3392	283	8.33604E+01
3392	807	8.33977E+01
9016	599	8.33980E+01
9886	650	8.34112E+01
3392	723	8.34113E+01
11177	807	8.34272E+01
11177	600	8.34292E+01
9016	555	8.34358E+01
11096	724	8.34380E+01
11202	379	8.34403E+01
11259	682	8.34445E+01
11259	286	8.34638E+01
3392	422	8.34751E+01
11121	687	8.34773E+01
11177	374	8.34938E+01
8928	335	8.35312E+01
11121	379	8.35315E+01
11284	728	8.35362E+01
11177	641	8.35391E+01
9886	473	8.35536E+01
8928	684	8.35581E+01
11121	770	8.35601E+01
9016	423	8.35968E+01
11177	556	8.35999E+01
11284	469	8.36060E+01
11096	600	8.36101E+01
3180	640	8.36205E+01
9016	723	8.36355E+01
11259	334	8.36428E+01
11096	374	8.36449E+01
11096	807	8.36523E+01
11284	429	8.36721E+01
11259	424	8.36933E+01
9016	640	8.37037E+01
8928	557	8.37081E+01
3286	765	8.37217E+01
11096	641	8.37284E+01
8928	601	8.37395E+01
11096	556	8.37722E+01
3286	283	8.37734E+01
11177	286	8.37863E+01
3392	554	8.37868E+01
11177	765	8.38062E+01
11259	464	8.38078E+01
8928	425	8.38089E+01
11284	811	8.38278E+01
3286	807	8.38485E+01
3286	723	8.38521E+01
9886	691	8.38563E+01
11177	682	8.38611E+01
3392	681	8.38630E+01
11202	469	8.38849E+01
3286	422	8.38945E+01
3392	371	8.39222E+01
11259	723	8.39242E+01
11096	286	8.39265E+01
11202	429	8.39268E+01
9016	463	8.39351E+01
11202	728	8.39610E+01
9016	284	8.39668E+01
11177	334	8.39720E+01
11284	604	8.39882E+01
11121	469	8.40037E+01
3392	598	8.40091E+01
11096	765	8.40233E+01
11121	429	8.40306E+01
8928	809	8.40343E+01
3180	283	8.40364E+01
11259	806	8.40393E+01
11177	424	8.40419E+01
8928	642	8.40520E+01
11096	682	8.40596E+01
8928	465	8.40614E+01
8928	767	8.40617E+01
11284	645	8.40717E+01
9886	608	8.41010E+01
11096	334	8.41163E+01
9016	372	8.41206E+01
9886	564	8.41444E+01
3392	331	8.41484E+01
3180	765	8.41670E+01
11177	464	8.41679E+01
11121	728	8.41720E+01
3180	422	8.41886E+01
3392	462	8.41916E+01
11096	424	8.41981E+01
3286	554	8.42110E+01
8928	725	8.42294E+01
9016	806	8.42451E+01
8928	286	8.42526E+01
8928	374	8.42615E+01
3180	723	8.42690E+01
9016	681	8.42829E+01
11259	599	8.42890E+01
3286	681	8.42980E+01
11202	604	8.43203E+01
11202	811	8.43214E+01
11259	373	8.43244E+01
3180	807	8.43252E+01
11096	464	8.43314E+01
3286	371	8.43378E+01
9886	649	8.43436E+01
11284	560	8.43514E+01
11177	723	8.43561E+01
11284	769	8.43790E+01
11259	640	8.43871E+01
11202	645	8.44333E+01
3286	598	8.44360E+01
9886	732	8.44651E+01
9016	332	8.44660E+01
11121	604	8.44728E+01
11284	686	8.44872E+01
11177	806	8.45032E+01
11259	555	8.45050E+01
3180	554	8.45372E+01
11259	764	8.45541E+01
9886	432	8.45544E+01
11259	285	8.45562E+01
3286	331	8.45612E+01
11096	723	8.45644E+01
9016	764	8.45684E+01
11121	811	8.45768E+01
8928	683	8.45882E+01
11121	645	8.46046E+01
9886	472	8.46071E+01
8928	334	8.46103E+01
3286	462	8.46116E+01
3180	371	8.46183E+01
11202	560	8.46547E+01
11177	373	8.46594E+01
11177	599	8.46749E+01
3180	681	8.46887E+01
3392	639	8.47124E+01
11259	681	8.47261E+01
11096	806	8.47319E+01
3180	598	8.47814E+01
11177	640	8.47877E+01
11121	560	8.47893E+01
9886	690	8.48034E+01
11096	373	8.48076E+01
11259	333	8.48131E+01
3180	331	8.48309E+01
11202	769	8.48386E+01
11096	599	8.48547E+01
11284	378	8.48713E+01
11177	285	8.48731E+01
8928	556	8.48734E+01
11177	555	8.48759E+01
11202	686	8.48799E+01
8928	600	8.48869E+01
3180	462	8.49200E+01
9016	598	8.49223E+01
8928	808	8.49650E+01
3392	764	8.49656E+01
9016	554	8.49683E+01
11096	640	8.49767E+01
8928	424	8.49803E+01
3392	806	8.49870E+01
11259	423	8.49871E+01
11177	764	8.50026E+01
11096	285	8.50103E+01
3392	282	8.50181E+01
11096	555	8.50465E+01
8928	766	8.50599E+01
11121	686	8.50710E+01
11121	769	8.50724E+01
9016	722	8.50923E+01
9016	422	8.50939E+01
11202	378	8.51003E+01
11177	333	8.51364E+01
3286	639	8.51408E+01
11177	681	8.51419E+01
9886	607	8.51545E+01
11259	463	8.51573E+01
11284	727	8.51654E+01
11121	378	8.51890E+01
8928	641	8.52132E+01
3392	722	8.52181E+01
9886	773	8.52208E+01
11096	764	8.52217E+01
9886	563	8.52369E+01
9016	639	8.52502E+01
11259	722	8.52622E+01
11096	333	8.52776E+01
9016	283	8.52823E+01
8928	464	8.52826E+01
8928	724	8.53163E+01
11259	805	8.53225E+01
11177	423	8.53301E+01
11096	681	8.53406E+01
11284	468	8.53553E+01
8928	285	8.53782E+01
9886	648	8.53894E+01
11284	810	8.53988E+01
3286	764	8.54062E+01
11284	428	8.54132E+01
3286	282	8.54264E+01
3286	806	8.54324E+01
9886	731	8.54435E+01
3417	432	8.54510E+01
3392	421	8.54565E+01
8928	373	8.54584E+01
11096	423	8.54836E+01
3417	473	8.54905E+01
3180	639	8.55071E+01
9016	462	8.55118E+01
11177	463	8.55122E+01
11202	727	8.55912E+01
9016	371	8.56132E+01
11202	468	8.56293E+01
11259	372	8.56403E+01
3417	565	8.56486E+01
3417	472	8.56524E+01
3286	722	8.56532E+01
11202	428	8.56624E+01
11096	463	8.56732E+01
9016	805	8.56743E+01
3417	431	8.56810E+01
3180	282	8.56869E+01
11177	722	8.56940E+01
3417	380	8.57073E+01
11259	598	8.57427E+01
9886	431	8.57436E+01
11259	284	8.57451E+01
11121	468	8.57462E+01
11284	603	8.57636E+01
11121	428	8.57638E+01
9886	471	8.57829E+01
11177	805	8.57890E+01
8928	682	8.57891E+01
3417	564	8.57903E+01
8928	333	8.58014E+01
11121	727	8.58038E+01
3392	680	8.58041E+01
11284	644	8.58336E+01
3392	553	8.58447E+01
3180	764	8.58510E+01
11259	639	8.58510E+01
3417	609	8.58645E+01
9886	689	8.58646E+01
3392	370	8.58674E+01
3286	421	8.58701E+01
9016	680	8.58766E+01
3417	471	8.58921E+01
11202	810	8.58960E+01
11096	722	8.59029E+01
9016	331	8.59077E+01
3180	806	8.59090E+01
11177	372	8.59693E+01
11259	763	8.59699E+01
11259	554	8.59808E+01
3417	430	8.59937E+01
3392	330	8.59982E+01
3417	563	8.60052E+01
11096	805	8.60199E+01
3417	608	8.60214E+01
11284	338	8.60227E+01
8928	807	8.60437E+01
11177	284	8.60562E+01
11284	768	8.60643E+01
3417	379	8.60655E+01
3180	722	8.60690E+01
3392	597	8.60712E+01
11202	603	8.60925E+01
9016	763	8.61053E+01
11259	332	8.61061E+01
9886	814	8.61137E+01
11096	372	8.61143E+01
11177	598	8.61246E+01
3417	650	8.61374E+01
11121	810	8.61545E+01
3180	421	8.61616E+01
11284	559	8.61790E+01
11096	284	8.61904E+01
11202	644	8.61931E+01
8928	555	8.62110E+01
8928	599	8.62116E+01
3417	470	8.62185E+01
8928	765	8.62196E+01
11202	338	8.62285E+01
11259	680	8.62289E+01
3286	680	8.62332E+01
9886	772	8.62430E+01
11121	603	8.62442E+01
3417	607	8.62479E+01
11177	639	8.62485E+01
3286	553	8.62630E+01
11284	685	8.62667E+01
3392	461	8.62766E+01
3286	370	8.62775E+01
3417	562	8.63025E+01
11096	598	8.63026E+01
8928	423	8.63030E+01
11121	338	8.63037E+01
9886	606	8.63348E+01
3417	649	8.63349E+01
11177	554	8.63468E+01
11121	644	8.63642E+01
3311	432	8.63736E+01
3417	429	8.63976E+01
3286	330	8.64057E+01
3311	473	8.64175E+01
11177	763	8.64187E+01
11177	332	8.64233E+01
11096	639	8.64363E+01
11259	422	8.64488E+01
9886	562	8.64591E+01
11202	559	8.64778E+01
3286	597	8.64921E+01
3417	691	8.64942E+01
3417	378	8.65118E+01
11096	554	8.65150E+01
11202	768	8.65255E+01
9886	730	8.65373E+01
3417	606	8.65534E+01
3180	370	8.65554E+01
8928	640	8.65561E+01
9886	647	8.65613E+01
11096	332	8.65613E+01
3311	472	8.65748E+01
3311	565	8.65775E+01
8928	723	8.65779E+01
3180	553	8.65867E+01
8928	284	8.65913E+01
3311	431	8.65986E+01
3417	648	8.65990E+01
11121	559	8.66108E+01
9886	380	8.66176E+01
3311	380	8.66213E+01
3180	680	8.66220E+01
11096	763	8.66386E+01
3417	469	8.66410E+01
11177	680	8.66422E+01
9016	597	8.66428E+01
3417	338	8.66475E+01
11202	685	8.66582E+01
8928	463	8.66703E+01
3180	330	8.66728E+01
11284	377	8.66816E+01
9016	282	8.66867E+01
3205	432	8.66892E+01
9016	553	8.66892E+01
3286	461	8.66907E+01
11259	462	8.66919E+01
3417	561	8.66922E+01
3311	564	8.67147E+01
3205	473	8.67339E+01
3417	690	8.67488E+01
9016	721	8.67532E+01
3392	805	8.67547E+01
9016	421	8.67553E+01
11121	768	8.67613E+01
3392	281	8.67686E+01
11177	422	8.67857E+01
8928	372	8.67922E+01
3311	609	8.67933E+01
3392	638	8.68037E+01
3311	471	8.68094E+01
11259	721	8.68282E+01
11259	804	8.68333E+01
3180	597	8.68350E+01
11096	680	8.68401E+01
3392	763	8.68442E+01
11121	685	8.68497E+01
3205	472	8.68946E+01
3205	565	8.68956E+01
3417	428	8.69014E+01
11202	377	8.69045E+01
3311	430	8.69059E+01
3205	431	8.69159E+01
3311	563	8.69248E+01
3205	380	8.69346E+01
11096	422	8.69361E+01
3417	647	8.69393E+01
3311	608	8.69460E+01
3417	605	8.69479E+01
3417	732	8.69698E+01
3311	379	8.69741E+01
11284	726	8.69877E+01
11121	377	8.69904E+01
3180	461	8.69963E+01
9016	638	8.69987E+01
11259	283	8.70298E+01
3205	564	8.70379E+01
11177	462	8.70410E+01
9886	688	8.70527E+01
3417	377	8.70547E+01
9886	430	8.70598E+01
3311	650	8.70649E+01
3417	689	8.70679E+01
9886	470	8.70923E+01
11259	371	8.71059E+01
8928	332	8.71082E+01
3205	609	8.71162E+01
3311	470	8.71305E+01
3205	471	8.71322E+01
11284	809	8.71567E+01
3311	607	8.71679E+01
3417	468	8.71694E+01
3286	281	8.71720E+01
8928	681	8.71759E+01
3417	560	8.71845E+01
9886	813	8.71896E+01
3286	805	8.71944E+01
11096	462	8.71991E+01
3311	562	8.72171E+01
3417	337	8.72183E+01
3392	721	8.72206E+01
3205	430	8.72246E+01
3286	638	8.72260E+01
9016	370	8.72522E+01
3205	563	8.72526E+01
11177	721	8.72579E+01
3311	649	8.72583E+01
9016	461	8.72665E+01
3205	608	8.72754E+01
3286	763	8.72788E+01
11284	467	8.72811E+01
3205	379	8.72875E+01
8928	806	8.72882E+01
3417	731	8.72910E+01
11177	804	8.73001E+01
9016	804	8.73025E+01
3311	429	8.73043E+01
11284	427	8.73171E+01
11177	283	8.73349E+01
3417	646	8.73663E+01
9886	771	8.73831E+01
3205	650	8.73972E+01
11259	597	8.74081E+01
11202	726	8.74129E+01
3311	378	8.74148E+01
3311	691	8.74193E+01
11177	371	8.74285E+01
3180	281	8.74302E+01
3417	604	8.74422E+01
3205	470	8.74559E+01
3417	688	8.74615E+01
11096	283	8.74659E+01
11096	721	8.74663E+01
3311	606	8.74686E+01
9016	330	8.74713E+01
3205	607	8.75034E+01
3417	427	8.75142E+01
3311	648	8.75180E+01
11259	331	8.75244E+01
11096	804	8.75319E+01
11259	638	8.75359E+01
3311	338	8.75465E+01
3311	469	8.75475E+01
3205	562	8.75491E+01
11202	467	8.75494E+01
8928	764	8.75579E+01
11202	427	8.75602E+01
11096	371	8.75702E+01
3180	638	8.75896E+01
3417	773	8.75965E+01
3205	649	8.75985E+01
3311	561	8.76015E+01
3392	420	8.76023E+01
11259	762	8.76189E+01
3205	429	8.76239E+01
11121	726	8.76264E+01
3286	721	8.76496E+01
9886	605	8.76555E+01
11202	809	8.76556E+01
11259	553	8.76576E+01
11121	427	8.76589E+01
11121	467	8.76639E+01
3180	805	8.76693E+01
3311	690	8.76701E+01
3417	730	8.76757E+01
9016	679	8.76761E+01
3417	376	8.77026E+01
3180	763	8.77216E+01
8928	598	8.77240E+01
3205	378	8.77280E+01
8928	554	8.77300E+01
11284	602	8.77372E+01
9886	729	8.77603E+01
3205	691	8.77669E+01
8928	422	8.77846E+01
11177	597	8.77848E+01
3417	559	8.77904E+01
11284	643	8.77979E+01
3311	428	8.78023E+01
3205	606	8.78096E+01
3417	467	8.78135E+01
9886	561	8.78239E+01
11177	331	8.78352E+01
9016	762	8.78476E+01
3392	234	8.78518E+01
3205	338	8.78536E+01
3311	647	8.78537E+01
3311	605	8.78579E+01
11284	337	8.78606E+01
3205	648	8.78655E+01
9886	646	8.78734E+01
3205	469	8.78750E+01
3417	336	8.78868E+01
3417	645	8.78909E+01
3311	732	8.78918E+01
8928	283	8.78927E+01
11121	809	8.79162E+01
11177	638	8.79288E+01
3205	561	8.79370E+01
3417	687	8.79400E+01
3392	679	8.79427E+01
11284	767	8.79503E+01
3311	377	8.79517E+01
3392	369	8.79599E+01
11259	679	8.79599E+01
11096	597	8.79603E+01
11096	331	8.79699E+01
3392	329	8.79720E+01
3311	689	8.79850E+01
3417	772	8.79886E+01
3286	420	8.80101E+01
9886	379	8.80112E+01
11177	553	8.80177E+01
3205	690	8.80265E+01
8928	722	8.80290E+01
3417	603	8.80479E+01
11202	337	8.80600E+01
11202	602	8.80617E+01
3180	721	8.80628E+01
11177	762	8.80657E+01
3311	468	8.80700E+01
11259	421	8.80825E+01
3392	552	8.80867E+01
3311	560	8.80882E+01
8928	639	8.80920E+01
3311	337	8.81114E+01
11096	638	8.81144E+01
3205	428	8.81225E+01
11121	337	8.81322E+01
3417	729	8.81339E+01
11202	643	8.81540E+01
9016	281	8.81801E+01
11096	553	8.81830E+01
11284	558	8.82007E+01
3205	605	8.82040E+01
3205	647	8.82079E+01
3311	731	8.82094E+01
11121	602	8.82119E+01
8928	462	8.82317E+01
3417	426	8.82448E+01
3286	234	8.82504E+01
11284	684	8.82541E+01
3205	732	8.82615E+01
3205	377	8.82644E+01
8928	371	8.82687E+01
3311	646	8.82757E+01
11096	762	8.82852E+01
3180	420	8.82986E+01
3392	596	8.83234E+01
11121	643	8.83241E+01
3311	604	8.83468E+01
3205	689	8.83497E+01
3286	369	8.83644E+01
3286	679	8.83655E+01
11177	679	8.83690E+01
3311	688	8.83741E+01
3286	329	8.83742E+01
9886	687	8.83826E+01
9886	812	8.83870E+01
3417	814	8.83990E+01
3205	468	8.83992E+01
3311	427	8.84089E+01
11259	282	8.84093E+01
11202	767	8.84112E+01
11177	421	8.84127E+01
11259	461	8.84148E+01
3205	337	8.84172E+01
3205	560	8.84268E+01
3417	771	8.84442E+01
3417	375	8.84634E+01
11202	558	8.84940E+01
3286	552	8.84988E+01
3180	234	8.85019E+01
9886	429	8.85131E+01
3311	773	8.85149E+01
3417	686	8.85150E+01
3417	558	8.85210E+01
3417	644	8.85253E+01
8928	331	8.85342E+01
3392	460	8.85345E+01
9886	469	8.85472E+01
9016	596	8.85585E+01
11096	421	8.85597E+01
11096	679	8.85650E+01
9016	420	8.85800E+01
11259	803	8.85807E+01
3417	466	8.85834E+01
3205	731	8.85885E+01
3311	730	8.85901E+01
3311	376	8.85933E+01
9016	552	8.85969E+01
9835	609	8.86002E+01
3392	280	8.86098E+01
9016	720	8.86210E+01
11121	558	8.86248E+01
11259	720	8.86275E+01
3205	646	8.86361E+01
3180	329	8.86386E+01
3180	369	8.86394E+01
11202	684	8.86429E+01
11284	376	8.86449E+01
11121	767	8.86480E+01
9886	770	8.86558E+01
3417	335	8.86596E+01
3417	728	8.86764E+01
3311	559	8.86881E+01
3205	604	8.86973E+01
3311	467	8.87080E+01
11177	282	8.87084E+01
3392	804	8.87087E+01
8928	805	8.87148E+01
11259	370	8.87239E+01
3205	427	8.87293E+01
3286	596	8.87380E+01
3205	688	8.87465E+01
3180	679	8.87512E+01
11177	461	8.87572E+01
8928	680	8.87598E+01
3311	336	8.87737E+01
3417	602	8.87771E+01
3311	645	8.87950E+01
9835	565	8.87992E+01
3180	552	8.88192E+01
11121	684	8.88340E+01
11096	282	8.88361E+01
3311	687	8.88478E+01
11202	376	8.88610E+01
3417	813	8.88630E+01
9835	650	8.88972E+01
3311	772	8.89037E+01
3205	376	8.89052E+01
11096	461	8.89119E+01
3205	773	8.89137E+01
3392	762	8.89154E+01
3286	460	8.89426E+01
11121	376	8.89438E+01
3311	603	8.89467E+01
9016	637	8.89476E+01
3417	770	8.89732E+01
3205	730	8.89781E+01
3286	280	8.90084E+01
11284	725	8.90250E+01
3205	559	8.90293E+01
9016	369	8.90363E+01
3205	467	8.90383E+01
11177	370	8.90397E+01
3311	729	8.90440E+01
11177	803	8.90452E+01
11177	720	8.90531E+01
9016	234	8.90552E+01
11259	330	8.90695E+01
3180	596	8.90775E+01
3205	336	8.90781E+01
3392	637	8.90870E+01
8928	763	8.90886E+01
3417	425	8.91024E+01
11284	808	8.91242E+01
9886	728	8.91281E+01
9886	604	8.91318E+01
3311	426	8.91331E+01
9016	803	8.91351E+01
3286	804	8.91423E+01
9016	329	8.91563E+01
3205	645	8.91609E+01
11096	370	8.91778E+01
9016	460	8.91958E+01
3417	685	8.91989E+01
3205	687	8.92272E+01
3417	286	8.92375E+01
3180	460	8.92449E+01
11096	720	8.92597E+01
3180	280	8.92641E+01
11096	803	8.92762E+01
3417	643	8.92823E+01
8928	282	8.92825E+01
11259	596	8.92851E+01
3205	603	8.93010E+01
3205	772	8.93121E+01
3311	814	8.93137E+01
3417	727	8.93149E+01
9886	645	8.93414E+01
3286	762	8.93437E+01
3417	374	8.93447E+01
9886	560	8.93450E+01
3311	375	8.93477E+01
3311	771	8.93554E+01
11177	330	8.93738E+01
3417	557	8.93878E+01
3417	812	8.93910E+01
11284	426	8.93939E+01
11284	466	8.93959E+01
3311	558	8.94124E+01
3392	720	8.94175E+01
3311	686	8.94176E+01
3311	644	8.94238E+01
8928	421	8.94291E+01
8928	597	8.94299E+01
8928	553	8.94351E+01
3205	729	8.94402E+01
11259	637	8.94411E+01
11202	725	8.94479E+01
3205	426	8.94534E+01
3311	466	8.94714E+01
3417	465	8.94895E+01
3286	637	8.95029E+01
11259	761	8.95039E+01
11096	330	8.95049E+01
3392	233	8.95076E+01
11259	552	8.95343E+01
9886	378	8.95360E+01
3311	335	8.95401E+01
3417	334	8.95418E+01
9835	691	8.95767E+01
3311	728	8.95817E+01
3417	769	8.95867E+01
3180	804	8.96137E+01
11202	808	8.96230E+01
11202	426	8.96300E+01
3417	601	8.96424E+01
11177	596	8.96553E+01
11202	466	8.96576E+01
3205	375	8.96585E+01
11121	725	8.96611E+01
3311	602	8.96698E+01
9016	678	8.96782E+01
8928	721	8.96798E+01
9835	473	8.96890E+01
9886	811	8.97213E+01
11121	426	8.97257E+01
3205	814	8.97487E+01
3205	558	8.97556E+01
9016	280	8.97616E+01
11121	466	8.97693E+01
3205	771	8.97729E+01
3311	813	8.97744E+01
3180	762	8.97827E+01
3205	644	8.97945E+01
9016	761	8.97952E+01
3205	466	8.98025E+01
3205	686	8.98033E+01
8928	638	8.98266E+01
11096	596	8.98276E+01
11177	637	8.98278E+01
11284	336	8.98376E+01
3286	720	8.98400E+01
3205	335	8.98427E+01
3180	637	8.98627E+01
9886	686	8.98705E+01
3311	770	8.98802E+01
11259	281	8.98827E+01
11121	808	8.98845E+01
11259	420	8.98870E+01
11177	552	8.98875E+01
8928	370	8.98907E+01
3286	233	8.99022E+01
3392	419	8.99026E+01
11259	678	8.99173E+01
11284	601	8.99267E+01
11177	761	8.99464E+01
8928	461	8.99694E+01
3311	425	8.99840E+01
11284	642	8.99845E+01
3205	728	8.99854E+01
3417	811	8.99931E+01
3417	684	9.00050E+01
11096	637	9.00105E+01
3205	602	9.00273E+01
11202	336	9.00303E+01
11096	552	9.00493E+01
11284	766	9.00599E+01
3417	726	9.00622E+01
3392	328	9.00641E+01
9886	769	9.00775E+01
8928	330	9.00815E+01
3417	424	9.00958E+01
3311	685	9.00959E+01
11121	336	9.00992E+01
3311	286	9.01109E+01
9886	428	9.01135E+01
3180	233	9.01515E+01
3417	285	9.01533E+01
9886	468	9.01593E+01
11096	761	9.01638E+01
3311	643	9.01748E+01
3417	642	9.01753E+01
11177	281	9.01757E+01
3392	368	9.01907E+01
11177	420	9.02101E+01
3311	727	9.02152E+01
3205	813	9.02190E+01
3311	374	9.02222E+01
11202	601	9.02455E+01
3180	720	9.02491E+01
3392	678	9.02713E+01
3311	557	9.02727E+01
3417	768	9.02966E+01
3311	812	9.02986E+01
11096	281	9.03002E+01
3205	425	9.03037E+01
3286	419	9.03046E+01
3205	770	9.03062E+01
11177	678	9.03203E+01
11259	460	9.03222E+01
8928	804	9.03354E+01
11202	642	9.03357E+01
3417	373	9.03531E+01
11096	420	9.03533E+01
3311	465	9.03708E+01
9835	608	9.03849E+01
11121	601	9.03934E+01
3417	556	9.04024E+01
3205	286	9.04056E+01
3311	334	9.04157E+01
11284	557	9.04316E+01
3286	328	9.04611E+01
11284	683	9.04709E+01
3205	685	9.04872E+01
3311	769	9.04891E+01
11259	369	9.04927E+01
3392	551	9.05001E+01
9016	233	9.05005E+01
11121	642	9.05040E+01
11096	678	9.05133E+01
11202	766	9.05186E+01
3311	601	9.05287E+01
3205	374	9.05316E+01
3417	333	9.05369E+01
9886	338	9.05370E+01
3392	279	9.05384E+01
3417	464	9.05419E+01
8928	679	9.05455E+01
3205	643	9.05495E+01
9016	419	9.05607E+01
11259	802	9.05638E+01
9835	732	9.05643E+01
3286	368	9.05896E+01
3180	419	9.05897E+01
3205	557	9.06173E+01
3205	727	9.06256E+01
9835	564	9.06303E+01
11259	719	9.06560E+01
3417	600	9.06564E+01
11177	460	9.06573E+01
9886	727	9.06578E+01
9016	595	9.06603E+01
9835	649	9.06657E+01
3417	810	9.06805E+01
9016	551	9.06821E+01
3286	678	9.06875E+01
9016	719	9.06899E+01
3205	465	9.07020E+01
3205	334	9.07163E+01
11202	557	9.07184E+01
3180	328	9.07226E+01
11259	329	9.07405E+01
3205	812	9.07521E+01
3392	595	9.07529E+01
11121	766	9.07552E+01
8928	281	9.07610E+01
11284	375	9.07678E+01
9886	603	9.07794E+01
11177	369	9.08014E+01
11096	460	9.08082E+01
8928	762	9.08197E+01
11121	557	9.08464E+01
3392	803	9.08492E+01
11202	683	9.08553E+01
3180	368	9.08614E+01
11259	234	9.08798E+01
3205	601	9.08885E+01
3311	684	9.08961E+01
3311	811	9.08966E+01
3286	551	9.09059E+01
3205	769	9.09226E+01
3417	725	9.09320E+01
3286	279	9.09323E+01
11096	369	9.09358E+01
3417	683	9.09472E+01
3392	459	9.09517E+01
3311	726	9.09570E+01
9016	328	9.09588E+01
9016	368	9.09592E+01
3311	424	9.09704E+01
11202	375	9.09765E+01
9886	644	9.09824E+01
3311	285	9.10204E+01
11177	802	9.10233E+01
9886	559	9.10367E+01
11177	329	9.10380E+01
11121	683	9.10448E+01
11121	375	9.10559E+01
3311	642	9.10614E+01
3180	678	9.10687E+01
11177	719	9.10753E+01
9016	636	9.10867E+01
3417	767	9.11158E+01
3286	595	9.11610E+01
3417	284	9.11627E+01
11177	234	9.11628E+01
11096	329	9.11656E+01
9016	802	9.11684E+01
3392	761	9.11744E+01
3180	279	9.11854E+01
3311	768	9.11939E+01
9886	377	9.12008E+01
9886	810	9.12100E+01
3392	232	9.12118E+01
3417	641	9.12175E+01
3180	551	9.12223E+01
3311	373	9.12237E+01
3417	423	9.12333E+01
8928	420	9.12357E+01
11096	802	9.12519E+01
3286	803	9.12764E+01
11096	719	9.12787E+01
3311	556	9.12804E+01
11096	234	9.12815E+01
9016	459	9.12889E+01
3205	424	9.12891E+01
3205	684	9.12920E+01
11284	724	9.12998E+01
3205	285	9.13128E+01
8928	552	9.13248E+01
11284	807	9.13253E+01
8928	596	9.13282E+01
9835	690	9.13506E+01
3286	459	9.13536E+01
3205	811	9.13582E+01
11259	595	9.13651E+01
3205	726	9.13733E+01
3311	333	9.14041E+01
3311	464	9.14162E+01
9016	279	9.14294E+01
3205	642	9.14393E+01
11259	280	9.14488E+01
3417	809	9.14653E+01
3417	372	9.14946E+01
3180	595	9.14962E+01
3205	373	9.15313E+01
8928	720	9.15330E+01
9886	685	9.15346E+01
3311	600	9.15359E+01
3392	636	9.15481E+01
11259	636	9.15572E+01
3417	555	9.15753E+01
3311	810	9.15795E+01
3286	761	9.15962E+01
11259	551	9.16020E+01
3286	232	9.16022E+01
8928	234	9.16065E+01
9835	472	9.16126E+01
11259	760	9.16174E+01
3205	556	9.16256E+01
9835	432	9.16257E+01
3205	768	9.16341E+01
3417	332	9.16481E+01
3180	459	9.16521E+01
11284	425	9.16528E+01
8928	369	9.16571E+01
9886	768	9.16664E+01
3205	333	9.17025E+01
11284	465	9.17122E+01
11202	724	9.17185E+01
11177	595	9.17275E+01
11177	280	9.17356E+01
3180	803	9.17422E+01
3205	464	9.17470E+01
8928	329	9.17497E+01
3417	463	9.17498E+01
8928	637	9.17583E+01
3392	719	9.17983E+01
9835	773	9.18096E+01
3311	725	9.18210E+01
11202	807	9.18215E+01
3417	599	9.18307E+01
3311	683	9.18320E+01
3180	232	9.18495E+01
11259	419	9.18551E+01
11096	280	9.18567E+01
9016	677	9.18700E+01
9886	427	9.18708E+01
8928	460	9.18800E+01
11202	425	9.18813E+01
11096	595	9.18958E+01
3205	600	9.18973E+01
11121	724	9.19303E+01
11177	636	9.19362E+01
3417	724	9.19385E+01
9016	760	9.19389E+01
9886	467	9.19406E+01
11177	551	9.19473E+01
11284	335	9.19568E+01
3286	636	9.19574E+01
11202	465	9.19664E+01
11121	425	9.19735E+01
9016	232	9.19915E+01
3311	767	9.20078E+01
3311	284	9.20234E+01
3180	761	9.20296E+01
3417	682	9.20393E+01
3205	810	9.20483E+01
11177	760	9.20530E+01
3417	766	9.20585E+01
11121	465	9.20747E+01
11121	807	9.20827E+01
11259	677	9.20893E+01
3311	641	9.20969E+01
3311	423	9.21008E+01
11096	551	9.21050E+01
11096	636	9.21148E+01
11202	335	9.21421E+01
8928	803	9.21546E+01
11177	419	9.21706E+01
11121	335	9.22076E+01
3286	719	9.22142E+01
9886	337	9.22277E+01
3205	683	9.22315E+01
3205	725	9.22420E+01
3392	327	9.22646E+01
3417	283	9.22652E+01
11096	760	9.22670E+01
11259	233	9.22975E+01
11096	419	9.23098E+01
9835	607	9.23116E+01
3180	636	9.23122E+01
3205	284	9.23135E+01
8928	280	9.23274E+01
3392	418	9.23411E+01
11284	600	9.23491E+01
3311	372	9.23581E+01
3311	809	9.23594E+01
3417	808	9.23608E+01
9835	731	9.23610E+01
9886	726	9.23684E+01
11259	459	9.24037E+01
11259	368	9.24056E+01
11284	641	9.24124E+01
11284	765	9.24163E+01
3205	423	9.24180E+01
3417	640	9.24213E+01
3311	555	9.24460E+01
3205	767	9.24537E+01
3205	641	9.24771E+01
11177	677	9.24844E+01
3311	332	9.25084E+01
3417	422	9.25218E+01
8928	678	9.25297E+01
11259	328	9.25331E+01
3392	367	9.25453E+01
3392	278	9.25490E+01
11177	233	9.25752E+01
9835	648	9.25765E+01
9835	563	9.26061E+01
9886	602	9.26151E+01
3311	463	9.26168E+01
3180	719	9.26175E+01
3286	327	9.26564E+01
11202	600	9.26608E+01
3205	372	9.26637E+01
11096	677	9.26732E+01
9016	418	9.26840E+01
11096	233	9.26912E+01
3311	599	9.27030E+01
11177	368	9.27069E+01
11177	459	9.27309E+01
3286	418	9.27371E+01
8928	761	9.27510E+01
11202	641	9.27570E+01
11259	801	9.27711E+01
3392	677	9.27731E+01
3417	371	9.27742E+01
3205	555	9.27911E+01
3205	332	9.28045E+01
11121	600	9.28057E+01
9886	643	9.28147E+01
3311	724	9.28212E+01
11177	328	9.28236E+01
3205	809	9.28344E+01
11096	368	9.28374E+01
11202	765	9.28707E+01
9016	327	9.28710E+01
9886	809	9.28724E+01
11096	459	9.28775E+01
3417	331	9.28778E+01
11284	556	9.28862E+01
11259	718	9.28988E+01
9886	558	9.29135E+01
3417	554	9.29145E+01
3180	327	9.29150E+01
3311	682	9.29175E+01
11121	641	9.29226E+01
9016	550	9.29280E+01
9016	594	9.29305E+01
11284	682	9.29375E+01
3286	278	9.29381E+01
3286	367	9.29386E+01
9016	718	9.29441E+01
3311	766	9.29446E+01
3205	463	9.29466E+01
11096	328	9.29476E+01
3392	231	9.29632E+01
9016	367	9.30089E+01
9886	376	9.30136E+01
3180	418	9.30184E+01
8928	233	9.30396E+01
11284	374	9.30556E+01
3392	550	9.30647E+01
3205	599	9.30650E+01
3417	723	9.30954E+01
11259	279	9.31049E+01
11121	765	9.31057E+01
3311	283	9.31195E+01
3417	462	9.31198E+01
3417	765	9.31386E+01
