GRAM	c2h2	chi_tot
891	801	2.72831E+01
1001	801	2.73077E+01
891	802	2.73111E+01
1001	802	2.73403E+01
891	760	2.74001E+01
891	759	2.74022E+01
1001	759	2.74279E+01
1001	760	2.74284E+01
1111	801	2.74411E+01
1111	802	2.74775E+01
891	800	2.75021E+01
891	718	2.75085E+01
1001	800	2.75235E+01
1001	718	2.75364E+01
1111	759	2.75640E+01
891	717	2.75657E+01
1111	760	2.75665E+01
891	803	2.75799E+01
1001	717	2.75928E+01
1001	803	2.76151E+01
891	676	2.76512E+01
891	761	2.76546E+01
1111	800	2.76556E+01
891	758	2.76634E+01
1111	718	2.76757E+01
1001	676	2.76794E+01
1001	761	2.76868E+01
1001	758	2.76876E+01
891	719	2.77211E+01
1111	717	2.77320E+01
1001	719	2.77506E+01
1111	803	2.77585E+01
891	677	2.77893E+01
891	675	2.77920E+01
1001	677	2.78172E+01
1111	676	2.78208E+01
1001	675	2.78212E+01
1111	758	2.78241E+01
1111	761	2.78292E+01
891	634	2.78552E+01
891	635	2.78812E+01
1001	634	2.78850E+01
891	716	2.78902E+01
1111	719	2.78923E+01
1001	635	2.79089E+01
1001	716	2.79175E+01
1111	677	2.79588E+01
1111	675	2.79644E+01
891	799	2.79648E+01
1001	799	2.79844E+01
1111	634	2.80298E+01
891	593	2.80387E+01
1111	635	2.80519E+01
1111	716	2.80587E+01
1001	593	2.80681E+01
891	804	2.80754E+01
891	633	2.81110E+01
1111	799	2.81177E+01
1001	804	2.81178E+01
1001	633	2.81432E+01
891	762	2.81545E+01
891	592	2.81668E+01
891	757	2.81753E+01
1001	762	2.81915E+01
891	636	2.81933E+01
891	720	2.81957E+01
1001	757	2.81992E+01
891	594	2.81994E+01
1001	592	2.81997E+01
891	674	2.82027E+01
891	678	2.82035E+01
1111	593	2.82144E+01
1001	636	2.82192E+01
1001	594	2.82254E+01
1001	720	2.82278E+01
1001	678	2.82317E+01
1001	674	2.82335E+01
1111	804	2.82696E+01
891	568	2.82755E+01
891	549	2.82912E+01
1111	633	2.82916E+01
1001	568	2.83087E+01
1001	549	2.83199E+01
891	548	2.83364E+01
1111	757	2.83384E+01
1111	762	2.83404E+01
1111	592	2.83498E+01
1111	636	2.83623E+01
1111	594	2.83696E+01
1001	548	2.83698E+01
1111	720	2.83738E+01
1111	678	2.83756E+01
1111	674	2.83804E+01
1111	568	2.84603E+01
891	715	2.84676E+01
1111	549	2.84679E+01
1001	715	2.84958E+01
1111	548	2.85221E+01
891	550	2.85366E+01
1001	550	2.85607E+01
891	457	2.85655E+01
891	591	2.85696E+01
891	456	2.85929E+01
1001	457	2.85944E+01
1001	591	2.86061E+01
891	567	2.86179E+01
1001	456	2.86274E+01
891	632	2.86314E+01
1111	715	2.86413E+01
891	595	2.86496E+01
1001	567	2.86553E+01
891	798	2.86565E+01
891	547	2.86601E+01
1001	632	2.86664E+01
1001	595	2.86724E+01
1001	798	2.86757E+01
1001	547	2.86979E+01
1111	550	2.87059E+01
1111	457	2.87449E+01
1111	591	2.87616E+01
891	805	2.87783E+01
1111	456	2.87828E+01
891	637	2.87841E+01
1001	637	2.88088E+01
1111	567	2.88123E+01
1111	798	2.88127E+01
1111	595	2.88160E+01
1111	632	2.88202E+01
891	458	2.88253E+01
1001	805	2.88290E+01
1001	458	2.88484E+01
891	416	2.88512E+01
1111	547	2.88558E+01
891	673	2.88618E+01
891	679	2.88813E+01
891	763	2.88815E+01
1001	416	2.88823E+01
891	455	2.88943E+01
1001	673	2.88948E+01
1001	679	2.89105E+01
891	721	2.89164E+01
891	756	2.89179E+01
1001	763	2.89245E+01
1001	455	2.89339E+01
1001	756	2.89426E+01
891	415	2.89447E+01
1001	721	2.89519E+01
1111	637	2.89537E+01
1001	415	2.89821E+01
1111	805	2.89911E+01
1111	458	2.89952E+01
891	417	2.90333E+01
1111	416	2.90372E+01
1111	673	2.90473E+01
1001	417	2.90578E+01
1111	679	2.90585E+01
891	551	2.90722E+01
1111	763	2.90818E+01
1111	756	2.90866E+01
1001	551	2.90916E+01
1111	455	2.90955E+01
1111	721	2.91043E+01
1111	415	2.91427E+01
1111	417	2.92079E+01
891	566	2.92125E+01
891	590	2.92205E+01
891	365	2.92258E+01
891	364	2.92311E+01
1111	551	2.92354E+01
891	546	2.92367E+01
1001	566	2.92541E+01
1001	365	2.92558E+01
1001	590	2.92606E+01
1001	364	2.92679E+01
891	714	2.92714E+01
1001	546	2.92788E+01
891	414	2.92967E+01
1001	714	2.93015E+01
1001	414	2.93397E+01
891	459	2.93730E+01
891	596	2.93790E+01
891	631	2.93868E+01
1001	459	2.93900E+01
1001	596	2.93987E+01
1111	365	2.94127E+01
1111	566	2.94178E+01
1111	590	2.94228E+01
1001	631	2.94249E+01
1111	364	2.94307E+01
891	454	2.94434E+01
1111	546	2.94434E+01
1111	714	2.94530E+01
891	366	2.94846E+01
891	363	2.94873E+01
1001	454	2.94879E+01
891	418	2.94962E+01
1111	414	2.95070E+01
1001	366	2.95071E+01
1001	418	2.95137E+01
1001	363	2.95303E+01
1111	459	2.95344E+01
1111	596	2.95435E+01
891	797	2.95515E+01
1001	797	2.95717E+01
1111	631	2.95854E+01
891	324	2.95923E+01
1001	324	2.96259E+01
891	638	2.96378E+01
1111	454	2.96565E+01
1111	366	2.96591E+01
1111	418	2.96601E+01
1001	638	2.96616E+01
891	806	2.96666E+01
891	323	2.96690E+01
1111	363	2.96996E+01
1001	323	2.97094E+01
1111	797	2.97146E+01
1001	806	2.97264E+01
891	672	2.97361E+01
891	325	2.97579E+01
1001	672	2.97718E+01
1001	325	2.97839E+01
1111	324	2.97890E+01
891	680	2.98036E+01
1111	638	2.98100E+01
891	764	2.98140E+01
1001	680	2.98342E+01
891	755	2.98597E+01
891	722	2.98623E+01
1001	764	2.98636E+01
891	413	2.98781E+01
1111	323	2.98786E+01
1001	755	2.98862E+01
891	552	2.98865E+01
1111	806	2.99007E+01
1001	552	2.99011E+01
1001	722	2.99019E+01
1001	413	2.99262E+01
1111	672	2.99314E+01
1111	325	2.99415E+01
891	362	2.99700E+01
891	322	2.99728E+01
1111	680	2.99881E+01
891	367	3.00093E+01
1001	362	3.00185E+01
1001	322	3.00193E+01
891	274	3.00202E+01
1001	367	3.00240E+01
891	545	3.00291E+01
1111	764	3.00311E+01
1111	755	3.00371E+01
1111	552	3.00450E+01
1001	274	3.00576E+01
1111	722	3.00624E+01
1001	545	3.00753E+01
891	589	3.00812E+01
1111	413	3.01009E+01
891	275	3.01067E+01
1001	589	3.01250E+01
1001	275	3.01370E+01
891	273	3.01497E+01
891	326	3.01697E+01
1111	367	3.01718E+01
1001	326	3.01877E+01
1001	273	3.01937E+01
1111	362	3.01950E+01
1111	322	3.01951E+01
891	460	3.01984E+01
891	453	3.02031E+01
1001	460	3.02092E+01
1111	274	3.02276E+01
891	419	3.02341E+01
1001	419	3.02442E+01
1111	545	3.02477E+01
1001	453	3.02520E+01
891	713	3.02647E+01
1111	589	3.02949E+01
1001	713	3.02973E+01
1111	275	3.03014E+01
891	630	3.03372E+01
1111	326	3.03405E+01
1111	460	3.03524E+01
891	597	3.03692E+01
1111	273	3.03697E+01
1001	630	3.03786E+01
1001	597	3.03862E+01
1111	419	3.03881E+01
891	276	3.04148E+01
1111	453	3.04284E+01
1001	276	3.04373E+01
1111	713	3.04565E+01
891	226	3.04731E+01
891	321	3.04780E+01
891	272	3.04797E+01
1001	226	3.05127E+01
1001	272	3.05294E+01
1001	321	3.05298E+01
1111	597	3.05335E+01
1111	630	3.05471E+01
891	227	3.05491E+01
1001	227	3.05820E+01
891	225	3.05840E+01
1111	276	3.05967E+01
891	796	3.06141E+01
1001	225	3.06297E+01
1001	796	3.06364E+01
891	361	3.06450E+01
891	412	3.06502E+01
1111	226	3.06882E+01
1001	361	3.06983E+01
1001	412	3.07027E+01
1111	272	3.07118E+01
1111	321	3.07127E+01
891	807	3.07181E+01
891	639	3.07327E+01
1111	227	3.07524E+01
1001	639	3.07560E+01
891	671	3.07831E+01
1111	796	3.07871E+01
1001	807	3.07879E+01
891	368	3.07920E+01
1001	368	3.07983E+01
1111	225	3.08107E+01
891	228	3.08179E+01
1001	671	3.08218E+01
891	327	3.08220E+01
1001	327	3.08313E+01
1001	228	3.08435E+01
891	224	3.08679E+01
1111	361	3.08823E+01
1111	412	3.08853E+01
1111	639	3.09094E+01
1001	224	3.09189E+01
891	765	3.09292E+01
891	277	3.09405E+01
1111	368	3.09430E+01
891	681	3.09475E+01
1001	277	3.09545E+01
891	754	3.09602E+01
891	553	3.09602E+01
891	141	3.09688E+01
1001	553	3.09701E+01
1111	807	3.09757E+01
1111	327	3.09802E+01
1001	681	3.09803E+01
891	142	3.09839E+01
891	271	3.09844E+01
1001	765	3.09863E+01
1001	754	3.09894E+01
1111	671	3.09898E+01
891	544	3.09927E+01
891	381	3.10048E+01
1111	228	3.10093E+01
891	723	3.10105E+01
1001	141	3.10122E+01
1001	142	3.10217E+01
1001	271	3.10391E+01
1001	544	3.10427E+01
1001	723	3.10549E+01
1001	381	3.10597E+01
891	140	3.10986E+01
1111	224	3.11056E+01
891	588	3.11062E+01
1111	277	3.11095E+01
1111	553	3.11155E+01
891	452	3.11287E+01
1111	681	3.11416E+01
1001	140	3.11472E+01
1111	754	3.11487E+01
891	320	3.11502E+01
1001	588	3.11535E+01
1111	765	3.11655E+01
1001	452	3.11817E+01
1111	141	3.11951E+01
1111	142	3.12001E+01
1001	320	3.12067E+01
1111	544	3.12234E+01
1111	723	3.12250E+01
1111	271	3.12281E+01
891	420	3.12324E+01
1001	420	3.12347E+01
1111	381	3.12464E+01
891	229	3.12778E+01
891	461	3.12835E+01
1001	461	3.12878E+01
1001	229	3.12955E+01
891	223	3.13031E+01
1111	588	3.13320E+01
1111	140	3.13348E+01
1001	223	3.13589E+01
891	139	3.13602E+01
1111	452	3.13663E+01
1111	420	3.13771E+01
1111	320	3.13968E+01
891	712	3.14026E+01
1001	139	3.14133E+01
1111	461	3.14311E+01
891	629	3.14355E+01
1001	712	3.14383E+01
1111	229	3.14572E+01
891	360	3.14710E+01
1001	629	3.14803E+01
10519	797	3.15244E+01
1001	360	3.15285E+01
1111	223	3.15515E+01
891	411	3.15680E+01
10519	714	3.15685E+01
10519	756	3.15715E+01
10519	755	3.15873E+01
891	598	3.15976E+01
1111	139	3.16058E+01
1111	712	3.16064E+01
1001	598	3.16119E+01
1001	411	3.16246E+01
891	270	3.16304E+01
10519	673	3.16317E+01
1111	629	3.16576E+01
10519	798	3.16671E+01
891	278	3.16728E+01
1001	278	3.16779E+01
10519	672	3.16786E+01
1001	270	3.16895E+01
10519	631	3.16909E+01
891	328	3.17016E+01
1001	328	3.17018E+01
10519	796	3.17061E+01
10519	715	3.17109E+01
1111	360	3.17203E+01
891	138	3.17354E+01
10519	713	3.17440E+01
10519	632	3.17496E+01
10519	590	3.17593E+01
1111	598	3.17632E+01
1001	138	3.17926E+01
891	795	3.18012E+01
1001	369	3.18151E+01
1111	411	3.18152E+01
891	369	3.18176E+01
1001	795	3.18266E+01
10519	566	3.18288E+01
1111	278	3.18292E+01
1111	328	3.18474E+01
891	222	3.18625E+01
10519	546	3.18625E+01
1111	270	3.18852E+01
10519	591	3.18882E+01
10519	757	3.18984E+01
10519	754	3.19030E+01
10435	797	3.19084E+01
891	808	3.19122E+01
10519	674	3.19140E+01
891	230	3.19204E+01
1001	222	3.19223E+01
10519	589	3.19260E+01
10519	630	3.19267E+01
1001	230	3.19297E+01
891	319	3.19498E+01
10435	714	3.19533E+01
891	670	3.19546E+01
10435	755	3.19573E+01
1111	369	3.19575E+01
10435	756	3.19706E+01
10519	567	3.19789E+01
1111	795	3.19866E+01
1111	138	3.19900E+01
10519	454	3.19920E+01
1001	808	3.19927E+01
1001	670	3.19967E+01
10519	545	3.19998E+01
1001	319	3.20102E+01
10519	671	3.20112E+01
10519	547	3.20134E+01
10435	673	3.20310E+01
10435	672	3.20423E+01
891	640	3.20452E+01
10435	796	3.20615E+01
10435	631	3.20658E+01
1001	640	3.20684E+01
891	339	3.20727E+01
10435	798	3.20737E+01
891	543	3.20788E+01
1111	230	3.20877E+01
10435	713	3.20947E+01
10519	455	3.21039E+01
1111	222	3.21209E+01
10435	715	3.21260E+01
1001	543	3.21323E+01
1001	339	3.21331E+01
10435	590	3.21418E+01
10519	633	3.21419E+01
10519	453	3.21510E+01
10435	632	3.21619E+01
10519	795	3.21632E+01
10519	799	3.21699E+01
891	451	3.21728E+01
891	753	3.21732E+01
1111	670	3.21738E+01
10519	413	3.21745E+01
10519	414	3.21771E+01
10519	712	3.21889E+01
1111	808	3.21954E+01
891	137	3.22030E+01
891	766	3.22055E+01
1001	753	3.22057E+01
10519	716	3.22076E+01
1111	319	3.22077E+01
10435	566	3.22134E+01
1111	640	3.22282E+01
1001	451	3.22293E+01
10435	754	3.22397E+01
891	587	3.22461E+01
10435	546	3.22468E+01
10435	630	3.22623E+01
1001	137	3.22637E+01
10435	589	3.22677E+01
891	554	3.22703E+01
1001	766	3.22706E+01
1001	554	3.22755E+01
891	682	3.22900E+01
1001	587	3.22969E+01
10435	591	3.23103E+01
10435	757	3.23210E+01
1111	543	3.23218E+01
1001	682	3.23253E+01
10519	362	3.23303E+01
1111	339	3.23309E+01
10351	797	3.23368E+01
10435	671	3.23369E+01
891	724	3.23385E+01
10435	545	3.23418E+01
10519	588	3.23422E+01
10435	674	3.23453E+01
10519	592	3.23483E+01
10435	454	3.23686E+01
1111	753	3.23746E+01
10351	714	3.23788E+01
891	269	3.23806E+01
10519	544	3.23814E+01
10351	755	3.23818E+01
10519	363	3.23860E+01
1001	724	3.23882E+01
10351	756	3.23989E+01
891	359	3.24038E+01
10435	567	3.24047E+01
10519	629	3.24079E+01
10519	412	3.24128E+01
1111	451	3.24224E+01
1111	554	3.24235E+01
10435	547	3.24395E+01
1001	269	3.24433E+01
10519	568	3.24545E+01
10519	415	3.24560E+01
10351	673	3.24586E+01
10351	672	3.24598E+01
1111	766	3.24630E+01
1001	359	3.24649E+01
10519	753	3.24651E+01
1001	421	3.24653E+01
1111	137	3.24661E+01
891	421	3.24709E+01
10435	453	3.24843E+01
1111	587	3.24844E+01
10351	631	3.24846E+01
10435	795	3.24856E+01
10351	796	3.24860E+01
10519	548	3.24861E+01
1111	682	3.24954E+01
10351	798	3.24996E+01
10435	712	3.25026E+01
10519	361	3.25069E+01
10351	713	3.25110E+01
891	221	3.25148E+01
10519	456	3.25202E+01
10435	455	3.25242E+01
10435	413	3.25296E+01
10519	322	3.25329E+01
10519	452	3.25379E+01
10519	675	3.25555E+01
10351	715	3.25561E+01
10351	590	3.25613E+01
10519	321	3.25670E+01
1111	724	3.25694E+01
10519	670	3.25764E+01
10435	414	3.25767E+01
1001	221	3.25780E+01
891	410	3.25855E+01
10435	633	3.25887E+01
10435	799	3.25923E+01
10351	632	3.25924E+01
1001	279	3.25927E+01
10519	758	3.25960E+01
891	279	3.25969E+01
1001	462	3.26035E+01
891	462	3.26057E+01
1111	421	3.26073E+01
10519	381	3.26109E+01
891	628	3.26321E+01
10351	566	3.26324E+01
891	711	3.26364E+01
10435	588	3.26428E+01
1001	410	3.26455E+01
1111	269	3.26457E+01
10435	716	3.26478E+01
10351	754	3.26552E+01
1111	359	3.26644E+01
10351	546	3.26651E+01
10351	630	3.26668E+01
10351	589	3.26715E+01
1001	711	3.26756E+01
1001	628	3.26803E+01
10435	544	3.26813E+01
10435	362	3.26888E+01
10435	629	3.27033E+01
10519	364	3.27044E+01
10435	412	3.27246E+01
10519	323	3.27301E+01
10519	272	3.27321E+01
891	231	3.27327E+01
1001	231	3.27332E+01
891	136	3.27401E+01
1111	279	3.27408E+01
10351	671	3.27410E+01
10351	545	3.27428E+01
10351	591	3.27436E+01
10351	757	3.27473E+01
1111	462	3.27480E+01
10435	753	3.27655E+01
10351	674	3.27792E+01
10351	454	3.27819E+01
1001	329	3.27826E+01
1111	221	3.27826E+01
10435	363	3.27893E+01
891	329	3.27918E+01
10519	320	3.28015E+01
1001	136	3.28037E+01
10435	592	3.28080E+01
10435	361	3.28221E+01
10519	271	3.28266E+01
10435	452	3.28287E+01
891	318	3.28356E+01
10519	273	3.28370E+01
10519	794	3.28382E+01
10351	567	3.28390E+01
1111	410	3.28444E+01
10519	711	3.28468E+01
10519	411	3.28490E+01
1111	711	3.28534E+01
10435	670	3.28630E+01
1111	628	3.28670E+01
10351	547	3.28738E+01
10519	360	3.28775E+01
10351	453	3.28788E+01
1111	231	3.28880E+01
10519	634	3.28928E+01
1001	318	3.28992E+01
10435	415	3.29005E+01
10351	795	3.29007E+01
10435	321	3.29008E+01
10435	381	3.29059E+01
10351	712	3.29061E+01
10435	322	3.29102E+01
10435	568	3.29198E+01
1111	329	3.29256E+01
10351	413	3.29313E+01
10519	224	3.29491E+01
10435	548	3.29527E+01
10519	587	3.29555E+01
10351	455	3.29555E+01
10519	543	3.29570E+01
10435	456	3.29836E+01
10351	414	3.29980E+01
10351	799	3.30085E+01
1111	136	3.30110E+01
10435	675	3.30147E+01
10519	223	3.30273E+01
10351	633	3.30278E+01
10351	588	3.30294E+01
10519	416	3.30352E+01
10435	758	3.30357E+01
891	599	3.30400E+01
10519	225	3.30414E+01
1001	599	3.30519E+01
10519	800	3.30527E+01
1001	370	3.30552E+01
10351	544	3.30642E+01
7138	813	3.30648E+01
891	794	3.30665E+01
891	370	3.30667E+01
10351	716	3.30775E+01
7138	812	3.30792E+01
10519	717	3.30793E+01
10519	628	3.30793E+01
10435	272	3.30837E+01
10351	362	3.30896E+01
10519	270	3.30907E+01
10351	629	3.30914E+01
10435	320	3.30939E+01
1001	794	3.30956E+01
1111	318	3.31040E+01
10519	451	3.31042E+01
10351	412	3.31068E+01
10435	411	3.31191E+01
10435	711	3.31221E+01
10435	794	3.31245E+01
10435	271	3.31374E+01
10435	360	3.31512E+01
10435	323	3.31521E+01
10435	364	3.31531E+01
10519	593	3.31612E+01
10519	274	3.31627E+01
10351	753	3.31681E+01
7138	814	3.31685E+01
10519	139	3.31722E+01
10519	324	3.31798E+01
1111	370	3.31963E+01
891	268	3.31978E+01
10519	319	3.31994E+01
891	669	3.32013E+01
10351	361	3.32030E+01
10351	452	3.32043E+01
1111	599	3.32084E+01
10351	363	3.32103E+01
10519	752	3.32146E+01
10435	587	3.32154E+01
10435	543	3.32159E+01
10519	140	3.32176E+01
7138	811	3.32248E+01
891	220	3.32281E+01
891	809	3.32304E+01
10435	273	3.32310E+01
10519	339	3.32377E+01
891	542	3.32396E+01
1001	669	3.32468E+01
10351	670	3.32513E+01
10519	222	3.32517E+01
10351	592	3.32525E+01
10519	138	3.32558E+01
10519	457	3.32615E+01
1001	268	3.32634E+01
1111	794	3.32660E+01
10351	381	3.32790E+01
10351	321	3.32879E+01
10435	224	3.32887E+01
891	450	3.32890E+01
1001	220	3.32941E+01
1001	542	3.32963E+01
10519	549	3.33006E+01
10519	365	3.33046E+01
10519	669	3.33172E+01
10351	322	3.33172E+01
1001	809	3.33221E+01
10519	226	3.33222E+01
891	135	3.33235E+01
10435	223	3.33295E+01
10435	628	3.33347E+01
10351	415	3.33410E+01
1001	450	3.33486E+01
7228	812	3.33498E+01
10435	451	3.33542E+01
10435	270	3.33629E+01
10351	568	3.33675E+01
10435	634	3.33706E+01
1001	135	3.33896E+01
10519	359	3.33987E+01
891	358	3.34007E+01
10351	548	3.34013E+01
10519	141	3.34070E+01
7228	811	3.34134E+01
10435	225	3.34201E+01
7228	813	3.34220E+01
10351	456	3.34320E+01
1111	669	3.34337E+01
10519	410	3.34365E+01
10519	137	3.34493E+01
10351	675	3.34504E+01
891	752	3.34508E+01
891	586	3.34526E+01
10435	319	3.34526E+01
10351	758	3.34537E+01
10351	320	3.34617E+01
1001	358	3.34648E+01
1111	268	3.34724E+01
10351	272	3.34765E+01
10435	752	3.34771E+01
10351	411	3.34822E+01
10435	800	3.34830E+01
10435	339	3.34853E+01
1001	752	3.34871E+01
10519	269	3.34894E+01
10435	139	3.34914E+01
1111	542	3.34947E+01
1111	220	3.35044E+01
1001	586	3.35067E+01
10351	711	3.35098E+01
10351	271	3.35112E+01
10351	360	3.35130E+01
7138	810	3.35158E+01
10435	222	3.35184E+01
10435	416	3.35242E+01
10351	794	3.35261E+01
10435	717	3.35391E+01
1111	809	3.35409E+01
10435	138	3.35428E+01
1111	450	3.35503E+01
891	641	3.35526E+01
10435	669	3.35644E+01
10435	140	3.35703E+01
10519	676	3.35710E+01
1001	641	3.35759E+01
10351	323	3.35797E+01
10351	543	3.35804E+01
10351	587	3.35840E+01
10519	221	3.35936E+01
10351	364	3.35945E+01
10435	274	3.36003E+01
1111	135	3.36016E+01
7228	814	3.36168E+01
891	767	3.36235E+01
7228	810	3.36272E+01
10435	359	3.36334E+01
10351	273	3.36436E+01
10435	324	3.36471E+01
10435	593	3.36554E+01
10519	710	3.36588E+01
891	409	3.36594E+01
1111	752	3.36663E+01
10435	410	3.36672E+01
10519	793	3.36708E+01
1111	358	3.36720E+01
10351	224	3.36733E+01
10519	542	3.36751E+01
10519	759	3.36762E+01
1001	280	3.36834E+01
1001	232	3.36908E+01
10351	223	3.36967E+01
891	280	3.36972E+01
1001	767	3.36973E+01
891	232	3.36994E+01
1111	586	3.37033E+01
10351	628	3.37052E+01
10435	137	3.37060E+01
10351	451	3.37112E+01
10519	586	3.37120E+01
10351	270	3.37187E+01
10519	275	3.37203E+01
10519	318	3.37204E+01
1001	409	3.37223E+01
10435	269	3.37255E+01
10519	136	3.37313E+01
10435	226	3.37410E+01
1111	641	3.37434E+01
10519	142	3.37505E+01
10435	457	3.37667E+01
891	317	3.37687E+01
891	287	3.37795E+01
891	555	3.37925E+01
1001	555	3.37930E+01
10435	141	3.37943E+01
10435	365	3.37989E+01
10519	450	3.38011E+01
10519	227	3.38017E+01
10351	319	3.38022E+01
10435	549	3.38055E+01
891	683	3.38093E+01
10351	634	3.38145E+01
10351	225	3.38227E+01
891	725	3.38258E+01
10435	221	3.38271E+01
1111	280	3.38288E+01
7138	770	3.38328E+01
10351	339	3.38335E+01
1001	317	3.38351E+01
1111	232	3.38429E+01
1001	287	3.38465E+01
1001	683	3.38476E+01
10351	139	3.38634E+01
10351	752	3.38637E+01
7138	771	3.38671E+01
10351	222	3.38691E+01
891	627	3.38791E+01
1001	725	3.38813E+01
10351	800	3.38821E+01
10519	627	3.38854E+01
10519	325	3.38917E+01
10435	542	3.38947E+01
10435	710	3.38954E+01
10351	138	3.39003E+01
1111	767	3.39038E+01
1001	422	3.39137E+01
891	710	3.39184E+01
10435	793	3.39194E+01
10519	417	3.39258E+01
891	422	3.39274E+01
1111	409	3.39292E+01
1001	627	3.39305E+01
891	134	3.39320E+01
10435	586	3.39325E+01
10351	669	3.39353E+01
10435	318	3.39373E+01
7138	769	3.39427E+01
1111	555	3.39449E+01
10351	140	3.39577E+01
10435	136	3.39595E+01
1001	710	3.39612E+01
10351	717	3.39627E+01
7138	809	3.39668E+01
891	219	3.39722E+01
10351	359	3.39770E+01
10351	416	3.39834E+01
10519	268	3.39865E+01
1001	134	3.40002E+01
7228	809	3.40063E+01
10519	635	3.40118E+01
10351	410	3.40119E+01
10435	450	3.40125E+01
10519	220	3.40224E+01
10519	358	3.40272E+01
1111	683	3.40277E+01
7138	772	3.40322E+01
10351	274	3.40332E+01
1001	219	3.40405E+01
1111	317	3.40468E+01
891	267	3.40482E+01
10351	137	3.40496E+01
10435	676	3.40530E+01
1111	422	3.40562E+01
1001	330	3.40566E+01
1111	287	3.40590E+01
10351	269	3.40646E+01
1111	725	3.40747E+01
891	330	3.40757E+01
10519	135	3.40797E+01
10519	751	3.40922E+01
10351	324	3.40957E+01
10435	627	3.41019E+01
10351	593	3.41084E+01
7228	770	3.41141E+01
1001	267	3.41162E+01
10435	759	3.41261E+01
1111	627	3.41268E+01
10519	409	3.41299E+01
1001	463	3.41323E+01
891	463	3.41411E+01
1111	710	3.41492E+01
7228	769	3.41514E+01
10351	226	3.41624E+01
10351	221	3.41625E+01
10435	142	3.41732E+01
10519	668	3.41767E+01
10435	268	3.41894E+01
10519	366	3.41941E+01
10351	141	3.41977E+01
1111	330	3.41978E+01
10435	275	3.42021E+01
7138	768	3.42102E+01
1111	134	3.42168E+01
10435	220	3.42253E+01
7228	771	3.42254E+01
10435	358	3.42258E+01
10351	457	3.42308E+01
10351	542	3.42409E+01
1111	219	3.42564E+01
10351	365	3.42605E+01
10435	227	3.42614E+01
10351	710	3.42656E+01
10351	549	3.42662E+01
10351	318	3.42697E+01
1111	463	3.42790E+01
10435	135	3.42817E+01
10351	586	3.42829E+01
10351	136	3.42903E+01
10351	793	3.43043E+01
7138	773	3.43154E+01
10435	751	3.43164E+01
10519	801	3.43183E+01
10435	409	3.43238E+01
10519	317	3.43256E+01
10519	718	3.43309E+01
1111	267	3.43314E+01
10519	594	3.43327E+01
10519	458	3.43340E+01
7228	768	3.43512E+01
10351	450	3.43513E+01
10519	287	3.43524E+01
891	793	3.43645E+01
10435	668	3.43855E+01
1001	793	3.43980E+01
10435	325	3.44046E+01
891	357	3.44243E+01
891	541	3.44315E+01
891	449	3.44356E+01
10351	627	3.44542E+01
10435	417	3.44584E+01
10519	550	3.44615E+01
7228	772	3.44719E+01
10519	134	3.44735E+01
891	668	3.44766E+01
10519	228	3.44822E+01
10351	676	3.44858E+01
10519	541	3.44867E+01
1001	357	3.44908E+01
1001	541	3.44911E+01
1001	449	3.44980E+01
1001	371	3.44992E+01
10519	219	3.45087E+01
10435	317	3.45089E+01
10519	276	3.45106E+01
10351	268	3.45129E+01
10435	635	3.45164E+01
891	371	3.45200E+01
1001	668	3.45256E+01
10351	759	3.45291E+01
10435	287	3.45345E+01
10351	220	3.45466E+01
891	133	3.45473E+01
10519	267	3.45482E+01
10351	358	3.45523E+01
10519	585	3.45606E+01
7228	808	3.45676E+01
10519	709	3.45684E+01
1111	793	3.45792E+01
10519	449	3.45829E+01
10351	142	3.45929E+01
7138	808	3.45946E+01
10351	135	3.46005E+01
10519	792	3.46025E+01
1001	133	3.46172E+01
1111	371	3.46397E+01
7138	767	3.46505E+01
10351	409	3.46511E+01
10435	134	3.46514E+01
10351	275	3.46556E+01
891	810	3.46563E+01
10435	541	3.46692E+01
891	600	3.46739E+01
891	585	3.46815E+01
1001	600	3.46835E+01
10435	219	3.46837E+01
10351	751	3.46851E+01
7138	728	3.46927E+01
1111	541	3.46983E+01
10351	227	3.47020E+01
1111	357	3.47053E+01
1111	449	3.47079E+01
891	316	3.47159E+01
10435	267	3.47206E+01
891	218	3.47218E+01
1111	668	3.47224E+01
10519	357	3.47238E+01
7228	767	3.47286E+01
10435	366	3.47335E+01
10351	668	3.47381E+01
1001	585	3.47386E+01
10435	585	3.47438E+01
891	751	3.47480E+01
10435	801	3.47484E+01
891	408	3.47520E+01
7138	729	3.47544E+01
10435	449	3.47582E+01
1001	810	3.47598E+01
10435	709	3.47670E+01
10519	626	3.47742E+01
1001	316	3.47845E+01
7138	727	3.47868E+01
1001	233	3.47875E+01
1001	751	3.47883E+01
1001	218	3.47920E+01
10435	718	3.48040E+01
891	233	3.48055E+01
10435	792	3.48131E+01
1001	408	3.48174E+01
10351	317	3.48257E+01
1111	133	3.48380E+01
7228	773	3.48408E+01
1111	600	3.48464E+01
10351	287	3.48495E+01
10435	594	3.48580E+01
10519	326	3.48644E+01
10351	325	3.48741E+01
10435	458	3.48792E+01
10519	408	3.48884E+01
10435	357	3.48890E+01
10519	133	3.48941E+01
891	266	3.49036E+01
7318	811	3.49120E+01
10351	417	3.49353E+01
1001	281	3.49357E+01
1111	233	3.49373E+01
7318	812	3.49391E+01
1111	585	3.49444E+01
10435	626	3.49534E+01
10519	677	3.49592E+01
10351	134	3.49594E+01
7138	730	3.49595E+01
891	281	3.49596E+01
10351	635	3.49613E+01
7228	728	3.49696E+01
1001	266	3.49737E+01
1111	751	3.49781E+01
10519	316	3.49801E+01
10435	228	3.49831E+01
10351	219	3.49922E+01
1111	810	3.49956E+01
10351	541	3.49976E+01
10435	550	3.50020E+01
7228	727	3.50021E+01
1111	316	3.50029E+01
1111	218	3.50131E+01
10519	218	3.50265E+01
10351	267	3.50299E+01
1111	408	3.50321E+01
10435	276	3.50367E+01
10519	750	3.50428E+01
7318	810	3.50457E+01
10435	408	3.50483E+01
7138	726	3.50501E+01
10435	133	3.50501E+01
10351	585	3.50762E+01
1111	281	3.50791E+01
10351	449	3.50798E+01
7228	729	3.50973E+01
10519	667	3.51033E+01
7318	813	3.51123E+01
10351	709	3.51187E+01
10351	801	3.51230E+01
10519	418	3.51261E+01
10435	316	3.51329E+01
891	626	3.51333E+01
10519	760	3.51346E+01
10519	266	3.51449E+01
891	132	3.51546E+01
891	768	3.51662E+01
10435	218	3.51762E+01
10351	792	3.51794E+01
1001	626	3.51880E+01
1111	266	3.51947E+01
10351	357	3.51997E+01
891	709	3.52048E+01
7228	726	3.52080E+01
10351	366	3.52149E+01
10351	718	3.52158E+01
1001	132	3.52259E+01
10435	750	3.52295E+01
891	642	3.52340E+01
1001	768	3.52491E+01
1001	709	3.52514E+01
1001	642	3.52577E+01
10435	667	3.52752E+01
7138	766	3.52802E+01
10351	626	3.52876E+01
10435	266	3.52898E+01
7138	731	3.52959E+01
7228	766	3.53007E+01
10351	594	3.53163E+01
10519	132	3.53259E+01
7228	807	3.53300E+01
10351	133	3.53482E+01
10519	540	3.53486E+01
7318	809	3.53563E+01
10351	458	3.53574E+01
10519	229	3.53582E+01
10351	408	3.53593E+01
10519	367	3.53686E+01
7228	730	3.53727E+01
1111	626	3.53936E+01
10519	448	3.54098E+01
7318	814	3.54172E+01
7138	807	3.54174E+01
10435	326	3.54226E+01
1111	642	3.54340E+01
10351	316	3.54352E+01
10351	228	3.54431E+01
891	356	3.54445E+01
1111	709	3.54496E+01
1111	132	3.54507E+01
891	726	3.54545E+01
10519	356	3.54552E+01
10519	584	3.54563E+01
891	217	3.54575E+01
10435	677	3.54585E+01
10435	132	3.54621E+01
1111	768	3.54710E+01
10351	550	3.54726E+01
10351	218	3.54731E+01
891	684	3.54865E+01
10519	636	3.54930E+01
10435	540	3.54966E+01
7138	725	3.54975E+01
1001	556	3.55001E+01
891	556	3.55041E+01
1001	331	3.55095E+01
10351	276	3.55109E+01
1001	356	3.55131E+01
1001	726	3.55163E+01
10519	277	3.55252E+01
10519	708	3.55253E+01
1001	684	3.55281E+01
1001	217	3.55292E+01
891	331	3.55386E+01
10435	448	3.55518E+01
10519	217	3.55548E+01
1001	423	3.55579E+01
891	448	3.55776E+01
10351	750	3.55792E+01
891	423	3.55799E+01
10519	791	3.55806E+01
10351	266	3.55862E+01
10435	760	3.55874E+01
10435	356	3.55900E+01
7228	725	3.56026E+01
10435	584	3.56046E+01
10351	667	3.56095E+01
891	540	3.56172E+01
1001	448	3.56424E+01
1111	331	3.56495E+01
891	315	3.56513E+01
891	792	3.56540E+01
10519	315	3.56557E+01
1111	556	3.56568E+01
7138	686	3.56642E+01
7318	769	3.56686E+01
10519	407	3.56779E+01
1001	540	3.56795E+01
10435	217	3.56818E+01
10435	708	3.56874E+01
1001	792	3.56920E+01
7318	770	3.56997E+01
10519	625	3.57003E+01
10435	418	3.57008E+01
1111	423	3.57018E+01
1111	684	3.57193E+01
1001	315	3.57218E+01
1111	726	3.57230E+01
7138	687	3.57282E+01
10519	459	3.57308E+01
1111	356	3.57346E+01
891	667	3.57403E+01
891	265	3.57425E+01
891	131	3.57428E+01
10351	132	3.57512E+01
7138	732	3.57515E+01
10519	265	3.57530E+01
10435	791	3.57542E+01
1111	217	3.57551E+01
10519	131	3.57564E+01
7138	685	3.57658E+01
10435	315	3.57809E+01
7228	731	3.57834E+01
1001	667	3.57927E+01
10435	407	3.58066E+01
10351	540	3.58081E+01
7318	768	3.58104E+01
1001	265	3.58141E+01
1001	131	3.58153E+01
891	407	3.58332E+01
10435	625	3.58445E+01
1001	464	3.58515E+01
10519	595	3.58541E+01
10351	448	3.58572E+01
1111	448	3.58604E+01
7318	808	3.58615E+01
891	464	3.58670E+01
10435	265	3.58731E+01
10435	131	3.58748E+01
10351	677	3.58836E+01
1111	792	3.58843E+01
10351	356	3.58862E+01
7318	771	3.58893E+01
1111	540	3.58951E+01
891	584	3.58957E+01
10435	229	3.59002E+01
1001	407	3.59007E+01
10351	326	3.59128E+01
10351	584	3.59196E+01
7228	686	3.59276E+01
7138	688	3.59461E+01
1111	315	3.59464E+01
10519	719	3.59516E+01
10435	367	3.59521E+01
10519	802	3.59540E+01
1001	584	3.59556E+01
10519	551	3.59594E+01
10351	217	3.59682E+01
10351	760	3.59689E+01
7228	685	3.59790E+01
1111	667	3.59992E+01
1111	464	3.60015E+01
1001	234	3.60100E+01
10519	749	3.60183E+01
10435	636	3.60197E+01
10351	708	3.60205E+01
891	750	3.60250E+01
891	234	3.60375E+01
1111	265	3.60407E+01
1111	131	3.60438E+01
7228	687	3.60456E+01
7138	684	3.60460E+01
10519	666	3.60524E+01
1001	750	3.60694E+01
10351	315	3.60701E+01
10519	235	3.60754E+01
10519	216	3.60783E+01
7228	765	3.60866E+01
10519	327	3.60867E+01
10435	277	3.60951E+01
10351	791	3.61011E+01
10351	407	3.61026E+01
7138	765	3.61181E+01
1111	407	3.61228E+01
1001	372	3.61289E+01
7318	767	3.61410E+01
7138	724	3.61460E+01
10351	131	3.61559E+01
1111	234	3.61579E+01
10351	265	3.61579E+01
891	372	3.61592E+01
10351	625	3.61610E+01
891	216	3.61661E+01
891	235	3.61666E+01
10435	749	3.61691E+01
1111	584	3.61702E+01
891	811	3.61754E+01
10519	130	3.61767E+01
10435	235	3.61827E+01
10435	216	3.61850E+01
10435	666	3.61897E+01
10351	418	3.61943E+01
10519	355	3.61956E+01
7228	724	3.62031E+01
7228	684	3.62129E+01
7318	772	3.62235E+01
10519	539	3.62247E+01
10519	91	3.62317E+01
1001	216	3.62391E+01
1001	235	3.62393E+01
10519	447	3.62492E+01
1111	372	3.62697E+01
1111	750	3.62698E+01
10435	130	3.62792E+01
1001	811	3.62911E+01
10435	355	3.63029E+01
891	130	3.63045E+01
7138	689	3.63070E+01
10435	459	3.63137E+01
7228	806	3.63140E+01
7228	732	3.63176E+01
7228	688	3.63214E+01
10435	91	3.63310E+01
10519	314	3.63314E+01
1001	282	3.63388E+01
10435	539	3.63410E+01
10519	264	3.63552E+01
891	625	3.63592E+01
10435	447	3.63607E+01
10519	583	3.63617E+01
891	282	3.63728E+01
10435	802	3.63760E+01
1001	130	3.63780E+01
10351	229	3.63796E+01
891	91	3.64037E+01
10435	595	3.64067E+01
1001	625	3.64168E+01
10519	230	3.64181E+01
10435	314	3.64317E+01
10435	719	3.64317E+01
891	355	3.64391E+01
10351	367	3.64525E+01
10435	264	3.64530E+01
7138	806	3.64552E+01
891	708	3.64589E+01
10351	235	3.64607E+01
10351	636	3.64617E+01
10351	216	3.64621E+01
1111	235	3.64692E+01
1111	216	3.64694E+01
10519	406	3.64711E+01
1001	91	3.64773E+01
10435	583	3.64777E+01
891	601	3.64793E+01
1111	282	3.64805E+01
1001	601	3.64868E+01
10519	707	3.64868E+01
10351	749	3.64998E+01
10519	90	3.65046E+01
10351	666	3.65060E+01
1001	708	3.65092E+01
1001	355	3.65095E+01
7138	683	3.65204E+01
7318	727	3.65325E+01
10435	551	3.65325E+01
7318	728	3.65443E+01
1111	811	3.65449E+01
891	264	3.65499E+01
10351	130	3.65531E+01
891	314	3.65572E+01
10519	790	3.65606E+01
10435	406	3.65716E+01
10519	129	3.65806E+01
7318	807	3.65814E+01
10351	355	3.65859E+01
10519	215	3.65868E+01
10351	277	3.65901E+01
10435	90	3.65946E+01
10351	91	3.66026E+01
1111	130	3.66099E+01
10435	707	3.66148E+01
1001	264	3.66228E+01
10519	419	3.66233E+01
10519	624	3.66261E+01
1001	314	3.66292E+01
1111	625	3.66316E+01
10351	539	3.66367E+01
7228	683	3.66449E+01
10351	447	3.66511E+01
1111	601	3.66569E+01
10435	129	3.66687E+01
10435	215	3.66754E+01
7318	766	3.66782E+01
891	447	3.66876E+01
7318	773	3.66891E+01
10435	327	3.66894E+01
10435	790	3.66990E+01
7318	726	3.67040E+01
10519	678	3.67043E+01
10351	314	3.67091E+01
1111	91	3.67103E+01
1111	708	3.67174E+01
10351	802	3.67186E+01
7318	729	3.67256E+01
10351	264	3.67274E+01
1111	355	3.67375E+01
10435	624	3.67381E+01
7228	689	3.67440E+01
10519	278	3.67491E+01
1001	447	3.67545E+01
891	90	3.67547E+01
7138	644	3.67588E+01
10519	89	3.67634E+01
891	539	3.67674E+01
10351	583	3.67764E+01
7138	645	3.67990E+01
7138	690	3.68000E+01
10351	459	3.68042E+01
10519	368	3.68139E+01
891	769	3.68188E+01
10351	719	3.68262E+01
1001	90	3.68287E+01
1001	539	3.68320E+01
891	129	3.68353E+01
891	215	3.68399E+01
10435	89	3.68450E+01
10351	406	3.68538E+01
1111	264	3.68545E+01
1111	314	3.68596E+01
10351	90	3.68622E+01
10351	595	3.68672E+01
891	406	3.68801E+01
7138	643	3.68917E+01
891	791	3.69000E+01
1001	129	3.69095E+01
1001	769	3.69112E+01
1001	215	3.69139E+01
10519	354	3.69262E+01
10351	707	3.69296E+01
10351	129	3.69361E+01
10519	263	3.69400E+01
1001	791	3.69426E+01
10351	215	3.69440E+01
1001	406	3.69494E+01
10519	761	3.69524E+01
891	666	3.69592E+01
10519	128	3.69644E+01
10519	748	3.69793E+01
1111	447	3.69800E+01
10519	665	3.69879E+01
10519	313	3.69930E+01
7138	646	3.70005E+01
10435	230	3.70007E+01
7228	644	3.70047E+01
10519	88	3.70081E+01
10435	354	3.70086E+01
10351	551	3.70105E+01
7138	723	3.70144E+01
1001	666	3.70149E+01
10435	263	3.70179E+01
10351	790	3.70264E+01
7228	723	3.70287E+01
10351	624	3.70378E+01
10435	128	3.70397E+01
1111	539	3.70556E+01
1111	90	3.70637E+01
7318	730	3.70637E+01
891	583	3.70657E+01
10435	313	3.70709E+01
891	643	3.70718E+01
10519	214	3.70743E+01
7318	725	3.70745E+01
10519	446	3.70758E+01
10435	88	3.70819E+01
891	89	3.70853E+01
7228	645	3.70867E+01
10519	538	3.70870E+01
10435	665	3.70931E+01
1001	643	3.70962E+01
10435	748	3.70967E+01
7228	643	3.70990E+01
7228	764	3.71065E+01
10351	89	3.71088E+01
1001	583	3.71281E+01
1001	332	3.71294E+01
1111	129	3.71446E+01
1111	791	3.71457E+01
10435	214	3.71466E+01
1111	215	3.71483E+01
1111	769	3.71494E+01
10435	446	3.71597E+01
1001	89	3.71598E+01
891	332	3.71688E+01
10435	538	3.71745E+01
1111	406	3.71784E+01
7138	764	3.71838E+01
10351	327	3.71999E+01
7138	682	3.72064E+01
891	727	3.72095E+01
7138	642	3.72116E+01
10435	678	3.72155E+01
1111	666	3.72307E+01
10435	419	3.72382E+01
10519	87	3.72392E+01
10519	582	3.72473E+01
10519	405	3.72478E+01
891	749	3.72493E+01
1111	332	3.72690E+01
1001	727	3.72779E+01
10351	354	3.72796E+01
1111	643	3.72822E+01
10351	263	3.72829E+01
7228	682	3.72929E+01
1001	749	3.72978E+01
10351	128	3.73013E+01
7228	690	3.73028E+01
891	685	3.73053E+01
10435	87	3.73059E+01
891	263	3.73173E+01
10519	637	3.73173E+01
10435	405	3.73228E+01
10519	127	3.73268E+01
891	128	3.73334E+01
7228	646	3.73335E+01
10435	582	3.73339E+01
10351	313	3.73376E+01
10351	88	3.73423E+01
1001	685	3.73505E+01
1111	583	3.73510E+01
7138	647	3.73535E+01
10435	278	3.73622E+01
1001	557	3.73769E+01
1001	424	3.73781E+01
7228	642	3.73835E+01
891	557	3.73855E+01
10435	127	3.73906E+01
1001	263	3.73913E+01
10351	665	3.73924E+01
891	354	3.73929E+01
891	88	3.73966E+01
1111	89	3.73967E+01
10435	761	3.74010E+01
10351	214	3.74077E+01
1001	128	3.74082E+01
891	424	3.74085E+01
10351	748	3.74089E+01
7138	691	3.74142E+01
10519	706	3.74194E+01
891	313	3.74228E+01
10519	460	3.74336E+01
10351	446	3.74363E+01
10435	368	3.74401E+01
7318	765	3.74420E+01
10351	538	3.74555E+01
10519	86	3.74578E+01
1001	354	3.74646E+01
1001	88	3.74715E+01
891	214	3.74753E+01
7318	686	3.74954E+01
1001	313	3.74960E+01
1111	727	3.74989E+01
10351	230	3.74995E+01
10519	262	3.75013E+01
10519	789	3.75073E+01
1111	749	3.75083E+01
10435	706	3.75160E+01
10435	86	3.75180E+01
10519	623	3.75225E+01
1111	424	3.75242E+01
7318	685	3.75272E+01
891	624	3.75287E+01
7318	806	3.75377E+01
10519	213	3.75378E+01
1111	557	3.75393E+01
7228	805	3.75403E+01
10519	328	3.75406E+01
7318	731	3.75461E+01
1001	214	3.75501E+01
1111	685	3.75538E+01
10435	262	3.75612E+01
10351	87	3.75631E+01
1001	624	3.75892E+01
10351	405	3.75924E+01
10435	213	3.75954E+01
10435	623	3.76051E+01
10435	789	3.76130E+01
10351	582	3.76174E+01
1111	263	3.76276E+01
10351	678	3.76283E+01
10519	312	3.76316E+01
10519	353	3.76334E+01
7318	687	3.76415E+01
10519	231	3.76458E+01
1111	128	3.76462E+01
10351	127	3.76469E+01
891	707	3.76513E+01
7318	724	3.76621E+01
10519	85	3.76655E+01
10519	126	3.76683E+01
10435	312	3.76893E+01
891	87	3.76899E+01
10435	353	3.76934E+01
1111	354	3.76987E+01
10519	596	3.77045E+01
1001	707	3.77052E+01
1111	88	3.77101E+01
10435	85	3.77195E+01
10435	126	3.77216E+01
7138	805	3.77279E+01
1111	313	3.77317E+01
7138	641	3.77348E+01
7228	647	3.77350E+01
1001	465	3.77411E+01
891	446	3.77457E+01
10351	419	3.77471E+01
7318	684	3.77506E+01
10351	761	3.77547E+01
891	465	3.77632E+01
1001	87	3.77651E+01
10351	86	3.77722E+01
10519	552	3.77737E+01
891	812	3.77743E+01
1111	214	3.77883E+01
891	127	3.77990E+01
1111	624	3.78125E+01
10351	706	3.78134E+01
1001	446	3.78144E+01
10351	262	3.78178E+01
7138	648	3.78483E+01
10351	213	3.78498E+01
891	538	3.78603E+01
10435	637	3.78614E+01
10519	84	3.78640E+01
10519	445	3.78709E+01
1001	127	3.78744E+01
7228	641	3.78750E+01
891	405	3.78768E+01
10351	278	3.78776E+01
10519	664	3.78820E+01
1001	283	3.78842E+01
10351	623	3.78892E+01
1111	465	3.78951E+01
10519	747	3.78957E+01
1001	812	3.79026E+01
10435	84	3.79122E+01
10519	537	3.79141E+01
10519	720	3.79181E+01
10351	789	3.79217E+01
1111	707	3.79229E+01
1001	538	3.79269E+01
891	283	3.79287E+01
1001	373	3.79288E+01
10435	445	3.79300E+01
10519	803	3.79338E+01
10351	312	3.79465E+01
1001	405	3.79476E+01
10351	353	3.79536E+01
7318	688	3.79537E+01
10435	664	3.79582E+01
10351	368	3.79588E+01
891	86	3.79670E+01
891	373	3.79688E+01
10351	85	3.79710E+01
10351	126	3.79731E+01
10435	537	3.79757E+01
10519	212	3.79767E+01
7138	603	3.79773E+01
10435	747	3.79824E+01
7228	691	3.79868E+01
7138	602	3.79870E+01
10519	125	3.79906E+01
10519	404	3.79935E+01
1111	87	3.80053E+01
10435	212	3.80211E+01
1111	283	3.80250E+01
10435	125	3.80343E+01
10519	261	3.80367E+01
891	262	3.80416E+01
1001	86	3.80425E+01
10435	404	3.80455E+01
1111	446	3.80468E+01
10435	460	3.80516E+01
10519	83	3.80550E+01
1111	373	3.80706E+01
891	213	3.80717E+01
891	790	3.80751E+01
10435	261	3.80804E+01
10519	581	3.80909E+01
10435	83	3.80976E+01
7228	722	3.80995E+01
891	665	3.81083E+01
1111	127	3.81150E+01
1001	262	3.81164E+01
1001	790	3.81221E+01
7138	722	3.81224E+01
7138	681	3.81233E+01
7138	604	3.81347E+01
1001	213	3.81472E+01
10435	581	3.81512E+01
1111	538	3.81579E+01
7318	732	3.81603E+01
10351	84	3.81609E+01
10519	279	3.81641E+01
1001	665	3.81670E+01
891	582	3.81696E+01
1111	812	3.81751E+01
7228	681	3.81765E+01
7138	601	3.81768E+01
7318	683	3.81816E+01
1111	405	3.81829E+01
10435	328	3.81865E+01
10351	445	3.81941E+01
7228	602	3.82162E+01
891	85	3.82302E+01
1001	582	3.82344E+01
891	126	3.82347E+01
7228	603	3.82367E+01
10519	82	3.82401E+01
10351	664	3.82416E+01
10519	311	3.82420E+01
891	312	3.82423E+01
10351	537	3.82434E+01
10435	231	3.82683E+01
10351	212	3.82694E+01
10351	747	3.82771E+01
10435	82	3.82773E+01
10435	596	3.82804E+01
10435	311	3.82815E+01
10351	125	3.82815E+01
7228	648	3.82818E+01
1111	86	3.82842E+01
891	353	3.82959E+01
10519	124	3.82960E+01
10351	637	3.82966E+01
10519	705	3.82979E+01
10351	404	3.83039E+01
1001	85	3.83059E+01
10519	352	3.83085E+01
1001	126	3.83104E+01
1001	312	3.83164E+01
10351	261	3.83294E+01
10435	124	3.83309E+01
1111	790	3.83355E+01
10435	803	3.83398E+01
10351	83	3.83438E+01
10435	352	3.83484E+01
1111	262	3.83570E+01
10435	705	3.83660E+01
10519	622	3.83679E+01
1001	353	3.83689E+01
10435	552	3.83762E+01
7228	601	3.83785E+01
7228	763	3.83805E+01
1111	213	3.83888E+01
1111	665	3.83916E+01
10519	211	3.83925E+01
10519	788	3.83949E+01
891	748	3.83962E+01
10519	420	3.83963E+01
10435	720	3.83990E+01
10519	81	3.84206E+01
10351	581	3.84207E+01
7318	689	3.84210E+01
10435	622	3.84241E+01
10435	211	3.84248E+01
7228	604	3.84270E+01
891	602	3.84396E+01
1001	602	3.84452E+01
1001	748	3.84486E+01
7138	605	3.84488E+01
10435	81	3.84526E+01
7318	764	3.84539E+01
1111	582	3.84650E+01
10435	788	3.84708E+01
7138	649	3.84756E+01
7138	640	3.84803E+01
891	84	3.84817E+01
7318	723	3.84867E+01
7138	763	3.84967E+01
10519	369	3.85094E+01
10351	82	3.85210E+01
10351	311	3.85299E+01
10519	260	3.85461E+01
1111	85	3.85491E+01
10351	460	3.85526E+01
1111	126	3.85535E+01
1111	312	3.85571E+01
1001	84	3.85577E+01
7138	600	3.85625E+01
891	770	3.85677E+01
10351	124	3.85741E+01
10435	260	3.85751E+01
7318	644	3.85807E+01
10519	123	3.85870E+01
7228	640	3.85924E+01
10519	80	3.85974E+01
10351	352	3.85988E+01
1111	353	3.86085E+01
10435	123	3.86137E+01
10519	444	3.86213E+01
891	623	3.86218E+01
1111	602	3.86234E+01
10435	80	3.86245E+01
891	212	3.86309E+01
891	125	3.86435E+01
10351	803	3.86438E+01
10351	705	3.86475E+01
10435	444	3.86582E+01
7318	645	3.86656E+01
10351	211	3.86675E+01
1111	748	3.86687E+01
1001	770	3.86701E+01
7318	643	3.86797E+01
1001	623	3.86848E+01
10519	536	3.86910E+01
10351	622	3.86939E+01
10351	81	3.86940E+01
10519	403	3.86982E+01
1001	212	3.87068E+01
10519	663	3.87150E+01
10351	328	3.87169E+01
1001	125	3.87197E+01
891	261	3.87231E+01
891	83	3.87241E+01
10435	536	3.87294E+01
10435	403	3.87298E+01
891	445	3.87381E+01
7228	600	3.87394E+01
10351	596	3.87400E+01
10519	746	3.87461E+01
7318	805	3.87526E+01
891	706	3.87607E+01
10351	788	3.87619E+01
10435	663	3.87651E+01
10351	720	3.87708E+01
10519	79	3.87714E+01
7228	605	3.87768E+01
10519	679	3.87797E+01
10351	231	3.87863E+01
10519	210	3.87875E+01
10435	79	3.87936E+01
1001	261	3.87987E+01
1001	83	3.88003E+01
1111	84	3.88023E+01
10435	746	3.88051E+01
1001	445	3.88083E+01
10435	210	3.88088E+01
891	404	3.88126E+01
10351	260	3.88172E+01
1001	706	3.88179E+01
10435	279	3.88193E+01
10519	310	3.88212E+01
7318	682	3.88386E+01
10435	310	3.88443E+01
10351	123	3.88530E+01
10351	552	3.88591E+01
10351	80	3.88635E+01
10519	122	3.88659E+01
10519	580	3.88769E+01
891	537	3.88807E+01
1001	404	3.88847E+01
10435	122	3.88849E+01
1001	333	3.89070E+01
7138	606	3.89106E+01
10351	444	3.89110E+01
10435	580	3.89137E+01
1111	623	3.89161E+01
7318	646	3.89226E+01
1111	770	3.89254E+01
10519	78	3.89434E+01
10519	351	3.89458E+01
1001	537	3.89491E+01
1111	212	3.89516E+01
891	333	3.89569E+01
891	82	3.89591E+01
10435	78	3.89608E+01
7228	649	3.89648E+01
1111	125	3.89650E+01
10435	351	3.89677E+01
7318	642	3.89769E+01
10351	403	3.89779E+01
10351	536	3.89851E+01
891	311	3.90134E+01
10519	232	3.90238E+01
7228	804	3.90276E+01
891	124	3.90293E+01
10351	79	3.90303E+01
10519	259	3.90304E+01
7318	690	3.90325E+01
10351	663	3.90340E+01
1001	82	3.90355E+01
1111	261	3.90432E+01
1111	706	3.90444E+01
10435	259	3.90461E+01
1111	83	3.90462E+01
10351	210	3.90463E+01
1111	333	3.90467E+01
1111	445	3.90471E+01
10435	420	3.90491E+01
891	644	3.90514E+01
1001	644	3.90768E+01
891	728	3.90776E+01
10351	746	3.90838E+01
10351	310	3.90849E+01
1001	311	3.90884E+01
10519	762	3.90994E+01
10519	704	3.91054E+01
1001	124	3.91058E+01
10519	77	3.91141E+01
10351	122	3.91207E+01
1111	404	3.91258E+01
10435	77	3.91268E+01
10519	121	3.91350E+01
891	352	3.91427E+01
10435	121	3.91467E+01
10519	621	3.91473E+01
10435	704	3.91482E+01
1001	728	3.91531E+01
891	211	3.91561E+01
891	789	3.91594E+01
7138	599	3.91629E+01
10519	209	3.91648E+01
891	664	3.91700E+01
10351	580	3.91707E+01
10435	209	3.91759E+01
10435	369	3.91765E+01
10435	621	3.91801E+01
1111	537	3.91869E+01
891	81	3.91883E+01
891	581	3.91926E+01
10351	78	3.91952E+01
10519	329	3.92053E+01
10519	787	3.92061E+01
10351	351	3.92093E+01
1001	789	3.92107E+01
1001	352	3.92166E+01
7138	650	3.92261E+01
1001	664	3.92315E+01
1001	211	3.92325E+01
891	686	3.92523E+01
7138	804	3.92534E+01
10435	787	3.92554E+01
1001	581	3.92593E+01
1001	81	3.92649E+01
7138	558	3.92668E+01
1111	644	3.92734E+01
7228	606	3.92771E+01
10351	259	3.92819E+01
1111	82	3.92827E+01
10519	76	3.92844E+01
7138	680	3.92906E+01
10435	76	3.92924E+01
10435	679	3.92974E+01
1001	686	3.93016E+01
7228	680	3.93156E+01
10519	443	3.93177E+01
7228	599	3.93181E+01
1111	311	3.93335E+01
10435	443	3.93350E+01
7318	647	3.93416E+01
7138	559	3.93509E+01
1111	124	3.93533E+01
10351	279	3.93548E+01
10519	402	3.93552E+01
7138	557	3.93574E+01
1001	425	3.93576E+01
10351	77	3.93591E+01
891	260	3.93644E+01
10519	309	3.93677E+01
10435	402	3.93685E+01
10435	309	3.93760E+01
10351	121	3.93791E+01
1111	728	3.93893E+01
891	123	3.93956E+01
891	425	3.93965E+01
