GRAM	c2h2	chi_tot
8665	330	4.02152E+01
8665	281	4.02671E+01
8665	370	4.03260E+01
8665	371	4.03491E+01
8665	331	4.03555E+01
8665	282	4.04297E+01
8665	234	4.04701E+01
8665	421	4.04728E+01
8665	422	4.05540E+01
8665	280	4.05913E+01
8665	233	4.05975E+01
8665	329	4.06741E+01
8665	462	4.06865E+01
8753	330	4.08344E+01
8753	281	4.08994E+01
8753	370	4.09298E+01
8753	371	4.09464E+01
8665	461	4.09498E+01
8753	331	4.09595E+01
8665	369	4.10080E+01
8665	372	4.10347E+01
8753	282	4.10425E+01
8665	283	4.10476E+01
8753	421	4.10551E+01
8665	332	4.10570E+01
8665	554	4.10978E+01
8753	234	4.11116E+01
8665	232	4.11253E+01
8753	422	4.11432E+01
8665	553	4.11722E+01
8665	420	4.11751E+01
8753	280	4.12443E+01
8665	463	4.12477E+01
8753	462	4.12584E+01
8753	233	4.12590E+01
8753	329	4.13103E+01
8665	423	4.13746E+01
8665	279	4.14415E+01
5019	231	4.14912E+01
8753	461	4.14997E+01
8665	598	4.15217E+01
5019	278	4.15853E+01
5019	279	4.15979E+01
4916	231	4.16091E+01
8753	369	4.16211E+01
8753	372	4.16278E+01
8665	597	4.16297E+01
5019	230	4.16374E+01
8753	283	4.16420E+01
8753	332	4.16475E+01
8753	554	4.16655E+01
4916	278	4.16956E+01
8753	553	4.16962E+01
5019	328	4.17021E+01
4916	279	4.17269E+01
4916	230	4.17377E+01
8753	420	4.17546E+01
5019	232	4.17739E+01
8665	328	4.17756E+01
8753	232	4.18079E+01
4916	328	4.18290E+01
8753	463	4.18471E+01
8841	330	4.18704E+01
8665	555	4.18878E+01
4916	232	4.19085E+01
8841	371	4.19091E+01
5019	327	4.19309E+01
8841	331	4.19362E+01
8841	370	4.19389E+01
8841	281	4.19631E+01
8665	639	4.19684E+01
8753	423	4.19746E+01
8841	421	4.20191E+01
5019	368	4.20308E+01
4916	327	4.20384E+01
8841	282	4.20420E+01
8753	598	4.20764E+01
8665	460	4.20793E+01
8841	422	4.20840E+01
8665	231	4.20929E+01
8665	284	4.20969E+01
5019	329	4.21066E+01
8753	279	4.21165E+01
8753	597	4.21176E+01
5019	280	4.21280E+01
5019	277	4.21360E+01
8665	552	4.21539E+01
4916	368	4.21555E+01
8841	462	4.21821E+01
5019	369	4.21894E+01
8841	234	4.21895E+01
4916	277	4.22266E+01
4916	329	4.22519E+01
5019	229	4.22553E+01
4813	231	4.22585E+01
4916	280	4.22750E+01
8665	333	4.22885E+01
8665	638	4.23033E+01
8665	599	4.23106E+01
4916	369	4.23318E+01
4916	229	4.23373E+01
8665	373	4.23444E+01
4813	278	4.23482E+01
8841	280	4.23749E+01
4813	279	4.23772E+01
4813	230	4.23875E+01
8841	233	4.23992E+01
8841	329	4.24094E+01
8841	461	4.24207E+01
8753	328	4.24306E+01
8665	368	4.24390E+01
5019	233	4.24451E+01
4813	328	4.24813E+01
8753	639	4.24872E+01
5019	419	4.24908E+01
8753	555	4.25070E+01
8841	372	4.25496E+01
8665	680	4.25505E+01
8665	640	4.25531E+01
4813	232	4.25574E+01
8841	553	4.25657E+01
8841	332	4.25682E+01
5019	420	4.25767E+01
8841	554	4.25780E+01
8841	283	4.25797E+01
8665	464	4.25881E+01
4916	233	4.25955E+01
5019	367	4.26045E+01
8753	460	4.26135E+01
4916	419	4.26211E+01
8753	552	4.26425E+01
8753	284	4.26738E+01
8665	596	4.26794E+01
8841	369	4.26821E+01
4813	327	4.26969E+01
8665	419	4.27020E+01
4916	367	4.27103E+01
4916	420	4.27226E+01
8753	638	4.27331E+01
8841	420	4.27499E+01
8665	681	4.27624E+01
8841	463	4.27850E+01
8753	231	4.27977E+01
4813	368	4.28148E+01
5019	326	4.28358E+01
8665	278	4.28632E+01
8753	333	4.28668E+01
4813	277	4.28812E+01
8665	424	4.28925E+01
4813	329	4.28974E+01
8841	423	4.28998E+01
4813	280	4.29226E+01
4916	326	4.29230E+01
8841	597	4.29322E+01
8753	373	4.29357E+01
8753	599	4.29423E+01
5019	460	4.29677E+01
8841	598	4.29767E+01
4813	369	4.29784E+01
4813	229	4.29871E+01
8753	680	4.29996E+01
8841	232	4.30129E+01
5019	370	4.30393E+01
8753	368	4.30643E+01
5019	330	4.31003E+01
8753	596	4.31116E+01
4916	460	4.31126E+01
8665	722	4.31315E+01
5019	281	4.31340E+01
8753	640	4.31740E+01
4916	370	4.31984E+01
5019	418	4.32021E+01
8753	464	4.32205E+01
4813	233	4.32435E+01
4916	330	4.32631E+01
8665	679	4.32724E+01
8753	419	4.32829E+01
4813	419	4.32889E+01
5019	276	4.32929E+01
4916	281	4.32982E+01
4916	418	4.33152E+01
8841	279	4.33170E+01
8753	681	4.33363E+01
8841	639	4.33471E+01
4916	276	4.33631E+01
5019	459	4.33663E+01
4813	420	4.33698E+01
4813	367	4.33810E+01
5019	228	4.33843E+01
5019	461	4.33981E+01
8665	721	4.34231E+01
5019	421	4.34240E+01
4916	228	4.34471E+01
8841	638	4.34648E+01
5019	234	4.34705E+01
8841	555	4.34772E+01
8841	552	4.34852E+01
8665	556	4.34934E+01
4916	459	4.34977E+01
8753	424	4.35068E+01
8841	460	4.35435E+01
8665	230	4.35442E+01
8841	284	4.35518E+01
4916	461	4.35547E+01
8665	285	4.35589E+01
8753	278	4.35615E+01
8665	327	4.35653E+01
4916	421	4.35842E+01
4813	326	4.35868E+01
8841	328	4.35970E+01
8665	637	4.36041E+01
5019	552	4.36084E+01
8753	679	4.36123E+01
8753	722	4.36132E+01
4916	234	4.36361E+01
8665	723	4.37185E+01
8841	333	4.37349E+01
8753	721	4.37608E+01
4916	552	4.37633E+01
8841	680	4.37679E+01
4813	460	4.37782E+01
8841	373	4.38213E+01
4813	370	4.38308E+01
8665	682	4.38456E+01
8665	764	4.38460E+01
8665	763	4.38525E+01
8841	596	4.38612E+01
4813	330	4.39011E+01
8665	600	4.39420E+01
5019	366	4.39424E+01
4813	281	4.39426E+01
8841	599	4.39476E+01
5019	551	4.39577E+01
8753	637	4.39587E+01
8665	641	4.39978E+01
4813	418	4.40013E+01
4813	276	4.40192E+01
8665	334	4.40250E+01
4916	366	4.40282E+01
8841	231	4.40704E+01
8665	551	4.40757E+01
4813	228	4.40967E+01
4916	551	4.41031E+01
8665	459	4.41088E+01
5019	553	4.41147E+01
8753	285	4.41193E+01
8753	556	4.41714E+01
8841	464	4.41828E+01
8841	368	4.41833E+01
8841	640	4.41859E+01
4813	461	4.41887E+01
4813	459	4.41914E+01
8753	763	4.41918E+01
4813	421	4.42086E+01
8841	679	4.42137E+01
8753	327	4.42409E+01
8665	374	4.42454E+01
8753	230	4.42724E+01
4916	553	4.42765E+01
4813	234	4.42830E+01
8841	681	4.43005E+01
8841	419	4.43184E+01
5019	596	4.43393E+01
8753	723	4.43610E+01
8753	764	4.43632E+01
8841	721	4.43704E+01
8841	424	4.44236E+01
8665	805	4.44251E+01
4813	552	4.44347E+01
5019	325	4.44493E+01
8841	722	4.44566E+01
4916	596	4.45040E+01
4916	325	4.45154E+01
8753	551	4.45378E+01
5019	371	4.45381E+01
8753	682	4.45584E+01
8665	806	4.45743E+01
5019	282	4.45820E+01
8841	637	4.45883E+01
8753	334	4.45926E+01
5019	458	4.46185E+01
5019	462	4.46219E+01
8753	459	4.46338E+01
5019	331	4.46431E+01
8665	765	4.46486E+01
8665	720	4.46545E+01
8665	367	4.46583E+01
8753	600	4.46599E+01
8665	465	4.46638E+01
5019	597	4.46929E+01
8665	595	4.47017E+01
4813	366	4.47087E+01
4916	371	4.47128E+01
8753	641	4.47324E+01
5019	417	4.47342E+01
4916	458	4.47344E+01
8665	762	4.47415E+01
8753	805	4.47605E+01
4916	282	4.47626E+01
4916	462	4.47882E+01
4813	551	4.48129E+01
4916	331	4.48227E+01
4916	417	4.48287E+01
8841	763	4.48305E+01
8841	278	4.48352E+01
8753	374	4.48372E+01
5019	595	4.48578E+01
4916	597	4.48596E+01
8753	720	4.48670E+01
8665	277	4.49029E+01
4813	553	4.49049E+01
8753	762	4.49226E+01
8841	285	4.49396E+01
8665	678	4.49729E+01
5019	422	4.49917E+01
4916	595	4.50170E+01
5019	227	4.50533E+01
8665	425	4.50705E+01
8665	418	4.50864E+01
5019	275	4.50877E+01
8753	595	4.50899E+01
8665	804	4.50903E+01
4916	227	4.50964E+01
8665	724	4.51085E+01
8753	806	4.51193E+01
5019	142	4.51275E+01
4916	275	4.51368E+01
4916	422	4.51647E+01
4916	142	4.51650E+01
4813	325	4.51837E+01
5019	550	4.51849E+01
4813	596	4.51966E+01
8841	556	4.52133E+01
8753	678	4.52209E+01
8753	804	4.52360E+01
5019	637	4.52558E+01
5019	638	4.52710E+01
8841	720	4.52775E+01
8841	762	4.52977E+01
8753	367	4.52987E+01
8841	764	4.53015E+01
4916	550	4.53183E+01
4813	371	4.53299E+01
8753	465	4.53341E+01
8753	765	4.53609E+01
8841	551	4.53705E+01
4813	462	4.53875E+01
4813	282	4.54036E+01
8841	334	4.54108E+01
8665	286	4.54192E+01
8841	805	4.54316E+01
4916	637	4.54338E+01
5019	554	4.54416E+01
4916	638	4.54465E+01
4813	331	4.54523E+01
4813	458	4.54526E+01
8665	807	4.54584E+01
8841	723	4.54690E+01
8841	327	4.54790E+01
4813	597	4.54981E+01
8665	229	4.55226E+01
4813	417	4.55305E+01
8841	804	4.55818E+01
8841	459	4.55853E+01
4916	554	4.56079E+01
8841	230	4.56157E+01
8753	277	4.56258E+01
8753	418	4.56734E+01
8841	678	4.56871E+01
8841	374	4.56912E+01
8753	425	4.57024E+01
8665	683	4.57257E+01
8841	682	4.57447E+01
4813	227	4.57456E+01
4813	595	4.57579E+01
4813	422	4.57643E+01
8841	600	4.57880E+01
4813	275	4.57940E+01
8841	595	4.57965E+01
4813	142	4.58078E+01
8665	557	4.58643E+01
5019	598	4.58845E+01
8665	636	4.58988E+01
8841	641	4.59182E+01
8753	724	4.59262E+01
8753	286	4.59642E+01
4916	598	4.60502E+01
5019	679	4.60569E+01
5019	365	4.60597E+01
4813	550	4.60617E+01
8665	326	4.60838E+01
5019	636	4.61161E+01
4813	638	4.61175E+01
4916	365	4.61245E+01
5019	639	4.61299E+01
8841	806	4.61522E+01
4813	637	4.61687E+01
8665	766	4.61772E+01
4813	554	4.61889E+01
8753	636	4.61931E+01
8753	807	4.62299E+01
8665	642	4.62337E+01
8665	335	4.62463E+01
4916	679	4.62484E+01
5019	594	4.62667E+01
8753	229	4.62754E+01
4916	636	4.62924E+01
4916	639	4.62989E+01
8841	465	4.63306E+01
8665	601	4.63558E+01
4916	594	4.64173E+01
5019	680	4.64318E+01
5019	283	4.64463E+01
8841	367	4.64819E+01
5019	678	4.65200E+01
8665	761	4.65694E+01
8753	683	4.65898E+01
5019	463	4.65973E+01
8753	557	4.66078E+01
4916	680	4.66123E+01
8753	761	4.66143E+01
8753	803	4.66165E+01
8841	425	4.66175E+01
4813	598	4.66288E+01
8841	765	4.66301E+01
8665	803	4.66374E+01
4916	283	4.66428E+01
5019	372	4.66464E+01
8841	803	4.66787E+01
5019	332	4.67015E+01
8665	375	4.67108E+01
4916	678	4.67177E+01
8841	286	4.67285E+01
5019	457	4.67320E+01
8841	636	4.67482E+01
8841	418	4.67579E+01
8841	761	4.67664E+01
4916	463	4.67715E+01
8753	326	4.67820E+01
5019	324	4.67849E+01
8753	335	4.68045E+01
4813	365	4.68133E+01
4916	324	4.68292E+01
4916	457	4.68305E+01
4916	372	4.68357E+01
8665	719	4.68670E+01
4916	332	4.68971E+01
4813	639	4.68991E+01
8665	550	4.69548E+01
8753	719	4.69749E+01
8841	277	4.69761E+01
4813	679	4.69792E+01
8665	808	4.69924E+01
5019	721	4.70539E+01
8665	458	4.70579E+01
5019	141	4.70680E+01
4813	636	4.70838E+01
4916	141	4.70877E+01
5019	416	4.70921E+01
8753	642	4.70923E+01
8753	766	4.70989E+01
4916	416	4.71667E+01
8753	601	4.71687E+01
4813	594	4.72000E+01
8665	725	4.72175E+01
8841	719	4.72239E+01
5019	423	4.72378E+01
4916	721	4.72565E+01
4813	680	4.72635E+01
5019	720	4.72664E+01
5019	226	4.72764E+01
4813	283	4.72798E+01
5019	549	4.72950E+01
4916	226	4.72992E+01
8753	375	4.73051E+01
8841	724	4.73258E+01
4813	463	4.73333E+01
8753	550	4.73998E+01
4916	549	4.74137E+01
4916	423	4.74224E+01
8665	466	4.74348E+01
4813	372	4.74362E+01
4916	720	4.74834E+01
4813	324	4.75011E+01
4813	332	4.75177E+01
4813	678	4.75197E+01
5019	274	4.75324E+01
5019	555	4.75457E+01
4916	274	4.75598E+01
4813	457	4.75693E+01
8841	335	4.75757E+01
8753	458	4.75805E+01
5019	681	4.75994E+01
8665	276	4.76006E+01
5019	722	4.76223E+01
8841	807	4.76552E+01
8665	677	4.76759E+01
8841	229	4.76923E+01
8665	366	4.76926E+01
8665	594	4.77095E+01
4916	555	4.77141E+01
4813	141	4.77300E+01
8841	557	4.77342E+01
4916	681	4.77644E+01
5019	640	4.77858E+01
4916	722	4.78053E+01
5019	677	4.78489E+01
8753	677	4.78502E+01
5019	635	4.78655E+01
5019	599	4.78686E+01
8665	426	4.78776E+01
4813	416	4.78817E+01
4916	640	4.79446E+01
4813	226	4.79477E+01
4813	721	4.79910E+01
4813	423	4.79952E+01
8753	808	4.80042E+01
8841	683	4.80211E+01
4916	599	4.80301E+01
4916	635	4.80360E+01
4916	677	4.80478E+01
8665	228	4.80637E+01
8753	594	4.80658E+01
8841	326	4.80962E+01
5019	763	4.81290E+01
8841	375	4.81315E+01
8753	466	4.81479E+01
4813	549	4.81854E+01
8841	677	4.82151E+01
4813	274	4.82177E+01
8753	725	4.82228E+01
5019	762	4.82257E+01
8841	550	4.82399E+01
4813	555	4.82439E+01
5019	719	4.83013E+01
4813	720	4.83032E+01
8665	684	4.83219E+01
4813	681	4.83284E+01
4916	763	4.83439E+01
8665	767	4.83446E+01
8665	417	4.83459E+01
8753	276	4.83495E+01
8753	366	4.83513E+01
8841	601	4.84357E+01
4813	722	4.84456E+01
4916	762	4.84628E+01
4813	640	4.84677E+01
8841	642	4.84716E+01
4916	719	4.85268E+01
8753	426	4.85304E+01
4813	599	4.85439E+01
5019	593	4.85658E+01
8841	458	4.85666E+01
4916	593	4.87044E+01
5019	284	4.87080E+01
8841	766	4.87254E+01
5019	764	4.87433E+01
8841	594	4.87522E+01
8841	802	4.87792E+01
8753	228	4.88423E+01
4813	635	4.88758E+01
4813	677	4.89120E+01
5019	723	4.89144E+01
4916	284	4.89198E+01
4916	764	4.89303E+01
8665	336	4.89347E+01
8753	417	4.89437E+01
5019	364	4.89483E+01
8665	558	4.89511E+01
8753	802	4.89536E+01
4916	364	4.89912E+01
4916	723	4.90728E+01
5019	761	4.90852E+01
8665	809	4.90915E+01
4813	763	4.90968E+01
8665	802	4.91157E+01
8665	643	4.91873E+01
8841	466	4.91878E+01
8665	635	4.91944E+01
5019	805	4.92389E+01
5019	333	4.92494E+01
8841	760	4.92771E+01
5019	464	4.92808E+01
8753	760	4.93039E+01
4813	762	4.93134E+01
5019	373	4.93301E+01
5019	804	4.93338E+01
4916	761	4.93383E+01
8753	684	4.93480E+01
8665	325	4.93577E+01
8665	760	4.93710E+01
4813	719	4.94221E+01
8753	635	4.94438E+01
8841	426	4.94500E+01
5019	140	4.94586E+01
4916	140	4.94601E+01
4916	333	4.94602E+01
4916	464	4.94612E+01
4916	805	4.94707E+01
8753	336	4.94849E+01
8753	767	4.94877E+01
8665	602	4.94900E+01
5019	682	4.95000E+01
4813	593	4.95222E+01
4916	373	4.95331E+01
4813	284	4.95524E+01
4813	764	4.95763E+01
4916	804	4.95948E+01
8841	366	4.96050E+01
4813	723	4.96111E+01
4916	682	4.96452E+01
4813	364	4.96866E+01
5019	456	4.96921E+01
8665	376	4.97175E+01
8753	558	4.97664E+01
4916	456	4.97714E+01
5019	806	4.97798E+01
8841	276	4.97798E+01
5019	323	4.98297E+01
8841	808	4.98473E+01
4916	323	4.98516E+01
8841	725	4.99368E+01
8841	635	4.99533E+01
8665	726	4.99591E+01
4916	806	4.99764E+01
4813	464	4.99828E+01
5019	765	5.00035E+01
5019	225	5.00487E+01
4916	225	5.00509E+01
5019	676	5.00514E+01
4813	333	5.00712E+01
8665	718	5.00783E+01
8753	325	5.00805E+01
8841	417	5.00866E+01
4813	140	5.01017E+01
8753	718	5.01032E+01
4813	682	5.01155E+01
4813	373	5.01159E+01
5019	803	5.01227E+01
5019	424	5.01237E+01
4916	765	5.01575E+01
8753	643	5.01791E+01
5019	718	5.01802E+01
5019	641	5.01805E+01
8841	336	5.02114E+01
8841	718	5.02311E+01
4916	676	5.02464E+01
5019	415	5.02573E+01
4813	805	5.02635E+01
5019	548	5.02712E+01
4813	761	5.02764E+01
4916	415	5.03107E+01
8753	376	5.03163E+01
4916	424	5.03186E+01
4916	641	5.03255E+01
8841	228	5.03357E+01
8753	809	5.03546E+01
4916	548	5.03729E+01
5019	556	5.03793E+01
8753	602	5.04057E+01
4916	803	5.04065E+01
4916	718	5.04085E+01
4813	804	5.04955E+01
5019	634	5.04975E+01
4813	323	5.05261E+01
4813	456	5.05271E+01
4916	556	5.05476E+01
5019	600	5.05916E+01
5019	273	5.06134E+01
4916	273	5.06189E+01
5019	568	5.06239E+01
4813	806	5.06523E+01
4916	634	5.06580E+01
4813	765	5.06889E+01
4813	225	5.06986E+01
4916	568	5.07320E+01
5019	760	5.07422E+01
4916	600	5.07460E+01
4813	641	5.07661E+01
8665	549	5.07878E+01
5019	724	5.08613E+01
4813	424	5.08629E+01
8665	467	5.08660E+01
5019	807	5.08892E+01
8665	457	5.09260E+01
8665	275	5.09805E+01
8841	558	5.09895E+01
4916	724	5.09906E+01
4916	760	5.10047E+01
4813	556	5.10225E+01
4813	415	5.10361E+01
8841	684	5.10443E+01
4916	807	5.10455E+01
8665	768	5.10660E+01
8841	376	5.11191E+01
8753	726	5.11624E+01
4813	676	5.11631E+01
4813	548	5.11677E+01
8665	227	5.11896E+01
4813	600	5.11906E+01
8753	549	5.12252E+01
4813	273	5.12771E+01
8665	427	5.12881E+01
5019	285	5.13526E+01
4813	718	5.13685E+01
8665	676	5.13817E+01
4813	803	5.14046E+01
4813	724	5.14204E+01
8753	457	5.14530E+01
8665	142	5.14733E+01
8841	325	5.14750E+01
8841	767	5.14933E+01
8753	676	5.15012E+01
4813	634	5.15379E+01
4813	568	5.15408E+01
8665	365	5.15480E+01
8665	685	5.15520E+01
4916	285	5.15791E+01
4813	807	5.15971E+01
8753	467	5.16264E+01
5019	802	5.16499E+01
8665	810	5.16754E+01
8665	593	5.16933E+01
5019	592	5.17335E+01
8753	275	5.17568E+01
8841	643	5.17692E+01
8841	676	5.18000E+01
1269	465	5.18251E+01
8841	602	5.18263E+01
1269	557	5.18352E+01
5019	766	5.18373E+01
4916	592	5.18570E+01
8841	801	5.19153E+01
4916	802	5.19495E+01
4916	766	5.19537E+01
8753	427	5.19649E+01
1269	466	5.19840E+01
1269	558	5.19909E+01
8753	227	5.19949E+01
1269	425	5.19962E+01
4813	760	5.20188E+01
1269	602	5.20291E+01
8753	593	5.20304E+01
5019	683	5.20644E+01
8665	337	5.20737E+01
8841	549	5.20906E+01
1269	424	5.21047E+01
1269	601	5.21192E+01
4916	683	5.21858E+01
4813	285	5.22067E+01
8753	365	5.22281E+01
5019	334	5.22668E+01
4916	139	5.22728E+01
8753	801	5.22756E+01
5019	139	5.22897E+01
8753	142	5.22975E+01
1269	374	5.23022E+01
1269	643	5.23272E+01
1269	464	5.23589E+01
4813	766	5.23644E+01
1269	373	5.23707E+01
1269	556	5.23888E+01
8753	768	5.24399E+01
1269	644	5.24450E+01
8665	416	5.24759E+01
8841	457	5.24867E+01
4916	334	5.24922E+01
5019	808	5.24964E+01
1269	426	5.25207E+01
8665	801	5.25512E+01
4813	683	5.25570E+01
5019	374	5.25615E+01
5019	363	5.25740E+01
4916	363	5.25943E+01
1269	603	5.25982E+01
4916	808	5.26080E+01
8753	337	5.26172E+01
5019	465	5.26311E+01
8841	809	5.26357E+01
1269	333	5.26935E+01
4813	592	5.27031E+01
8665	559	5.27056E+01
8841	467	5.27184E+01
8841	593	5.27197E+01
1269	685	5.27469E+01
8753	685	5.27491E+01
1269	334	5.27629E+01
4916	374	5.27774E+01
8665	644	5.27837E+01
1269	467	5.28016E+01
1269	375	5.28096E+01
1269	559	5.28136E+01
4916	465	5.28161E+01
8841	759	5.28435E+01
1269	686	5.28525E+01
1269	642	5.28554E+01
1269	423	5.28791E+01
8841	427	5.28949E+01
5019	717	5.29040E+01
4813	139	5.29135E+01
1269	600	5.29212E+01
8753	759	5.30022E+01
4813	808	5.30295E+01
4813	802	5.30332E+01
1269	372	5.30458E+01
8753	416	5.30892E+01
4813	334	5.30928E+01
5019	675	5.31140E+01
4916	717	5.31293E+01
1269	645	5.31482E+01
1269	332	5.31505E+01
8665	759	5.31561E+01
1269	284	5.31869E+01
8753	810	5.31985E+01
8841	726	5.32099E+01
5019	759	5.32110E+01
1269	684	5.32119E+01
8665	377	5.32456E+01
5019	642	5.32486E+01
8665	727	5.32501E+01
1269	285	5.32574E+01
1269	728	5.32665E+01
8841	275	5.32702E+01
8665	603	5.32815E+01
4813	363	5.32946E+01
4813	465	5.32949E+01
4916	675	5.33003E+01
8841	337	5.33014E+01
1269	727	5.33265E+01
4916	224	5.33268E+01
1269	335	5.33345E+01
4813	374	5.33414E+01
5019	224	5.33454E+01
4916	642	5.33765E+01
5019	725	5.33880E+01
8665	324	5.33894E+01
5019	455	5.34598E+01
1269	687	5.34673E+01
8665	634	5.34745E+01
4916	759	5.34762E+01
4916	725	5.34842E+01
4916	455	5.35182E+01
4916	322	5.35423E+01
5019	322	5.35431E+01
1269	283	5.35536E+01
8841	365	5.35584E+01
8841	227	5.35673E+01
8753	559	5.35987E+01
5019	425	5.36162E+01
1269	463	5.36238E+01
1269	427	5.36511E+01
1269	729	5.36513E+01
1269	555	5.36948E+01
8753	634	5.36949E+01
4813	642	5.37299E+01
1269	286	5.37474E+01
1269	604	5.37728E+01
4813	725	5.38001E+01
4916	425	5.38203E+01
8753	377	5.38510E+01
1269	770	5.38585E+01
1269	376	5.38675E+01
1269	726	5.38876E+01
5019	557	5.38942E+01
8841	142	5.39068E+01
8753	644	5.39170E+01
1269	771	5.39390E+01
5019	801	5.39415E+01
4813	224	5.39735E+01
5019	633	5.39843E+01
5019	601	5.39960E+01
4916	557	5.40602E+01
5019	547	5.40741E+01
1269	641	5.40896E+01
4916	633	5.41311E+01
8753	324	5.41386E+01
4916	601	5.41407E+01
4813	717	5.41427E+01
4916	547	5.41563E+01
1269	331	5.41634E+01
5019	767	5.41703E+01
1269	769	5.41716E+01
5019	414	5.41853E+01
8841	634	5.41879E+01
4916	414	5.42165E+01
4813	322	5.42186E+01
4916	767	5.42452E+01
8753	717	5.42454E+01
1269	468	5.42469E+01
4916	801	5.42495E+01
4813	675	5.42595E+01
1269	560	5.42608E+01
8665	769	5.42622E+01
4916	272	5.42737E+01
8665	717	5.42807E+01
4813	455	5.42868E+01
5019	272	5.42903E+01
8841	717	5.42938E+01
8841	416	5.42996E+01
8753	603	5.43070E+01
1269	683	5.43113E+01
4813	425	5.43343E+01
1269	422	5.43584E+01
1269	371	5.43640E+01
5019	286	5.43684E+01
1269	772	5.43694E+01
1269	646	5.43769E+01
1269	282	5.43801E+01
1269	336	5.43880E+01
1269	730	5.44311E+01
5019	567	5.44696E+01
4813	557	5.44770E+01
1269	599	5.44857E+01
4813	601	5.45120E+01
4813	767	5.45301E+01
5019	809	5.45321E+01
1269	688	5.45346E+01
4813	759	5.45540E+01
4916	567	5.45588E+01
4916	809	5.45951E+01
4916	286	5.46091E+01
1269	813	5.46137E+01
8841	377	5.46338E+01
8753	727	5.46599E+01
8665	811	5.46713E+01
1269	814	5.46739E+01
8841	685	5.47274E+01
8665	141	5.47284E+01
8841	768	5.48423E+01
1269	812	5.48668E+01
4813	809	5.48819E+01
8665	226	5.49035E+01
8665	468	5.49237E+01
1269	768	5.49283E+01
8841	559	5.49298E+01
4813	272	5.49317E+01
4813	414	5.49497E+01
4813	547	5.49689E+01
1269	725	5.50111E+01
4813	633	5.50426E+01
8665	274	5.50429E+01
1269	773	5.51120E+01
5019	684	5.52187E+01
4813	286	5.52312E+01
8665	428	5.52785E+01
4916	684	5.53129E+01
8665	686	5.53360E+01
1269	428	5.53644E+01
4813	567	5.53866E+01
4813	801	5.54057E+01
1269	377	5.54546E+01
1269	811	5.54717E+01
4916	138	5.54976E+01
1269	605	5.54983E+01
5019	138	5.55330E+01
8665	548	5.55465E+01
1269	731	5.55623E+01
8753	141	5.55767E+01
4813	684	5.55803E+01
8841	324	5.56175E+01
8665	338	5.56485E+01
1269	462	5.56605E+01
1269	234	5.56789E+01
8665	456	5.56864E+01
1269	281	5.56961E+01
5019	591	5.57267E+01
8841	644	5.57331E+01
8753	468	5.57358E+01
8753	226	5.57363E+01
5019	335	5.57373E+01
8665	568	5.57536E+01
1269	330	5.57683E+01
1269	554	5.57957E+01
4916	591	5.58321E+01
8753	274	5.58476E+01
8753	769	5.58744E+01
8841	603	5.58948E+01
1269	337	5.59054E+01
8841	810	5.59331E+01
4916	335	5.59768E+01
8753	428	5.59824E+01
8753	548	5.59858E+01
1269	689	5.60039E+01
8665	675	5.60659E+01
1269	647	5.60747E+01
1269	640	5.60864E+01
8841	800	5.60908E+01
1269	682	5.61085E+01
4813	138	5.61373E+01
8753	675	5.61500E+01
8753	568	5.61615E+01
1269	767	5.61839E+01
8753	338	5.61867E+01
8665	364	5.62033E+01
8753	456	5.62248E+01
1269	561	5.62875E+01
1269	469	5.62887E+01
5019	375	5.63179E+01
1269	370	5.63667E+01
8841	675	5.64182E+01
5019	726	5.64189E+01
5019	716	5.64519E+01
8753	811	5.64607E+01
1269	810	5.64728E+01
4916	726	5.64784E+01
5019	758	5.64841E+01
4916	375	5.65459E+01
4813	335	5.65661E+01
8753	800	5.65834E+01
1269	421	5.65846E+01
5019	466	5.66115E+01
8665	592	5.66196E+01
4916	716	5.66684E+01
4813	726	5.66763E+01
4813	591	5.66996E+01
8753	686	5.67118E+01
4916	758	5.67455E+01
1269	724	5.67608E+01
4916	466	5.67996E+01
8841	338	5.68309E+01
1269	598	5.68590E+01
4916	362	5.68750E+01
5019	362	5.68777E+01
8841	468	5.68885E+01
8841	548	5.68941E+01
8753	364	5.69076E+01
5019	643	5.69217E+01
8841	428	5.69286E+01
5019	768	5.69308E+01
5019	810	5.69310E+01
4916	810	5.69422E+01
8665	800	5.69434E+01
8665	645	5.69494E+01
8753	592	5.69499E+01
4916	768	5.69608E+01
5019	674	5.70025E+01
5019	800	5.70027E+01
1269	732	5.70078E+01
8841	568	5.70132E+01
8665	728	5.70134E+01
4916	643	5.70294E+01
8841	727	5.70565E+01
1269	233	5.70640E+01
8665	560	5.70784E+01
4916	223	5.70817E+01
4813	375	5.70899E+01
4813	810	5.70912E+01
4813	768	5.71162E+01
5019	223	5.71210E+01
4916	674	5.71753E+01
4813	466	5.72333E+01
8841	141	5.72577E+01
8665	378	5.72783E+01
4813	643	5.72915E+01
4916	800	5.73118E+01
8841	456	5.73189E+01
8841	226	5.73897E+01
8665	415	5.74442E+01
8841	274	5.74466E+01
8841	758	5.74508E+01
1269	280	5.75389E+01
1269	378	5.75536E+01
4813	362	5.75786E+01
1269	429	5.76396E+01
8841	592	5.76654E+01
8665	604	5.76663E+01
5019	426	5.76885E+01
8753	758	5.76931E+01
1269	606	5.77199E+01
4813	716	5.77237E+01
4813	223	5.77273E+01
1269	690	5.78312E+01
4916	321	5.78370E+01
5019	321	5.78607E+01
8665	770	5.78622E+01
1269	338	5.78710E+01
4813	758	5.78740E+01
8753	378	5.78922E+01
4916	426	5.79007E+01
8665	758	5.79075E+01
1269	809	5.79198E+01
5019	454	5.79731E+01
1269	766	5.79982E+01
1269	329	5.80074E+01
4916	454	5.80093E+01
8665	812	5.80148E+01
5019	602	5.80227E+01
5019	558	5.80435E+01
8753	560	5.80549E+01
8753	415	5.80778E+01
8665	323	5.81510E+01
4916	602	5.81550E+01
4813	674	5.81670E+01
1269	648	5.81897E+01
4916	558	5.82051E+01
8753	645	5.82310E+01
5019	632	5.82778E+01
8841	364	5.83203E+01
4813	426	5.83827E+01
4916	632	5.84070E+01
4813	602	5.84495E+01
4916	271	5.84593E+01
8665	140	5.84603E+01
5019	271	5.84978E+01
1269	461	5.85088E+01
4813	321	5.85142E+01
4813	800	5.85266E+01
4813	558	5.85608E+01
8753	728	5.86364E+01
5019	546	5.86426E+01
8841	378	5.86585E+01
1269	681	5.86619E+01
8841	769	5.86875E+01
8665	633	5.86983E+01
4916	546	5.87035E+01
1269	553	5.87304E+01
4813	454	5.87870E+01
8753	604	5.88080E+01
5019	413	5.88082E+01
4916	413	5.88164E+01
1269	562	5.88457E+01
5019	685	5.88888E+01
1269	470	5.88924E+01
1269	639	5.88952E+01
1269	232	5.88956E+01
8753	633	5.89054E+01
8753	323	5.89284E+01
4916	685	5.89526E+01
8841	686	5.89865E+01
5019	566	5.90823E+01
4916	137	5.90863E+01
1269	369	5.90977E+01
4813	685	5.91124E+01
4813	271	5.91168E+01
5019	137	5.91401E+01
4916	566	5.91504E+01
8665	225	5.91873E+01
1269	723	5.91991E+01
8753	140	5.93334E+01
4813	632	5.93418E+01
8841	415	5.93642E+01
8753	716	5.93682E+01
8841	716	5.93793E+01
8841	633	5.94112E+01
8665	716	5.94410E+01
8841	560	5.95045E+01
4813	546	5.95286E+01
4813	413	5.95548E+01
8665	469	5.95713E+01
4916	811	5.95908E+01
1269	420	5.95991E+01
8665	687	5.95994E+01
4813	811	5.95995E+01
5019	811	5.96339E+01
5019	336	5.96460E+01
8841	811	5.96606E+01
8753	770	5.97187E+01
4813	137	5.97250E+01
8665	273	5.97589E+01
8665	429	5.98249E+01
1269	808	5.98666E+01
5019	727	5.98816E+01
4916	336	5.98990E+01
4916	727	5.99015E+01
1269	279	5.99530E+01
4813	727	5.99780E+01
1269	691	5.99792E+01
4813	566	5.99916E+01
4916	769	6.00348E+01
8753	225	6.00482E+01
5019	769	6.00525E+01
4813	769	6.00577E+01
8753	812	6.00752E+01
1269	597	6.00803E+01
1269	379	6.01512E+01
8841	645	6.02864E+01
1269	607	6.03852E+01
1269	765	6.04321E+01
8753	469	6.04395E+01
1269	430	6.04550E+01
4813	336	6.04762E+01
5019	590	6.04825E+01
8841	323	6.04948E+01
5019	757	6.05325E+01
8753	429	6.05590E+01
4916	590	6.05671E+01
8841	604	6.05752E+01
5019	376	6.05798E+01
8753	273	6.05929E+01
1269	649	6.06767E+01
5019	715	6.07820E+01
4916	757	6.07835E+01
5019	799	6.08170E+01
4916	376	6.08191E+01
1269	328	6.09264E+01
4916	715	6.09843E+01
8841	140	6.10876E+01
4916	799	6.11196E+01
5019	644	6.11305E+01
8753	687	6.11603E+01
8665	547	6.11767E+01
8665	729	6.11800E+01
5019	467	6.11893E+01
4916	644	6.12153E+01
1269	231	6.12188E+01
4916	222	6.12519E+01
8841	799	6.12799E+01
8665	455	6.12852E+01
5019	222	6.13114E+01
4813	376	6.13419E+01
4916	467	6.13790E+01
4813	644	6.13826E+01
8841	728	6.13950E+01
8665	567	6.14240E+01
4813	590	6.14494E+01
8841	429	6.15269E+01
8665	363	6.16084E+01
8665	646	6.16130E+01
8753	547	6.16273E+01
8665	813	6.16511E+01
8841	469	6.16607E+01
5019	673	6.16624E+01
8665	674	6.16799E+01
8753	674	6.17476E+01
4916	361	6.17533E+01
4813	467	6.17652E+01
5019	361	6.17791E+01
8841	225	6.17841E+01
8665	379	6.18020E+01
8665	771	6.18042E+01
4916	673	6.18175E+01
8753	567	6.18412E+01
8753	455	6.18416E+01
8753	799	6.18498E+01
1269	563	6.18859E+01
4813	222	6.18962E+01
4813	757	6.19497E+01
8665	561	6.20157E+01
1269	471	6.20195E+01
8841	674	6.20205E+01
1269	680	6.20208E+01
4813	715	6.20699E+01
1269	460	6.22029E+01
8665	799	6.22647E+01
8841	273	6.22794E+01
1242	730	6.23068E+01
5019	427	6.23178E+01
8753	363	6.23398E+01
4813	812	6.23560E+01
1242	773	6.23635E+01
1269	807	6.23693E+01
4813	799	6.23787E+01
1269	722	6.23826E+01
1242	688	6.23975E+01
8753	379	6.24265E+01
8665	591	6.24305E+01
4813	361	6.24585E+01
1242	731	6.24623E+01
1242	772	6.24726E+01
4916	812	6.24891E+01
1242	687	6.25180E+01
1269	552	6.25302E+01
4916	427	6.25371E+01
1269	638	6.25546E+01
1242	646	6.25639E+01
1242	729	6.25776E+01
8665	605	6.25793E+01
5019	812	6.25887E+01
8841	547	6.25956E+01
1269	368	6.25994E+01
5019	603	6.26121E+01
8665	139	6.26476E+01
4916	320	6.26537E+01
1242	645	6.26667E+01
5019	320	6.26999E+01
4916	603	6.27296E+01
8841	567	6.27493E+01
1242	689	6.27544E+01
1242	604	6.27648E+01
8753	591	6.27663E+01
5019	559	6.27810E+01
4813	673	6.28317E+01
4916	559	6.29363E+01
4813	603	6.29442E+01
8841	770	6.29531E+01
1242	771	6.29662E+01
4916	136	6.29733E+01
4813	427	6.29853E+01
1269	278	6.29873E+01
1242	732	6.30022E+01
5019	686	6.30035E+01
1242	647	6.30048E+01
8841	455	6.30083E+01
8753	729	6.30217E+01
4916	686	6.30342E+01
5019	136	6.30450E+01
8753	646	6.30490E+01
8841	757	6.30564E+01
1242	603	6.30626E+01
8753	561	6.30808E+01
4813	686	6.30833E+01
1242	605	6.30871E+01
4916	270	6.30921E+01
1242	814	6.31143E+01
5019	453	6.31509E+01
5019	270	6.31522E+01
1242	560	6.31560E+01
4916	453	6.31638E+01
1242	686	6.31705E+01
8841	379	6.31799E+01
8665	414	6.31907E+01
4813	559	6.32282E+01
1269	380	6.32377E+01
1242	559	6.32421E+01
4813	770	6.32969E+01
5019	631	6.33110E+01
1242	728	6.33228E+01
4813	320	6.33309E+01
8753	757	6.33336E+01
1242	644	6.33721E+01
4916	770	6.34083E+01
4916	631	6.34195E+01
1269	419	6.34382E+01
1269	608	6.34467E+01
5019	770	6.34762E+01
1269	650	6.34972E+01
8841	591	6.35305E+01
1242	690	6.35411E+01
1269	764	6.35438E+01
8753	139	6.35457E+01
8665	757	6.35823E+01
8665	322	6.35846E+01
4813	136	6.36109E+01
4813	728	6.36400E+01
1242	468	6.36630E+01
4916	728	6.36876E+01
1242	561	6.37078E+01
5019	728	6.37100E+01
8841	687	6.37432E+01
4813	270	6.37487E+01
8841	812	6.37492E+01
1269	431	6.37877E+01
1242	467	6.37922E+01
8841	363	6.38397E+01
8753	605	6.38429E+01
8753	414	6.38488E+01
1242	813	6.38665E+01
1242	770	6.38879E+01
5019	545	6.38979E+01
8753	771	6.39092E+01
1242	648	6.39344E+01
4916	545	6.39358E+01
4813	453	6.39469E+01
1242	606	6.39739E+01
5019	337	6.39783E+01
8753	813	6.39859E+01
8665	224	6.40010E+01
1242	558	6.40101E+01
4916	412	6.40234E+01
1242	602	6.40358E+01
5019	412	6.40388E+01
1269	230	6.40808E+01
1242	469	6.41742E+01
1269	596	6.41776E+01
4916	337	6.42441E+01
8665	688	6.42744E+01
4813	631	6.43694E+01
1242	427	6.43863E+01
8753	322	6.43915E+01
1242	685	6.44155E+01
1242	428	6.45538E+01
1269	327	6.45706E+01
1242	466	6.45923E+01
1242	727	6.45970E+01
8841	561	6.46588E+01
1242	691	6.47159E+01
1242	643	6.47420E+01
4813	412	6.47646E+01
8665	470	6.47665E+01
4813	545	6.47684E+01
8665	632	6.48022E+01
4813	337	6.48084E+01
1242	426	6.48323E+01
1242	562	6.48505E+01
8753	224	6.48902E+01
8665	430	6.49016E+01
1242	812	6.50065E+01
8753	632	6.50114E+01
8665	272	6.50702E+01
8841	414	6.52191E+01
4916	381	6.52448E+01
5019	381	6.52762E+01
1242	769	6.52864E+01
1242	470	6.52930E+01
1242	649	6.53041E+01
5019	756	6.53065E+01
1242	429	6.53134E+01
4813	813	6.53170E+01
5019	377	6.53295E+01
1242	376	6.53390E+01
5019	798	6.53462E+01
8841	646	6.53550E+01
1269	564	6.53608E+01
1242	607	6.53713E+01
8841	139	6.53740E+01
8753	715	6.54138E+01
8841	715	6.54292E+01
1242	377	6.54392E+01
1269	806	6.54838E+01
8665	715	6.55017E+01
1242	557	6.55024E+01
8665	814	6.55343E+01
4916	756	6.55411E+01
8841	632	6.55581E+01
4916	377	6.55795E+01
4916	813	6.55929E+01
1269	472	6.56302E+01
4916	798	6.56354E+01
8753	430	6.56688E+01
8665	730	6.56893E+01
8753	470	6.56949E+01
1242	601	6.57385E+01
5019	813	6.57509E+01
4916	221	6.57570E+01
1242	375	6.57910E+01
8841	605	6.58001E+01
5019	645	6.58075E+01
5019	714	6.58335E+01
5019	221	6.58363E+01
4916	645	6.58668E+01
1242	425	6.59165E+01
5019	589	6.59208E+01
8753	272	6.59340E+01
4813	645	6.59366E+01
4813	381	6.59675E+01
4916	589	6.59822E+01
4916	714	6.60165E+01
8753	688	6.60256E+01
8665	772	6.60350E+01
8841	322	6.60479E+01
1242	378	6.60720E+01
4813	377	6.60798E+01
1242	465	6.60951E+01
8841	729	6.61523E+01
1269	679	6.62203E+01
1242	684	6.63178E+01
5019	468	6.63323E+01
1269	721	6.63562E+01
1242	336	6.63861E+01
4813	221	6.64001E+01
1242	726	6.64610E+01
4916	468	6.65220E+01
1242	337	6.65234E+01
1242	563	6.65351E+01
1242	811	6.65795E+01
1242	430	6.66445E+01
8841	430	6.66642E+01
1269	277	6.66885E+01
8665	647	6.67074E+01
8841	224	6.67089E+01
1242	335	6.67317E+01
4813	756	6.67321E+01
1269	459	6.67669E+01
4813	771	6.67826E+01
8665	380	6.68063E+01
1242	374	6.68194E+01
1242	642	6.68390E+01
4813	468	6.68585E+01
1269	609	6.68643E+01
4813	589	6.68729E+01
1269	367	6.69061E+01
4813	798	6.69243E+01
1242	471	6.69832E+01
8841	470	6.69924E+01
5019	672	6.70216E+01
4916	771	6.70300E+01
1242	650	6.70717E+01
4916	135	6.70814E+01
1269	637	6.70881E+01
4813	714	6.71210E+01
1242	338	6.71252E+01
4916	360	6.71323E+01
5019	771	6.71500E+01
4916	672	6.71549E+01
5019	135	6.71705E+01
5019	360	6.71813E+01
1269	551	6.72146E+01
1242	768	6.72172E+01
1242	379	6.72224E+01
1242	608	6.72294E+01
8665	138	6.72476E+01
1269	763	6.73841E+01
4813	687	6.74282E+01
8841	798	6.74285E+01
8753	380	6.74436E+01
8665	562	6.74594E+01
5019	428	6.74819E+01
4916	687	6.74922E+01
5019	687	6.74970E+01
1269	229	6.75252E+01
8841	771	6.75732E+01
1242	334	6.75809E+01
8665	546	6.76016E+01
4813	729	6.76042E+01
1269	432	6.76140E+01
8665	454	6.76438E+01
1242	424	6.76692E+01
8665	362	6.76871E+01
5019	604	6.77037E+01
4916	428	6.77072E+01
8841	272	6.77088E+01
4813	135	6.77179E+01
8753	730	6.77540E+01
1242	556	6.77619E+01
4916	729	6.77777E+01
4916	604	6.78041E+01
4813	360	6.78378E+01
5019	729	6.78446E+01
8665	566	6.78946E+01
4916	319	6.78968E+01
1242	286	6.78981E+01
4813	604	6.79361E+01
8665	606	6.79552E+01
5019	319	6.79652E+01
8753	798	6.80209E+01
5019	560	6.80590E+01
8753	546	6.80722E+01
4916	269	6.80772E+01
4813	428	6.81201E+01
1269	418	6.81265E+01
8841	813	6.81403E+01
8753	814	6.81460E+01
8665	673	6.81524E+01
5019	269	6.81583E+01
8753	138	6.81710E+01
4813	672	6.81822E+01
8841	380	6.81876E+01
4916	560	6.82059E+01
8753	673	6.82223E+01
1242	600	6.82235E+01
8753	454	6.82247E+01
8753	647	6.83030E+01
8753	566	6.83309E+01
1242	464	6.83372E+01
8753	772	6.83920E+01
4813	560	6.84314E+01
4813	814	6.84464E+01
8753	362	6.84479E+01
1242	373	6.84539E+01
8665	798	6.84610E+01
1242	431	6.85260E+01
8841	673	6.85341E+01
4813	319	6.85734E+01
8753	562	6.86179E+01
1242	810	6.86358E+01
1242	285	6.86875E+01
1242	564	6.87137E+01
5019	338	6.87206E+01
4813	269	6.87327E+01
4916	814	6.88658E+01
1242	380	6.88798E+01
4916	452	6.88856E+01
5019	452	6.88969E+01
8841	688	6.89266E+01
1242	683	6.89441E+01
1242	333	6.89580E+01
1269	326	6.89768E+01
1242	725	6.89807E+01
4916	338	6.89987E+01
5019	630	6.90004E+01
8665	590	6.90469E+01
5019	814	6.90838E+01
4916	630	6.90851E+01
8841	546	6.91164E+01
1269	595	6.91641E+01
1242	472	6.92064E+01
1269	565	6.92287E+01
1269	805	6.92614E+01
8665	223	6.92828E+01
8665	689	6.93011E+01
8841	566	6.93128E+01
8753	606	6.93457E+01
8753	590	6.93998E+01
8841	454	6.94751E+01
1242	609	6.95049E+01
4813	338	6.95491E+01
8841	756	6.95912E+01
8665	321	6.96077E+01
8665	413	6.96301E+01
4813	452	6.96707E+01
1269	473	6.96863E+01
1242	641	6.97237E+01
4916	411	6.97362E+01
1242	767	6.97410E+01
5019	544	6.97453E+01
4916	544	6.97587E+01
5019	411	6.97753E+01
4916	339	6.98201E+01
8753	756	6.98559E+01
5019	339	6.98886E+01
1242	284	6.99186E+01
8841	362	7.00391E+01
4813	630	7.00424E+01
8841	138	7.00733E+01
8665	756	7.01132E+01
1242	423	7.01279E+01
8753	223	7.02004E+01
8841	590	7.02338E+01
8753	413	7.03169E+01
8841	562	7.03330E+01
8753	321	7.04451E+01
8665	471	7.04626E+01
4813	772	7.04716E+01
4813	411	7.04779E+01
8665	431	7.04806E+01
8665	731	7.04898E+01
4916	220	7.05054E+01
4813	339	7.05098E+01
8665	773	7.05111E+01
5019	797	7.05336E+01
5019	378	7.05514E+01
4813	544	7.05943E+01
5019	220	7.06036E+01
1242	372	7.07301E+01
5019	755	7.07389E+01
4916	797	7.08027E+01
4916	378	7.08113E+01
1242	555	7.08324E+01
4916	772	7.08557E+01
8841	647	7.08690E+01
5019	646	7.08878E+01
4813	646	7.08892E+01
1242	332	7.08917E+01
8665	271	7.08931E+01
4916	646	7.09193E+01
1242	432	7.09356E+01
4916	755	7.09515E+01
5019	772	7.10299E+01
1269	276	7.10923E+01
4813	220	7.11472E+01
1269	720	7.11488E+01
1242	809	7.12313E+01
8753	689	7.12469E+01
8841	730	7.12647E+01
1269	678	7.12780E+01
8753	431	7.12842E+01
4813	378	7.12878E+01
4916	134	7.13302E+01
1242	565	7.13428E+01
1242	463	7.13591E+01
5019	134	7.14358E+01
8753	471	7.14550E+01
8841	606	7.15022E+01
5019	713	7.15286E+01
1242	599	7.15409E+01
1269	228	7.15838E+01
1242	283	7.16128E+01
4916	713	7.16879E+01
8665	631	7.17021E+01
8841	413	7.17779E+01
8753	271	7.17869E+01
4813	730	7.18194E+01
1242	473	7.19248E+01
8753	631	7.19279E+01
5019	588	7.19454E+01
4813	134	7.19655E+01
4916	588	7.19818E+01
1269	762	7.19907E+01
5019	469	7.20037E+01
1269	366	7.20357E+01
4813	688	7.20880E+01
8841	223	7.21016E+01
4813	797	7.21073E+01
4916	730	7.21201E+01
4813	755	7.21547E+01
8665	648	7.21721E+01
4916	469	7.21919E+01
8841	321	7.21930E+01
8665	137	7.21965E+01
1269	458	7.22084E+01
1242	724	7.22229E+01
5019	730	7.22336E+01
4916	688	7.22669E+01
8753	714	7.23019E+01
5019	688	7.23095E+01
8841	431	7.23124E+01
1242	682	7.23587E+01
8841	714	7.23615E+01
8665	714	7.23832E+01
4813	469	7.24766E+01
8841	772	7.24918E+01
1269	636	7.25013E+01
8841	631	7.25422E+01
8753	731	7.27808E+01
8841	814	7.27852E+01
1269	550	7.27863E+01
4813	713	7.28005E+01
8841	471	7.28361E+01
4813	588	7.28750E+01
4916	359	7.29038E+01
1242	766	7.29222E+01
5019	359	7.29756E+01
5019	671	7.29918E+01
4916	671	7.30999E+01
8753	773	7.31225E+01
8753	137	7.31449E+01
5019	429	7.31568E+01
5019	605	7.32362E+01
4916	268	7.33147E+01
4916	605	7.33174E+01
1242	422	7.33357E+01
8665	563	7.33505E+01
4813	605	7.33644E+01
4916	429	7.33870E+01
5019	268	7.34159E+01
1242	331	7.34173E+01
1242	640	7.34517E+01
4916	318	7.34613E+01
5019	318	7.35512E+01
4813	359	7.36083E+01
8841	271	7.36499E+01
1269	417	7.36705E+01
1242	371	7.36901E+01
8665	607	7.37324E+01
1269	804	7.37447E+01
4813	429	7.37628E+01
1242	282	7.37980E+01
5019	561	7.38249E+01
8753	648	7.39315E+01
4916	561	7.39615E+01
4813	268	7.39688E+01
4813	561	7.41183E+01
4813	671	7.41312E+01
4813	318	7.41365E+01
1269	325	7.41629E+01
4813	773	7.43279E+01
8665	361	7.43418E+01
1293	142	7.43586E+01
1293	227	7.44105E+01
1242	808	7.44257E+01
8841	797	7.44572E+01
8841	689	7.44739E+01
1293	141	7.45713E+01
1293	275	7.45911E+01
8753	563	7.46065E+01
8665	690	7.46282E+01
1293	228	7.46471E+01
8665	453	7.46647E+01
1293	226	7.46864E+01
8665	545	7.47254E+01
1242	554	7.47561E+01
4916	773	7.48496E+01
1293	276	7.48801E+01
1293	274	7.49147E+01
8665	222	7.49523E+01
1293	325	7.49902E+01
8753	797	7.50188E+01
1269	594	7.50345E+01
4916	451	7.50659E+01
5019	773	7.50794E+01
1293	324	7.50796E+01
5019	451	7.51018E+01
8841	137	7.51205E+01
8753	361	7.51341E+01
1293	140	7.52029E+01
1242	462	7.52037E+01
8753	545	7.52243E+01
5019	629	7.52463E+01
8753	607	7.52541E+01
8753	453	7.52755E+01
4916	629	7.53047E+01
1293	229	7.53693E+01
8665	672	7.53927E+01
4916	219	7.53996E+01
8665	797	7.54557E+01
1293	365	7.54653E+01
8753	672	7.54821E+01
1293	225	7.54870E+01
5019	219	7.55159E+01
8665	732	7.55388E+01
1293	326	7.55868E+01
4916	133	7.56428E+01
1293	366	7.56877E+01
1242	598	7.57357E+01
1293	277	7.57547E+01
5019	133	7.57642E+01
4916	410	7.58434E+01
4813	451	7.58500E+01
1293	273	7.58569E+01
1293	323	7.58615E+01
8841	672	7.58650E+01
8753	222	7.58977E+01
5019	410	7.59062E+01
1293	364	7.59957E+01
4813	219	7.60401E+01
4916	543	7.60637E+01
5019	543	7.60758E+01
8665	320	7.61208E+01
1293	416	7.61706E+01
4813	647	7.61801E+01
1269	275	7.62142E+01
5019	379	7.62323E+01
1293	417	7.62353E+01
4813	731	7.62415E+01
1242	723	7.62520E+01
1293	139	7.62587E+01
4813	629	7.62623E+01
1269	227	7.62704E+01
4813	133	7.62771E+01
1242	234	7.63035E+01
5019	796	7.63059E+01
5019	647	7.63105E+01
4916	647	7.63121E+01
8841	545	7.63589E+01
8665	589	7.63713E+01
8841	563	7.64668E+01
4916	379	7.65013E+01
1242	281	7.65096E+01
8665	432	7.65329E+01
1293	230	7.65389E+01
4916	796	7.65491E+01
1242	330	7.65768E+01
4813	410	7.65835E+01
1269	142	7.65879E+01
8665	472	7.66119E+01
8841	453	7.66194E+01
1242	681	7.66197E+01
1293	367	7.66543E+01
8665	412	7.66585E+01
4916	731	7.66707E+01
8841	731	7.66778E+01
5019	754	7.67465E+01
8753	589	7.67521E+01
8841	648	7.67656E+01
1269	719	7.67700E+01
8753	690	7.67721E+01
1293	224	7.68065E+01
8841	361	7.68194E+01
1242	765	7.68255E+01
5019	731	7.68326E+01
1293	327	7.68420E+01
1293	457	7.68859E+01
4813	543	7.68980E+01
1293	415	7.69022E+01
4916	754	7.69322E+01
4813	379	7.69528E+01
8841	755	7.69641E+01
8753	320	7.69895E+01
4813	689	7.70105E+01
1293	418	7.70981E+01
8665	270	7.71261E+01
8753	755	7.71706E+01
1293	278	7.71740E+01
1269	677	7.71910E+01
1293	458	7.72402E+01
1293	363	7.72647E+01
4916	689	7.73058E+01
1293	322	7.73174E+01
1242	421	7.73379E+01
1293	456	7.73626E+01
8753	432	7.73761E+01
8753	412	7.73773E+01
1242	370	7.73799E+01
1269	761	7.73841E+01
5019	689	7.73881E+01
1293	272	7.74000E+01
8665	755	7.74123E+01
8665	136	7.74126E+01
8841	607	7.76181E+01
8841	773	7.76627E+01
8753	472	7.76722E+01
8841	589	7.76753E+01
1293	138	7.77281E+01
5019	712	7.77740E+01
1293	549	7.77893E+01
4813	796	7.78560E+01
8841	222	7.78804E+01
4916	712	7.79055E+01
8665	649	7.79551E+01
1269	365	7.79812E+01
8753	270	7.80499E+01
8753	732	7.80590E+01
1242	639	7.80701E+01
1293	231	7.81132E+01
4813	754	7.81357E+01
5019	470	7.81603E+01
1293	550	7.81746E+01
4916	287	7.82066E+01
1293	548	7.82527E+01
1242	807	7.82800E+01
5019	287	7.83200E+01
1293	368	7.83377E+01
4916	470	7.83455E+01
8753	136	7.83855E+01
1293	414	7.84056E+01
1293	459	7.84247E+01
8841	432	7.84428E+01
5019	587	7.84452E+01
4916	587	7.84550E+01
1269	457	7.85121E+01
4813	470	7.85765E+01
1293	568	7.85849E+01
1293	223	7.86205E+01
8665	381	7.86474E+01
1293	455	7.86494E+01
4916	267	7.87055E+01
1293	328	7.87152E+01
1293	419	7.87410E+01
1269	635	7.87800E+01
5019	267	7.88258E+01
8841	320	7.88292E+01
1293	593	7.88346E+01
4813	287	7.88688E+01
1242	233	7.89293E+01
8841	412	7.89344E+01
4916	358	7.89539E+01
1269	803	7.89621E+01
4813	712	7.90164E+01
1293	594	7.90410E+01
5019	358	7.90478E+01
1293	279	7.90915E+01
8841	472	7.91436E+01
5019	606	7.91481E+01
4813	606	7.91681E+01
4916	606	7.92081E+01
1269	549	7.92258E+01
1293	362	7.92346E+01
4916	317	7.92373E+01
8665	630	7.92957E+01
5019	430	7.93155E+01
4813	587	7.93454E+01
5019	317	7.93479E+01
4813	267	7.93580E+01
1293	321	7.94055E+01
1293	551	7.94100E+01
8753	381	7.94194E+01
5019	670	7.94691E+01
1293	592	7.94778E+01
1293	271	7.95022E+01
1293	547	7.95423E+01
4916	670	7.95490E+01
4916	430	7.95495E+01
8753	630	7.95517E+01
1242	553	7.95707E+01
1293	137	7.95824E+01
8665	564	7.96345E+01
4813	358	7.96563E+01
11362	808	7.97140E+01
11440	808	7.97893E+01
1242	280	7.97914E+01
11362	766	7.98226E+01
8665	608	7.98572E+01
11440	766	7.98667E+01
8753	649	7.98819E+01
4813	430	7.98864E+01
4813	317	7.99107E+01
1242	461	7.99110E+01
1293	567	7.99116E+01
8753	713	7.99326E+01
4916	132	7.99509E+01
11362	807	7.99587E+01
11440	807	7.99616E+01
11362	725	7.99725E+01
1293	635	7.99806E+01
8665	713	7.99872E+01
8841	270	8.00000E+01
5019	562	8.00215E+01
11440	725	8.00428E+01
1293	232	8.00505E+01
1269	416	8.00511E+01
8841	713	8.00739E+01
11362	767	8.00862E+01
5019	132	8.00869E+01
1293	595	8.01032E+01
1293	634	8.01121E+01
11362	683	8.01140E+01
1269	324	8.01177E+01
11362	724	8.01447E+01
4916	562	8.01460E+01
11440	683	8.01494E+01
11440	724	8.01602E+01
11440	767	8.01960E+01
8665	691	8.02133E+01
4813	562	8.02321E+01
11362	642	8.02445E+01
8841	630	8.02579E+01
11362	684	8.02727E+01
11362	809	8.02822E+01
11440	642	8.02881E+01
8841	690	8.03316E+01
4916	218	8.03450E+01
11440	684	8.03551E+01
1242	329	8.04173E+01
1293	460	8.04205E+01
11440	765	8.04243E+01
8841	136	8.04328E+01
11440	809	8.04333E+01
11362	765	8.04422E+01
11464	229	8.04713E+01
11362	601	8.04723E+01
