GRAM	c2h2	chi_tot
8176	372	9.23680E+01
8176	332	9.23787E+01
8086	332	9.25299E+01
8086	372	9.25409E+01
8176	331	9.25987E+01
7456	372	9.26226E+01
7456	332	9.26453E+01
8176	371	9.26673E+01
8176	373	9.26686E+01
8176	423	9.26765E+01
8176	333	9.26773E+01
8086	331	9.27186E+01
8176	283	9.27852E+01
7456	331	9.28040E+01
8086	371	9.28170E+01
7456	371	9.28527E+01
8086	333	9.28584E+01
8086	373	9.28623E+01
8086	423	9.28788E+01
8176	422	9.28890E+01
8086	283	9.29120E+01
7456	423	9.29377E+01
7456	373	9.29908E+01
8176	282	9.29963E+01
7456	333	9.30038E+01
8176	284	9.30062E+01
7456	283	9.30551E+01
7456	422	9.30729E+01
8086	422	9.30811E+01
8086	282	9.30876E+01
8176	424	9.31246E+01
8086	284	9.31675E+01
7456	282	9.32117E+01
8176	463	9.32230E+01
7456	284	9.33290E+01
8086	424	9.33336E+01
8176	330	9.33749E+01
7456	463	9.34507E+01
8086	463	9.34579E+01
8086	330	9.34615E+01
7456	424	9.34618E+01
8176	334	9.34632E+01
8176	464	9.34777E+01
7456	330	9.35169E+01
8176	374	9.35289E+01
8176	370	9.36130E+01
8176	285	9.36337E+01
8176	281	9.36698E+01
8086	334	9.36726E+01
8086	464	9.37029E+01
8176	462	9.37052E+01
8086	281	9.37243E+01
7456	370	9.37275E+01
8086	370	9.37367E+01
8086	374	9.37412E+01
7456	464	9.37909E+01
8176	421	9.38131E+01
8086	285	9.38283E+01
7456	281	9.38290E+01
7456	462	9.38466E+01
7456	334	9.38482E+01
7456	374	9.39177E+01
7456	421	9.39184E+01
8086	462	9.39447E+01
8086	421	9.39912E+01
8176	555	9.39920E+01
7456	285	9.40080E+01
8176	425	9.41887E+01
7456	555	9.42412E+01
8176	554	9.42604E+01
8086	555	9.42606E+01
8176	234	9.43574E+01
8086	234	9.43904E+01
8086	425	9.44012E+01
7456	554	9.44143E+01
8176	465	9.44183E+01
8176	556	9.44888E+01
7456	234	9.45391E+01
8086	554	9.45550E+01
7456	425	9.46009E+01
8086	465	9.46293E+01
8176	286	9.46463E+01
8176	335	9.47092E+01
8086	556	9.47248E+01
8176	329	9.47502E+01
8086	329	9.48017E+01
7456	465	9.48163E+01
7456	329	9.48271E+01
7456	556	9.48330E+01
8176	280	9.48411E+01
8086	280	9.48576E+01
8086	286	9.48733E+01
8176	375	9.49152E+01
8176	599	9.49362E+01
7456	280	9.49421E+01
8086	335	9.49456E+01
8176	461	9.49791E+01
7456	461	9.50333E+01
7456	286	9.50708E+01
8086	375	9.51443E+01
7456	335	9.51514E+01
7456	599	9.51850E+01
8176	598	9.51940E+01
8086	461	9.52178E+01
8086	233	9.52218E+01
8176	233	9.52255E+01
8086	599	9.52460E+01
8176	369	9.52556E+01
7456	369	9.52974E+01
7456	598	9.53380E+01
8086	369	9.53507E+01
8176	553	9.53519E+01
7456	233	9.53562E+01
7456	375	9.53694E+01
7456	553	9.54103E+01
8176	600	9.54670E+01
8176	420	9.55025E+01
7456	420	9.55279E+01
8086	598	9.55525E+01
8086	420	9.56627E+01
8086	553	9.56652E+01
8176	557	9.56958E+01
8086	600	9.57193E+01
7456	600	9.58205E+01
8176	426	9.58324E+01
8086	557	9.58929E+01
8176	640	9.59929E+01
8176	466	9.60009E+01
8086	426	9.60458E+01
7456	557	9.61347E+01
8086	466	9.61933E+01
7456	640	9.62185E+01
8176	597	9.63037E+01
7456	426	9.63190E+01
7456	597	9.63435E+01
8086	640	9.63668E+01
8176	641	9.63705E+01
8176	336	9.63903E+01
8176	639	9.64202E+01
8086	232	9.64736E+01
7456	466	9.64832E+01
8176	232	9.65150E+01
8086	279	9.65278E+01
7456	639	9.65320E+01
8176	279	9.65506E+01
7456	279	9.65914E+01
7456	232	9.65928E+01
8086	336	9.66527E+01
8086	641	9.66626E+01
8086	597	9.67015E+01
7456	641	9.67106E+01
8176	601	9.67218E+01
8176	328	9.67724E+01
7456	328	9.67820E+01
8086	328	9.67867E+01
8176	376	9.67989E+01
8086	639	9.68651E+01
7456	336	9.68889E+01
8086	601	9.69090E+01
8086	376	9.70430E+01
7456	460	9.70651E+01
8176	460	9.70988E+01
7456	601	9.71802E+01
8176	681	9.72170E+01
7456	552	9.72850E+01
8176	682	9.72861E+01
7456	376	9.73176E+01
8176	552	9.73222E+01
8086	460	9.73307E+01
7456	681	9.73961E+01
8176	642	9.74793E+01
8176	558	9.75617E+01
7456	682	9.75885E+01
7456	368	9.76138E+01
8086	552	9.76462E+01
8176	368	9.76466E+01
8086	682	9.76555E+01
8086	642	9.76801E+01
8086	681	9.76907E+01
8086	368	9.77098E+01
8086	558	9.77140E+01
7456	638	9.77215E+01
8176	638	9.77225E+01
7456	642	9.79340E+01
7456	419	9.79532E+01
8176	680	9.79658E+01
8176	419	9.80091E+01
7456	680	9.80225E+01
8176	427	9.80265E+01
8176	683	9.80922E+01
7456	558	9.80950E+01
8086	419	9.81469E+01
8086	231	9.81835E+01
8176	467	9.81879E+01
8086	638	9.82267E+01
8086	427	9.82379E+01
7456	596	9.82601E+01
8176	231	9.82636E+01
7456	231	9.82863E+01
8176	596	9.83238E+01
8086	683	9.83461E+01
8086	467	9.83576E+01
8176	723	9.83628E+01
8176	337	9.84835E+01
7456	683	9.85185E+01
8086	680	9.85307E+01
7456	427	9.85869E+01
7456	723	9.86029E+01
8176	602	9.86379E+01
8176	722	9.87231E+01
8176	724	9.87478E+01
8086	596	9.87507E+01
8086	602	9.87526E+01
7456	467	9.87542E+01
8086	337	9.87707E+01
8086	278	9.87790E+01
7456	278	9.88209E+01
7456	722	9.88319E+01
8176	278	9.88427E+01
8086	723	9.88573E+01
7456	337	9.90375E+01
7433	374	9.90859E+01
8086	724	9.91058E+01
7456	724	9.91201E+01
8176	377	9.91554E+01
7433	425	9.91676E+01
7456	602	9.92011E+01
8176	643	9.92454E+01
7433	375	9.92580E+01
8086	722	9.93409E+01
7433	334	9.93436E+01
8086	643	9.93464E+01
7433	424	9.93953E+01
8086	377	9.94130E+01
7456	327	9.94304E+01
7433	335	9.94494E+01
8086	327	9.94654E+01
7433	373	9.94674E+01
8176	327	9.94904E+01
7456	679	9.95428E+01
7433	465	9.95448E+01
7433	426	9.95507E+01
8176	684	9.95538E+01
8176	679	9.96066E+01
8176	765	9.96391E+01
8086	684	9.96825E+01
7433	333	9.97232E+01
7456	377	9.97381E+01
8176	764	9.97616E+01
8176	725	9.97923E+01
7456	643	9.98148E+01
7433	466	9.98291E+01
7456	637	9.98484E+01
7456	721	9.98917E+01
8176	721	9.99126E+01
7456	764	9.99151E+01
7456	765	9.99320E+01
7433	464	9.99418E+01
7433	376	9.99517E+01
8176	637	9.99607E+01
7456	459	9.99897E+01
8086	725	1.00002E+02
7433	336	1.00013E+02
8176	559	1.00038E+02
7433	286	1.00040E+02
7433	285	1.00077E+02
7456	551	1.00087E+02
7456	684	1.00104E+02
8176	459	1.00112E+02
8086	559	1.00140E+02
8086	765	1.00159E+02
8176	766	1.00186E+02
7433	557	1.00216E+02
8176	551	1.00219E+02
8086	679	1.00248E+02
7433	423	1.00275E+02
7456	725	1.00297E+02
8086	459	1.00331E+02
7433	556	1.00342E+02
8086	230	1.00390E+02
8153	374	1.00429E+02
8086	764	1.00435E+02
7433	372	1.00441E+02
8153	425	1.00472E+02
7456	230	1.00475E+02
8153	375	1.00498E+02
8176	230	1.00510E+02
8086	637	1.00511E+02
7433	427	1.00512E+02
7433	284	1.00524E+02
8086	766	1.00539E+02
8086	551	1.00546E+02
7433	332	1.00618E+02
7456	766	1.00619E+02
8086	721	1.00638E+02
8176	763	1.00640E+02
7456	763	1.00656E+02
7456	559	1.00666E+02
8153	334	1.00700E+02
8153	335	1.00714E+02
8063	374	1.00718E+02
7456	367	1.00723E+02
8153	426	1.00742E+02
8176	428	1.00746E+02
7433	467	1.00754E+02
8063	425	1.00788E+02
7433	558	1.00797E+02
8063	375	1.00800E+02
8153	424	1.00814E+02
8176	367	1.00832E+02
8086	367	1.00860E+02
8153	465	1.00872E+02
8153	373	1.00915E+02
8176	807	1.00929E+02
8176	806	1.00936E+02
8176	468	1.00945E+02
8086	428	1.00953E+02
8063	334	1.00964E+02
8176	338	1.00968E+02
8063	335	1.00999E+02
7433	337	1.01010E+02
8153	466	1.01032E+02
8063	426	1.01058E+02
7433	463	1.01068E+02
7433	601	1.01069E+02
8086	468	1.01088E+02
8153	376	1.01091E+02
7456	806	1.01125E+02
7433	600	1.01128E+02
8063	424	1.01128E+02
7456	595	1.01136E+02
7433	377	1.01140E+02
8176	603	1.01154E+02
8153	333	1.01174E+02
8153	336	1.01187E+02
8063	373	1.01189E+02
8086	603	1.01189E+02
5633	329	1.01218E+02
8063	465	1.01220E+02
7433	555	1.01227E+02
5633	330	1.01233E+02
7456	418	1.01238E+02
7456	807	1.01264E+02
8086	338	1.01280E+02
8176	595	1.01302E+02
5633	370	1.01313E+02
8176	767	1.01319E+02
5633	280	1.01332E+02
8153	286	1.01344E+02
8063	466	1.01364E+02
8176	418	1.01377E+02
7456	428	1.01380E+02
8153	464	1.01395E+02
7433	283	1.01404E+02
8063	376	1.01404E+02
8176	726	1.01414E+02
8063	333	1.01415E+02
8086	763	1.01452E+02
8153	285	1.01464E+02
8086	726	1.01467E+02
5633	281	1.01470E+02
8086	418	1.01487E+02
8086	807	1.01490E+02
8153	557	1.01490E+02
8063	336	1.01492E+02
8086	767	1.01494E+02
5633	369	1.01515E+02
8176	808	1.01521E+02
7456	338	1.01577E+02
8086	685	1.01587E+02
8086	644	1.01591E+02
8153	427	1.01591E+02
8176	685	1.01593E+02
7456	468	1.01595E+02
8176	644	1.01597E+02
8063	286	1.01605E+02
8176	805	1.01626E+02
8086	277	1.01656E+02
7456	805	1.01670E+02
7456	277	1.01675E+02
8086	806	1.01678E+02
5633	279	1.01687E+02
8063	285	1.01699E+02
5633	421	1.01725E+02
7433	602	1.01728E+02
5633	371	1.01747E+02
8086	595	1.01747E+02
8153	556	1.01751E+02
8063	464	1.01754E+02
8176	277	1.01762E+02
5633	328	1.01794E+02
5633	331	1.01795E+02
8153	423	1.01810E+02
7456	603	1.01822E+02
8153	467	1.01834E+02
5633	233	1.01850E+02
7433	422	1.01854E+02
7456	720	1.01859E+02
8063	557	1.01862E+02
8086	808	1.01889E+02
7456	767	1.01891E+02
8063	427	1.01905E+02
5633	232	1.01926E+02
8153	558	1.01937E+02
8176	378	1.01965E+02
7433	599	1.01970E+02
5633	420	1.01980E+02
7433	642	1.01983E+02
8153	284	1.01994E+02
8153	372	1.01995E+02
7456	808	1.02003E+02
8176	720	1.02007E+02
7456	678	1.02019E+02
7433	428	1.02024E+02
7433	559	1.02034E+02
7433	371	1.02050E+02
7456	726	1.02051E+02
5633	282	1.02061E+02
7433	331	1.02064E+02
8153	337	1.02094E+02
8063	423	1.02119E+02
8063	467	1.02147E+02
5633	234	1.02155E+02
8063	556	1.02155E+02
7433	641	1.02164E+02
8153	332	1.02165E+02
5633	422	1.02167E+02
8153	377	1.02179E+02
8176	678	1.02201E+02
8063	284	1.02204E+02
8086	378	1.02234E+02
7456	762	1.02239E+02
8063	372	1.02252E+02
7456	685	1.02267E+02
8063	558	1.02272E+02
7456	644	1.02281E+02
7433	468	1.02284E+02
3650	426	1.02307E+02
8153	601	1.02326E+02
3650	427	1.02346E+02
8176	762	1.02359E+02
8063	332	1.02383E+02
5633	368	1.02404E+02
7433	338	1.02416E+02
5633	231	1.02419E+02
8063	337	1.02419E+02
5633	461	1.02423E+02
3650	467	1.02436E+02
3650	376	1.02502E+02
5633	462	1.02502E+02
8063	377	1.02502E+02
7433	643	1.02525E+02
3650	375	1.02531E+02
8153	600	1.02531E+02
8086	805	1.02534E+02
5633	278	1.02576E+02
7456	378	1.02611E+02
8176	809	1.02637E+02
3650	466	1.02639E+02
8153	463	1.02648E+02
8063	601	1.02728E+02
7433	282	1.02745E+02
5633	372	1.02769E+02
8153	555	1.02773E+02
7433	378	1.02800E+02
8086	809	1.02800E+02
3650	468	1.02812E+02
7456	326	1.02816E+02
8086	720	1.02823E+02
3650	425	1.02826E+02
8153	602	1.02841E+02
5633	332	1.02865E+02
8086	326	1.02881E+02
8086	678	1.02904E+02
3650	428	1.02916E+02
7433	554	1.02929E+02
8176	326	1.02948E+02
8086	768	1.02950E+02
3650	377	1.02955E+02
7456	636	1.02960E+02
8153	283	1.02960E+02
3650	559	1.02961E+02
8176	768	1.02961E+02
7433	462	1.02976E+02
5633	419	1.02983E+02
8063	600	1.02985E+02
7456	804	1.02986E+02
7433	683	1.02991E+02
8153	428	1.02992E+02
5633	327	1.03013E+02
8063	463	1.03015E+02
7433	603	1.03040E+02
8153	559	1.03040E+02
3650	335	1.03061E+02
3650	374	1.03069E+02
3650	336	1.03069E+02
5633	283	1.03072E+02
8176	560	1.03077E+02
3650	558	1.03080E+02
8176	804	1.03086E+02
5633	460	1.03111E+02
8086	560	1.03123E+02
8086	229	1.03130E+02
7433	640	1.03142E+02
8063	283	1.03143E+02
8176	636	1.03181E+02
8063	602	1.03184E+02
7456	229	1.03196E+02
8063	555	1.03203E+02
8153	468	1.03242E+02
5633	553	1.03247E+02
5633	423	1.03254E+02
8153	642	1.03258E+02
7433	684	1.03259E+02
7456	809	1.03264E+02
8086	762	1.03290E+02
8176	229	1.03291E+02
5633	463	1.03294E+02
8063	428	1.03302E+02
8063	559	1.03334E+02
5633	230	1.03368E+02
8153	338	1.03413E+02
5633	554	1.03414E+02
3650	560	1.03420E+02
8086	727	1.03426E+02
3544	426	1.03434E+02
7433	682	1.03449E+02
3650	465	1.03455E+02
3544	427	1.03460E+02
3650	337	1.03503E+02
3650	334	1.03506E+02
8153	422	1.03509E+02
8153	599	1.03518E+02
8063	468	1.03533E+02
8176	727	1.03539E+02
3544	467	1.03565E+02
8153	641	1.03593E+02
3544	376	1.03615E+02
8153	643	1.03647E+02
3544	375	1.03649E+02
7433	598	1.03659E+02
7456	768	1.03673E+02
3650	603	1.03694E+02
8153	331	1.03709E+02
8063	642	1.03712E+02
7433	644	1.03713E+02
8153	371	1.03713E+02
3650	469	1.03733E+02
8153	378	1.03740E+02
8063	338	1.03756E+02
8086	636	1.03764E+02
3544	466	1.03790E+02
7456	560	1.03798E+02
8063	422	1.03809E+02
3650	557	1.03822E+02
7456	458	1.03842E+02
7456	550	1.03851E+02
3650	378	1.03865E+02
5633	552	1.03868E+02
7433	560	1.03877E+02
8063	331	1.03902E+02
3544	468	1.03917E+02
3650	424	1.03935E+02
3650	602	1.03952E+02
8063	371	1.03953E+02
3544	425	1.03965E+02
8176	429	1.03967E+02
8086	686	1.03990E+02
3650	429	1.03992E+02
1968	425	1.03994E+02
3650	604	1.04000E+02
8153	603	1.04012E+02
1968	374	1.04015E+02
3544	428	1.04015E+02
2078	425	1.04016E+02
8063	599	1.04019E+02
8063	643	1.04019E+02
2078	374	1.04023E+02
5633	367	1.04029E+02
2078	373	1.04039E+02
5633	277	1.04045E+02
8176	458	1.04053E+02
2078	424	1.04057E+02
3544	377	1.04061E+02
7433	429	1.04063E+02
3650	286	1.04064E+02
8063	378	1.04072E+02
8176	550	1.04078E+02
7433	725	1.04083E+02
3544	559	1.04100E+02
7433	330	1.04101E+02
1968	373	1.04109E+02
8063	641	1.04120E+02
1968	424	1.04124E+02
8176	686	1.04136E+02
8086	804	1.04141E+02
3650	373	1.04148E+02
8086	810	1.04157E+02
8086	604	1.04159E+02
8086	429	1.04167E+02
3544	335	1.04171E+02
7433	685	1.04172E+02
3544	336	1.04180E+02
7433	421	1.04189E+02
3544	374	1.04191E+02
7433	724	1.04205E+02
8176	810	1.04206E+02
8176	604	1.04209E+02
8176	469	1.04237E+02
8086	458	1.04251E+02
3544	558	1.04252E+02
8063	603	1.04290E+02
2078	465	1.04291E+02
7456	727	1.04308E+02
5633	555	1.04312E+02
2078	333	1.04316E+02
1968	465	1.04317E+02
8153	683	1.04317E+02
5633	597	1.04323E+02
5530	330	1.04335E+02
5633	373	1.04337E+02
3650	338	1.04339E+02
8086	645	1.04345E+02
7433	370	1.04346E+02
8086	469	1.04350E+02
5633	598	1.04370E+02
5530	329	1.04377E+02
1968	333	1.04380E+02
7433	469	1.04384E+02
8153	282	1.04389E+02
8086	550	1.04398E+02
5633	333	1.04408E+02
3650	561	1.04413E+02
1968	334	1.04415E+02
2078	334	1.04420E+02
1968	426	1.04421E+02
8153	684	1.04425E+02
1968	466	1.04426E+02
5530	370	1.04427E+02
3650	333	1.04430E+02
1968	375	1.04433E+02
8176	645	1.04466E+02
5633	284	1.04476E+02
5530	280	1.04485E+02
2078	466	1.04502E+02
2078	375	1.04520E+02
3544	560	1.04525E+02
3650	285	1.04526E+02
2078	426	1.04532E+02
8063	282	1.04544E+02
5530	281	1.04573E+02
7433	281	1.04579E+02
2078	372	1.04601E+02
7433	726	1.04611E+02
3544	337	1.04614E+02
3544	334	1.04614E+02
5633	459	1.04614E+02
8153	554	1.04614E+02
3544	465	1.04626E+02
7456	366	1.04659E+02
3650	645	1.04667E+02
7456	429	1.04674E+02
8153	644	1.04685E+02
8153	462	1.04686E+02
2078	464	1.04690E+02
2078	423	1.04690E+02
2078	332	1.04695E+02
3650	644	1.04696E+02
5530	369	1.04698E+02
7433	681	1.04718E+02
8153	640	1.04726E+02
7456	761	1.04738E+02
5633	464	1.04747E+02
1968	372	1.04751E+02
8153	560	1.04752E+02
5633	418	1.04781E+02
7456	719	1.04793E+02
5530	371	1.04794E+02
5633	229	1.04812E+02
3544	469	1.04813E+02
3650	605	1.04814E+02
1968	464	1.04816E+02
1968	332	1.04828E+02
3650	601	1.04829E+02
8086	366	1.04836E+02
5530	421	1.04840E+02
5530	331	1.04840E+02
8086	769	1.04840E+02
8176	366	1.04846E+02
1968	423	1.04847E+02
8063	683	1.04855E+02
8063	684	1.04861E+02
3544	603	1.04863E+02
5530	279	1.04890E+02
1968	335	1.04904E+02
7433	379	1.04914E+02
5633	326	1.04920E+02
8153	429	1.04921E+02
3650	464	1.04923E+02
2078	557	1.04925E+02
7456	686	1.04933E+02
5633	424	1.04937E+02
8153	682	1.04937E+02
7433	604	1.04944E+02
1968	557	1.04951E+02
3544	378	1.04965E+02
8063	644	1.04969E+02
7456	469	1.04970E+02
2078	335	1.04977E+02
7456	810	1.04978E+02
7456	604	1.04981E+02
8176	761	1.04990E+02
7433	639	1.04992E+02
5530	233	1.04994E+02
8063	560	1.05000E+02
7456	594	1.05003E+02
5530	328	1.05013E+02
3544	557	1.05026E+02
8176	769	1.05045E+02
2078	284	1.05051E+02
8063	462	1.05056E+02
7433	723	1.05063E+02
8063	554	1.05064E+02
1968	558	1.05065E+02
8176	719	1.05065E+02
3544	429	1.05077E+02
5633	596	1.05081E+02
3544	424	1.05084E+02
1968	467	1.05109E+02
5530	232	1.05113E+02
5530	282	1.05116E+02
3544	604	1.05123E+02
3650	646	1.05126E+02
1968	284	1.05128E+02
2078	558	1.05150E+02
2078	285	1.05153E+02
7456	803	1.05154E+02
7433	766	1.05163E+02
5633	599	1.05164E+02
3544	602	1.05165E+02
3650	470	1.05167E+02
3544	286	1.05168E+02
1968	285	1.05170E+02
5530	420	1.05174E+02
8153	685	1.05180E+02
7456	276	1.05191E+02
8086	276	1.05196E+02
5530	422	1.05203E+02
8176	379	1.05211E+02
3650	379	1.05215E+02
8153	469	1.05221E+02
8063	429	1.05224E+02
7433	767	1.05228E+02
3650	556	1.05235E+02
5530	234	1.05256E+02
7456	645	1.05264E+02
8176	594	1.05269E+02
3650	643	1.05271E+02
3544	373	1.05273E+02
2078	467	1.05285E+02
8063	640	1.05318E+02
2078	556	1.05319E+02
8153	725	1.05324E+02
5633	551	1.05326E+02
1968	376	1.05334E+02
7433	234	1.05343E+02
8176	276	1.05345E+02
8153	598	1.05355E+02
2078	283	1.05357E+02
1968	427	1.05374E+02
8176	803	1.05394E+02
3650	284	1.05398E+02
7456	417	1.05413E+02
5633	639	1.05446E+02
3544	338	1.05450E+02
1968	556	1.05456E+02
7433	645	1.05477E+02
3544	561	1.05480E+02
8063	469	1.05486E+02
8086	379	1.05491E+02
1968	283	1.05494E+02
7456	677	1.05496E+02
2078	376	1.05499E+02
8063	685	1.05505E+02
7433	553	1.05506E+02
3544	333	1.05537E+02
3650	430	1.05554E+02
8063	682	1.05568E+02
2078	427	1.05575E+02
5530	462	1.05576E+02
2078	331	1.05588E+02
5530	461	1.05589E+02
1968	286	1.05599E+02
8153	724	1.05613E+02
3544	285	1.05625E+02
8176	417	1.05634E+02
2078	286	1.05640E+02
5530	231	1.05650E+02
7433	686	1.05653E+02
5530	368	1.05655E+02
3650	423	1.05675E+02
3650	687	1.05680E+02
3650	686	1.05684E+02
8153	726	1.05687E+02
5633	638	1.05691E+02
7433	727	1.05711E+02
8086	417	1.05713E+02
8086	594	1.05720E+02
7433	461	1.05723E+02
2078	463	1.05740E+02
5530	372	1.05749E+02
2078	371	1.05750E+02
1968	559	1.05754E+02
8153	379	1.05756E+02
7433	765	1.05762E+02
8153	604	1.05776E+02
1968	331	1.05792E+02
8176	677	1.05793E+02
3650	372	1.05807E+02
8086	728	1.05815E+02
1968	336	1.05823E+02
5530	278	1.05830E+02
3544	645	1.05838E+02
8153	330	1.05848E+02
5530	332	1.05853E+02
3650	332	1.05867E+02
8063	725	1.05868E+02
1968	602	1.05871E+02
7433	768	1.05875E+02
3544	605	1.05888E+02
5633	556	1.05888E+02
2078	601	1.05892E+02
3650	562	1.05893E+02
8063	598	1.05894E+02
7456	769	1.05896E+02
8086	811	1.05901E+02
2078	602	1.05916E+02
7456	379	1.05920E+02
3544	644	1.05923E+02
2078	559	1.05950E+02
8086	719	1.05953E+02
5633	640	1.05958E+02
2078	422	1.05960E+02
2078	336	1.05963E+02
8153	421	1.05964E+02
1968	463	1.05966E+02
1968	601	1.05967E+02
1968	371	1.05980E+02
8063	604	1.05983E+02
8063	330	1.06015E+02
3650	647	1.06018E+02
8086	761	1.06021E+02
5530	283	1.06080E+02
3544	601	1.06082E+02
3650	606	1.06083E+02
8063	379	1.06096E+02
2078	282	1.06097E+02
3650	688	1.06100E+02
8176	728	1.06100E+02
8063	726	1.06102E+02
3544	464	1.06113E+02
8153	370	1.06121E+02
5633	276	1.06138E+02
3650	685	1.06164E+02
8176	811	1.06170E+02
7433	808	1.06195E+02
1968	422	1.06208E+02
5530	423	1.06210E+02
3544	470	1.06220E+02
3544	646	1.06238E+02
5633	285	1.06249E+02
8063	421	1.06254E+02
5530	419	1.06255E+02
7433	597	1.06259E+02
5530	463	1.06276E+02
7433	561	1.06277E+02
8063	724	1.06278E+02
5530	327	1.06292E+02
1968	282	1.06296E+02
8153	645	1.06301E+02
3544	379	1.06309E+02
8153	281	1.06314E+02
1968	468	1.06333E+02
1968	603	1.06337E+02
7433	809	1.06338E+02
8063	370	1.06340E+02
5530	460	1.06366E+02
8153	681	1.06370E+02
2078	555	1.06379E+02
3650	600	1.06382E+02
5633	334	1.06397E+02
8153	767	1.06403E+02
5633	374	1.06416E+02
5530	553	1.06416E+02
5633	366	1.06430E+02
8086	228	1.06431E+02
8063	281	1.06440E+02
3650	642	1.06455E+02
3544	556	1.06467E+02
7456	228	1.06477E+02
5530	554	1.06478E+02
2078	600	1.06485E+02
8063	645	1.06490E+02
3544	284	1.06491E+02
2078	603	1.06503E+02
8153	686	1.06505E+02
8153	766	1.06510E+02
8086	677	1.06539E+02
3544	643	1.06551E+02
8086	803	1.06575E+02
7433	430	1.06605E+02
2078	468	1.06610E+02
8086	561	1.06614E+02
3544	430	1.06622E+02
8153	727	1.06623E+02
1968	555	1.06627E+02
8176	561	1.06627E+02
8176	228	1.06633E+02
8153	723	1.06641E+02
5530	230	1.06644E+02
5633	600	1.06645E+02
7433	807	1.06651E+02
1968	600	1.06680E+02
5633	595	1.06692E+02
1968	377	1.06694E+02
3650	729	1.06701E+02
3650	283	1.06703E+02
8063	686	1.06714E+02
8153	639	1.06732E+02
7433	722	1.06746E+02
5633	637	1.06750E+02
7433	329	1.06777E+02
5633	228	1.06784E+02
5633	680	1.06798E+02
3650	728	1.06806E+02
5633	465	1.06814E+02
8086	687	1.06825E+02
1968	428	1.06830E+02
3544	423	1.06833E+02
3544	687	1.06870E+02
7433	680	1.06878E+02
8153	768	1.06880E+02
5633	681	1.06888E+02
3650	689	1.06898E+02
8063	727	1.06902E+02
3544	562	1.06921E+02
3544	372	1.06935E+02
2078	377	1.06936E+02
3544	686	1.06941E+02
7433	280	1.06944E+02
2078	643	1.06958E+02
8063	767	1.06960E+02
7456	325	1.06969E+02
3544	332	1.06971E+02
5633	458	1.06973E+02
1968	560	1.06975E+02
3650	730	1.06976E+02
3650	380	1.06993E+02
7456	728	1.06999E+02
1968	643	1.07004E+02
7433	810	1.07006E+02
7433	470	1.07015E+02
8153	561	1.07022E+02
7433	769	1.07031E+02
2078	330	1.07033E+02
8153	234	1.07063E+02
8086	325	1.07064E+02
3544	647	1.07070E+02
1968	644	1.07074E+02
3650	471	1.07077E+02
7456	635	1.07082E+02
8063	681	1.07084E+02
7456	811	1.07086E+02
3650	463	1.07089E+02
3544	606	1.07106E+02
8086	770	1.07109E+02
7433	764	1.07112E+02
8176	687	1.07118E+02
2078	428	1.07120E+02
5530	552	1.07139E+02
1968	337	1.07148E+02
2078	644	1.07156E+02
5633	641	1.07160E+02
8063	234	1.07161E+02
8176	325	1.07174E+02
5633	425	1.07179E+02
3650	684	1.07181E+02
8063	766	1.07213E+02
8063	561	1.07220E+02
3544	688	1.07221E+02
5530	373	1.07250E+02
5530	555	1.07271E+02
7433	233	1.07272E+02
2078	560	1.07282E+02
8153	765	1.07282E+02
8063	768	1.07284E+02
3650	648	1.07297E+02
2078	281	1.07301E+02
2078	642	1.07307E+02
1968	330	1.07309E+02
7433	728	1.07309E+02
1968	604	1.07313E+02
3650	727	1.07332E+02
8153	553	1.07332E+02
7433	420	1.07333E+02
5530	333	1.07341E+02
5530	367	1.07349E+02
5530	277	1.07352E+02
2078	337	1.07354E+02
8153	430	1.07354E+02
3650	555	1.07369E+02
7433	605	1.07379E+02
8063	639	1.07381E+02
7433	369	1.07382E+02
5633	417	1.07409E+02
8176	635	1.07410E+02
8063	723	1.07415E+02
5530	284	1.07437E+02
7456	561	1.07443E+02
5530	598	1.07459E+02
8153	809	1.07466E+02
5633	679	1.07468E+02
7433	380	1.07470E+02
1968	642	1.07480E+02
3544	685	1.07485E+02
2078	462	1.07489E+02
8153	808	1.07498E+02
8176	770	1.07514E+02
5530	597	1.07529E+02
2078	370	1.07532E+02
8086	646	1.07547E+02
5633	325	1.07553E+02
1968	281	1.07563E+02
8153	461	1.07565E+02
3650	431	1.07580E+02
3650	731	1.07590E+02
2078	604	1.07599E+02
8086	605	1.07603E+02
1968	645	1.07632E+02
7433	687	1.07633E+02
5530	464	1.07636E+02
8063	430	1.07648E+02
5633	550	1.07659E+02
8176	430	1.07666E+02
5633	682	1.07668E+02
3544	600	1.07673E+02
8153	470	1.07733E+02
8176	605	1.07743E+02
2078	599	1.07749E+02
7433	646	1.07750E+02
3650	607	1.07758E+02
7433	638	1.07782E+02
3544	642	1.07785E+02
8176	646	1.07788E+02
7433	806	1.07790E+02
3544	283	1.07791E+02
8063	553	1.07795E+02
3650	563	1.07812E+02
5530	424	1.07814E+02
1968	462	1.07816E+02
2078	645	1.07842E+02
1968	370	1.07845E+02
3650	771	1.07849E+02
3650	331	1.07850E+02
8086	430	1.07856E+02
8153	769	1.07870E+02
2078	421	1.07916E+02
3650	772	1.07922E+02
8063	461	1.07934E+02
3544	729	1.07938E+02
3544	689	1.07948E+02
5530	459	1.07959E+02
8153	810	1.07962E+02
8063	470	1.07969E+02
8086	812	1.07982E+02
8086	635	1.08010E+02
2078	234	1.08013E+02
8176	470	1.08026E+02
3650	690	1.08036E+02
7456	687	1.08038E+02
8063	809	1.08054E+02
8153	728	1.08061E+02
1968	599	1.08063E+02
1968	469	1.08067E+02
8153	605	1.08072E+02
3544	380	1.08078E+02
5633	557	1.08091E+02
3650	371	1.08093E+02
3650	422	1.08095E+02
3544	471	1.08102E+02
8153	597	1.08104E+02
8086	470	1.08104E+02
8063	769	1.08113E+02
3544	728	1.08118E+02
3650	770	1.08119E+02
8063	765	1.08121E+02
5530	418	1.08131E+02
8153	807	1.08132E+02
5530	229	1.08134E+02
3544	730	1.08135E+02
5530	599	1.08135E+02
7433	811	1.08135E+02
2078	554	1.08154E+02
5633	722	1.08171E+02
8063	728	1.08197E+02
8063	605	1.08204E+02
7456	760	1.08210E+02
8153	380	1.08215E+02
2078	685	1.08233E+02
7456	802	1.08244E+02
8063	808	1.08254E+02
1968	421	1.08256E+02
5530	326	1.08259E+02
2078	641	1.08264E+02
1968	234	1.08265E+02
3544	648	1.08286E+02
1968	685	1.08289E+02
3544	463	1.08295E+02
3650	773	1.08306E+02
3650	641	1.08316E+02
1968	686	1.08325E+02
8153	687	1.08331E+02
3650	726	1.08334E+02
5633	286	1.08371E+02
8063	810	1.08374E+02
5530	596	1.08400E+02
2078	686	1.08402E+02
8063	687	1.08418E+02
8153	646	1.08427E+02
5633	723	1.08429E+02
2078	469	1.08444E+02
7456	430	1.08445E+02
3650	282	1.08471E+02
8176	812	1.08476E+02
1968	378	1.08491E+02
8153	722	1.08494E+02
7456	770	1.08501E+02
1968	554	1.08512E+02
3650	732	1.08513E+02
8063	646	1.08517E+02
2078	684	1.08537E+02
8063	380	1.08561E+02
3544	684	1.08563E+02
1968	641	1.08564E+02
8086	729	1.08578E+02
8176	760	1.08589E+02
7456	549	1.08591E+02
5530	639	1.08600E+02
5633	721	1.08602E+02
8176	802	1.08618E+02
7456	605	1.08619E+02
1968	646	1.08623E+02
3544	555	1.08625E+02
8153	329	1.08627E+02
3544	431	1.08630E+02
7433	770	1.08634E+02
7456	457	1.08636E+02
3544	731	1.08670E+02
3650	599	1.08670E+02
5633	636	1.08673E+02
8063	597	1.08673E+02
1968	561	1.08685E+02
8153	680	1.08694E+02
5530	551	1.08695E+02
7456	646	1.08699E+02
3544	727	1.08718E+02
1968	684	1.08726E+02
3544	607	1.08729E+02
7456	718	1.08735E+02
5530	556	1.08740E+02
1968	605	1.08746E+02
5633	601	1.08754E+02
8063	329	1.08766E+02
1968	429	1.08767E+02
3650	769	1.08772E+02
8153	280	1.08773E+02
1968	687	1.08780E+02
3544	563	1.08800E+02
3650	683	1.08801E+02
5633	335	1.08807E+02
8153	764	1.08808E+02
2078	378	1.08810E+02
7456	470	1.08842E+02
1968	338	1.08858E+02
8063	280	1.08869E+02
8176	380	1.08883E+02
5633	275	1.08884E+02
8176	549	1.08912E+02
3650	649	1.08920E+02
8153	811	1.08920E+02
8176	457	1.08935E+02
3544	331	1.08952E+02
5633	678	1.08955E+02
2078	646	1.08961E+02
5530	638	1.08971E+02
5633	375	1.08975E+02
5530	640	1.08981E+02
5633	642	1.08984E+02
2078	687	1.08991E+02
2078	280	1.09006E+02
3544	690	1.09013E+02
7433	552	1.09013E+02
8176	729	1.09041E+02
8063	807	1.09047E+02
5633	683	1.09066E+02
8153	233	1.09074E+02
2078	329	1.09075E+02
2078	561	1.09103E+02
8086	457	1.09107E+02
3650	814	1.09122E+02
8176	718	1.09125E+02
2078	338	1.09129E+02
8063	233	1.09144E+02
2078	429	1.09146E+02
8063	811	1.09150E+02
2078	605	1.09153E+02
3544	772	1.09157E+02
5530	285	1.09163E+02
3544	771	1.09168E+02
8086	380	1.09173E+02
7433	562	1.09181E+02
5633	594	1.09193E+02
8086	549	1.09215E+02
3544	371	1.09222E+02
8153	420	1.09233E+02
5530	374	1.09261E+02
3544	422	1.09262E+02
8153	369	1.09272E+02
5530	334	1.09274E+02
3650	813	1.09279E+02
5633	724	1.09302E+02
7433	763	1.09302E+02
5633	227	1.09307E+02
2078	233	1.09308E+02
8153	770	1.09308E+02
1968	280	1.09333E+02
7433	721	1.09338E+02
7433	729	1.09347E+02
7433	460	1.09363E+02
8063	722	1.09367E+02
2078	683	1.09376E+02
8063	770	1.09385E+02
7456	275	1.09394E+02
8086	275	1.09423E+02
1968	329	1.09425E+02
3650	472	1.09425E+02
7456	365	1.09435E+02
8153	806	1.09450E+02
3544	773	1.09454E+02
5633	466	1.09455E+02
8063	369	1.09467E+02
8063	680	1.09480E+02
3650	691	1.09481E+02
5530	600	1.09495E+02
5530	276	1.09498E+02
8063	420	1.09507E+02
3544	732	1.09510E+02
3544	770	1.09521E+02
7456	812	1.09535E+02
3544	282	1.09553E+02
1968	688	1.09606E+02
5530	465	1.09610E+02
1968	233	1.09616E+02
8176	275	1.09617E+02
7433	431	1.09626E+02
5633	365	1.09628E+02
1968	728	1.09640E+02
8086	365	1.09650E+02
2078	727	1.09653E+02
7433	232	1.09653E+02
7456	380	1.09654E+02
2078	728	1.09664E+02
7433	812	1.09666E+02
5633	764	1.09677E+02
8153	638	1.09680E+02
3544	641	1.09692E+02
8086	760	1.09697E+02
1968	683	1.09698E+02
7433	805	1.09699E+02
8176	365	1.09701E+02
8086	771	1.09707E+02
2078	598	1.09740E+02
3650	812	1.09750E+02
1968	727	1.09764E+02
8063	764	1.09770E+02
3544	726	1.09790E+02
5633	720	1.09791E+02
3650	608	1.09794E+02
8153	562	1.09798E+02
5530	366	1.09818E+02
7433	596	1.09826E+02
3544	649	1.09845E+02
3650	768	1.09853E+02
7456	593	1.09870E+02
3650	725	1.09871E+02
1968	729	1.09882E+02
7433	279	1.09882E+02
2078	640	1.09890E+02
8086	802	1.09902E+02
8063	729	1.09929E+02
8153	729	1.09941E+02
8063	562	1.09942E+02
5633	426	1.09945E+02
2078	688	1.09950E+02
5633	765	1.09963E+02
5530	425	1.09975E+02
2078	461	1.09988E+02
3544	599	1.09995E+02
7456	676	1.09995E+02
1968	647	1.09998E+02
2078	369	1.09999E+02
7433	679	1.10003E+02
5633	763	1.10004E+02
3650	462	1.10006E+02
5530	681	1.10008E+02
5633	142	1.10012E+02
8086	688	1.10037E+02
2078	729	1.10043E+02
3650	432	1.10046E+02
5530	641	1.10051E+02
7433	688	1.10051E+02
2078	726	1.10054E+02
5530	680	1.10057E+02
8086	718	1.10064E+02
7456	729	1.10070E+02
5530	595	1.10120E+02
3650	564	1.10126E+02
7433	471	1.10139E+02
7433	328	1.10140E+02
5530	228	1.10152E+02
5530	637	1.10154E+02
1968	598	1.10172E+02
5633	457	1.10209E+02
8176	593	1.10236E+02
3544	683	1.10240E+02
3544	769	1.10255E+02
8153	431	1.10267E+02
3650	554	1.10275E+02
1968	470	1.10277E+02
7433	606	1.10284E+02
8153	812	1.10285E+02
1968	726	1.10303E+02
8086	227	1.10309E+02
1968	640	1.10316E+02
8176	771	1.10318E+02
8063	812	1.10327E+02
7456	227	1.10334E+02
8086	813	1.10357E+02
8063	638	1.10374E+02
3544	691	1.10384E+02
1968	369	1.10394E+02
8176	676	1.10402E+02
5530	458	1.10404E+02
1968	461	1.10416E+02
3544	472	1.10420E+02
3650	330	1.10423E+02
1968	730	1.10454E+02
2078	647	1.10462E+02
7433	647	1.10471E+02
3544	814	1.10479E+02
7456	416	1.10483E+02
8176	688	1.10483E+02
8063	806	1.10512E+02
8063	431	1.10551E+02
8176	227	1.10553E+02
8063	688	1.10558E+02
8086	562	1.10561E+02
3650	811	1.10571E+02
1968	606	1.10588E+02
8153	688	1.10598E+02
2078	420	1.10610E+02
7433	771	1.10629E+02
8176	562	1.10639E+02
5530	682	1.10645E+02
8086	593	1.10680E+02
2078	553	1.10696E+02
1968	379	1.10711E+02
3544	608	1.10712E+02
5633	725	1.10713E+02
3544	813	1.10725E+02
3650	281	1.10734E+02
8153	471	1.10738E+02
2078	730	1.10750E+02
2078	470	1.10755E+02
1968	689	1.10763E+02
8176	416	1.10788E+02
5633	766	1.10789E+02
2078	682	1.10814E+02
8086	416	1.10830E+02
5530	557	1.10834E+02
5530	417	1.10836E+02
1968	562	1.10838E+02
8153	606	1.10841E+02
3650	650	1.10852E+02
5530	679	1.10862E+02
5633	558	1.10872E+02
5633	416	1.10885E+02
5633	549	1.10888E+02
8063	606	1.10894E+02
3650	640	1.10917E+02
2078	725	1.10924E+02
5633	324	1.10928E+02
8063	471	1.10942E+02
5530	325	1.10953E+02
8153	552	1.10980E+02
8063	647	1.10990E+02
8153	647	1.11004E+02
5633	684	1.11008E+02
5633	762	1.11018E+02
2078	232	1.11031E+02
1968	420	1.11042E+02
8063	771	1.11047E+02
3650	370	1.11055E+02
3544	564	1.11072E+02
3544	432	1.11078E+02
8176	813	1.11081E+02
3650	682	1.11096E+02
2078	770	1.11103E+02
2078	379	1.11108E+02
2078	606	1.11114E+02
5530	550	1.11124E+02
8086	647	1.11139E+02
8153	771	1.11143E+02
1968	553	1.11163E+02
1968	430	1.11163E+02
1968	771	1.11166E+02
8086	676	1.11174E+02
8153	763	1.11175E+02
1968	770	1.11184E+02
7433	368	1.11210E+02
2078	771	1.11222E+02
3544	462	1.11226E+02
2078	689	1.11239E+02
5530	286	1.11239E+02
3650	421	1.11250E+02
2078	279	1.11252E+02
8153	721	1.11257E+02
5633	806	1.11265E+02
1968	682	1.11268E+02
3544	812	1.11284E+02
5633	677	1.11305E+02
1968	725	1.11309E+02
2078	769	1.11314E+02
1968	731	1.11320E+02
7433	419	1.11339E+02
8153	460	1.11339E+02
5633	643	1.11364E+02
2078	562	1.11367E+02
3544	725	1.11393E+02
1968	232	1.11397E+02
3650	234	1.11406E+02
3544	768	1.11413E+02
3650	767	1.11414E+02
5530	722	1.11430E+02
5633	602	1.11432E+02
7456	771	1.11440E+02
1968	772	1.11444E+02
8063	552	1.11451E+02
8086	606	1.11464E+02
5633	807	1.11476E+02
5530	601	1.11482E+02
5633	635	1.11489E+02
8176	647	1.11504E+02
3544	330	1.11521E+02
7456	688	1.11524E+02
1968	769	1.11532E+02
5530	723	1.11538E+02
8153	805	1.11540E+02
8153	232	1.11540E+02
7456	562	1.11548E+02
7433	813	1.11551E+02
3544	554	1.11554E+02
7433	637	1.11572E+02
8063	232	1.11580E+02
5633	805	1.11596E+02
5633	336	1.11615E+02
8086	142	1.11628E+02
5530	335	1.11629E+02
2078	430	1.11631E+02
2078	772	1.11637E+02
1968	279	1.11646E+02
8086	730	1.11667E+02
7456	142	1.11686E+02
8176	606	1.11699E+02
8063	460	1.11701E+02
1968	648	1.11712E+02
3544	650	1.11712E+02
5530	642	1.11741E+02
3650	598	1.11751E+02
2078	731	1.11752E+02
5530	375	1.11754E+02
2078	328	1.11760E+02
7433	730	1.11770E+02
3650	810	1.11781E+02
5633	719	1.11794E+02
8153	279	1.11809E+02
3544	281	1.11810E+02
8176	431	1.11818E+02
8153	596	1.11821E+02
8063	813	1.11857E+02
8063	279	1.11873E+02
2078	768	1.11894E+02
7456	324	1.11894E+02
5530	683	1.11897E+02
8176	142	1.11910E+02
8153	679	1.11984E+02
5633	376	1.11988E+02
1968	773	1.11991E+02
8086	431	1.11996E+02
5530	721	1.12007E+02
8153	813	1.12008E+02
3650	724	1.12011E+02
8086	324	1.12019E+02
8063	730	1.12046E+02
5633	767	1.12083E+02
8153	328	1.12097E+02
3650	609	1.12152E+02
5530	466	1.12157E+02
5633	808	1.12160E+02
3650	473	1.12174E+02
8176	324	1.12174E+02
3544	370	1.12185E+02
1968	328	1.12186E+02
3544	811	1.12189E+02
5530	636	1.12193E+02
8063	328	1.12207E+02
8153	730	1.12210E+02
8063	721	1.12214E+02
1968	690	1.12217E+02
7456	634	1.12221E+02
8063	763	1.12246E+02
2078	639	1.12247E+02
1968	768	1.12250E+02
5530	724	1.12257E+02
8176	471	1.12270E+02
7456	813	1.12280E+02
5633	274	1.12296E+02
5530	275	1.12298E+02
2078	648	1.12303E+02
7456	801	1.12304E+02
8086	471	1.12311E+02
8176	730	1.12312E+02
2078	773	1.12320E+02
2078	724	1.12323E+02
3544	640	1.12335E+02
5633	226	1.12389E+02
8063	596	1.12410E+02
7433	762	1.12418E+02
3544	421	1.12422E+02
1968	732	1.12455E+02
7433	804	1.12465E+02
3544	234	1.12469E+02
5530	678	1.12479E+02
2078	597	1.12510E+02
7433	231	1.12524E+02
7456	647	1.12529E+02
7433	563	1.12538E+02
5633	804	1.12541E+02
3544	682	1.12587E+02
5633	726	1.12593E+02
8086	772	1.12593E+02
5633	593	1.12600E+02
5633	467	1.12637E+02
8176	634	1.12651E+02
5530	426	1.12662E+02
5633	141	1.12670E+02
7456	431	1.12670E+02
7456	606	1.12678E+02
7456	759	1.12687E+02
5530	227	1.12722E+02
5530	594	1.12726E+02
8063	805	1.12734E+02
2078	813	1.12769E+02
5633	761	1.12785E+02
1968	607	1.12792E+02
3650	565	1.12792E+02
1968	639	1.12798E+02
8176	801	1.12808E+02
2078	690	1.12823E+02
8063	679	1.12828E+02
1968	724	1.12844E+02
1968	814	1.12852E+02
7433	689	1.12855E+02
1968	813	1.12877E+02
2078	814	1.12879E+02
2078	767	1.12888E+02
7433	720	1.12912E+02
2078	681	1.12919E+02
1968	471	1.12928E+02
2078	812	1.12928E+02
5530	764	1.12963E+02
7433	772	1.12970E+02
8086	814	1.12989E+02
3544	609	1.13015E+02
2078	732	1.13020E+02
8153	563	1.13029E+02
3544	767	1.13047E+02
8063	772	1.13056E+02
1968	597	1.13059E+02
8063	689	1.13083E+02
5530	365	1.13084E+02
5530	765	1.13091E+02
7433	432	1.13102E+02
3544	598	1.13106E+02
8063	563	1.13115E+02
3544	473	1.13138E+02
7456	471	1.13169E+02
1968	812	1.13172E+02
8176	759	1.13188E+02
2078	368	1.13199E+02
5633	427	1.13211E+02
8153	368	1.13216E+02
2078	231	1.13220E+02
8086	634	1.13253E+02
8153	689	1.13253E+02
5633	809	1.13255E+02
2078	460	1.13286E+02
8153	772	1.13326E+02
5530	720	1.13336E+02
1968	380	1.13342E+02
8153	419	1.13365E+02
1968	767	1.13382E+02
2078	811	1.13386E+02
8063	368	1.13386E+02
1968	563	1.13390E+02
8176	772	1.13414E+02
5633	685	1.13425E+02
3650	809	1.13427E+02
2078	607	1.13436E+02
5530	142	1.13437E+02
7433	278	1.13440E+02
5530	763	1.13445E+02
7456	730	1.13469E+02
3544	810	1.13481E+02
7433	551	1.13495E+02
1968	681	1.13503E+02
2078	471	1.13506E+02
5530	558	1.13507E+02
5530	725	1.13514E+02
3650	766	1.13515E+02
3650	280	1.13531E+02
8086	689	1.13578E+02
7433	648	1.13586E+02
3544	724	1.13595E+02
7433	607	1.13605E+02
8063	419	1.13620E+02
5633	364	1.13623E+02
8153	637	1.13627E+02
3650	329	1.13632E+02
8153	432	1.13636E+02
1968	231	1.13645E+02
1968	368	1.13678E+02
3650	233	1.13687E+02
5530	684	1.13693E+02
3544	565	1.13695E+02
7456	717	1.13699E+02
8063	814	1.13699E+02
7433	472	1.13713E+02
5530	457	1.13723E+02
3650	461	1.13726E+02
1968	649	1.13730E+02
7433	814	1.13749E+02
5530	766	1.13756E+02
1968	811	1.13767E+02
5633	768	1.13782E+02
1968	460	1.13814E+02
2078	380	1.13815E+02
8063	648	1.13857E+02
8063	432	1.13907E+02
1968	691	1.13938E+02
7433	459	1.13941E+02
8176	814	1.13946E+02
8153	648	1.13978E+02
5530	643	1.13985E+02
1968	431	1.13997E+02
8063	607	1.13998E+02
3650	553	1.14007E+02
8153	607	1.14028E+02
2078	563	1.14029E+02
5530	602	1.14038E+02
8153	814	1.14045E+02
2078	552	1.14051E+02
2078	278	1.14085E+02
2078	419	1.14091E+02
3650	681	1.14135E+02
7433	678	1.14150E+02
8086	801	1.14168E+02
5633	803	1.14170E+02
2078	810	1.14178E+02
8176	689	1.14181E+02
5633	559	1.14188E+02
8153	472	1.14195E+02
8176	717	1.14203E+02
5633	644	1.14235E+02
7433	327	1.14238E+02
7456	274	1.14285E+02
7456	548	1.14296E+02
2078	723	1.14316E+02
5633	456	1.14321E+02
3650	639	1.14324E+02
8086	274	1.14338E+02
8086	759	1.14348E+02
2078	766	1.14351E+02
8063	637	1.14354E+02
7456	456	1.14359E+02
8063	472	1.14365E+02
5530	336	1.14382E+02
5530	416	1.14387E+02
5530	324	1.14388E+02
7433	595	1.14403E+02
2078	649	1.14446E+02
5530	549	1.14446E+02
8153	762	1.14467E+02
8153	804	1.14487E+02
8153	231	1.14499E+02
8063	731	1.14503E+02
8063	231	1.14509E+02
7433	731	1.14536E+02
5633	676	1.14543E+02
1968	278	1.14547E+02
2078	431	1.14554E+02
8176	274	1.14578E+02
7456	568	1.14584E+02
3544	280	1.14600E+02
5530	762	1.14609E+02
5530	806	1.14612E+02
1968	419	1.14614E+02
5633	603	1.14624E+02
1968	552	1.14626E+02
5633	718	1.14650E+02
5530	807	1.14659E+02
7456	772	1.14670E+02
2078	691	1.14674E+02
1968	810	1.14695E+02
5530	376	1.14700E+02
5633	810	1.14705E+02
8176	548	1.14708E+02
3544	329	1.14726E+02
3544	233	1.14743E+02
8176	456	1.14746E+02
3650	369	1.14747E+02
8086	226	1.14764E+02
7456	226	1.14768E+02
5633	337	1.14799E+02
8153	731	1.14824E+02
3650	723	1.14826E+02
5633	727	1.14877E+02
8086	456	1.14884E+02
5530	767	1.14887E+02
8086	563	1.14913E+02
5530	677	1.14951E+02
3544	461	1.14958E+02
1968	723	1.14971E+02
1968	766	1.14982E+02
8086	548	1.14985E+02
8153	720	1.15002E+02
8176	568	1.15009E+02
5633	548	1.15013E+02
5633	323	1.15034E+02
7456	364	1.15038E+02
8086	731	1.15043E+02
8176	226	1.15051E+02
8176	563	1.15059E+02
8086	648	1.15071E+02
5530	805	1.15104E+02
5530	635	1.15120E+02
2078	327	1.15138E+02
8086	717	1.15171E+02
5530	808	1.15176E+02
3650	420	1.15192E+02
5633	415	1.15198E+02
3544	809	1.15205E+02
5633	634	1.15210E+02
3544	766	1.15217E+02
5530	726	1.15237E+02
5530	467	1.15243E+02
7456	814	1.15284E+02
8086	364	1.15287E+02
3544	553	1.15305E+02
1968	608	1.15315E+02
8086	568	1.15330E+02
7456	689	1.15342E+02
2078	809	1.15344E+02
5633	760	1.15355E+02
8063	773	1.15371E+02
8176	364	1.15383E+02
2078	638	1.15390E+02
5633	377	1.15434E+02
5633	568	1.15466E+02
8153	278	1.15466E+02
8086	141	1.15468E+02
5530	719	1.15473E+02
8063	278	1.15498E+02
7456	141	1.15506E+02
7456	675	1.15514E+02
3650	808	1.15562E+02
8176	648	1.15565E+02
8153	551	1.15604E+02
7433	773	1.15618E+02
8063	762	1.15631E+02
1968	327	1.15640E+02
3544	681	1.15674E+02
3650	597	1.15678E+02
8086	607	1.15688E+02
7456	592	1.15724E+02
8086	773	1.15733E+02
2078	680	1.15752E+02
5530	274	1.15764E+02
5633	140	1.15775E+02
3544	639	1.15779E+02
8176	141	1.15787E+02
8063	804	1.15797E+02
8153	773	1.15820E+02
5633	769	1.15831E+02
5530	427	1.15847E+02
5530	226	1.15852E+02
7433	367	1.15872E+02
8176	731	1.15874E+02
3544	369	1.15876E+02
2078	230	1.15913E+02
7433	230	1.15924E+02
8063	690	1.15949E+02
5530	685	1.15962E+02
1968	472	1.15982E+02
1968	809	1.15997E+02
7433	690	1.16000E+02
1968	650	1.16018E+02
8176	607	1.16022E+02
5633	225	1.16024E+02
8176	675	1.16026E+02
8063	720	1.16028E+02
8153	459	1.16051E+02
7456	563	1.16060E+02
1968	638	1.16062E+02
8063	551	1.16074E+02
2078	608	1.16078E+02
5530	809	1.16102E+02
2078	596	1.16106E+02
5530	141	1.16137E+02
7433	803	1.16169E+02
8176	592	1.16184E+02
5530	804	1.16205E+02
3650	765	1.16224E+02
5530	593	1.16232E+02
7433	418	1.16246E+02
5633	686	1.16253E+02
8153	690	1.16253E+02
8153	678	1.16294E+02
1968	564	1.16297E+02
7433	564	1.16297E+02
8153	327	1.16307E+02
5633	468	1.16327E+02
2078	765	1.16342E+02
5633	273	1.16360E+02
3544	420	1.16368E+02
8063	327	1.16385E+02
8176	432	1.16397E+02
1968	230	1.16399E+02
7433	636	1.16400E+02
8063	459	1.16401E+02
5530	768	1.16422E+02
3650	232	1.16424E+02
7456	415	1.16427E+02
1968	680	1.16464E+02
5633	811	1.16464E+02
3544	723	1.16467E+02
5530	761	1.16518E+02
7433	761	1.16528E+02
5633	802	1.16541E+02
8153	595	1.16548E+02
8086	432	1.16561E+02
8086	592	1.16610E+02
2078	472	1.16660E+02
8153	564	1.16664E+02
8063	564	1.16690E+02
7456	648	1.16700E+02
5530	559	1.16713E+02
5530	644	1.16719E+02
8176	773	1.16766E+02
1968	596	1.16770E+02
8086	675	1.16804E+02
8176	415	1.16815E+02
8086	415	1.16816E+02
2078	650	1.16858E+02
3650	279	1.16905E+02
5633	592	1.16908E+02
8176	472	1.16928E+02
8086	472	1.16928E+02
2078	808	1.16929E+02
5633	428	1.16954E+02
2078	722	1.16970E+02
2078	564	1.17046E+02
7433	649	1.17049E+02
3544	597	1.17060E+02
8063	649	1.17071E+02
7456	607	1.17104E+02
5530	603	1.17106E+02
1968	765	1.17108E+02
5530	364	1.17146E+02
8063	595	1.17148E+02
7456	731	1.17158E+02
2078	367	1.17175E+02
8063	678	1.17183E+02
1968	432	1.17244E+02
8063	732	1.17265E+02
7433	608	1.17293E+02
8153	649	1.17303E+02
7456	432	1.17321E+02
7456	800	1.17359E+02
5530	727	1.17364E+02
5530	810	1.17383E+02
8086	690	1.17407E+02
3544	808	1.17414E+02
2078	459	1.17423E+02
8063	608	1.17469E+02
3544	232	1.17472E+02
5633	728	1.17510E+02
5530	337	1.17512E+02
7433	719	1.17522E+02
3650	328	1.17528E+02
5633	645	1.17536E+02
2078	277	1.17547E+02
7456	323	1.17568E+02
8153	608	1.17584E+02
7433	732	1.17605E+02
7433	277	1.17659E+02
7433	473	1.17697E+02
1968	808	1.17718E+02
8086	323	1.17721E+02
1968	367	1.17740E+02
8153	732	1.17744E+02
1968	722	1.17757E+02
2078	432	1.17890E+02
7456	472	1.17910E+02
5530	456	1.17915E+02
8176	323	1.17923E+02
3544	279	1.17967E+02
8063	230	1.17969E+02
5530	803	1.17982E+02
8176	800	1.17984E+02
3650	680	1.17986E+02
3544	765	1.17989E+02
8153	230	1.17990E+02
5633	560	1.17993E+02
8153	367	1.17999E+02
1968	459	1.18050E+02
8153	473	1.18065E+02
1968	277	1.18079E+02
5530	377	1.18080E+02
1968	609	1.18123E+02
8063	367	1.18140E+02
7456	773	1.18155E+02
8176	690	1.18170E+02
7456	758	1.18176E+02
5633	770	1.18182E+02
8063	473	1.18198E+02
3650	807	1.18246E+02
2078	551	1.18259E+02
5633	604	1.18274E+02
3650	460	1.18299E+02
5530	676	1.18305E+02
5530	769	1.18306E+02
5633	338	1.18341E+02
7456	633	1.18353E+02
8153	803	1.18371E+02
5633	717	1.18379E+02
5633	363	1.18386E+02
3650	722	1.18388E+02
2078	418	1.18396E+02
8153	418	1.18400E+02
5530	718	1.18454E+02
5633	812	1.18489E+02
5530	323	1.18553E+02
3650	638	1.18593E+02
8153	636	1.18611E+02
3650	552	1.18613E+02
3544	328	1.18616E+02
8063	418	1.18633E+02
5530	686	1.18642E+02
5530	548	1.18658E+02
8086	732	1.18670E+02
5633	675	1.18674E+02
8153	761	1.18751E+02
5633	759	1.18761E+02
5530	415	1.18772E+02
8176	758	1.18791E+02
5530	468	1.18837E+02
8176	633	1.18881E+02
2078	764	1.18923E+02
1968	551	1.18940E+02
5530	634	1.18946E+02
5530	811	1.18972E+02
7433	550	1.18980E+02
2078	807	1.18985E+02
2078	609	1.19002E+02
1968	418	1.19012E+02
7433	326	1.19113E+02
8063	691	1.19119E+02
5530	568	1.19132E+02
2078	229	1.19146E+02
