GRAM	c2h2	chi_tot
10807	648	3.15972E+01
10807	607	3.16049E+01
10807	689	3.16291E+01
10807	608	3.16294E+01
10807	647	3.16306E+01
10807	688	3.16420E+01
10807	564	3.16519E+01
10807	649	3.16679E+01
10807	730	3.16764E+01
10807	606	3.16874E+01
10807	729	3.16918E+01
10807	565	3.16978E+01
10807	563	3.17084E+01
10807	690	3.17169E+01
10807	771	3.17337E+01
10807	609	3.17530E+01
10807	731	3.17586E+01
10807	473	3.17636E+01
10807	687	3.17662E+01
10807	770	3.17696E+01
10807	646	3.17774E+01
10807	772	3.17933E+01
10807	812	3.18054E+01
10807	728	3.18167E+01
10807	813	3.18300E+01
10807	650	3.18332E+01
10807	472	3.18368E+01
10807	562	3.18734E+01
10807	811	3.18755E+01
10807	605	3.18847E+01
10807	691	3.18946E+01
10807	769	3.19137E+01
10807	732	3.19268E+01
10807	773	3.19363E+01
10807	814	3.19366E+01
10807	686	3.20121E+01
10807	471	3.20129E+01
10723	607	3.20247E+01
10723	648	3.20315E+01
10723	647	3.20329E+01
10807	645	3.20464E+01
10723	688	3.20523E+01
10807	810	3.20532E+01
10807	727	3.20624E+01
10723	689	3.20678E+01
10723	606	3.20713E+01
10723	564	3.20774E+01
10723	608	3.20806E+01
10723	563	3.20979E+01
10723	729	3.21038E+01
10723	730	3.21136E+01
10807	432	3.21246E+01
10723	649	3.21294E+01
10723	646	3.21434E+01
10723	687	3.21435E+01
10807	561	3.21527E+01
10723	565	3.21545E+01
10723	771	3.21667E+01
10723	473	3.21766E+01
10807	768	3.21780E+01
10723	690	3.21792E+01
10723	770	3.21801E+01
10723	728	3.21987E+01
10807	604	3.22036E+01
10723	472	3.22134E+01
10723	731	3.22162E+01
10723	562	3.22228E+01
10723	605	3.22284E+01
10723	609	3.22307E+01
10723	812	3.22337E+01
10723	772	3.22440E+01
10723	813	3.22738E+01
10723	811	3.22833E+01
10807	470	3.22962E+01
10723	769	3.22967E+01
10723	650	3.23169E+01
10723	471	3.23489E+01
10807	809	3.23514E+01
10723	686	3.23519E+01
10807	431	3.23585E+01
10723	645	3.23717E+01
10723	691	3.23754E+01
10807	685	3.23888E+01
10723	814	3.23911E+01
10723	732	3.23998E+01
10723	773	3.23998E+01
10723	727	3.24097E+01
10723	810	3.24356E+01
10807	726	3.24394E+01
10807	644	3.24452E+01
10723	561	3.24580E+01
10723	432	3.24608E+01
10723	604	3.25033E+01
10723	768	3.25287E+01
10807	560	3.25511E+01
10807	767	3.25744E+01
10723	470	3.25878E+01
10807	603	3.26500E+01
10723	431	3.26531E+01
10639	607	3.26710E+01
10639	648	3.26805E+01
10723	685	3.26867E+01
10807	469	3.26903E+01
10639	647	3.26911E+01
10807	430	3.26922E+01
10723	809	3.27034E+01
10639	564	3.27120E+01
10639	688	3.27141E+01
10639	608	3.27168E+01
10639	689	3.27202E+01
10723	644	3.27257E+01
10639	606	3.27262E+01
10639	563	3.27421E+01
10723	726	3.27474E+01
10639	649	3.27678E+01
10639	729	3.27700E+01
10639	730	3.27700E+01
10639	565	3.27778E+01
10807	808	3.27828E+01
10639	473	3.28002E+01
10723	560	3.28088E+01
10639	646	3.28093E+01
10639	687	3.28137E+01
10639	690	3.28206E+01
10639	771	3.28279E+01
10639	472	3.28474E+01
10639	770	3.28513E+01
10639	609	3.28548E+01
10639	731	3.28614E+01
10639	728	3.28735E+01
10639	562	3.28750E+01
10723	767	3.28878E+01
10639	605	3.28907E+01
10639	772	3.28939E+01
10639	812	3.29005E+01
10723	603	3.29018E+01
10807	684	3.29043E+01
10639	813	3.29291E+01
10723	469	3.29340E+01
10723	430	3.29418E+01
10639	650	3.29429E+01
10807	725	3.29572E+01
10639	811	3.29604E+01
10639	769	3.29768E+01
10807	643	3.29800E+01
10639	471	3.29917E+01
10639	691	3.30041E+01
10639	686	3.30292E+01
10639	732	3.30321E+01
10639	814	3.30335E+01
10639	773	3.30367E+01
10639	645	3.30444E+01
10807	380	3.30630E+01
10807	559	3.30722E+01
10639	432	3.30862E+01
10639	727	3.30921E+01
10723	808	3.30991E+01
10807	766	3.31133E+01
10639	561	3.31171E+01
10639	810	3.31218E+01
10807	429	3.31286E+01
10723	684	3.31561E+01
10639	604	3.31719E+01
10807	468	3.31979E+01
10723	643	3.32118E+01
10639	768	3.32167E+01
10723	725	3.32212E+01
10807	602	3.32279E+01
10639	470	3.32380E+01
10723	380	3.32766E+01
10723	559	3.32790E+01
10639	431	3.32880E+01
10723	429	3.33300E+01
10807	807	3.33586E+01
10639	685	3.33704E+01
10723	766	3.33845E+01
10723	468	3.33907E+01
10639	809	3.33977E+01
10639	644	3.34044E+01
10723	602	3.34285E+01
10639	726	3.34364E+01
10639	560	3.34738E+01
10807	379	3.35011E+01
10807	683	3.35648E+01
10639	603	3.35760E+01
10639	767	3.35828E+01
10639	430	3.35846E+01
10639	469	3.35906E+01
10807	724	3.36236E+01
10723	807	3.36340E+01
10807	642	3.36551E+01
10723	379	3.36688E+01
10807	428	3.36700E+01
10807	558	3.37179E+01
10723	683	3.37662E+01
10639	808	3.38006E+01
10807	765	3.38038E+01
10723	428	3.38204E+01
10807	467	3.38207E+01
10723	642	3.38346E+01
10723	724	3.38390E+01
10639	684	3.38452E+01
10723	558	3.38710E+01
10639	643	3.38957E+01
10639	380	3.39064E+01
10639	725	3.39161E+01
10807	601	3.39397E+01
10639	559	3.39492E+01
10723	467	3.39601E+01
10639	429	3.39796E+01
10723	765	3.40278E+01
10807	378	3.40356E+01
10639	468	3.40529E+01
10639	766	3.40856E+01
10723	601	3.40858E+01
10807	806	3.40888E+01
10639	602	3.41075E+01
10723	378	3.41547E+01
10639	379	3.43068E+01
10807	427	3.43176E+01
10723	806	3.43178E+01
10639	807	3.43418E+01
10807	682	3.43742E+01
10723	427	3.44147E+01
10807	723	3.44439E+01
10639	683	3.44602E+01
10807	641	3.44727E+01
10639	428	3.44758E+01
10807	557	3.44888E+01
5539	373	3.44892E+01
5539	334	3.44964E+01
5539	333	3.45015E+01
5539	372	3.45035E+01
5539	423	3.45180E+01
10723	682	3.45213E+01
10639	642	3.45230E+01
10639	724	3.45391E+01
10639	558	3.45457E+01
5539	422	3.45489E+01
5539	286	3.45563E+01
10807	466	3.45592E+01
5539	374	3.45634E+01
5539	335	3.45697E+01
5539	463	3.45776E+01
5539	332	3.45802E+01
5539	424	3.45836E+01
10723	557	3.45855E+01
5539	285	3.45940E+01
10723	641	3.45963E+01
5539	462	3.45972E+01
5539	371	3.46022E+01
10723	723	3.46062E+01
10639	467	3.46271E+01
10723	466	3.46428E+01
5539	554	3.46456E+01
10807	764	3.46521E+01
5539	464	3.46611E+01
10807	377	3.46676E+01
5539	421	3.46726E+01
5539	284	3.46898E+01
5539	555	3.46942E+01
5539	553	3.47042E+01
5539	461	3.47171E+01
5539	336	3.47248E+01
5539	331	3.47272E+01
5539	375	3.47293E+01
10639	765	3.47343E+01
5539	598	3.47347E+01
10723	377	3.47357E+01
5539	425	3.47479E+01
5539	597	3.47628E+01
10639	601	3.47691E+01
5539	370	3.47801E+01
10807	600	3.47858E+01
10639	378	3.47997E+01
5539	599	3.48173E+01
10723	764	3.48239E+01
5539	639	3.48333E+01
5539	283	3.48383E+01
5539	465	3.48490E+01
5539	556	3.48509E+01
5539	638	3.48574E+01
5539	552	3.48665E+01
10723	600	3.48744E+01
5539	420	3.48837E+01
5539	596	3.48992E+01
5642	333	3.49130E+01
5642	372	3.49130E+01
5539	640	3.49215E+01
5539	460	3.49321E+01
5539	330	3.49368E+01
5539	680	3.49375E+01
5642	373	3.49430E+01
5642	334	3.49499E+01
5642	332	3.49513E+01
5642	422	3.49548E+01
5539	337	3.49641E+01
5642	371	3.49690E+01
5642	423	3.49705E+01
5539	679	3.49789E+01
10807	805	3.49799E+01
5642	285	3.49867E+01
5539	376	3.49883E+01
5642	286	3.49884E+01
5539	637	3.49918E+01
5539	681	3.50085E+01
5539	600	3.50105E+01
5539	426	3.50118E+01
5642	462	3.50130E+01
5539	369	3.50310E+01
10639	806	3.50312E+01
5642	421	3.50335E+01
5539	282	3.50343E+01
5642	463	3.50426E+01
5642	284	3.50451E+01
5539	721	3.50557E+01
5642	331	3.50596E+01
5642	374	3.50629E+01
5642	335	3.50669E+01
10807	426	3.50713E+01
10639	427	3.50753E+01
5642	424	3.50840E+01
5642	461	3.50853E+01
5539	722	3.50918E+01
5642	554	3.50978E+01
5642	553	3.51056E+01
5642	370	3.51057E+01
10723	426	3.51132E+01
5539	557	3.51152E+01
5539	641	3.51213E+01
5539	551	3.51263E+01
5539	720	3.51303E+01
5539	678	3.51304E+01
10807	338	3.51322E+01
5539	595	3.51385E+01
5539	466	3.51408E+01
10723	805	3.51570E+01
5642	283	3.51581E+01
10723	338	3.51623E+01
5539	419	3.51752E+01
5642	464	3.51767E+01
5642	597	3.51815E+01
5539	763	3.51882E+01
5539	682	3.51909E+01
5642	555	3.51986E+01
5539	762	3.51999E+01
5642	420	3.52011E+01
5539	329	3.52031E+01
5642	598	3.52065E+01
5642	552	3.52188E+01
10639	682	3.52196E+01
5539	636	3.52311E+01
5642	330	3.52321E+01
5539	459	3.52348E+01
5539	723	3.52378E+01
5642	460	3.52544E+01
10639	557	3.52644E+01
5642	596	3.52665E+01
5642	336	3.52675E+01
5539	281	3.52728E+01
5642	375	3.52759E+01
5642	638	3.52795E+01
5539	764	3.52839E+01
5539	338	3.52882E+01
10639	641	3.52888E+01
5642	425	3.52976E+01
5642	639	3.53101E+01
10639	723	3.53107E+01
5539	601	3.53127E+01
5539	719	3.53132E+01
10639	466	3.53141E+01
5539	804	3.53143E+01
5642	369	3.53170E+01
5539	761	3.53193E+01
5642	282	3.53204E+01
10807	681	3.53334E+01
5539	377	3.53403E+01
5642	599	3.53437E+01
5539	368	3.53477E+01
5539	805	3.53503E+01
5642	637	3.53609E+01
5539	427	3.53744E+01
5539	803	3.53822E+01
10807	556	3.53839E+01
5539	677	3.53864E+01
10639	377	3.53867E+01
5642	679	3.53925E+01
10807	376	3.53961E+01
5642	680	3.54070E+01
5642	556	3.54089E+01
10723	376	3.54114E+01
10807	465	3.54123E+01
5642	465	3.54164E+01
10807	722	3.54198E+01
10723	556	3.54219E+01
10723	681	3.54223E+01
5539	642	3.54301E+01
5642	551	3.54315E+01
10807	640	3.54326E+01
10723	465	3.54381E+01
5642	419	3.54509E+01
5642	640	3.54547E+01
5642	595	3.54564E+01
5642	329	3.54630E+01
5539	594	3.54721E+01
5539	550	3.54748E+01
5539	683	3.54811E+01
5539	765	3.54831E+01
5539	558	3.54850E+01
5539	806	3.54867E+01
5539	724	3.54898E+01
5642	678	3.54902E+01
10723	640	3.54970E+01
5642	721	3.55071E+01
5642	459	3.55132E+01
5539	328	3.55201E+01
10723	722	3.55247E+01
5642	720	3.55256E+01
5642	281	3.55268E+01
5539	467	3.55348E+01
10639	764	3.55351E+01
5642	681	3.55354E+01
5539	418	3.55384E+01
5539	760	3.55432E+01
5539	280	3.55490E+01
5642	636	3.55494E+01
5539	802	3.55534E+01
5642	337	3.55541E+01
10639	600	3.55616E+01
5539	635	3.55670E+01
5642	376	3.55836E+01
5642	600	3.55928E+01
5642	368	3.55960E+01
5539	718	3.55981E+01
5642	722	3.56012E+01
5642	426	3.56120E+01
5539	458	3.56158E+01
5642	762	3.56244E+01
5642	719	3.56544E+01
10807	763	3.56603E+01
5642	763	3.56706E+01
5642	761	3.56879E+01
5642	677	3.56948E+01
5642	641	3.57121E+01
5539	807	3.57172E+01
5539	602	3.57205E+01
5539	367	3.57225E+01
5642	557	3.57280E+01
5642	550	3.57351E+01
5539	676	3.57383E+01
5642	594	3.57431E+01
5642	328	3.57463E+01
5642	466	3.57612E+01
5642	804	3.57619E+01
10807	599	3.57647E+01
5642	803	3.57725E+01
5642	280	3.57726E+01
5539	234	3.57744E+01
5642	418	3.57745E+01
10723	763	3.57750E+01
5642	682	3.57765E+01
10639	426	3.57784E+01
5539	766	3.57794E+01
5539	378	3.57833E+01
10723	599	3.57932E+01
10639	338	3.58000E+01
5642	723	3.58065E+01
10723	337	3.58157E+01
5539	801	3.58238E+01
5642	764	3.58257E+01
5539	428	3.58333E+01
10807	337	3.58339E+01
5642	635	3.58370E+01
5539	725	3.58416E+01
5539	643	3.58434E+01
5642	458	3.58524E+01
5642	805	3.58568E+01
5642	760	3.58582E+01
5539	279	3.58586E+01
5539	759	3.58647E+01
5539	684	3.58738E+01
10639	805	3.58752E+01
5539	327	3.58816E+01
5642	718	3.58879E+01
5642	802	3.58887E+01
5539	593	3.58892E+01
5539	549	3.59009E+01
10723	425	3.59142E+01
5642	338	3.59275E+01
10807	425	3.59291E+01
5642	367	3.59348E+01
5642	601	3.59520E+01
5539	559	3.59573E+01
5539	417	3.59636E+01
5539	717	3.59757E+01
5642	377	3.59857E+01
5642	234	3.59875E+01
5539	634	3.59881E+01
5642	676	3.59978E+01
5642	427	3.60265E+01
5539	468	3.60280E+01
5539	233	3.60312E+01
5539	808	3.60336E+01
10807	804	3.60337E+01
5642	279	3.60533E+01
5642	806	3.60534E+01
5539	457	3.60639E+01
10639	376	3.60678E+01
5642	327	3.60756E+01
5642	642	3.60795E+01
5642	765	3.60854E+01
10639	556	3.61045E+01
5642	801	3.61066E+01
10639	465	3.61134E+01
5642	593	3.61157E+01
5642	724	3.61188E+01
5642	549	3.61189E+01
10639	681	3.61244E+01
5642	683	3.61264E+01
5642	759	3.61290E+01
5539	366	3.61468E+01
5642	558	3.61536E+01
10723	804	3.61536E+01
5642	417	3.61622E+01
5539	767	3.61644E+01
5539	675	3.61742E+01
10723	375	3.61797E+01
5539	800	3.61855E+01
10639	640	3.61932E+01
5539	278	3.61973E+01
5642	467	3.62093E+01
5642	634	3.62126E+01
5642	717	3.62168E+01
10807	375	3.62184E+01
5642	233	3.62189E+01
5539	603	3.62297E+01
10639	722	3.62332E+01
5642	457	3.62611E+01
5539	758	3.62735E+01
5539	326	3.62811E+01
5539	726	3.62857E+01
5539	232	3.63063E+01
5539	379	3.63141E+01
5642	366	3.63251E+01
10723	464	3.63438E+01
5642	807	3.63450E+01
5539	644	3.63556E+01
5539	685	3.63621E+01
5642	278	3.63647E+01
5539	568	3.63727E+01
5539	592	3.63764E+01
10807	464	3.63774E+01
10723	555	3.63776E+01
5539	429	3.63848E+01
5642	675	3.63878E+01
5539	548	3.63919E+01
10807	555	3.64005E+01
5642	602	3.64177E+01
5642	800	3.64189E+01
5539	809	3.64262E+01
5539	716	3.64334E+01
10807	680	3.64395E+01
5539	416	3.64402E+01
5642	766	3.64430E+01
5642	326	3.64448E+01
10639	337	3.64602E+01
10723	680	3.64666E+01
5642	232	3.64702E+01
5642	378	3.64805E+01
5539	633	3.64809E+01
10639	599	3.64839E+01
5642	758	3.64901E+01
10639	763	3.64903E+01
5539	560	3.65278E+01
10807	639	3.65312E+01
5642	725	3.65318E+01
10723	639	3.65335E+01
5642	428	3.65386E+01
10807	721	3.65485E+01
10723	336	3.65496E+01
5642	643	3.65523E+01
5642	568	3.65539E+01
5539	277	3.65611E+01
5642	592	3.65612E+01
5539	456	3.65668E+01
5642	548	3.65700E+01
5642	684	3.65796E+01
11435	650	3.65833E+01
10639	425	3.65835E+01
10723	721	3.65919E+01
5539	231	3.65974E+01
5642	416	3.66034E+01
5539	365	3.66117E+01
5539	469	3.66162E+01
10807	336	3.66176E+01
5539	799	3.66273E+01
5539	768	3.66290E+01
5642	716	3.66291E+01
11357	650	3.66360E+01
11435	691	3.66367E+01
11435	609	3.66382E+01
5642	633	3.66628E+01
5539	674	3.66800E+01
5642	559	3.66828E+01
11357	609	3.66875E+01
11357	691	3.66926E+01
5642	277	3.67026E+01
5539	325	3.67122E+01
5642	808	3.67230E+01
5642	456	3.67269E+01
5642	231	3.67388E+01
11435	732	3.67550E+01
5539	757	3.67565E+01
5642	468	3.67578E+01
5642	365	3.67580E+01
5539	727	3.68131E+01
10723	424	3.68145E+01
11357	732	3.68145E+01
5642	799	3.68147E+01
10807	762	3.68252E+01
5539	604	3.68345E+01
10723	598	3.68381E+01
10639	375	3.68408E+01
5642	325	3.68472E+01
5642	674	3.68509E+01
11435	649	3.68536E+01
10807	598	3.68721E+01
10639	804	3.68760E+01
10723	762	3.68783E+01
11435	690	3.68840E+01
5539	810	3.68851E+01
10807	424	3.68873E+01
5642	767	3.68899E+01
11435	565	3.68909E+01
5539	230	3.69024E+01
11357	649	3.69064E+01
5539	567	3.69139E+01
5539	591	3.69190E+01
11435	773	3.69213E+01
5539	380	3.69287E+01
5642	757	3.69287E+01
5539	547	3.69333E+01
11357	565	3.69357E+01
5539	686	3.69381E+01
11357	690	3.69410E+01
5539	276	3.69461E+01
5539	715	3.69566E+01
5539	415	3.69568E+01
5539	645	3.69598E+01
11435	608	3.69640E+01
11357	773	3.69854E+01
5642	603	3.69857E+01
11435	731	3.70044E+01
11357	608	3.70124E+01
5642	230	3.70226E+01
10639	464	3.70227E+01
5539	430	3.70242E+01
5539	632	3.70300E+01
10723	374	3.70362E+01
5642	726	3.70375E+01
5642	567	3.70574E+01
5642	276	3.70631E+01
10639	555	3.70636E+01
5642	379	3.70649E+01
5642	591	3.70650E+01
11357	731	3.70658E+01
5642	547	3.70743E+01
5642	415	3.70868E+01
5539	364	3.71080E+01
5642	715	3.71102E+01
5539	455	3.71110E+01
5642	644	3.71247E+01
5642	685	3.71291E+01
10807	374	3.71301E+01
11435	814	3.71324E+01
5539	798	3.71354E+01
5642	429	3.71446E+01
5539	769	3.71631E+01
5539	324	3.71682E+01
10639	680	3.71722E+01
5642	632	3.71723E+01
5642	809	3.71776E+01
5539	561	3.71909E+01
11435	772	3.71912E+01
10639	336	3.72001E+01
11357	814	3.72022E+01
5539	229	3.72196E+01
5642	364	3.72243E+01
10639	639	3.72330E+01
5642	455	3.72367E+01
5539	673	3.72398E+01
11435	648	3.72449E+01
10807	803	3.72457E+01
11435	689	3.72482E+01
11357	772	3.72580E+01
5642	324	3.72763E+01
5642	798	3.72802E+01
5539	470	3.72944E+01
11357	648	3.72973E+01
5539	756	3.72983E+01
10723	803	3.73036E+01
10639	721	3.73038E+01
11357	689	3.73057E+01
5642	560	3.73110E+01
11435	564	3.73116E+01
5642	229	3.73198E+01
5539	275	3.73485E+01
11357	564	3.73543E+01
10723	463	3.73557E+01
10723	335	3.73593E+01
11435	730	3.73669E+01
5642	673	3.73712E+01
5539	811	3.73998E+01
5642	469	3.74025E+01
5539	728	3.74141E+01
11435	607	3.74145E+01
5642	768	3.74167E+01
5642	756	3.74297E+01
11357	730	3.74298E+01
11435	813	3.74362E+01
5642	275	3.74426E+01
10723	554	3.74480E+01
10807	463	3.74500E+01
11357	607	3.74614E+01
10807	335	3.74780E+01
10639	424	3.74876E+01
5539	566	3.74921E+01
5539	590	3.75009E+01
5539	414	3.75012E+01
11435	473	3.75026E+01
11357	813	3.75094E+01
5539	546	3.75101E+01
5539	605	3.75279E+01
5539	714	3.75288E+01
10639	598	3.75321E+01
10807	554	3.75333E+01
11357	473	3.75406E+01
5539	228	3.75480E+01
11435	771	3.75716E+01
5539	687	3.75924E+01
10639	762	3.75970E+01
5642	414	3.76005E+01
5642	566	3.76008E+01
5642	590	3.76112E+01
5642	546	3.76168E+01
5539	631	3.76187E+01
5539	363	3.76260E+01
5642	727	3.76270E+01
5642	228	3.76293E+01
11357	771	3.76406E+01
5539	323	3.76422E+01
5642	714	3.76438E+01
10723	679	3.76472E+01
5539	646	3.76474E+01
5642	604	3.76501E+01
5539	454	3.76826E+01
10807	679	3.76848E+01
5539	797	3.76937E+01
5642	810	3.76987E+01
10723	638	3.76990E+01
10639	374	3.77016E+01
5642	363	3.77144E+01
5642	631	3.77248E+01
5642	323	3.77251E+01
5642	380	3.77351E+01
11435	688	3.77396E+01
5539	431	3.77469E+01
5539	770	3.77562E+01
10807	638	3.77613E+01
5539	274	3.77646E+01
11435	647	3.77661E+01
5642	686	3.77667E+01
5642	454	3.77764E+01
5642	645	3.77897E+01
11357	688	3.77971E+01
5642	797	3.77998E+01
10723	720	3.78002E+01
10723	423	3.78090E+01
11357	647	3.78176E+01
10807	720	3.78218E+01
5539	672	3.78364E+01
5642	274	3.78371E+01
5642	430	3.78402E+01
11435	812	3.78491E+01
11435	729	3.78540E+01
11435	563	3.78585E+01
5539	755	3.78818E+01
5539	227	3.78865E+01
11357	563	3.78987E+01
11357	729	3.79178E+01
11357	812	3.79252E+01
5642	672	3.79318E+01
5539	562	3.79399E+01
10807	423	3.79406E+01
5642	227	3.79500E+01
5539	812	3.79599E+01
10723	373	3.79754E+01
5642	755	3.79762E+01
11435	606	3.79965E+01
10723	597	3.80024E+01
5642	769	3.80132E+01
10639	335	3.80151E+01
10639	803	3.80294E+01
5642	561	3.80329E+01
10639	463	3.80380E+01
11357	606	3.80415E+01
5539	471	3.80566E+01
5539	413	3.80613E+01
11435	472	3.80615E+01
11435	770	3.80747E+01
5539	729	3.80783E+01
11357	472	3.80963E+01
10807	597	3.81007E+01
5539	589	3.81059E+01
5539	545	3.81069E+01
10723	761	3.81249E+01
10807	373	3.81249E+01
5539	322	3.81271E+01
5642	413	3.81324E+01
5539	713	3.81325E+01
10639	554	3.81372E+01
10807	761	3.81374E+01
5642	470	3.81384E+01
11357	770	3.81453E+01
5539	362	3.81558E+01
5642	545	3.81822E+01
5642	589	3.81835E+01
5642	322	3.81867E+01
5539	273	3.81904E+01
5642	713	3.82124E+01
5642	362	3.82184E+01
5539	630	3.82302E+01
5539	226	3.82342E+01
10723	334	3.82385E+01
5642	273	3.82427E+01
5539	453	3.82674E+01
5642	811	3.82757E+01
5642	226	3.82810E+01
5539	796	3.82851E+01
5642	728	3.82904E+01
5539	606	3.83016E+01
5642	630	3.83033E+01
5539	688	3.83152E+01
5642	453	3.83321E+01
10639	679	3.83558E+01
5642	796	3.83561E+01
11435	687	3.83682E+01
11435	811	3.83838E+01
5539	771	3.83978E+01
10639	638	3.84015E+01
5642	605	3.84039E+01
10807	334	3.84085E+01
5539	647	3.84094E+01
11357	687	3.84251E+01
11435	646	3.84256E+01
5539	671	3.84524E+01
11357	811	3.84621E+01
5539	142	3.84646E+01
10723	462	3.84675E+01
11357	646	3.84756E+01
11435	728	3.84770E+01
5642	687	3.84832E+01
10639	423	3.84856E+01
5539	754	3.84895E+01
5642	142	3.85022E+01
10639	720	3.85151E+01
5642	671	3.85153E+01
11435	562	3.85363E+01
5642	646	3.85389E+01
11357	728	3.85410E+01
5539	432	3.85480E+01
5642	754	3.85504E+01
5539	813	3.85556E+01
11357	562	3.85737E+01
5539	225	3.85897E+01
10723	802	3.85968E+01
10807	802	3.86054E+01
1977	565	3.86125E+01
5539	321	3.86159E+01
5642	225	3.86207E+01
5642	431	3.86208E+01
5539	272	3.86215E+01
10807	462	3.86234E+01
5539	412	3.86251E+01
10723	553	3.86254E+01
10639	373	3.86448E+01
1977	609	3.86529E+01
5642	321	3.86539E+01
5642	272	3.86549E+01
5642	770	3.86691E+01
5642	412	3.86703E+01
5539	361	3.86878E+01
10639	597	3.86995E+01
5539	544	3.87088E+01
1977	564	3.87099E+01
11435	769	3.87127E+01
11435	605	3.87164E+01
5539	588	3.87179E+01
1977	608	3.87205E+01
1977	473	3.87233E+01
5642	361	3.87267E+01
11435	432	3.87341E+01
5539	141	3.87357E+01
11435	471	3.87441E+01
5539	712	3.87500E+01
5642	544	3.87556E+01
11357	605	3.87591E+01
5642	141	3.87605E+01
11357	432	3.87616E+01
5642	588	3.87661E+01
5539	563	3.87672E+01
10807	553	3.87744E+01
11357	471	3.87755E+01
1977	650	3.87784E+01
11357	769	3.87842E+01
5539	730	3.87952E+01
5642	712	3.87985E+01
5642	562	3.88418E+01
10639	761	3.88466E+01
5539	629	3.88478E+01
5539	452	3.88523E+01
1977	649	3.88533E+01
1977	607	3.88851E+01
2087	565	3.88855E+01
5539	381	3.88888E+01
5642	452	3.88906E+01
10723	422	3.88910E+01
5642	629	3.88912E+01
5539	795	3.88919E+01
5539	472	3.88969E+01
1977	472	3.88976E+01
5642	812	3.88984E+01
10639	334	3.88991E+01
1977	563	3.89099E+01
5642	381	3.89211E+01
2087	609	3.89251E+01
5642	795	3.89317E+01
5539	224	3.89511E+01
10723	678	3.89523E+01
5642	471	3.89598E+01
2087	564	3.89614E+01
5642	224	3.89672E+01
2087	608	3.89702E+01
1977	691	3.89756E+01
10723	637	3.89825E+01
2087	473	3.89871E+01
10723	372	3.89904E+01
5539	140	3.90157E+01
5642	729	3.90176E+01
1977	648	3.90186E+01
5642	140	3.90283E+01
2087	650	3.90401E+01
5539	271	3.90532E+01
11435	810	3.90532E+01
10807	678	3.90572E+01
5642	271	3.90691E+01
5539	670	3.90712E+01
5539	772	3.90776E+01
10807	422	3.90820E+01
1977	690	3.90843E+01
2087	649	3.90919E+01
5539	689	3.90962E+01
5539	320	3.91014E+01
5539	753	3.91040E+01
5642	670	3.91050E+01
10807	637	3.91114E+01
2087	607	3.91128E+01
5642	320	3.91195E+01
10723	286	3.91295E+01
11357	810	3.91329E+01
5642	753	3.91352E+01
10723	719	3.91366E+01
1977	432	3.91393E+01
2087	563	3.91404E+01
2087	472	3.91411E+01
11435	686	3.91430E+01
5539	607	3.91469E+01
1977	606	3.91521E+01
10639	462	3.91530E+01
1977	471	3.91771E+01
5539	814	3.91780E+01
10723	333	3.91798E+01
5539	411	3.91816E+01
10807	372	3.91959E+01
11357	686	3.91987E+01
5642	411	3.92033E+01
5539	360	3.92126E+01
1977	562	3.92163E+01
2087	691	3.92177E+01
10807	719	3.92263E+01
5642	360	3.92300E+01
11435	645	3.92304E+01
2087	648	3.92345E+01
5539	648	3.92361E+01
5642	606	3.92390E+01
11435	727	3.92463E+01
1977	732	3.92585E+01
5642	688	3.92687E+01
10723	596	3.92754E+01
1977	689	3.92769E+01
11357	645	3.92784E+01
1977	647	3.92808E+01
5539	543	3.93022E+01
2087	690	3.93029E+01
5539	139	3.93030E+01
5642	139	3.93041E+01
11357	727	3.93098E+01
5539	223	3.93154E+01
5642	223	3.93175E+01
10639	553	3.93177E+01
5539	587	3.93225E+01
5642	543	3.93235E+01
10639	802	3.93254E+01
5642	587	3.93443E+01
11435	561	3.93489E+01
10807	286	3.93529E+01
2087	606	3.93584E+01
5642	647	3.93631E+01
5539	711	3.93650E+01
5642	771	3.93737E+01
11357	561	3.93830E+01
2087	432	3.93831E+01
5642	711	3.93855E+01
2087	471	3.94008E+01
10807	333	3.94012E+01
1977	731	3.94175E+01
5539	451	3.94253E+01
2087	562	3.94263E+01
10807	596	3.94395E+01
5642	451	3.94398E+01
1977	431	3.94421E+01
5539	628	3.94565E+01
11435	431	3.94700E+01
2087	732	3.94721E+01
2087	689	3.94724E+01
5642	628	3.94735E+01
2087	647	3.94746E+01
5642	270	3.94801E+01
5539	270	3.94803E+01
5642	432	3.94821E+01
11357	431	3.94934E+01
11435	768	3.94972E+01
5539	794	3.94975E+01
10723	760	3.95006E+01
5642	794	3.95097E+01
1977	605	3.95268E+01
11435	470	3.95526E+01
5539	731	3.95546E+01
5642	813	3.95569E+01
1977	688	3.95607E+01
1977	470	3.95636E+01
11357	768	3.95688E+01
10639	422	3.95711E+01
5539	319	3.95766E+01
5642	319	3.95767E+01
11435	604	3.95793E+01
11357	470	3.95801E+01
10807	760	3.95820E+01
5642	138	3.95854E+01
5539	138	3.95954E+01
5539	339	3.95960E+01
5642	339	3.95970E+01
2087	731	3.96076E+01
11357	604	3.96190E+01
1977	561	3.96326E+01
1977	646	3.96464E+01
1977	773	3.96499E+01
1977	730	3.96549E+01
10639	372	3.96635E+01
10639	678	3.96636E+01
5539	564	3.96654E+01
2087	431	3.96671E+01
5642	222	3.96680E+01
10723	461	3.96699E+01
5539	669	3.96776E+01
5539	222	3.96791E+01
5642	669	3.96856E+01
10639	637	3.96878E+01
5539	752	3.97093E+01
2087	605	3.97121E+01
5642	752	3.97143E+01
5642	359	3.97198E+01
5539	410	3.97208E+01
5642	410	3.97216E+01
5539	359	3.97218E+01
5642	563	3.97304E+01
2087	688	3.97336E+01
2087	470	3.97681E+01
10639	286	3.97800E+01
5539	773	3.97865E+01
5642	730	3.97979E+01
5539	473	3.98091E+01
3112	469	3.98111E+01
3112	560	3.98164E+01
2087	646	3.98185E+01
2087	730	3.98218E+01
2087	561	3.98226E+01
2087	773	3.98267E+01
3112	561	3.98393E+01
10639	333	3.98448E+01
1977	430	3.98480E+01
10639	719	3.98542E+01
5642	472	3.98611E+01
3112	468	3.98614E+01
3112	470	3.98623E+01
3112	604	3.98644E+01
3112	429	3.98653E+01
1977	772	3.98681E+01
5642	137	3.98696E+01
11435	809	3.98697E+01
5642	542	3.98742E+01
5539	542	3.98756E+01
5642	269	3.98826E+01
10807	461	3.98881E+01
5539	137	3.98902E+01
3112	430	3.98944E+01
5539	269	3.98976E+01
3112	559	3.98985E+01
10723	552	3.98989E+01
5642	586	3.99055E+01
5539	586	3.99071E+01
3112	603	3.99107E+01
3112	605	3.99223E+01
5539	690	3.99254E+01
3112	428	3.99340E+01
1977	687	3.99428E+01
11357	809	3.99500E+01
5642	710	3.99587E+01
3112	645	3.99618E+01
5539	710	3.99626E+01
3112	562	3.99637E+01
5642	450	3.99697E+01
3112	379	3.99727E+01
10639	596	3.99753E+01
5539	450	3.99764E+01
1977	729	3.99781E+01
3112	644	4.00030E+01
3112	380	4.00080E+01
10723	285	4.00080E+01
3112	471	4.00121E+01
1977	604	4.00133E+01
5642	221	4.00144E+01
3112	467	4.00152E+01
10723	801	4.00171E+01
5642	318	4.00189E+01
3112	431	4.00191E+01
2087	772	4.00216E+01
3112	646	4.00221E+01
3112	378	4.00311E+01
5539	318	4.00352E+01
5642	627	4.00370E+01
5539	221	4.00378E+01
5539	627	4.00434E+01
10723	421	4.00518E+01
2087	430	4.00546E+01
5539	608	4.00553E+01
1977	469	4.00588E+01
3112	602	4.00653E+01
11435	685	4.00717E+01
10723	371	4.00731E+01
5642	793	4.00751E+01
3112	606	4.00792E+01
5539	793	4.00869E+01
3112	558	4.00882E+01
2087	687	4.00937E+01
10807	801	4.00959E+01
3112	686	4.00969E+01
3112	427	4.01024E+01
10807	552	4.01124E+01
5642	689	4.01132E+01
5642	772	4.01172E+01
5539	649	4.01181E+01
1977	645	4.01210E+01
2087	729	4.01224E+01
11357	685	4.01254E+01
3112	687	4.01337E+01
1977	380	4.01450E+01
5642	607	4.01468E+01
3112	643	4.01510E+01
5642	136	4.01533E+01
3112	685	4.01579E+01
1977	771	4.01602E+01
1977	560	4.01612E+01
11435	726	4.01712E+01
1977	814	4.01720E+01
10723	332	4.01751E+01
3112	647	4.01774E+01
2087	604	4.01780E+01
5539	136	4.01839E+01
3112	377	4.01842E+01
3112	563	4.01851E+01
11435	644	4.01865E+01
5642	358	4.01889E+01
5539	358	4.02084E+01
5642	409	4.02171E+01
10639	760	4.02247E+01
11357	644	4.02318E+01
11357	726	4.02333E+01
5539	409	4.02351E+01
3112	432	4.02373E+01
5642	814	4.02428E+01
5642	668	4.02442E+01
2087	469	4.02443E+01
5642	648	4.02529E+01
3112	472	4.02572E+01
5539	668	4.02588E+01
3112	688	4.02608E+01
3112	728	4.02702E+01
5642	268	4.02715E+01
2087	645	4.02719E+01
3112	466	4.02738E+01
5642	751	4.02739E+01
3112	727	4.02759E+01
10807	285	4.02762E+01
2087	771	4.02908E+01
5539	751	4.02917E+01
11435	560	4.02988E+01
5539	268	4.03001E+01
10807	421	4.03022E+01
2087	814	4.03041E+01
11435	430	4.03216E+01
3112	684	4.03231E+01
3112	607	4.03291E+01
11357	560	4.03291E+01
3112	601	4.03307E+01
2087	560	4.03316E+01
10807	371	4.03345E+01
11357	430	4.03408E+01
5539	732	4.03471E+01
3112	729	4.03502E+01
5642	220	4.03522E+01
2087	380	4.03570E+01
1977	429	4.03575E+01
3112	338	4.03580E+01
10639	461	4.03586E+01
10723	677	4.03658E+01
10723	636	4.03691E+01
3112	426	4.03709E+01
3112	726	4.03755E+01
3112	557	4.03868E+01
5539	220	4.03869E+01
1977	728	4.03949E+01
5642	541	4.03982E+01
3112	642	4.04101E+01
5539	541	4.04196E+01
3112	648	4.04205E+01
1977	686	4.04299E+01
3112	376	4.04323E+01
5642	135	4.04330E+01
11435	767	4.04387E+01
5642	585	4.04394E+01
5642	317	4.04406E+01
10807	332	4.04478E+01
3112	769	4.04521E+01
1977	813	4.04526E+01
5539	585	4.04616E+01
3112	689	4.04704E+01
5539	317	4.04717E+01
5642	449	4.04724E+01
3112	770	4.04727E+01
5539	135	4.04728E+01
5642	287	4.04880E+01
11435	469	4.04882E+01
5539	449	4.04978E+01
3112	564	4.04986E+01
5642	709	4.05056E+01
3112	730	4.05075E+01
11357	767	4.05095E+01
11357	469	4.05116E+01
3112	768	4.05132E+01
2087	728	4.05171E+01
5539	287	4.05223E+01
5539	709	4.05309E+01
1977	770	4.05338E+01
10807	677	4.05398E+01
2087	429	4.05463E+01
2087	686	4.05592E+01
2087	813	4.05620E+01
10807	636	4.05660E+01
3112	771	4.05663E+01
5642	626	4.05713E+01
3112	725	4.05760E+01
10723	718	4.05836E+01
11435	603	4.05885E+01
3112	337	4.05912E+01
3112	473	4.05942E+01
10639	552	4.05942E+01
3112	683	4.05978E+01
5539	626	4.05980E+01
1977	603	4.06147E+01
5642	792	4.06151E+01
5642	731	4.06215E+01
11357	603	4.06248E+01
5539	565	4.06274E+01
1977	379	4.06307E+01
5642	357	4.06321E+01
3112	465	4.06372E+01
2087	770	4.06421E+01
5642	267	4.06424E+01
10723	595	4.06430E+01
5539	792	4.06476E+01
3112	811	4.06549E+01
1977	468	4.06632E+01
10639	285	4.06641E+01
3112	767	4.06643E+01
3112	608	4.06659E+01
5539	357	4.06671E+01
5642	219	4.06769E+01
3112	812	4.06788E+01
5539	267	4.06833E+01
5642	408	4.06839E+01
5642	564	4.06915E+01
3112	810	4.07007E+01
5642	134	4.07048E+01
3112	600	4.07083E+01
1977	644	4.07092E+01
5539	408	4.07186E+01
5539	219	4.07220E+01
3112	772	4.07244E+01
3112	731	4.07337E+01
10639	421	4.07352E+01
3112	425	4.07389E+01
10807	718	4.07435E+01
3112	649	4.07442E+01
10639	801	4.07479E+01
10639	371	4.07498E+01
8597	650	4.07520E+01
5539	134	4.07533E+01
3112	690	4.07542E+01
2087	603	4.07595E+01
3112	813	4.07639E+01
5642	667	4.07707E+01
3112	375	4.07738E+01
3112	641	4.07825E+01
5539	691	4.07937E+01
3112	556	4.07941E+01
8597	609	4.08003E+01
5642	750	4.08027E+01
1977	559	4.08035E+01
1977	812	4.08039E+01
5539	667	4.08049E+01
3112	809	4.08248E+01
2087	379	4.08257E+01
2087	468	4.08303E+01
5642	473	4.08366E+01
5642	316	4.08374E+01
2087	644	4.08394E+01
5539	750	4.08402E+01
10639	332	4.08441E+01
11435	808	4.08450E+01
10807	595	4.08737E+01
5539	316	4.08818E+01
3112	724	4.08837E+01
5642	540	4.08886E+01
5642	773	4.08906E+01
2087	812	4.08911E+01
3112	565	4.08994E+01
3112	814	4.09022E+01
8597	691	4.09099E+01
3112	336	4.09100E+01
1977	727	4.09124E+01
3112	766	4.09132E+01
10723	284	4.09220E+01
11357	808	4.09249E+01
5539	540	4.09275E+01
5642	584	4.09384E+01
3112	773	4.09388E+01
5642	448	4.09419E+01
10723	460	4.09512E+01
2087	559	4.09547E+01
5642	133	4.09653E+01
11435	380	4.09700E+01
1977	428	4.09712E+01
5539	584	4.09784E+01
11357	380	4.09820E+01
5539	448	4.09838E+01
5642	218	4.09847E+01
3112	682	4.09856E+01
10723	759	4.09859E+01
5642	266	4.09915E+01
1977	769	4.09967E+01
5642	690	4.10069E+01
2087	727	4.10130E+01
5642	708	4.10169E+01
5539	609	4.10188E+01
3112	732	4.10205E+01
5539	133	4.10217E+01
1977	685	4.10276E+01
3112	808	4.10356E+01
5539	218	4.10393E+01
5539	266	4.10435E+01
5642	356	4.10453E+01
5539	650	4.10468E+01
5539	708	4.10606E+01
5642	625	4.10686E+01
10639	636	4.10771E+01
10639	677	4.10795E+01
2087	769	4.10832E+01
3112	609	4.10835E+01
5539	356	4.10941E+01
3112	464	4.11040E+01
3112	691	4.11045E+01
5539	625	4.11130E+01
5642	407	4.11179E+01
5642	608	4.11191E+01
5642	791	4.11198E+01
2087	685	4.11360E+01
10807	759	4.11389E+01
3112	650	4.11415E+01
2087	428	4.11425E+01
8597	565	4.11589E+01
11435	684	4.11603E+01
5539	407	4.11672E+01
5539	791	4.11700E+01
3112	599	4.11976E+01
5642	649	4.11994E+01
3112	424	4.12043E+01
3112	374	4.12058E+01
5642	315	4.12065E+01
11357	684	4.12114E+01
5642	132	4.12116E+01
10723	370	4.12140E+01
1977	378	4.12153E+01
8685	650	4.12155E+01
10723	331	4.12160E+01
8597	732	4.12189E+01
10807	460	4.12317E+01
1977	811	4.12332E+01
10807	284	4.12347E+01
10723	551	4.12544E+01
5642	666	4.12577E+01
11435	725	4.12596E+01
5539	315	4.12626E+01
3112	765	4.12664E+01
3112	640	4.12691E+01
5642	217	4.12728E+01
5539	132	4.12754E+01
10723	420	4.12801E+01
11435	429	4.12898E+01
5642	749	4.12924E+01
8685	609	4.12947E+01
11435	643	4.12977E+01
2087	811	4.12987E+01
3112	723	4.13030E+01
10639	718	4.13035E+01
11357	429	4.13043E+01
5539	666	4.13087E+01
3112	555	4.13091E+01
3112	335	4.13105E+01
5642	265	4.13162E+01
11357	725	4.13196E+01
8597	649	4.13293E+01
1977	602	4.13329E+01
5539	217	4.13360E+01
11357	643	4.13397E+01
5642	539	4.13407E+01
3112	807	4.13409E+01
8685	691	4.13436E+01
10639	595	4.13457E+01
5539	749	4.13466E+01
5642	447	4.13747E+01
1977	467	4.13767E+01
5539	265	4.13781E+01
11435	559	4.13868E+01
2087	378	4.13936E+01
5539	539	4.13948E+01
5642	583	4.13973E+01
11357	559	4.14131E+01
1977	643	4.14142E+01
8597	608	4.14246E+01
5642	355	4.14266E+01
5539	447	4.14309E+01
5642	131	4.14417E+01
5539	583	4.14527E+01
2087	602	4.14582E+01
8597	690	4.14722E+01
5642	732	4.14792E+01
5642	707	4.14861E+01
5539	355	4.14875E+01
3112	681	4.14881E+01
5642	235	4.15083E+01
5539	131	4.15121E+01
5642	406	4.15168E+01
5642	624	4.15239E+01
2087	643	4.15245E+01
2087	467	4.15258E+01
10807	370	4.15309E+01
10807	551	4.15326E+01
1977	726	4.15368E+01
5642	216	4.15394E+01
10807	331	4.15395E+01
10723	800	4.15433E+01
5539	707	4.15454E+01
5642	314	4.15462E+01
11435	766	4.15467E+01
11435	468	4.15513E+01
1977	768	4.15561E+01
1977	558	4.15594E+01
11357	468	4.15703E+01
5539	235	4.15771E+01
5539	406	4.15788E+01
5642	790	4.15822E+01
10639	284	4.15830E+01
5539	624	4.15833E+01
10807	420	4.15898E+01
5539	216	4.16103E+01
5539	314	4.16127E+01
5642	264	4.16151E+01
11357	766	4.16157E+01
2087	726	4.16166E+01
8685	732	4.16213E+01
2087	768	4.16215E+01
10639	460	4.16430E+01
5539	790	4.16473E+01
8597	773	4.16528E+01
5642	130	4.16541E+01
3112	463	4.16716E+01
5539	264	4.16858E+01
1977	427	4.16882E+01
8685	565	4.16890E+01
5741	284	4.16894E+01
2087	558	4.16920E+01
5741	331	4.16941E+01
10807	800	4.16951E+01
5741	332	4.16972E+01
5642	665	4.17006E+01
5741	283	4.17105E+01
10639	759	4.17121E+01
5642	565	4.17184E+01
5741	285	4.17223E+01
3112	373	4.17239E+01
5741	371	4.17273E+01
3112	764	4.17286E+01
5539	130	4.17305E+01
5642	748	4.17376E+01
5741	370	4.17403E+01
1977	684	4.17405E+01
11435	602	4.17457E+01
3112	806	4.17475E+01
1977	810	4.17480E+01
5642	538	4.17519E+01
5741	330	4.17567E+01
3112	423	4.17634E+01
5539	665	4.17659E+01
5642	446	4.17689E+01
5741	333	4.17707E+01
5642	354	4.17752E+01
11357	602	4.17781E+01
5741	282	4.17811E+01
5642	215	4.17839E+01
5741	421	4.17864E+01
3112	334	4.17874E+01
8597	731	4.17908E+01
2087	810	4.17925E+01
5741	372	4.17963E+01
3112	598	4.17967E+01
8685	649	4.17998E+01
5642	91	4.18037E+01
5539	748	4.18059E+01
5741	286	4.18133E+01
5642	582	4.18134E+01
5539	538	4.18191E+01
5741	420	4.18221E+01
2087	684	4.18288E+01
5741	369	4.18302E+01
3112	722	4.18358E+01
5539	446	4.18374E+01
10723	635	4.18403E+01
5741	422	4.18416E+01
2087	427	4.18424E+01
5539	354	4.18467E+01
5642	129	4.18485E+01
5642	313	4.18565E+01
5539	215	4.18616E+01
10723	283	4.18639E+01
10723	676	4.18677E+01
5741	461	4.18682E+01
3112	639	4.18683E+01
8597	564	4.18695E+01
8773	650	4.18700E+01
5642	405	4.18798E+01
5741	329	4.18798E+01
5539	582	4.18820E+01
5539	91	4.18834E+01
5642	263	4.18879E+01
10639	331	4.18889E+01
10639	370	4.18942E+01
5741	281	4.18970E+01
1977	377	4.18977E+01
5741	460	4.18988E+01
5642	706	4.19094E+01
8685	690	4.19102E+01
11435	379	4.19170E+01
5741	334	4.19190E+01
11357	379	4.19243E+01
3112	554	4.19286E+01
8685	608	4.19292E+01
5539	129	4.19302E+01
5642	90	4.19309E+01
5539	313	4.19322E+01
5642	623	4.19345E+01
5741	462	4.19363E+01
5642	691	4.19409E+01
5741	419	4.19427E+01
8773	691	4.19436E+01
5741	373	4.19515E+01
10639	551	4.19526E+01
5539	405	4.19528E+01
5741	552	4.19602E+01
5539	263	4.19665E+01
10639	420	4.19668E+01
5539	706	4.19819E+01
11435	807	4.19896E+01
5741	368	4.19909E+01
5741	553	4.19911E+01
5741	423	4.19918E+01
5642	789	4.19984E+01
5642	214	4.20064E+01
5539	623	4.20067E+01
8597	473	4.20098E+01
8773	609	4.20099E+01
5539	90	4.20145E+01
9002	609	4.20189E+01
8685	773	4.20206E+01
5741	459	4.20221E+01
5642	128	4.20250E+01
5741	551	4.20310E+01
8597	648	4.20343E+01
5642	89	4.20467E+01
5741	280	4.20539E+01
5741	596	4.20569E+01
5741	328	4.20583E+01
2087	377	4.20597E+01
9002	650	4.20660E+01
11357	807	4.20681E+01
5539	789	4.20760E+01
10723	594	4.20875E+01
5539	214	4.20902E+01
5642	353	4.20916E+01
5642	664	4.20972E+01
5741	595	4.21013E+01
3112	680	4.21040E+01
10807	635	4.21057E+01
5741	463	4.21067E+01
5539	128	4.21113E+01
10807	676	4.21118E+01
5741	597	4.21191E+01
10723	717	4.21195E+01
5642	537	4.21216E+01
5642	445	4.21241E+01
5741	554	4.21284E+01
5539	89	4.21338E+01
5642	747	4.21356E+01
5642	262	4.21356E+01
5642	312	4.21384E+01
5741	418	4.21410E+01
5741	335	4.21455E+01
5642	609	4.21485E+01
5642	88	4.21519E+01
8597	689	4.21583E+01
5741	637	4.21610E+01
8773	732	4.21670E+01
1977	601	4.21678E+01
5539	353	4.21722E+01
5539	664	4.21746E+01
5741	234	4.21766E+01
8597	607	4.21800E+01
5642	127	4.21844E+01
5642	581	4.21857E+01
5642	650	4.21941E+01
8685	731	4.21951E+01
5741	374	4.21959E+01
5741	550	4.21962E+01
1977	466	4.21977E+01
5539	537	4.21999E+01
8597	814	4.22004E+01
5741	636	4.22025E+01
5539	445	4.22033E+01
5642	404	4.22072E+01
5642	213	4.22079E+01
5741	367	4.22154E+01
5539	747	4.22157E+01
1977	767	4.22189E+01
10807	283	4.22207E+01
5539	262	4.22210E+01
5539	312	4.22220E+01
5741	638	4.22281E+01
5741	458	4.22298E+01
1977	642	4.22379E+01
5741	424	4.22393E+01
5539	88	4.22421E+01
5741	594	4.22456E+01
5642	87	4.22474E+01
5741	279	4.22479E+01
8597	772	4.22518E+01
3112	805	4.22599E+01
9002	565	4.22614E+01
2087	767	4.22639E+01
5539	581	4.22655E+01
5741	678	4.22684E+01
1977	725	4.22738E+01
2087	601	4.22744E+01
5539	127	4.22749E+01
10639	800	4.22758E+01
3112	286	4.22777E+01
5642	705	4.22854E+01
5741	327	4.22863E+01
5539	404	4.22898E+01
5741	598	4.22916E+01
10723	330	4.22940E+01
10723	459	4.22966E+01
5539	213	4.22971E+01
5642	622	4.22997E+01
3112	763	4.23019E+01
1977	338	4.23115E+01
5741	679	4.23193E+01
3112	372	4.23224E+01
5741	677	4.23259E+01
5642	126	4.23281E+01
2087	642	4.23289E+01
2087	466	4.23294E+01
2087	725	4.23335E+01
5642	86	4.23340E+01
3112	333	4.23345E+01
3112	462	4.23355E+01
9002	691	4.23385E+01
5539	87	4.23402E+01
5741	233	4.23438E+01
5741	635	4.23458E+01
10807	717	4.23511E+01
1977	809	4.23558E+01
5642	261	4.23598E+01
5642	788	4.23669E+01
5539	705	4.23689E+01
5741	555	4.23738E+01
11435	428	4.23745E+01
5642	352	4.23769E+01
2087	809	4.23799E+01
5741	464	4.23809E+01
5539	622	4.23827E+01
11357	428	4.23842E+01
10807	594	4.23850E+01
5741	719	4.23861E+01
5642	212	4.23900E+01
5642	311	4.23934E+01
10723	369	4.24023E+01
5741	720	4.24046E+01
5741	639	4.24072E+01
5741	417	4.24081E+01
3112	422	4.24110E+01
5642	85	4.24129E+01
8685	564	4.24131E+01
11435	683	4.24132E+01
5539	126	4.24223E+01
1977	557	4.24276E+01
5539	86	4.24293E+01
5642	444	4.24412E+01
5741	549	4.24462E+01
5642	663	4.24474E+01
5642	536	4.24502E+01
5539	261	4.24512E+01
5741	336	4.24523E+01
5539	788	4.24548E+01
5642	125	4.24578E+01
11357	683	4.24608E+01
5539	352	4.24656E+01
5741	718	4.24735E+01
5741	278	4.24751E+01
2087	338	4.24786E+01
8773	565	4.24792E+01
5741	593	4.24802E+01
3112	721	4.24809E+01
5741	680	4.24820E+01
8597	730	4.24825E+01
5539	212	4.24839E+01
5539	311	4.24840E+01
8773	649	4.24842E+01
5741	676	4.24845E+01
5642	84	4.24849E+01
5642	746	4.24860E+01
5741	366	4.24960E+01
5741	761	4.24991E+01
5642	403	4.25003E+01
3112	597	4.25009E+01
1977	426	4.25064E+01
8773	773	4.25083E+01
5539	85	4.25102E+01
5741	457	4.25121E+01
8685	648	4.25142E+01
5642	580	4.25149E+01
11435	724	4.25175E+01
5741	760	4.25242E+01
8685	814	4.25292E+01
5539	444	4.25294E+01
10639	283	4.25295E+01
5741	375	4.25312E+01
5741	232	4.25315E+01
5741	721	4.25332E+01
8773	690	4.25344E+01
5539	663	4.25350E+01
5539	536	4.25380E+01
2087	557	4.25422E+01
10639	635	4.25507E+01
5642	83	4.25512E+01
5642	211	4.25545E+01
5539	125	4.25553E+01
10723	758	4.25574E+01
5741	326	4.25582E+01
5642	260	4.25626E+01
10723	419	4.25629E+01
11435	642	4.25661E+01
1977	683	4.25718E+01
11357	724	4.25744E+01
5741	599	4.25751E+01
5642	124	4.25752E+01
3112	638	4.25757E+01
5539	746	4.25760E+01
5741	762	4.25809E+01
5741	634	4.25814E+01
10639	676	4.25836E+01
5539	84	4.25841E+01
8685	473	4.25845E+01
5741	425	4.25852E+01
5539	403	4.25911E+01
8685	689	4.26029E+01
5539	580	4.26042E+01
11357	642	4.26042E+01
11435	558	4.26125E+01
5642	82	4.26127E+01
5642	704	4.26148E+01
5741	802	4.26171E+01
8685	772	4.26198E+01
5642	621	4.26205E+01
5642	310	4.26236E+01
5642	351	4.26331E+01
11357	558	4.26342E+01
9002	608	4.26348E+01
10807	459	4.26390E+01
2087	683	4.26406E+01
5741	803	4.26436E+01
2087	426	4.26440E+01
3112	553	4.26476E+01
5741	759	4.26511E+01
5539	83	4.26521E+01
5539	211	4.26526E+01
5539	260	4.26593E+01
5741	717	4.26593E+01
9002	649	4.26639E+01
10807	330	4.26675E+01
5642	81	4.26703E+01
1977	376	4.26750E+01
10723	550	4.26750E+01
5539	124	4.26755E+01
8773	608	4.26808E+01
5642	123	4.26819E+01
5642	787	4.26883E+01
5741	801	4.26926E+01
8685	607	4.26970E+01
5741	640	4.26985E+01
5642	210	4.27035E+01
5539	704	4.27075E+01
8597	563	4.27124E+01
5539	621	4.27126E+01
5539	82	4.27151E+01
5539	310	4.27203E+01
5642	443	4.27219E+01
5642	80	4.27247E+01
5741	556	4.27269E+01
5539	351	4.27286E+01
5741	277	4.27320E+01
5741	416	4.27343E+01
5741	675	4.27345E+01
5741	231	4.27376E+01
5642	535	4.27395E+01
11435	467	4.27410E+01
5642	259	4.27464E+01
5642	662	4.27528E+01
11357	467	4.27553E+01
5741	681	4.27567E+01
5741	465	4.27587E+01
8773	731	4.27602E+01
5642	402	4.27611E+01
5741	568	4.27665E+01
5741	548	4.27693E+01
5741	763	4.27707E+01
5741	722	4.27725E+01
5539	81	4.27741E+01
10807	369	4.27741E+01
5741	804	4.27743E+01
5642	79	4.27766E+01
5642	122	4.27795E+01
10807	758	4.27836E+01
5539	123	4.27847E+01
5539	787	4.27848E+01
5642	745	4.27903E+01
10639	594	4.27929E+01
5741	592	4.27933E+01
3112	285	4.27953E+01
9002	732	4.28003E+01
5642	579	4.28028E+01
5539	210	4.28053E+01
5539	443	4.28178E+01
2087	376	4.28212E+01
5741	365	4.28244E+01
5642	78	4.28265E+01
10723	282	4.28269E+01
11435	765	4.28285E+01
3112	679	4.28289E+01
5539	80	4.28299E+01
5642	309	4.28313E+01
5539	535	4.28352E+01
8597	813	4.28389E+01
5642	209	4.28393E+01
5741	337	4.28398E+01
10639	717	4.28414E+01
5539	259	4.28477E+01
5539	662	4.28487E+01
8597	472	4.28500E+01
5741	456	4.28575E+01
5539	402	4.28588E+01
5642	350	4.28621E+01
5741	800	4.28642E+01
5741	325	4.28677E+01
5642	121	4.28696E+01
5741	758	4.28716E+01
5642	77	4.28748E+01
8597	647	4.28750E+01
3112	804	4.28795E+01
5539	79	4.28830E+01
5539	122	4.28847E+01
5539	745	4.28884E+01
8685	730	4.28913E+01
11357	765	4.28947E+01
5741	633	4.28971E+01
5642	620	4.28990E+01
5642	703	4.28996E+01
5539	579	4.28999E+01
9002	473	4.29066E+01
5642	258	4.29137E+01
9002	564	4.29183E+01
5642	76	4.29219E+01
10807	419	4.29311E+01
5741	716	4.29330E+01
5539	309	4.29332E+01
5539	78	4.29340E+01
9002	690	4.29362E+01
5539	209	4.29444E+01
3112	332	4.29446E+01
8773	814	4.29523E+01
5642	120	4.29536E+01
5741	376	4.29575E+01
5741	230	4.29604E+01
5539	350	4.29635E+01
5642	208	4.29640E+01
5642	786	4.29650E+01
8597	771	4.29678E+01
5741	600	4.29681E+01
5642	75	4.29681E+01
5642	442	4.29682E+01
10639	330	4.29705E+01
11435	378	4.29709E+01
11357	378	4.29732E+01
5539	121	4.29768E+01
8597	688	4.29773E+01
5539	77	4.29834E+01
3112	762	4.29846E+01
1977	766	4.29909E+01
5642	401	4.29914E+01
10639	459	4.29915E+01
5642	534	4.29916E+01
3112	371	4.29947E+01
5539	620	4.29986E+01
5539	703	4.29998E+01
5741	805	4.30074E+01
5642	74	4.30137E+01
5741	276	4.30148E+01
5642	661	4.30158E+01
2087	766	4.30165E+01
10807	550	4.30176E+01
5642	308	4.30183E+01
5539	258	4.30190E+01
5741	426	4.30290E+01
5539	76	4.30315E+01
5642	119	4.30327E+01
1977	337	4.30437E+01
11435	601	4.30507E+01
5642	744	4.30512E+01
5642	578	4.30519E+01
5642	73	4.30591E+01
5539	120	4.30627E+01
5741	674	4.30630E+01
1977	808	4.30633E+01
5741	764	4.30659E+01
5642	349	4.30660E+01
5642	257	4.30663E+01
2087	808	4.30681E+01
5539	786	4.30685E+01
5539	442	4.30705E+01
5539	208	4.30720E+01
8597	606	4.30726E+01
