GRAM	c2h2	chi_tot
8616	462	2.75976E+01
8616	422	2.76131E+01
8616	423	2.76279E+01
8616	553	2.76475E+01
8616	373	2.76699E+01
8616	372	2.76760E+01
8616	463	2.77178E+01
8616	597	2.77361E+01
8616	461	2.77401E+01
8616	554	2.77484E+01
8704	462	2.77604E+01
8616	596	2.77782E+01
8704	423	2.77809E+01
8704	422	2.77862E+01
8704	553	2.78100E+01
8616	334	2.78101E+01
8616	421	2.78229E+01
8616	637	2.78237E+01
8704	373	2.78270E+01
8616	333	2.78372E+01
8616	552	2.78378E+01
8704	372	2.78550E+01
8616	374	2.78596E+01
8616	638	2.78616E+01
8704	463	2.78643E+01
8616	371	2.78683E+01
8616	424	2.78770E+01
8704	597	2.78930E+01
8704	554	2.78989E+01
8616	678	2.79089E+01
8704	461	2.79209E+01
8616	335	2.79383E+01
8704	596	2.79433E+01
8616	679	2.79584E+01
8704	334	2.79746E+01
8704	637	2.79836E+01
8704	374	2.79952E+01
8616	332	2.80102E+01
8704	424	2.80109E+01
8616	598	2.80120E+01
8704	552	2.80150E+01
8616	719	2.80165E+01
8704	421	2.80169E+01
8616	720	2.80171E+01
8704	638	2.80206E+01
8704	333	2.80239E+01
8616	761	2.80612E+01
8704	678	2.80662E+01
8704	371	2.80694E+01
8704	335	2.80805E+01
8616	464	2.81090E+01
8616	286	2.81118E+01
8616	636	2.81159E+01
8704	679	2.81221E+01
8616	802	2.81290E+01
8616	595	2.81305E+01
8616	460	2.81344E+01
8616	555	2.81474E+01
8616	760	2.81592E+01
8704	598	2.81646E+01
8704	719	2.81703E+01
8704	720	2.81840E+01
8616	677	2.82002E+01
8616	285	2.82168E+01
8704	332	2.82187E+01
8704	761	2.82266E+01
8616	803	2.82296E+01
8616	336	2.82302E+01
8616	639	2.82332E+01
8616	370	2.82364E+01
8704	464	2.82410E+01
8616	420	2.82460E+01
8616	375	2.82536E+01
8792	423	2.82627E+01
8792	462	2.82746E+01
8704	636	2.82816E+01
8704	802	2.82859E+01
8704	555	2.82888E+01
8704	286	2.82993E+01
8616	762	2.83030E+01
8704	760	2.83057E+01
8704	595	2.83073E+01
8616	551	2.83077E+01
8616	331	2.83197E+01
8792	373	2.83212E+01
8792	463	2.83231E+01
8792	553	2.83264E+01
8792	422	2.83299E+01
8704	460	2.83347E+01
8616	680	2.83487E+01
8704	336	2.83501E+01
8704	677	2.83573E+01
8616	721	2.83598E+01
8616	718	2.83606E+01
8616	801	2.83630E+01
8704	375	2.83681E+01
8792	554	2.83682E+01
8616	425	2.83683E+01
8792	597	2.83871E+01
8704	639	2.83963E+01
8792	372	2.84134E+01
8704	803	2.84191E+01
8616	284	2.84228E+01
8704	285	2.84249E+01
8792	374	2.84258E+01
8792	424	2.84327E+01
8704	370	2.84596E+01
8704	420	2.84616E+01
8792	596	2.84770E+01
8704	425	2.84842E+01
8792	334	2.84894E+01
8792	461	2.84938E+01
8704	762	2.84955E+01
8704	801	2.84968E+01
8704	551	2.85019E+01
8792	637	2.85031E+01
8704	718	2.85088E+01
8792	638	2.85153E+01
8704	680	2.85251E+01
8792	335	2.85317E+01
8704	721	2.85472E+01
8704	331	2.85499E+01
8792	678	2.85827E+01
8792	552	2.85839E+01
8616	759	2.86002E+01
8792	333	2.86017E+01
8616	599	2.86072E+01
8792	421	2.86240E+01
8792	598	2.86271E+01
8792	679	2.86292E+01
8792	464	2.86484E+01
8616	804	2.86488E+01
8704	284	2.86510E+01
8792	719	2.86867E+01
8792	371	2.86922E+01
8616	337	2.86936E+01
8792	720	2.87054E+01
8792	555	2.87169E+01
8616	283	2.87225E+01
8616	635	2.87250E+01
8792	375	2.87358E+01
8704	759	2.87366E+01
8792	336	2.87374E+01
8792	761	2.87564E+01
8616	330	2.87569E+01
8704	599	2.87595E+01
8616	459	2.87668E+01
8616	369	2.87699E+01
8616	465	2.87763E+01
8616	594	2.87776E+01
8704	337	2.87913E+01
8792	802	2.88135E+01
8792	760	2.88181E+01
8616	676	2.88212E+01
8792	636	2.88361E+01
8616	556	2.88470E+01
8792	425	2.88484E+01
8616	376	2.88583E+01
8792	332	2.88589E+01
8616	763	2.88681E+01
8616	419	2.88706E+01
8792	639	2.88770E+01
8792	286	2.88772E+01
8704	804	2.88795E+01
8792	595	2.88882E+01
8704	465	2.88959E+01
8792	677	2.88963E+01
8704	635	2.89011E+01
8616	640	2.89332E+01
8616	800	2.89342E+01
8704	376	2.89523E+01
8792	460	2.89691E+01
8704	594	2.89696E+01
8704	283	2.89703E+01
8704	556	2.89822E+01
8704	676	2.89841E+01
8704	459	2.89879E+01
8792	803	2.89940E+01
8792	801	2.89972E+01
8704	330	2.90082E+01
8704	369	2.90152E+01
8616	722	2.90300E+01
8792	718	2.90358E+01
8792	680	2.90358E+01
8616	717	2.90392E+01
8616	550	2.90405E+01
8704	800	2.90549E+01
8792	285	2.90605E+01
8792	762	2.90606E+01
8616	681	2.90691E+01
8792	721	2.90889E+01
8704	763	2.90956E+01
8704	640	2.91055E+01
8616	426	2.91072E+01
8704	419	2.91082E+01
8616	282	2.91096E+01
8792	337	2.91148E+01
8792	551	2.91281E+01
8792	420	2.91332E+01
8792	370	2.91465E+01
8704	717	2.91889E+01
8792	599	2.91988E+01
8704	426	2.92065E+01
8704	722	2.92447E+01
8792	759	2.92498E+01
8792	331	2.92513E+01
8704	550	2.92538E+01
8792	465	2.92563E+01
8792	376	2.92585E+01
8704	681	2.92640E+01
8616	329	2.93138E+01
8616	338	2.93350E+01
8792	284	2.93429E+01
8616	805	2.93592E+01
8616	758	2.93737E+01
8792	556	2.93755E+01
8704	282	2.93763E+01
8704	338	2.94106E+01
8616	368	2.94593E+01
8792	635	2.95002E+01
8704	758	2.95086E+01
8792	426	2.95159E+01
8616	600	2.95163E+01
8792	804	2.95204E+01
8792	800	2.95488E+01
8792	676	2.95579E+01
8616	281	2.95784E+01
8792	640	2.95827E+01
8704	329	2.95859E+01
8792	594	2.96044E+01
8616	458	2.96206E+01
8616	634	2.96286E+01
8704	805	2.96388E+01
8792	338	2.96708E+01
8704	600	2.96722E+01
8616	377	2.96792E+01
8616	418	2.96835E+01
8792	459	2.96861E+01
8616	593	2.96973E+01
8792	763	2.97125E+01
8792	283	2.97169E+01
8616	466	2.97217E+01
8704	368	2.97264E+01
8616	764	2.97298E+01
8792	717	2.97418E+01
8616	675	2.97494E+01
8704	377	2.97535E+01
8792	369	2.97658E+01
8792	330	2.97697E+01
8792	681	2.97912E+01
8704	634	2.98196E+01
8792	722	2.98216E+01
8616	799	2.98301E+01
8704	466	2.98310E+01
8616	557	2.98449E+01
8792	419	2.98449E+01
8704	458	2.98634E+01
8704	281	2.98635E+01
8704	593	2.99075E+01
8704	675	2.99238E+01
8792	550	2.99413E+01
8704	418	2.99434E+01
8704	799	2.99475E+01
8616	641	2.99485E+01
8704	557	2.99769E+01
8616	328	2.99842E+01
8704	764	2.99992E+01
8792	377	2.99997E+01
8616	723	3.00034E+01
8616	549	3.00142E+01
8616	716	3.00290E+01
8792	758	3.00405E+01
8616	427	3.00968E+01
8792	600	3.00969E+01
8616	682	3.00996E+01
8616	280	3.01244E+01
8704	641	3.01348E+01
8792	466	3.01490E+01
8792	282	3.01762E+01
8704	427	3.01808E+01
8704	716	3.01874E+01
8704	549	3.02485E+01
8704	723	3.02517E+01
8704	328	3.02765E+01
4764	423	3.02794E+01
4764	462	3.02891E+01
8616	367	3.02950E+01
4764	463	3.03102E+01
8704	682	3.03187E+01
4764	554	3.03221E+01
4764	422	3.03231E+01
8616	806	3.03269E+01
8792	557	3.03420E+01
4764	373	3.03433E+01
4764	553	3.03615E+01
8792	805	3.03623E+01
4764	597	3.03738E+01
4764	372	3.03800E+01
8792	329	3.04062E+01
4867	423	3.04092E+01
4867	462	3.04189E+01
8704	280	3.04273E+01
4764	638	3.04370E+01
8792	427	3.04384E+01
4867	463	3.04407E+01
4764	598	3.04450E+01
4867	554	3.04533E+01
4867	422	3.04542E+01
8616	757	3.04548E+01
8792	799	3.04554E+01
4764	424	3.04597E+01
8792	634	3.04718E+01
4867	373	3.04728E+01
4867	553	3.04898E+01
4764	374	3.04965E+01
4764	334	3.05004E+01
4867	597	3.05025E+01
4867	372	3.05122E+01
4764	679	3.05148E+01
4764	461	3.05148E+01
4764	639	3.05380E+01
4764	333	3.05383E+01
8792	368	3.05401E+01
8792	675	3.05437E+01
8616	234	3.05558E+01
4764	555	3.05578E+01
4867	638	3.05661E+01
4764	680	3.05724E+01
4764	721	3.05774E+01
4867	598	3.05802E+01
4764	421	3.05811E+01
8704	367	3.05838E+01
4764	464	3.05859E+01
4867	424	3.05886E+01
4764	596	3.05896E+01
8704	757	3.05965E+01
4764	371	3.05971E+01
8792	593	3.06019E+01
4764	762	3.06083E+01
4764	335	3.06146E+01
8792	641	3.06191E+01
4764	720	3.06212E+01
4867	374	3.06236E+01
4764	804	3.06253E+01
8792	458	3.06271E+01
4867	334	3.06302E+01
4764	637	3.06308E+01
4867	679	3.06421E+01
4867	461	3.06448E+01
8704	806	3.06620E+01
4764	552	3.06691E+01
8616	417	3.06695E+01
4867	333	3.06716E+01
8616	457	3.06752E+01
4867	639	3.06770E+01
8792	764	3.06830E+01
4764	763	3.06886E+01
4867	555	3.06932E+01
4867	680	3.07131E+01
4867	596	3.07136E+01
4867	421	3.07142E+01
8792	281	3.07151E+01
4867	721	3.07154E+01
4867	464	3.07181E+01
4764	332	3.07193E+01
8616	378	3.07208E+01
4764	803	3.07262E+01
8616	601	3.07279E+01
4867	371	3.07323E+01
4867	762	3.07383E+01
4867	335	3.07409E+01
4867	720	3.07433E+01
8616	279	3.07445E+01
8792	418	3.07453E+01
4764	678	3.07511E+01
4867	637	3.07521E+01
4764	805	3.07625E+01
8616	327	3.07627E+01
4867	804	3.07636E+01
8704	378	3.07762E+01
8792	716	3.07803E+01
8616	633	3.07955E+01
4764	761	3.07956E+01
4867	552	3.07957E+01
4764	599	3.08052E+01
4764	286	3.08111E+01
4764	722	3.08115E+01
4867	763	3.08398E+01
4867	803	3.08420E+01
4764	375	3.08477E+01
8616	765	3.08548E+01
4867	332	3.08563E+01
8616	592	3.08600E+01
4867	678	3.08679E+01
4764	425	3.08714E+01
8704	234	3.08728E+01
8792	682	3.08744E+01
8792	723	3.08772E+01
4764	336	3.08895E+01
8704	601	3.08912E+01
4867	761	3.09076E+01
4764	285	3.09150E+01
4764	681	3.09166E+01
4867	805	3.09266E+01
4764	640	3.09303E+01
8704	457	3.09406E+01
8616	467	3.09430E+01
4867	286	3.09443E+01
4867	599	3.09486E+01
8704	417	3.09518E+01
8616	674	3.09520E+01
4764	719	3.09527E+01
8792	378	3.09642E+01
4867	722	3.09684E+01
4867	375	3.09725E+01
4764	460	3.09768E+01
4764	370	3.09844E+01
4867	425	3.10001E+01
8792	549	3.10006E+01
8704	633	3.10052E+01
4867	336	3.10124E+01
4764	764	3.10176E+01
8616	798	3.10227E+01
8616	233	3.10233E+01
4764	331	3.10343E+01
4764	420	3.10430E+01
8704	467	3.10442E+01
4867	285	3.10519E+01
4867	719	3.10619E+01
8704	279	3.10647E+01
8616	568	3.10654E+01
4764	556	3.10711E+01
4867	681	3.10731E+01
8704	327	3.10749E+01
4867	640	3.10815E+01
4764	802	3.10832E+01
4764	595	3.10843E+01
8704	592	3.10909E+01
4867	460	3.11077E+01
4764	806	3.11139E+01
4764	636	3.11145E+01
4764	284	3.11188E+01
4764	465	3.11213E+01
4867	370	3.11229E+01
8616	558	3.11337E+01
8704	674	3.11429E+01
8704	798	3.11462E+01
8792	328	3.11542E+01
8792	757	3.11639E+01
8704	765	3.11721E+01
4867	331	3.11749E+01
4867	420	3.11784E+01
4867	802	3.11800E+01
4867	764	3.11927E+01
8616	548	3.12014E+01
4867	595	3.12054E+01
4867	556	3.12121E+01
4867	636	3.12303E+01
4764	551	3.12335E+01
8616	724	3.12492E+01
4867	465	3.12561E+01
8616	642	3.12592E+01
4867	284	3.12594E+01
4764	760	3.12604E+01
8704	558	3.12656E+01
8616	366	3.12667E+01
4764	677	3.12794E+01
8616	715	3.12950E+01
4764	723	3.13053E+01
4867	806	3.13063E+01
8792	601	3.13100E+01
8704	568	3.13139E+01
8792	467	3.13248E+01
8792	280	3.13290E+01
4764	337	3.13324E+01
8616	428	3.13374E+01
8704	233	3.13542E+01
4867	760	3.13579E+01
4867	551	3.13597E+01
4867	677	3.13884E+01
4764	376	3.14031E+01
8704	428	3.14076E+01
8616	683	3.14140E+01
4764	283	3.14153E+01
8616	278	3.14374E+01
4764	600	3.14502E+01
4867	337	3.14522E+01
8704	548	3.14581E+01
8792	367	3.14596E+01
8704	642	3.14640E+01
8704	715	3.14684E+01
4764	330	3.14744E+01
8792	806	3.14821E+01
4867	723	3.14837E+01
4970	423	3.15113E+01
8616	807	3.15155E+01
4764	426	3.15199E+01
4867	376	3.15261E+01
4970	462	3.15299E+01
4764	682	3.15320E+01
4764	369	3.15322E+01
8616	232	3.15353E+01
8704	724	3.15365E+01
4970	463	3.15372E+01
4970	554	3.15517E+01
4867	283	3.15595E+01
4764	765	3.15702E+01
4970	422	3.15711E+01
4764	718	3.15712E+01
4970	373	3.15768E+01
8704	366	3.15769E+01
4970	553	3.16020E+01
4764	641	3.16034E+01
4867	600	3.16034E+01
4970	597	3.16073E+01
8792	558	3.16093E+01
8792	428	3.16168E+01
4867	330	3.16187E+01
4970	372	3.16308E+01
8616	326	3.16448E+01
4867	426	3.16489E+01
4764	807	3.16527E+01
4764	459	3.16618E+01
8704	683	3.16623E+01
4970	638	3.16676E+01
4867	718	3.16708E+01
4970	598	3.16725E+01
4867	369	3.16740E+01
4970	424	3.16760E+01
8792	798	3.16874E+01
4764	419	3.16970E+01
4764	801	3.17050E+01
4867	682	3.17066E+01
4970	374	3.17128E+01
8792	633	3.17179E+01
4970	334	3.17374E+01
4970	679	3.17427E+01
4970	639	3.17677E+01
4867	641	3.17688E+01
4970	461	3.17705E+01
8792	457	3.17708E+01
4867	765	3.17717E+01
8704	278	3.17744E+01
4970	555	3.17784E+01
4867	801	3.17867E+01
4970	333	3.17928E+01
4867	459	3.17944E+01
4764	282	3.17982E+01
4970	464	3.18004E+01
4970	680	3.18044E+01
8616	756	3.18055E+01
4970	721	3.18080E+01
8792	234	3.18091E+01
8616	416	3.18105E+01
8792	417	3.18188E+01
8792	674	3.18190E+01
4970	762	3.18317E+01
4970	596	3.18318E+01
4970	335	3.18341E+01
4867	419	3.18352E+01
4764	594	3.18432E+01
4970	720	3.18437E+01
4970	421	3.18460E+01
8792	592	3.18498E+01
4970	804	3.18526E+01
4764	557	3.18602E+01
4970	371	3.18654E+01
4970	637	3.18656E+01
4764	635	3.18751E+01
4867	807	3.18753E+01
8704	232	3.18796E+01
8635	461	3.18806E+01
8635	422	3.19008E+01
8616	456	3.19060E+01
8635	421	3.19108E+01
8704	807	3.19114E+01
4764	466	3.19183E+01
4970	552	3.19224E+01
4970	763	3.19284E+01
8635	552	3.19336E+01
4970	803	3.19349E+01
8792	765	3.19358E+01
4867	282	3.19460E+01
8635	462	3.19462E+01
4764	338	3.19498E+01
8635	553	3.19568E+01
8704	756	3.19614E+01
4867	594	3.19630E+01
8792	642	3.19655E+01
8635	372	3.19670E+01
8635	596	3.19706E+01
8635	371	3.19719E+01
8704	326	3.19762E+01
4970	678	3.19791E+01
8616	379	3.19860E+01
4867	635	3.19876E+01
4970	332	3.19912E+01
4764	759	3.20019E+01
4970	761	3.20078E+01
4867	557	3.20081E+01
8792	327	3.20086E+01
4970	805	3.20135E+01
8792	279	3.20151E+01
8704	379	3.20235E+01
4970	599	3.20294E+01
4764	329	3.20321E+01
4764	724	3.20348E+01
4764	550	3.20387E+01
4970	375	3.20471E+01
4970	722	3.20549E+01
4867	466	3.20567E+01
8635	637	3.20567E+01
4970	286	3.20639E+01
8635	460	3.20653E+01
4867	338	3.20665E+01
4970	425	3.20730E+01
4764	676	3.20879E+01
4867	759	3.20888E+01
4970	336	3.20913E+01
8616	231	3.20931E+01
8635	595	3.21053E+01
8792	568	3.21132E+01
8792	715	3.21138E+01
8635	423	3.21149E+01
8704	416	3.21152E+01
8635	333	3.21277E+01
8635	332	3.21292E+01
8635	636	3.21329E+01
8635	420	3.21342E+01
8635	678	3.21385E+01
8635	597	3.21413E+01
8635	373	3.21490E+01
8635	370	3.21538E+01
8792	379	3.21556E+01
4970	681	3.21567E+01
4970	640	3.21626E+01
4867	550	3.21657E+01
4764	377	3.21682E+01
4970	719	3.21719E+01
4867	329	3.21800E+01
4970	285	3.21840E+01
8616	632	3.21868E+01
8635	551	3.21875E+01
4867	676	3.21918E+01
8723	461	3.21939E+01
8704	456	3.21945E+01
8616	277	3.22031E+01
8723	422	3.22033E+01
8616	766	3.22074E+01
8635	719	3.22103E+01
8635	677	3.22173E+01
8792	724	3.22229E+01
8616	602	3.22247E+01
8616	591	3.22296E+01
4764	368	3.22310E+01
8723	421	3.22350E+01
4867	724	3.22368E+01
8723	462	3.22413E+01
8723	552	3.22460E+01
4970	460	3.22485E+01
8723	553	3.22550E+01
8792	683	3.22577E+01
4764	281	3.22621E+01
8635	554	3.22675E+01
8635	331	3.22695E+01
4970	370	3.22704E+01
8635	463	3.22724E+01
8723	372	3.22729E+01
8635	334	3.22741E+01
8723	596	3.22743E+01
8792	548	3.22772E+01
4970	764	3.22783E+01
4970	802	3.22791E+01
4970	556	3.22848E+01
4867	377	3.22898E+01
8635	760	3.22937E+01
8723	371	3.23012E+01
8635	638	3.23036E+01
4764	766	3.23189E+01
4970	331	3.23232E+01
4970	465	3.23249E+01
4970	420	3.23251E+01
8792	233	3.23297E+01
4970	595	3.23377E+01
8635	718	3.23460E+01
4764	808	3.23519E+01
4970	636	3.23570E+01
8723	637	3.23591E+01
8616	365	3.23621E+01
4764	601	3.23702E+01
8635	802	3.23761E+01
4867	368	3.23763E+01
8616	673	3.23867E+01
8635	761	3.23883E+01
8635	679	3.23919E+01
4970	806	3.23929E+01
8723	423	3.23965E+01
4764	683	3.23970E+01
8723	460	3.23986E+01
8704	602	3.23993E+01
4970	284	3.24036E+01
4764	427	3.24081E+01
8635	720	3.24089E+01
4867	281	3.24133E+01
8704	632	3.24183E+01
8635	285	3.24191E+01
8723	595	3.24196E+01
8635	801	3.24222E+01
8723	373	3.24318E+01
8616	567	3.24322E+01
8616	468	3.24333E+01
8723	597	3.24384E+01
8723	636	3.24389E+01
8723	333	3.24395E+01
8723	678	3.24422E+01
8704	231	3.24506E+01
8723	332	3.24645E+01
4764	717	3.24652E+01
4970	760	3.24669E+01
8635	286	3.24674E+01
8616	797	3.24704E+01
8635	284	3.24746E+01
8723	420	3.24810E+01
8704	591	3.24835E+01
8635	459	3.24879E+01
4970	551	3.25013E+01
8635	369	3.25024E+01
8723	370	3.25066E+01
4970	677	3.25117E+01
8723	719	3.25136E+01
8792	366	3.25136E+01
4970	337	3.25167E+01
8723	551	3.25167E+01
8723	677	3.25177E+01
8635	635	3.25210E+01
8635	374	3.25273E+01
8704	468	3.25288E+01
8635	759	3.25304E+01
4764	418	3.25306E+01
8635	594	3.25319E+01
4867	601	3.25350E+01
4867	427	3.25381E+01
8635	330	3.25396E+01
4764	642	3.25407E+01
4867	766	3.25487E+01
8723	463	3.25510E+01
4764	458	3.25538E+01
8723	554	3.25545E+01
8704	277	3.25564E+01
4867	717	3.25584E+01
8635	419	3.25597E+01
8635	424	3.25621E+01
8723	334	3.25622E+01
4970	723	3.25658E+01
8616	547	3.25695E+01
8635	335	3.25772E+01
8704	766	3.25776E+01
8792	756	3.25792E+01
4970	376	3.25862E+01
4764	800	3.25890E+01
4867	683	3.25918E+01
8723	760	3.25918E+01
8704	673	3.25985E+01
4867	808	3.26065E+01
8723	638	3.26079E+01
8704	797	3.26085E+01
8635	676	3.26190E+01
8635	598	3.26240E+01
8616	325	3.26248E+01
8635	283	3.26265E+01
8723	331	3.26279E+01
8723	718	3.26396E+01
8635	803	3.26503E+01
4867	800	3.26599E+01
4867	418	3.26719E+01
4970	600	3.26739E+01
4867	458	3.26888E+01
8723	802	3.26916E+01
8704	365	3.26933E+01
8616	230	3.26996E+01
8616	559	3.27006E+01
4764	328	3.27011E+01
8635	550	3.27032E+01
8704	567	3.27040E+01
8723	679	3.27057E+01
4970	426	3.27077E+01
8723	801	3.27084E+01
8723	761	3.27108E+01
4970	283	3.27156E+01
4867	642	3.27222E+01
8723	720	3.27301E+01
8616	725	3.27334E+01
8723	285	3.27524E+01
8792	278	3.27720E+01
8792	468	3.27770E+01
8723	286	3.27786E+01
4970	330	3.27801E+01
4970	682	3.27840E+01
8723	374	3.27873E+01
8616	714	3.27918E+01
4970	718	3.27921E+01
8635	800	3.27927E+01
4764	280	3.28024E+01
8635	717	3.28078E+01
8635	762	3.28093E+01
8723	759	3.28137E+01
8792	602	3.28204E+01
8723	424	3.28239E+01
8616	429	3.28264E+01
8723	284	3.28295E+01
8704	559	3.28354E+01
4970	369	3.28357E+01
8723	635	3.28360E+01
8792	807	3.28400E+01
8616	643	3.28401E+01
8723	335	3.28415E+01
4970	641	3.28417E+01
8723	459	3.28425E+01
4764	593	3.28448E+01
8704	547	3.28497E+01
4867	328	3.28527E+01
4970	765	3.28559E+01
8723	594	3.28607E+01
1222	808	3.28643E+01
8635	464	3.28663E+01
8635	282	3.28684E+01
8635	555	3.28715E+01
8635	639	3.28760E+01
8723	369	3.28787E+01
8704	429	3.28845E+01
1222	809	3.28879E+01
8616	808	3.28899E+01
4764	634	3.28912E+01
8792	232	3.28931E+01
4970	801	3.28941E+01
4764	558	3.29188E+01
8723	598	3.29188E+01
8723	330	3.29207E+01
8723	676	3.29227E+01
8723	419	3.29295E+01
8635	329	3.29316E+01
8635	721	3.29376E+01
4970	459	3.29504E+01
4867	280	3.29570E+01
4970	807	3.29633E+01
8792	326	3.29645E+01
4867	593	3.29650E+01
4764	725	3.29725E+01
8704	325	3.29750E+01
4764	467	3.29751E+01
8635	680	3.29757E+01
8616	684	3.29816E+01
8704	714	3.29855E+01
4970	419	3.29968E+01
8723	283	3.30025E+01
4867	634	3.30026E+01
8723	803	3.30054E+01
1222	807	3.30071E+01
4764	758	3.30077E+01
8635	368	3.30085E+01
1222	766	3.30413E+01
8616	276	3.30422E+01
8635	336	3.30453E+01
8792	416	3.30467E+01
8792	429	3.30490E+01
1222	466	3.30508E+01
8723	550	3.30516E+01
1222	426	3.30532E+01
1222	810	3.30564E+01
8723	800	3.30605E+01
4764	549	3.30638E+01
8704	725	3.30645E+01
8704	643	3.30676E+01
4970	557	3.30692E+01
8704	230	3.30698E+01
4764	367	3.30716E+01
4867	558	3.30749E+01
8616	415	3.30852E+01
4867	758	3.30877E+01
1222	557	3.30900E+01
8635	758	3.30900E+01
8792	456	3.30915E+01
1222	427	3.30921E+01
8723	717	3.30999E+01
1222	767	3.31042E+01
1222	377	3.31078E+01
8635	375	3.31095E+01
4970	594	3.31101E+01
4970	466	3.31125E+01
4970	282	3.31135E+01
4970	338	3.31168E+01
4867	467	3.31180E+01
4970	635	3.31284E+01
8723	464	3.31306E+01
8635	458	3.31326E+01
1222	465	3.31399E+01
4764	378	3.31472E+01
1222	376	3.31477E+01
8723	555	3.31505E+01
1222	724	3.31541E+01
4764	675	3.31548E+01
8792	559	3.31644E+01
8723	762	3.31654E+01
1222	601	3.31744E+01
8635	418	3.31747E+01
1222	765	3.31753E+01
1222	600	3.31772E+01
4764	809	3.31866E+01
8723	639	3.31876E+01
4867	549	3.31926E+01
8635	281	3.31945E+01
1222	683	3.31953E+01
8792	632	3.31973E+01
1222	725	3.31995E+01
4867	725	3.32000E+01
8792	797	3.32002E+01
8635	634	3.32009E+01
1222	641	3.32071E+01
4970	759	3.32084E+01
4764	234	3.32092E+01
1222	556	3.32134E+01
1222	642	3.32190E+01
4867	367	3.32206E+01
8635	804	3.32276E+01
1222	467	3.32284E+01
8635	593	3.32298E+01
4764	767	3.32359E+01
1222	558	3.32461E+01
8635	425	3.32497E+01
1222	682	3.32533E+01
1222	425	3.32562E+01
4867	675	3.32564E+01
8704	684	3.32636E+01
8723	282	3.32648E+01
4867	378	3.32677E+01
1222	338	3.32773E+01
1222	378	3.32836E+01
8616	455	3.32840E+01
8723	721	3.32848E+01
8723	336	3.32857E+01
8723	680	3.33066E+01
8792	591	3.33104E+01
4970	724	3.33160E+01
4970	550	3.33225E+01
8635	675	3.33235E+01
4970	676	3.33285E+01
8723	329	3.33349E+01
4970	377	3.33355E+01
8792	673	3.33390E+01
1222	768	3.33395E+01
1222	806	3.33395E+01
1222	723	3.33418E+01
8723	375	3.33472E+01
1222	811	3.33500E+01
8704	808	3.33508E+01
4970	329	3.33543E+01
8616	229	3.33581E+01
4867	234	3.33670E+01
8723	758	3.33680E+01
8616	755	3.33766E+01
1222	428	3.33768E+01
1222	684	3.33845E+01
1222	375	3.33963E+01
1222	337	3.34076E+01
8723	368	3.34080E+01
8704	276	3.34113E+01
8704	415	3.34121E+01
4764	279	3.34161E+01
8635	599	3.34185E+01
8792	766	3.34324E+01
8635	328	3.34388E+01
1222	602	3.34472E+01
1222	726	3.34526E+01
8635	549	3.34604E+01
1222	599	3.34666E+01
4867	809	3.34742E+01
1222	640	3.34750E+01
8616	380	3.34754E+01
4764	327	3.34764E+01
8635	799	3.34771E+01
8811	422	3.34788E+01
4764	684	3.34862E+01
8811	462	3.34905E+01
8723	425	3.34930E+01
1222	643	3.34934E+01
1222	464	3.34941E+01
4867	767	3.34955E+01
8704	380	3.34961E+01
8792	231	3.35011E+01
8811	461	3.35089E+01
8723	458	3.35097E+01
8811	553	3.35141E+01
4764	417	3.35290E+01
8723	634	3.35296E+01
1222	764	3.35312E+01
4764	428	3.35363E+01
8635	763	3.35393E+01
4764	602	3.35503E+01
4970	368	3.35519E+01
8704	755	3.35531E+01
8811	372	3.35589E+01
8811	596	3.35603E+01
8811	552	3.35636E+01
8616	364	3.35662E+01
8723	418	3.35680E+01
8792	567	3.35718E+01
4867	279	3.35741E+01
8792	380	3.35747E+01
8635	716	3.35751E+01
8723	593	3.35765E+01
1222	681	3.35795E+01
8811	421	3.35820E+01
4970	427	3.35831E+01
4970	281	3.35920E+01
8792	643	3.35956E+01
8704	455	3.35956E+01
4970	601	3.35961E+01
8792	277	3.35999E+01
8635	280	3.36001E+01
8811	423	3.36023E+01
8723	281	3.36108E+01
4764	716	3.36123E+01
1222	555	3.36188E+01
4867	327	3.36316E+01
8723	804	3.36320E+01
4970	766	3.36330E+01
4764	457	3.36331E+01
8723	675	3.36369E+01
8811	637	3.36373E+01
8811	373	3.36453E+01
8811	371	3.36599E+01
8635	367	3.36627E+01
4970	683	3.36644E+01
4867	428	3.36679E+01
4764	233	3.36700E+01
1222	468	3.36702E+01
4867	417	3.36738E+01
1222	559	3.36740E+01
8811	597	3.36806E+01
1222	379	3.36809E+01
8635	337	3.36853E+01
8792	365	3.36895E+01
4970	717	3.36925E+01
8792	714	3.36941E+01
1222	424	3.36951E+01
8616	324	3.36956E+01
4970	808	3.36972E+01
4867	716	3.37024E+01
4867	684	3.37030E+01
1222	336	3.37082E+01
8723	599	3.37153E+01
4764	643	3.37206E+01
4764	799	3.37208E+01
1222	769	3.37238E+01
8811	678	3.37253E+01
4867	602	3.37281E+01
8635	465	3.37323E+01
8792	547	3.37371E+01
8723	799	3.37376E+01
8811	463	3.37381E+01
8704	229	3.37408E+01
8811	333	3.37425E+01
1222	812	3.37519E+01
8616	767	3.37527E+01
8811	636	3.37554E+01
8616	631	3.37569E+01
8811	595	3.37578E+01
8811	554	3.37611E+01
8616	590	3.37648E+01
8635	640	3.37671E+01
8635	556	3.37702E+01
4867	457	3.37711E+01
4970	800	3.37777E+01
8635	722	3.37809E+01
8811	460	3.37826E+01
4867	799	3.37850E+01
1222	722	3.37856E+01
4970	642	3.37880E+01
8811	334	3.37937E+01
1222	685	3.37960E+01
8811	719	3.38044E+01
8792	725	3.38224E+01
8811	677	3.38246E+01
8723	549	3.38301E+01
4867	233	3.38306E+01
8811	332	3.38380E+01
1222	374	3.38454E+01
4970	418	3.38482E+01
8811	638	3.38592E+01
4970	458	3.38599E+01
8723	328	3.38639E+01
8723	716	3.38734E+01
8635	681	3.38780E+01
1222	805	3.38853E+01
8811	760	3.38858E+01
1222	727	3.38877E+01
8811	551	3.38981E+01
8811	420	3.39005E+01
8635	376	3.39015E+01
8723	337	3.39020E+01
1222	429	3.39082E+01
8792	684	3.39088E+01
8704	364	3.39178E+01
4867	643	3.39198E+01
8811	374	3.39289E+01
8723	763	3.39376E+01
8811	370	3.39377E+01
8811	718	3.39408E+01
8616	566	3.39500E+01
8635	757	3.39503E+01
8616	275	3.39542E+01
8811	424	3.39621E+01
8635	417	3.39650E+01
8811	679	3.39793E+01
1222	603	3.39795E+01
8635	457	3.39801E+01
8616	603	3.39841E+01
8723	465	3.39847E+01
8811	801	3.39962E+01
8811	335	3.40010E+01
8616	672	3.40040E+01
1222	644	3.40084E+01
8811	802	3.40114E+01
8704	631	3.40127E+01
8792	325	3.40164E+01
8811	761	3.40257E+01
8635	234	3.40259E+01
8811	720	3.40276E+01
1222	639	3.40345E+01
8723	280	3.40356E+01
4970	328	3.40395E+01
8704	590	3.40431E+01
4764	366	3.40440E+01
8723	556	3.40443E+01
1222	598	3.40476E+01
8635	327	3.40560E+01
4764	592	3.40615E+01
8704	324	3.40639E+01
8811	331	3.40707E+01
8616	228	3.40722E+01
8811	286	3.40777E+01
8635	805	3.40807E+01
8616	546	3.40811E+01
8635	279	3.40817E+01
8723	367	3.40853E+01
4764	726	3.40904E+01
8723	640	3.40917E+01
4764	278	3.41020E+01
8811	759	3.41068E+01
1222	463	3.41078E+01
8811	285	3.41168E+01
8723	376	3.41177E+01
8616	796	3.41205E+01
4970	558	3.41252E+01
8811	598	3.41260E+01
4970	593	3.41273E+01
1222	763	3.41322E+01
4764	633	3.41337E+01
4764	810	3.41341E+01
8635	633	3.41435E+01
4970	280	3.41465E+01
8792	230	3.41565E+01
4970	634	3.41582E+01
4970	467	3.41614E+01
8723	722	3.41615E+01
1222	335	3.41701E+01
8635	592	3.41716E+01
8704	603	3.41735E+01
4764	232	3.41750E+01
8704	767	3.41798E+01
8616	469	3.41810E+01
4764	568	3.41816E+01
8635	426	3.41822E+01
4867	592	3.41835E+01
1222	680	3.41904E+01
4867	366	3.41967E+01
8811	635	3.42012E+01
4970	758	3.42199E+01
8723	757	3.42323E+01
8723	681	3.42326E+01
8792	755	3.42340E+01
4764	559	3.42352E+01
1222	770	3.42359E+01
8704	672	3.42401E+01
4867	633	3.42459E+01
8704	566	3.42461E+01
1222	813	3.42477E+01
4764	757	3.42539E+01
8811	284	3.42577E+01
8811	594	3.42584E+01
8811	464	3.42600E+01
4867	278	3.42632E+01
8811	676	3.42671E+01
8704	469	3.42730E+01
4970	725	3.42777E+01
8704	796	3.42804E+01
4764	548	3.42827E+01
4764	468	3.42855E+01
4764	768	3.42948E+01
8811	459	3.42979E+01
4970	378	3.42993E+01
8635	674	3.43005E+01
1222	380	3.43031E+01
1222	554	3.43037E+01
4867	568	3.43103E+01
8811	555	3.43110E+01
8635	568	3.43263E+01
4867	757	3.43308E+01
4867	232	3.43383E+01
8704	275	3.43386E+01
8811	800	3.43390E+01
4764	379	3.43430E+01
4867	726	3.43449E+01
4764	326	3.43534E+01
1222	560	3.43604E+01
1222	423	3.43613E+01
4970	549	3.43648E+01
1222	469	3.43691E+01
8811	336	3.43730E+01
8811	803	3.43792E+01
8635	233	3.43802E+01
8723	457	3.43807E+01
8811	369	3.43818E+01
8723	417	3.43820E+01
8704	546	3.43854E+01
8792	808	3.43974E+01
4867	559	3.44007E+01
1222	686	3.44037E+01
8792	415	3.44069E+01
4970	675	3.44076E+01
8723	426	3.44085E+01
4970	367	3.44098E+01
4867	548	3.44144E+01
8616	809	3.44178E+01
8811	375	3.44179E+01
8616	726	3.44217E+01
8811	419	3.44222E+01
8811	639	3.44237E+01
8811	717	3.44282E+01
8811	330	3.44315E+01
8635	548	3.44333E+01
4867	468	3.44338E+01
4764	674	3.44499E+01
8635	798	3.44507E+01
8635	366	3.44552E+01
4867	810	3.44557E+01
4867	379	3.44628E+01
8616	713	3.44658E+01
8704	228	3.44672E+01
8616	414	3.44687E+01
8723	234	3.44761E+01
1222	728	3.44795E+01
1222	373	3.44856E+01
8723	633	3.44904E+01
8811	283	3.44928E+01
8792	469	3.44941E+01
8792	276	3.44995E+01
8811	550	3.45013E+01
8723	327	3.45023E+01
8635	338	3.45033E+01
1222	721	3.45041E+01
4867	326	3.45122E+01
8635	600	3.45185E+01
8811	762	3.45206E+01
8616	560	3.45268E+01
8723	279	3.45358E+01
8723	592	3.45391E+01
8723	805	3.45427E+01
8635	764	3.45514E+01
4867	674	3.45516E+01
8616	430	3.45582E+01
8792	455	3.45592E+01
4970	234	3.45622E+01
8811	425	3.45662E+01
4970	809	3.45688E+01
4970	767	3.45813E+01
8811	680	3.45849E+01
4867	768	3.45854E+01
8792	603	3.46047E+01
8704	430	3.46059E+01
8811	721	3.46060E+01
8635	715	3.46157E+01
8723	674	3.46293E+01
8635	278	3.46374E+01
8616	644	3.46619E+01
1222	804	3.46662E+01
8704	560	3.46674E+01
4764	416	3.46747E+01
8811	758	3.46798E+01
1222	430	3.46842E+01
8704	713	3.46842E+01
8723	338	3.46965E+01
4970	428	3.46997E+01
8723	568	3.47108E+01
8723	798	3.47142E+01
4764	231	3.47257E+01
8792	430	3.47295E+01
1222	645	3.47388E+01
1222	604	3.47498E+01
8616	685	3.47696E+01
4764	685	3.47720E+01
4970	684	3.47720E+01
4970	279	3.47741E+01
8616	454	3.47764E+01
8635	326	3.47784E+01
8635	232	3.47801E+01
4970	602	3.47810E+01
1222	334	3.47830E+01
8704	726	3.48006E+01
8811	282	3.48155E+01
8704	414	3.48174E+01
8723	600	3.48218E+01
4867	416	3.48232E+01
1222	814	3.48247E+01
8723	548	3.48260E+01
4970	327	3.48306E+01
8616	227	3.48446E+01
8723	233	3.48454E+01
8616	323	3.48470E+01
4970	716	3.48507E+01
1222	771	3.48573E+01
4764	277	3.48601E+01
8616	363	3.48609E+01
8792	631	3.48622E+01
8792	229	3.48629E+01
4970	417	3.48645E+01
8635	466	3.48716E+01
4764	456	3.48759E+01
1222	638	3.48901E+01
4867	231	3.48916E+01
8811	599	3.48969E+01
8723	366	3.49005E+01
4764	429	3.49022E+01
8635	377	3.49081E+01
8811	329	3.49122E+01
8635	416	3.49135E+01
8635	723	3.49138E+01
4970	799	3.49154E+01
8704	644	3.49159E+01
8811	337	3.49171E+01
1222	597	3.49191E+01
8723	715	3.49274E+01
8616	274	3.49364E+01
8792	796	3.49368E+01
8792	590	3.49401E+01
8704	809	3.49470E+01
8811	634	3.49530E+01
4970	457	3.49573E+01
8635	557	3.49603E+01
8635	641	3.49630E+01
4764	603	3.49704E+01
8792	364	3.49718E+01
1222	462	3.49720E+01
4970	643	3.49799E+01
4764	715	3.49803E+01
8811	368	3.49822E+01
8792	560	3.49883E+01
1222	762	3.49969E+01
8723	764	3.49994E+01
8635	456	3.50072E+01
4867	685	3.50121E+01
4867	456	3.50175E+01
4867	277	3.50245E+01
8811	799	3.50291E+01
8811	675	3.50312E+01
4970	233	3.50341E+01
4867	429	3.50361E+01
8811	458	3.50384E+01
8811	593	3.50401E+01
8792	672	3.50513E+01
8811	465	3.50611E+01
4867	715	3.50703E+01
4764	798	3.50737E+01
8635	756	3.50765E+01
8635	682	3.50784E+01
8811	804	3.50800E+01
8704	685	3.50891E+01
1222	679	3.50948E+01
8723	377	3.51036E+01
8723	278	3.51096E+01
8704	454	3.51112E+01
8616	754	3.51113E+01
8723	466	3.51144E+01
4764	644	3.51178E+01
8811	376	3.51188E+01
8811	418	3.51341E+01
8792	767	3.51349E+01
4867	798	3.51354E+01
4764	365	3.51361E+01
8792	324	3.51567E+01
4867	603	3.51626E+01
8811	556	3.51659E+01
4764	811	3.51744E+01
8635	806	3.51762E+01
1222	687	3.51811E+01
8792	566	3.51832E+01
1222	729	3.52052E+01
8811	281	3.52202E+01
8635	231	3.52268E+01
8704	363	3.52323E+01
8704	323	3.52328E+01
8723	557	3.52331E+01
1222	422	3.52440E+01
8811	716	3.52444E+01
8723	326	3.52453E+01
8704	227	3.52516E+01
8723	232	3.52599E+01
1222	553	3.52607E+01
8635	277	3.52671E+01
4829	421	3.52684E+01
4829	371	3.52857E+01
1222	561	3.52871E+01
4867	365	3.52926E+01
4829	461	3.52970E+01
8723	641	3.53058E+01
1222	372	3.53059E+01
8635	632	3.53124E+01
1222	470	3.53133E+01
8704	754	3.53135E+01
8635	591	3.53234E+01
8811	640	3.53243E+01
4764	230	3.53247E+01
4764	325	3.53266E+01
8723	723	3.53348E+01
8704	274	3.53357E+01
4867	644	3.53363E+01
8792	546	3.53416E+01
4829	422	3.53457E+01
8811	763	3.53513E+01
8811	549	3.53517E+01
8723	416	3.53541E+01
4764	727	3.53607E+01
4970	592	3.53613E+01
8635	427	3.53621E+01
4829	552	3.53632E+01
4726	421	3.53668E+01
8723	756	3.53708E+01
4829	372	3.53736E+01
8635	365	3.53742E+01
4829	370	3.53766E+01
4829	332	3.53836E+01
4726	371	3.53837E+01
4726	461	3.53969E+01
4970	366	3.53993E+01
4829	460	3.54034E+01
4829	420	3.54047E+01
4970	633	3.54169E+01
8811	426	3.54198E+01
8616	589	3.54202E+01
4970	726	3.54223E+01
8723	456	3.54318E+01
4829	331	3.54344E+01
4829	462	3.54382E+01
4970	559	3.54411E+01
4829	596	3.54430E+01
4829	553	3.54471E+01
4726	422	3.54479E+01
8616	630	3.54556E+01
8616	768	3.54577E+01
4764	591	3.54594E+01
8723	682	3.54627E+01
4726	552	3.54631E+01
8792	713	3.54640E+01
4970	468	3.54656E+01
4726	370	3.54699E+01
8792	275	3.54703E+01
4764	769	3.54712E+01
4970	278	3.54735E+01
4829	333	3.54744E+01
4726	372	3.54762E+01
4970	757	3.54770E+01
8792	644	3.54788E+01
8635	567	3.54801E+01
4970	379	3.54807E+01
4726	332	3.54812E+01
4867	325	3.54890E+01
4867	230	3.54932E+01
4970	568	3.54946E+01
4726	420	3.54989E+01
4726	460	3.55002E+01
8811	328	3.55063E+01
1222	720	3.55085E+01
8635	673	3.55106E+01
8811	722	3.55226E+01
4726	331	3.55271E+01
8811	681	3.55297E+01
4867	811	3.55305E+01
4829	595	3.55305E+01
1222	333	3.55360E+01
4726	462	3.55404E+01
4829	637	3.55418E+01
4726	596	3.55434E+01
4726	553	3.55479E+01
4970	232	3.55501E+01
4829	551	3.55503E+01
4970	810	3.55552E+01
4764	632	3.55663E+01
4764	567	3.55663E+01
1222	772	3.55728E+01
8723	427	3.55729E+01
4726	333	3.55770E+01
8811	757	3.55812E+01
4867	591	3.55846E+01
8635	547	3.55911E+01
4829	636	3.55933E+01
4829	284	3.55986E+01
8635	325	3.56007E+01
4970	548	3.56019E+01
4829	330	3.56186E+01
8792	228	3.56241E+01
4829	678	3.56249E+01
4829	285	3.56258E+01
4726	595	3.56313E+01
4829	369	3.56371E+01
8792	726	3.56390E+01
8616	142	3.56395E+01
8811	338	3.56399E+01
4726	637	3.56417E+01
4867	727	3.56432E+01
4829	423	3.56459E+01
4726	551	3.56484E+01
4829	373	3.56495E+01
4829	597	3.56503E+01
1222	646	3.56579E+01
4764	547	3.56644E+01
4829	283	3.56713E+01
4970	768	3.56737E+01
8635	797	3.56753E+01
8616	226	3.56761E+01
8723	632	3.56810E+01
4867	632	3.56812E+01
1222	286	3.56891E+01
4764	276	3.56909E+01
4726	284	3.56929E+01
4726	636	3.56958E+01
8616	545	3.56959E+01
1222	431	3.56986E+01
4867	567	3.56986E+01
1222	803	3.56998E+01
4829	677	3.57014E+01
4829	719	3.57015E+01
8811	280	3.57019E+01
8723	806	3.57028E+01
4764	756	3.57059E+01
4726	330	3.57064E+01
8723	591	3.57141E+01
4829	334	3.57155E+01
4970	674	3.57181E+01
8723	231	3.57207E+01
8635	230	3.57224E+01
4970	326	3.57230E+01
8704	589	3.57238E+01
4726	678	3.57247E+01
4726	285	3.57249E+01
4726	369	3.57255E+01
8811	367	3.57296E+01
1222	605	3.57337E+01
8704	630	3.57374E+01
4829	419	3.57441E+01
4829	459	3.57459E+01
4726	597	3.57490E+01
8616	671	3.57496E+01
4726	423	3.57515E+01
4764	380	3.57560E+01
4726	373	3.57566E+01
8723	277	3.57568E+01
4829	286	3.57596E+01
4726	283	3.57608E+01
4867	756	3.57830E+01
4764	560	3.57925E+01
8792	685	3.57930E+01
4867	769	3.57936E+01
4829	638	3.57986E+01
4867	547	3.57997E+01
4726	719	3.58030E+01
4829	760	3.58047E+01
4726	677	3.58061E+01
4829	554	3.58112E+01
8635	765	3.58126E+01
4726	334	3.58231E+01
4932	421	3.58238E+01
4726	419	3.58340E+01
4829	463	3.58357E+01
4829	282	3.58376E+01
4829	761	3.58377E+01
4764	469	3.58385E+01
4726	459	3.58391E+01
4932	371	3.58416E+01
8723	365	3.58419E+01
4932	461	3.58483E+01
4829	802	3.58523E+01
4829	718	3.58552E+01
4867	276	3.58585E+01
4829	720	3.58587E+01
8723	673	3.58598E+01
4829	679	3.58612E+01
4726	286	3.58636E+01
8792	414	3.58738E+01
4867	380	3.58757E+01
8635	714	3.58873E+01
8723	567	3.58887E+01
4932	422	3.58892E+01
4726	638	3.58940E+01
4829	594	3.59005E+01
4726	760	3.59104E+01
4726	554	3.59118E+01
8635	601	3.59118E+01
8616	795	3.59135E+01
4932	552	3.59160E+01
4932	372	3.59179E+01
4726	282	3.59226E+01
4829	329	3.59288E+01
4726	761	3.59322E+01
8616	413	3.59331E+01
4764	673	3.59345E+01
4726	463	3.59396E+01
4932	332	3.59405E+01
4829	635	3.59427E+01
4932	370	3.59440E+01
8704	768	3.59450E+01
4764	415	3.59469E+01
4726	720	3.59508E+01
8723	797	3.59513E+01
4726	802	3.59529E+01
4726	679	3.59539E+01
4726	718	3.59634E+01
4932	460	3.59666E+01
4867	560	3.59686E+01
8635	276	3.59709E+01
4932	420	3.59719E+01
4829	801	3.59748E+01
4764	229	3.59756E+01
4932	462	3.59777E+01
8616	604	3.59786E+01
8811	633	3.59800E+01
8616	273	3.59832E+01
8811	457	3.59838E+01
8811	600	3.59871E+01
4932	553	3.59886E+01
4932	596	3.59902E+01
4867	469	3.59932E+01
4829	550	3.59944E+01
8635	415	3.59999E+01
4726	594	3.60002E+01
4932	331	3.60021E+01
8723	547	3.60081E+01
4726	329	3.60117E+01
8704	671	3.60126E+01
4829	803	3.60200E+01
4932	333	3.60204E+01
8811	417	3.60212E+01
8704	545	3.60246E+01
4970	416	3.60281E+01
8811	377	3.60368E+01
4867	673	3.60386E+01
1222	637	3.60387E+01
8811	798	3.60399E+01
1222	730	3.60445E+01
4726	635	3.60461E+01
4970	429	3.60551E+01
4829	368	3.60584E+01
8704	142	3.60645E+01
8616	322	3.60658E+01
8792	754	3.60673E+01
8616	810	3.60702E+01
1222	596	3.60731E+01
8811	592	3.60739E+01
1222	461	3.60748E+01
4829	759	3.60756E+01
4970	685	3.60789E+01
4829	676	3.60823E+01
8811	805	3.60830E+01
8811	674	3.60846E+01
4932	637	3.60867E+01
4726	801	3.60878E+01
8723	325	3.60878E+01
4932	595	3.60886E+01
4726	550	3.60898E+01
4829	281	3.60921E+01
8704	226	3.60949E+01
4867	415	3.60995E+01
8704	795	3.61009E+01
1222	688	3.61034E+01
4726	803	3.61050E+01
4970	231	3.61114E+01
4932	551	3.61148E+01
4829	335	3.61150E+01
8792	809	3.61193E+01
4829	374	3.61218E+01
8635	378	3.61331E+01
1222	761	3.61369E+01
8792	454	3.61402E+01
4726	368	3.61420E+01
8811	466	3.61430E+01
4867	229	3.61466E+01
4932	636	3.61481E+01
4829	598	3.61581E+01
4932	284	3.61628E+01
4932	678	3.61695E+01
8616	470	3.61700E+01
4829	762	3.61705E+01
4726	281	3.61726E+01
4829	424	3.61773E+01
4932	423	3.61777E+01
8811	234	3.61795E+01
4932	285	3.61802E+01
4932	373	3.61821E+01
8704	604	3.61860E+01
8635	455	3.61864E+01
4932	597	3.61872E+01
4726	759	3.61894E+01
4726	676	3.61896E+01
4932	330	3.61969E+01
8811	327	3.62081E+01
4970	603	3.62083E+01
4932	369	3.62158E+01
4970	456	3.62185E+01
8723	714	3.62185E+01
8616	362	3.62253E+01
4764	686	3.62259E+01
8723	601	3.62259E+01
4726	335	3.62276E+01
8723	230	3.62301E+01
4726	374	3.62331E+01
4970	715	3.62338E+01
4970	277	3.62448E+01
4932	283	3.62450E+01
4932	719	3.62470E+01
4932	334	3.62503E+01
4726	762	3.62509E+01
4726	598	3.62537E+01
4764	455	3.62543E+01
4932	677	3.62550E+01
8811	279	3.62573E+01
8616	712	3.62593E+01
8704	470	3.62608E+01
8635	229	3.62701E+01
4829	418	3.62752E+01
4970	798	3.62800E+01
8616	727	3.62806E+01
8635	467	3.62812E+01
4726	424	3.62859E+01
8811	568	3.62865E+01
4764	812	3.62904E+01
1222	678	3.62928E+01
1222	371	3.62940E+01
8704	413	3.63030E+01
4932	286	3.63040E+01
8635	724	3.63057E+01
8723	378	3.63088E+01
4829	458	3.63097E+01
8616	141	3.63105E+01
4829	717	3.63120E+01
8723	765	3.63168E+01
4932	459	3.63210E+01
8811	557	3.63229E+01
4829	721	3.63230E+01
4932	419	3.63232E+01
1222	421	3.63302E+01
4764	364	3.63331E+01
4932	638	3.63344E+01
4932	554	3.63419E+01
8792	363	3.63423E+01
8616	453	3.63480E+01
4932	760	3.63511E+01
8811	715	3.63548E+01
4829	328	3.63587E+01
4726	418	3.63603E+01
4932	463	3.63638E+01
4829	639	3.63651E+01
1222	773	3.63695E+01
8792	323	3.63753E+01
4932	761	3.63784E+01
4764	324	3.63888E+01
4829	800	3.63903E+01
4970	644	3.63917E+01
4932	802	3.63943E+01
8704	273	3.63970E+01
4932	720	3.63975E+01
4932	679	3.63980E+01
4726	458	3.63988E+01
4867	455	3.64000E+01
4726	721	3.64031E+01
8635	364	3.64057E+01
4829	680	3.64085E+01
4932	718	3.64087E+01
1222	285	3.64143E+01
1222	332	3.64178E+01
4932	282	3.64205E+01
8811	548	3.64220E+01
8635	755	3.64230E+01
4726	717	3.64242E+01
4829	280	3.64303E+01
1222	562	3.64326E+01
7562	463	3.64334E+01
8635	558	3.64339E+01
4726	328	3.64368E+01
8792	227	3.64427E+01
8635	642	3.64433E+01
4726	639	3.64542E+01
7562	554	3.64587E+01
8792	470	3.64600E+01
4829	555	3.64603E+01
4829	804	3.64632E+01
8723	415	3.64640E+01
8704	322	3.64686E+01
4932	594	3.64700E+01
7562	423	3.64721E+01
8723	276	3.64777E+01
1222	552	3.64778E+01
8635	807	3.64784E+01
1222	471	3.64876E+01
8811	764	3.64880E+01
4867	686	3.64906E+01
7562	424	3.64911E+01
4726	680	3.64919E+01
4867	364	3.64935E+01
4829	464	3.64958E+01
4764	430	3.65004E+01
8704	712	3.65056E+01
4726	280	3.65065E+01
4970	365	3.65081E+01
4932	635	3.65083E+01
8792	274	3.65096E+01
4726	800	3.65121E+01
8635	324	3.65162E+01
8723	467	3.65169E+01
4932	329	3.65173E+01
4932	801	3.65218E+01
8616	431	3.65232E+01
8811	427	3.65257E+01
4764	714	3.65281E+01
4726	804	3.65296E+01
4829	593	3.65338E+01
7562	597	3.65462E+01
8811	641	3.65465E+01
7562	598	3.65501E+01
8635	683	3.65502E+01
7562	374	3.65534E+01
4867	324	3.65548E+01
7562	462	3.65562E+01
4932	803	3.65588E+01
4726	555	3.65598E+01
8704	431	3.65623E+01
8616	225	3.65648E+01
4932	550	3.65708E+01
4829	634	3.65712E+01
7562	373	3.65764E+01
7562	464	3.65775E+01
7562	638	3.65796E+01
8616	561	3.65888E+01
8811	233	3.65933E+01
4764	275	3.65941E+01
7562	555	3.65967E+01
4726	464	3.66007E+01
4764	604	3.66060E+01
4764	797	3.66105E+01
8811	366	3.66136E+01
7562	553	3.66144E+01
8704	362	3.66158E+01
4867	714	3.66207E+01
4932	759	3.66293E+01
4726	593	3.66313E+01
4829	367	3.66320E+01
8792	604	3.66345E+01
8723	455	3.66353E+01
4970	811	3.66358E+01
4867	430	3.66374E+01
4932	335	3.66385E+01
7562	679	3.66414E+01
4829	758	3.66421E+01
4932	374	3.66427E+01
4932	676	3.66458E+01
8635	590	3.66460E+01
4932	368	3.66483E+01
8792	431	3.66490E+01
8792	630	3.66600E+01
8635	631	3.66646E+01
7562	639	3.66661E+01
8704	810	3.66703E+01
4867	797	3.66736E+01
4726	634	3.66737E+01
4829	549	3.66764E+01
4829	336	3.66805E+01
4867	812	3.66812E+01
4764	228	3.66818E+01
7562	422	3.66831E+01
4932	281	3.66840E+01
4932	598	3.66855E+01
8792	589	3.66919E+01
8616	645	3.66926E+01
4932	424	3.66974E+01
4764	645	3.67046E+01
8704	453	3.67056E+01
4932	762	3.67072E+01
8723	558	3.67087E+01
4726	367	3.67106E+01
8704	727	3.67106E+01
4970	325	3.67113E+01
7562	720	3.67152E+01
4970	230	3.67209E+01
4970	727	3.67215E+01
7562	375	3.67309E+01
7562	335	3.67314E+01
4829	234	3.67330E+01
7562	680	3.67359E+01
8723	755	3.67367E+01
8704	561	3.67380E+01
1222	647	3.67398E+01
4764	770	3.67433E+01
8704	141	3.67445E+01
8616	686	3.67445E+01
8635	275	3.67485E+01
4829	675	3.67487E+01
7562	425	3.67488E+01
7562	762	3.67492E+01
8811	723	3.67505E+01
7562	721	3.67535E+01
4764	728	3.67571E+01
4726	758	3.67609E+01
4867	275	3.67647E+01
4726	549	3.67682E+01
7562	803	3.67683E+01
8723	724	3.67731E+01
8811	756	3.67732E+01
4970	591	3.67780E+01
4829	763	3.67878E+01
8635	428	3.67888E+01
7562	372	3.67907E+01
8635	566	3.67907E+01
8723	229	3.67913E+01
8811	682	3.67919E+01
7562	334	3.67965E+01
4829	375	3.67973E+01
4726	336	3.67979E+01
1222	719	3.68006E+01
4726	234	3.68064E+01
8723	642	3.68094E+01
4867	604	3.68139E+01
7562	761	3.68181E+01
7562	637	3.68210E+01
7562	336	3.68261E+01
8792	795	3.68330E+01
4829	279	3.68490E+01
4726	763	3.68514E+01
7562	596	3.68547E+01
4867	228	3.68553E+01
4726	675	3.68564E+01
4932	721	3.68567E+01
4932	418	3.68659E+01
7562	804	3.68670E+01
4970	632	3.68680E+01
7562	599	3.68691E+01
8635	228	3.68732E+01
4932	717	3.68748E+01
4970	380	3.68801E+01
7562	678	3.68816E+01
8811	278	3.68848E+01
4970	769	3.68854E+01
4932	639	3.68928E+01
8723	364	3.68952E+01
4932	458	3.68968E+01
4970	567	3.68982E+01
8635	546	3.68983E+01
8792	671	3.68985E+01
4829	327	3.69035E+01
1222	606	3.69057E+01
8635	672	3.69073E+01
4726	375	3.69128E+01
4726	279	3.69208E+01
7562	461	3.69365E+01
4932	680	3.69389E+01
1222	432	3.69405E+01
4867	645	3.69434E+01
4932	800	3.69441E+01
4970	756	3.69445E+01
4829	425	3.69461E+01
8616	753	3.69492E+01
4932	328	3.69573E+01
4829	599	3.69656E+01
8723	683	3.69697E+01
8704	645	3.69764E+01
4726	327	3.69768E+01
4932	555	3.69807E+01
1222	731	3.69808E+01
7562	802	3.69823E+01
4829	417	3.69841E+01
8723	428	3.69858E+01
7562	465	3.69946E+01
8704	225	3.69952E+01
1222	802	3.69959E+01
7562	763	3.69986E+01
4764	590	3.69999E+01
4970	560	3.70000E+01
4932	804	3.70006E+01
4970	547	3.70025E+01
8792	768	3.70079E+01
7562	333	3.70119E+01
7562	719	3.70123E+01
4932	464	3.70129E+01
