GRAM	c2h2	chi_tot
10552	791	7.47456E+01
10552	750	7.49308E+01
10552	708	7.51475E+01
10552	792	7.51928E+01
10552	749	7.51964E+01
10552	667	7.53791E+01
10552	709	7.54205E+01
10552	790	7.55742E+01
10552	626	7.58159E+01
10552	666	7.58482E+01
10552	625	7.59461E+01
10552	707	7.60294E+01
10552	751	7.60566E+01
10552	668	7.61192E+01
10552	584	7.62744E+01
10552	585	7.63701E+01
10552	748	7.65233E+01
10552	540	7.67849E+01
10552	627	7.69054E+01
10552	541	7.69631E+01
10552	624	7.70291E+01
10552	583	7.71208E+01
10552	710	7.71609E+01
10552	665	7.72385E+01
10552	793	7.72623E+01
10552	789	7.73392E+01
10552	448	7.74550E+01
10552	539	7.74943E+01
10552	449	7.75564E+01
10552	586	7.76496E+01
10552	706	7.77627E+01
10552	447	7.81445E+01
10552	408	7.81915E+01
10552	542	7.82434E+01
10552	407	7.83174E+01
10552	669	7.83579E+01
10552	747	7.86003E+01
10552	450	7.86362E+01
10552	582	7.86754E+01
10552	623	7.88105E+01
10552	538	7.88825E+01
10552	409	7.88838E+01
10552	752	7.88998E+01
10552	356	7.90274E+01
10552	406	7.91001E+01
10552	357	7.91926E+01
10552	664	7.92806E+01
10552	446	7.94435E+01
10552	628	7.94768E+01
10552	355	7.94899E+01
10552	788	7.97290E+01
10552	315	7.99519E+01
10552	705	8.00701E+01
10552	316	8.00727E+01
10552	358	8.01232E+01
10552	587	8.03465E+01
10552	314	8.03593E+01
10552	405	8.03875E+01
10552	354	8.04463E+01
10552	410	8.05528E+01
10552	711	8.06685E+01
10552	581	8.07244E+01
10552	537	8.07567E+01
10495	789	8.08254E+01
10552	543	8.08319E+01
10552	317	8.08358E+01
10552	451	8.08751E+01
10552	265	8.08794E+01
10495	748	8.09007E+01
10495	790	8.10109E+01
10552	622	8.10607E+01
10495	706	8.10798E+01
10552	264	8.11027E+01
10552	266	8.11129E+01
10508	747	8.11386E+01
10508	788	8.11416E+01
10495	747	8.11463E+01
10552	746	8.11496E+01
10508	789	8.11610E+01
10552	313	8.11830E+01
10552	445	8.11856E+01
10495	707	8.12230E+01
10495	665	8.12344E+01
10552	794	8.12817E+01
10508	705	8.13350E+01
10508	706	8.13514E+01
10552	235	8.13568E+01
10508	664	8.14244E+01
10508	746	8.14384E+01
10495	788	8.14489E+01
10552	287	8.15004E+01
10495	664	8.15388E+01
10508	748	8.15592E+01
10495	624	8.15699E+01
10495	749	8.15788E+01
10495	623	8.16039E+01
10495	705	8.16831E+01
10508	623	8.16834E+01
10552	263	8.16902E+01
10508	787	8.17356E+01
10552	663	8.17361E+01
10508	663	8.17391E+01
10495	666	8.17436E+01
10508	665	8.17519E+01
10508	622	8.17659E+01
10552	216	8.17740E+01
10552	353	8.17755E+01
10495	582	8.18499E+01
10508	704	8.18933E+01
10552	267	8.18954E+01
10552	215	8.19192E+01
10552	359	8.19484E+01
10508	581	8.19574E+01
10552	217	8.19901E+01
10495	583	8.20253E+01
10552	404	8.20429E+01
10495	746	8.20461E+01
10508	790	8.20566E+01
10508	582	8.20674E+01
10508	707	8.21774E+01
10508	745	8.22264E+01
10495	538	8.22355E+01
10495	622	8.22643E+01
10508	537	8.22821E+01
10508	624	8.22848E+01
10495	791	8.23049E+01
10495	581	8.23154E+01
10552	312	8.23224E+01
10508	621	8.23376E+01
10552	318	8.23474E+01
10552	214	8.23540E+01
10508	580	8.23589E+01
10552	670	8.23652E+01
10495	708	8.23800E+01
10495	625	8.23849E+01
10552	129	8.24149E+01
10495	663	8.24242E+01
10552	787	8.24740E+01
10552	89	8.24925E+01
10552	130	8.24929E+01
10508	662	8.24955E+01
10552	90	8.25150E+01
10508	538	8.25176E+01
10495	539	8.25298E+01
10508	536	8.25511E+01
10552	262	8.25579E+01
10495	537	8.25624E+01
10552	128	8.25889E+01
10495	787	8.26166E+01
10552	88	8.26233E+01
10552	218	8.26390E+01
10508	445	8.27018E+01
10552	704	8.27113E+01
10495	446	8.27203E+01
10508	786	8.27204E+01
10552	91	8.27262E+01
10495	704	8.27967E+01
10508	703	8.28261E+01
10508	583	8.28717E+01
10552	87	8.28740E+01
10552	131	8.28788E+01
10508	444	8.28961E+01
10552	536	8.29473E+01
10508	666	8.29523E+01
10552	127	8.29593E+01
10508	749	8.29673E+01
10508	446	8.29745E+01
10495	445	8.29846E+01
10552	213	8.30119E+01
10495	447	8.30228E+01
10495	584	8.30480E+01
10552	580	8.30809E+01
10508	579	8.31142E+01
10508	535	8.31803E+01
10508	404	8.31874E+01
10552	86	8.32142E+01
10552	444	8.32239E+01
10508	620	8.32328E+01
10495	580	8.32380E+01
10495	405	8.32847E+01
10552	268	8.33086E+01
10508	744	8.33100E+01
10495	667	8.33244E+01
10552	411	8.33406E+01
10495	536	8.33436E+01
10495	621	8.33556E+01
10495	745	8.33672E+01
10552	352	8.33736E+01
10508	403	8.33747E+01
10508	405	8.34011E+01
10508	539	8.34236E+01
10508	443	8.34311E+01
10552	126	8.34758E+01
10495	750	8.34777E+01
10495	406	8.34806E+01
10552	339	8.34867E+01
10508	661	8.35257E+01
10495	404	8.35692E+01
10552	621	8.35819E+01
10552	85	8.36169E+01
10552	132	8.36239E+01
10495	540	8.36316E+01
10552	261	8.36339E+01
10495	444	8.36704E+01
10495	662	8.36899E+01
10552	311	8.36924E+01
10508	352	8.37383E+01
10552	753	8.37580E+01
10552	629	8.37693E+01
10552	219	8.37859E+01
10508	625	8.37902E+01
10508	353	8.38075E+01
10552	212	8.38345E+01
10508	402	8.38587E+01
10508	447	8.38593E+01
10508	785	8.39174E+01
10552	745	8.39366E+01
10495	354	8.39458E+01
10552	403	8.39472E+01
10495	353	8.39525E+01
10508	702	8.39706E+01
10508	351	8.39810E+01
10508	534	8.40479E+01
10495	448	8.40543E+01
10552	84	8.40597E+01
10508	708	8.40767E+01
10508	578	8.40911E+01
10552	125	8.40960E+01
10495	786	8.41066E+01
10508	791	8.41239E+01
10508	406	8.41363E+01
10508	442	8.41998E+01
10495	403	8.42141E+01
10495	703	8.42209E+01
10508	311	8.42744E+01
10508	354	8.42815E+01
10495	626	8.42909E+01
10495	407	8.42923E+01
10508	619	8.43149E+01
10495	352	8.43277E+01
10508	310	8.43988E+01
10552	662	8.44030E+01
10495	355	8.44140E+01
10508	312	8.44242E+01
10552	452	8.44323E+01
10495	535	8.44348E+01
10508	350	8.44563E+01
10495	579	8.44600E+01
10552	83	8.45257E+01
10508	743	8.45374E+01
10495	312	8.45503E+01
10508	401	8.45504E+01
10508	584	8.45745E+01
10495	313	8.46144E+01
10495	443	8.46515E+01
10552	588	8.46700E+01
10552	319	8.46934E+01
10508	660	8.46951E+01
10495	620	8.47126E+01
10508	309	8.47338E+01
10552	133	8.47696E+01
10552	211	8.47748E+01
10552	360	8.47756E+01
10552	124	8.47870E+01
10508	260	8.47983E+01
10495	311	8.48055E+01
10495	709	8.48379E+01
10508	261	8.48410E+01
10552	260	8.48601E+01
10552	544	8.49104E+01
10495	744	8.49181E+01
10508	313	8.49258E+01
10508	259	8.49518E+01
10495	351	8.49799E+01
10552	82	8.50038E+01
10495	792	8.50277E+01
10508	533	8.50528E+01
10495	314	8.50878E+01
10508	349	8.50965E+01
10508	441	8.51127E+01
10495	402	8.51157E+01
10495	262	8.51357E+01
10508	262	8.51373E+01
10495	585	8.51404E+01
10552	351	8.51529E+01
10495	661	8.51689E+01
10508	577	8.51824E+01
10508	540	8.51842E+01
10508	784	8.51916E+01
10508	701	8.52002E+01
10495	261	8.52053E+01
10508	211	8.52153E+01
10552	310	8.52238E+01
10508	308	8.52261E+01
10508	210	8.52408E+01
10508	258	8.52553E+01
10508	355	8.52677E+01
10508	667	8.52792E+01
10495	310	8.53049E+01
10552	535	8.53104E+01
10552	786	8.53531E+01
10508	212	8.53573E+01
10495	263	8.53581E+01
10508	400	8.53758E+01
10508	209	8.53967E+01
10552	269	8.54140E+01
10552	443	8.54331E+01
10508	618	8.54758E+01
10495	356	8.54775E+01
10552	220	8.54810E+01
10552	703	8.54874E+01
10552	81	8.54892E+01
10495	260	8.55007E+01
10508	448	8.55168E+01
10508	123	8.55196E+01
10552	123	8.55258E+01
10508	407	8.55277E+01
10508	124	8.55593E+01
10508	122	8.55742E+01
10552	579	8.55878E+01
10495	212	8.56371E+01
10508	208	8.56536E+01
10508	750	8.56547E+01
10508	257	8.56726E+01
10495	213	8.56787E+01
10508	121	8.57036E+01
10508	213	8.57132E+01
10495	534	8.57151E+01
10508	125	8.57186E+01
10495	541	8.57394E+01
10495	785	8.57425E+01
10508	263	8.57559E+01
10495	211	8.57835E+01
10495	702	8.57946E+01
10508	742	8.57958E+01
10552	210	8.57975E+01
10508	82	8.58155E+01
10495	442	8.58217E+01
10508	81	8.58247E+01
10508	307	8.58307E+01
10495	350	8.58310E+01
10508	348	8.58447E+01
10495	578	8.58506E+01
10508	83	8.58534E+01
10495	408	8.58671E+01
10508	314	8.58708E+01
10508	80	8.58724E+01
10508	120	8.58920E+01
10508	659	8.59012E+01
10495	264	8.59498E+01
10508	84	8.59514E+01
10508	79	8.59531E+01
10495	214	8.59625E+01
10495	259	8.59678E+01
10495	125	8.59713E+01
10552	80	8.59817E+01
10495	309	8.59869E+01
10508	207	8.59875E+01
10495	449	8.59882E+01
10552	402	8.59987E+01
10508	126	8.60306E+01
10495	126	8.60348E+01
10495	124	8.60386E+01
10508	78	8.60626E+01
10495	315	8.60728E+01
10495	210	8.60748E+01
10508	440	8.60965E+01
10552	381	8.60977E+01
10508	532	8.61140E+01
10508	119	8.61264E+01
10508	85	8.61275E+01
10495	84	8.61303E+01
10495	85	8.61411E+01
10508	256	8.61750E+01
10495	83	8.61829E+01
10495	401	8.61862E+01
10552	259	8.61906E+01
10508	77	8.61965E+01
10495	619	8.62005E+01
10495	123	8.62064E+01
10552	712	8.62084E+01
10552	620	8.62103E+01
10495	86	8.62370E+01
10495	668	8.62471E+01
10495	127	8.62681E+01
10508	399	8.62734E+01
10495	82	8.62827E+01
10552	122	8.62977E+01
10508	576	8.63040E+01
10508	214	8.63393E+01
10552	134	8.63431E+01
10508	76	8.63503E+01
10508	206	8.63798E+01
10508	118	8.63970E+01
10508	86	8.64054E+01
10495	81	8.64190E+01
10508	700	8.64233E+01
10508	626	8.64374E+01
10495	87	8.64443E+01
10508	783	8.64476E+01
10495	122	8.64521E+01
10495	209	8.64769E+01
10552	79	8.64828E+01
10508	306	8.65091E+01
10508	75	8.65193E+01
10508	127	8.65366E+01
10495	743	8.65501E+01
10495	215	8.65513E+01
10495	258	8.65634E+01
10495	80	8.65853E+01
10508	617	8.66346E+01
10508	347	8.66538E+01
10508	117	8.66964E+01
10508	74	8.66992E+01
10495	128	8.67187E+01
10495	660	8.67291E+01
10508	255	8.67387E+01
10495	121	8.67589E+01
10552	744	8.67734E+01
10508	264	8.67766E+01
10495	79	8.67781E+01
10495	88	8.67932E+01
10495	308	8.68000E+01
10508	87	8.68126E+01
10495	349	8.68146E+01
10508	205	8.68162E+01
10552	309	8.68608E+01
10552	209	8.68776E+01
10508	356	8.68861E+01
10508	73	8.68866E+01
10495	751	8.69060E+01
10495	235	8.69255E+01
10495	208	8.69636E+01
10552	78	8.69935E+01
10495	78	8.69945E+01
10495	265	8.69969E+01
10508	741	8.70078E+01
10508	116	8.70201E+01
10552	350	8.70388E+01
10508	658	8.70710E+01
10508	72	8.70810E+01
10495	533	8.70849E+01
10495	441	8.70926E+01
10508	439	8.70927E+01
10552	121	8.70931E+01
10495	120	8.71135E+01
10552	661	8.71174E+01
10508	531	8.71686E+01
10508	398	8.71931E+01
10508	305	8.72290E+01
10495	77	8.72314E+01
10495	257	8.72536E+01
10495	357	8.72655E+01
10508	71	8.72830E+01
10508	204	8.72859E+01
10508	128	8.72859E+01
10508	215	8.73005E+01
10495	577	8.73043E+01
10495	89	8.73167E+01
10508	709	8.73304E+01
10508	254	8.73427E+01
10495	400	8.73522E+01
10552	412	8.73599E+01
10508	315	8.73623E+01
10508	115	8.73646E+01
10508	88	8.73806E+01
10495	784	8.73933E+01
10508	585	8.73935E+01
10508	575	8.73941E+01
10495	701	8.73947E+01
10495	129	8.74400E+01
10508	346	8.74848E+01
10495	76	8.74850E+01
10508	70	8.74944E+01
10495	119	8.75051E+01
10552	77	8.75139E+01
10495	207	8.75140E+01
10495	216	8.75141E+01
10552	795	8.75328E+01
10495	627	8.75374E+01
10508	699	8.75782E+01
10552	258	8.75903E+01
10508	782	8.76235E+01
10508	792	8.76763E+01
10495	316	8.76790E+01
10495	307	8.77007E+01
10552	442	8.77088E+01
10495	618	8.77138E+01
10508	69	8.77161E+01
10508	408	8.77212E+01
10508	114	8.77265E+01
10552	534	8.77271E+01
10508	616	8.77350E+01
10495	75	8.77509E+01
10552	221	8.77531E+01
10508	203	8.77808E+01
10495	348	8.78748E+01
10552	120	8.79055E+01
10495	118	8.79252E+01
10552	320	8.79318E+01
10508	68	8.79473E+01
10508	304	8.79634E+01
10508	253	8.79684E+01
10508	541	8.79941E+01
10552	208	8.79973E+01
10495	256	8.80117E+01
10508	235	8.80152E+01
10495	74	8.80252E+01
10552	76	8.80420E+01
10495	90	8.80504E+01
10508	438	8.80566E+01
10508	397	8.80952E+01
10508	113	8.81024E+01
10495	206	8.81118E+01
10552	401	8.81119E+01
10508	449	8.81173E+01
10552	578	8.81174E+01
10508	740	8.81250E+01
10508	89	8.81435E+01
10495	742	8.81547E+01
10508	657	8.81571E+01
10508	530	8.81714E+01
10508	67	8.81861E+01
10552	785	8.81966E+01
10552	702	8.82424E+01
10552	270	8.82472E+01
10495	659	8.82716E+01
10508	265	8.82860E+01
10508	202	8.82931E+01
10495	73	8.83051E+01
10508	345	8.83060E+01
10508	129	8.83330E+01
10552	135	8.83560E+01
10495	409	8.83568E+01
10495	117	8.83686E+01
10552	671	8.83729E+01
10495	440	8.83926E+01
10508	574	8.84109E+01
10508	66	8.84306E+01
10495	532	8.84652E+01
10495	130	8.84873E+01
10508	112	8.84896E+01
10495	586	8.85272E+01
10495	399	8.85536E+01
10552	308	8.85574E+01
10552	75	8.85748E+01
10495	266	8.85890E+01
10495	72	8.85901E+01
10508	252	8.85995E+01
10508	698	8.86285E+01
10495	306	8.86513E+01
10508	216	8.86665E+01
10508	65	8.86806E+01
10552	361	8.86806E+01
10508	781	8.86848E+01
10508	303	8.86898E+01
10552	119	8.87298E+01
10495	576	8.87400E+01
10508	615	8.87419E+01
10495	205	8.87446E+01
10508	514	8.87655E+01
10508	201	8.88144E+01
10495	255	8.88150E+01
10552	619	8.88156E+01
10495	116	8.88318E+01
10508	513	8.88627E+01
10495	71	8.88817E+01
10508	111	8.88860E+01
10495	710	8.88866E+01
10495	217	8.89215E+01
10495	700	8.89337E+01
10508	64	8.89367E+01
10508	396	8.89496E+01
10508	437	8.89567E+01
10508	512	8.89610E+01
10495	347	8.89651E+01
10552	349	8.89681E+01
10495	783	8.89687E+01
10508	668	8.89969E+01
10495	450	8.89991E+01
10495	91	8.90299E+01
10552	257	8.90320E+01
10495	542	8.90525E+01
10508	511	8.90625E+01
10508	344	8.90923E+01
10508	529	8.90926E+01
10552	74	8.91092E+01
10508	739	8.91222E+01
10508	656	8.91330E+01
10508	90	8.91377E+01
10552	207	8.91438E+01
10508	510	8.91689E+01
10495	617	8.91752E+01
10495	70	8.91819E+01
10508	63	8.91997E+01
10508	251	8.92217E+01
10508	357	8.92647E+01
10508	509	8.92801E+01
10508	110	8.92900E+01
10495	115	8.93128E+01
10508	573	8.93296E+01
10508	200	8.93362E+01
10508	302	8.93896E+01
10508	508	8.93947E+01
10495	204	8.94031E+01
10552	453	8.94331E+01
10508	62	8.94694E+01
10495	69	8.94921E+01
10495	793	8.94996E+01
10508	316	8.95090E+01
10508	507	8.95104E+01
10552	743	8.95190E+01
10508	697	8.95567E+01
10552	118	8.95623E+01
10508	780	8.96166E+01
10495	305	8.96201E+01
10508	506	8.96254E+01
10508	614	8.96371E+01
10495	254	8.96433E+01
10552	73	8.96435E+01
10495	741	8.96595E+01
10495	439	8.96652E+01
10508	109	8.96990E+01
10495	658	8.97276E+01
10508	130	8.97332E+01
10508	395	8.97354E+01
10508	505	8.97389E+01
10495	398	8.97418E+01
10508	61	8.97448E+01
10552	660	8.97538E+01
10508	436	8.97728E+01
10495	531	8.97961E+01
10495	114	8.98097E+01
10495	68	8.98120E+01
10508	250	8.98229E+01
10508	343	8.98244E+01
10508	199	8.98500E+01
10508	504	8.98522E+01
10495	358	8.99066E+01
10495	131	8.99138E+01
10508	528	8.99159E+01
10508	751	8.99224E+01
10552	441	8.99660E+01
10508	503	8.99670E+01
10552	630	8.99824E+01
10508	655	8.99879E+01
10508	738	8.99906E+01
10495	317	9.00132E+01
10508	60	9.00247E+01
10495	346	9.00476E+01
10508	301	9.00477E+01
10495	203	9.00797E+01
10508	502	9.00846E+01
10495	575	9.00993E+01
10552	533	9.01021E+01
10508	108	9.01090E+01
10508	572	9.01389E+01
10495	67	9.01399E+01
10508	21	9.01512E+01
10508	20	9.01526E+01
10508	22	9.01609E+01
10508	19	9.01697E+01
10508	23	9.01762E+01
10552	72	9.01784E+01
10508	24	9.01923E+01
10508	501	9.02051E+01
10508	18	9.02053E+01
10508	25	9.02062E+01
10552	400	9.02163E+01
10508	26	9.02179E+01
10508	27	9.02296E+01
10495	514	9.02420E+01
10508	28	9.02446E+01
10508	17	9.02609E+01
10508	29	9.02658E+01
10552	307	9.02735E+01
10508	30	9.02947E+01
10552	206	9.03076E+01
10508	59	9.03087E+01
10495	113	9.03199E+01
10508	500	9.03273E+01
10508	31	9.03314E+01
10508	16	9.03375E+01
10508	198	9.03480E+01
10495	699	9.03553E+01
10508	696	9.03590E+01
10508	266	9.03724E+01
10508	32	9.03747E+01
10508	249	9.03926E+01
10495	513	9.03944E+01
10508	91	9.03989E+01
10552	117	9.04018E+01
10495	782	9.04127E+01
10508	613	9.04153E+01
10508	779	9.04176E+01
10508	33	9.04231E+01
10508	15	9.04362E+01
10508	394	9.04403E+01
10508	499	9.04495E+01
10508	627	9.04693E+01
10495	66	9.04741E+01
10508	34	9.04751E+01
10495	253	9.04778E+01
10508	342	9.04897E+01
10552	256	9.04942E+01
10508	435	9.04954E+01
10508	217	9.05075E+01
10508	107	9.05148E+01
10508	35	9.05296E+01
10495	616	9.05325E+01
10495	512	9.05475E+01
10508	14	9.05585E+01
10552	577	9.05695E+01
10508	498	9.05711E+01
10495	304	9.05801E+01
10508	36	9.05863E+01
10508	58	9.05968E+01
10552	222	9.06046E+01
10552	545	9.06234E+01
10508	527	9.06354E+01
10508	37	9.06460E+01
10508	300	9.06529E+01
10508	497	9.06921E+01
10495	511	9.07034E+01
10508	13	9.07055E+01
10508	38	9.07101E+01
10552	71	9.07163E+01
10508	654	9.07221E+01
10508	737	9.07324E+01
10495	287	9.07408E+01
10495	202	9.07666E+01
10495	669	9.07782E+01
10508	39	9.07796E+01
10552	589	9.07900E+01
10552	136	9.08032E+01
10495	267	9.08101E+01
10508	496	9.08131E+01
10495	65	9.08147E+01
10508	197	9.08233E+01
10508	571	9.08376E+01
10495	218	9.08395E+01
10495	112	9.08410E+01
10508	40	9.08544E+01
10552	701	9.08624E+01
10495	510	9.08640E+01
10508	409	9.08650E+01
10495	438	9.08681E+01
10508	12	9.08771E+01
10552	754	9.08775E+01
10495	397	9.08786E+01
10552	784	9.08837E+01
10552	348	9.08874E+01
10508	57	9.08881E+01
10508	106	9.09112E+01
10508	248	9.09220E+01
10508	495	9.09347E+01
10495	740	9.10218E+01
10495	509	9.10298E+01
10495	530	9.10352E+01
10508	695	9.10406E+01
10495	657	9.10547E+01
10508	494	9.10572E+01
10508	393	9.10595E+01
10508	11	9.10716E+01
10508	612	9.10796E+01
10508	341	9.10814E+01
10495	345	9.10915E+01
10508	778	9.10948E+01
10508	434	9.11223E+01
10508	162	9.11453E+01
10508	163	9.11492E+01
10508	161	9.11520E+01
10508	183	9.11528E+01
10495	64	9.11625E+01
10508	164	9.11628E+01
10508	160	9.11706E+01
10508	182	9.11764E+01
10508	56	9.11806E+01
10508	493	9.11812E+01
10508	165	9.11843E+01
10508	299	9.11977E+01
10508	181	9.11984E+01
10495	508	9.11996E+01
10508	159	9.12041E+01
10508	166	9.12106E+01
10508	180	9.12160E+01
10508	179	9.12274E+01
10508	178	9.12329E+01
10508	177	9.12345E+01
10508	176	9.12358E+01
10508	167	9.12375E+01
10508	175	9.12395E+01
10508	174	9.12472E+01
10552	116	9.12494E+01
10508	526	9.12526E+01
10508	158	9.12562E+01
10508	173	9.12582E+01
10508	168	9.12602E+01
10552	70	9.12609E+01
10508	196	9.12693E+01
10508	172	9.12698E+01
10508	169	9.12754E+01
10508	171	9.12787E+01
10508	170	9.12814E+01
10508	10	9.12852E+01
10508	105	9.12928E+01
10552	618	9.12996E+01
10495	252	9.13022E+01
10508	492	9.13082E+01
10508	157	9.13311E+01
10508	653	9.13427E+01
10495	574	9.13443E+01
10508	736	9.13566E+01
10495	507	9.13713E+01
10495	111	9.13713E+01
10508	247	9.14045E+01
10508	570	9.14309E+01
10508	156	9.14314E+01
10508	491	9.14399E+01
10495	201	9.14553E+01
10508	55	9.14713E+01
10552	205	9.14816E+01
10495	303	9.15093E+01
10508	9	9.15135E+01
10495	63	9.15189E+01
10508	131	9.15388E+01
10495	506	9.15430E+01
10508	586	9.15475E+01
10508	155	9.15579E+01
10508	490	9.15780E+01
10508	392	9.15935E+01
10508	340	9.15976E+01
10508	694	9.16117E+01
10495	698	9.16283E+01
10508	611	9.16387E+01
10508	104	9.16548E+01
10508	433	9.16575E+01
10508	777	9.16600E+01
10508	298	9.16788E+01
10508	195	9.16805E+01
10495	781	9.16970E+01
10508	154	9.17094E+01
10495	505	9.17142E+01
10508	489	9.17243E+01
10552	514	9.17466E+01
10508	8	9.17513E+01
10495	615	9.17554E+01
10508	54	9.17566E+01
10495	132	9.17648E+01
10508	525	9.17743E+01
10552	69	9.18148E+01
10552	271	9.18170E+01
10508	450	9.18310E+01
10508	246	9.18359E+01
10508	652	9.18607E+01
10508	735	9.18757E+01
10508	488	9.18797E+01
10508	153	9.18830E+01
10495	62	9.18843E+01
10495	504	9.18855E+01
10495	410	9.19056E+01
10495	110	9.19086E+01
10508	569	9.19281E+01
10495	396	9.19358E+01
10552	255	9.19575E+01
10495	437	9.19725E+01
10552	306	9.19739E+01
10508	103	9.19927E+01
10508	7	9.19934E+01
10508	53	9.20328E+01
10508	487	9.20441E+01
10508	542	9.20472E+01
10508	391	9.20472E+01
10552	513	9.20507E+01
10508	194	9.20529E+01
10495	503	9.20585E+01
10495	344	9.20727E+01
10508	152	9.20744E+01
10552	742	9.20764E+01
10508	693	9.20850E+01
10552	321	9.20886E+01
10508	297	9.20964E+01
10495	251	9.21016E+01
10508	610	9.21036E+01
10552	115	9.21067E+01
10508	776	9.21270E+01
10495	200	9.21361E+01
10552	440	9.21372E+01
10495	529	9.21565E+01
10495	752	9.21623E+01
10508	524	9.22100E+01
10508	245	9.22148E+01
10508	486	9.22168E+01
10508	710	9.22204E+01
10495	739	9.22225E+01
10552	659	9.22226E+01
10495	656	9.22317E+01
10508	6	9.22343E+01
10495	502	9.22347E+01
10552	399	9.22549E+01
10495	61	9.22578E+01
10508	151	9.22775E+01
10508	651	9.22887E+01
10508	52	9.22961E+01
10508	102	9.23028E+01
10508	734	9.23032E+01
10552	512	9.23538E+01
10552	532	9.23619E+01
10495	628	9.23639E+01
10552	68	9.23788E+01
10508	193	9.23841E+01
10495	302	9.23896E+01
10508	485	9.23959E+01
10495	501	9.24142E+01
10508	317	9.24151E+01
10508	390	9.24278E+01
10495	109	9.24496E+01
10508	296	9.24534E+01
10495	573	9.24546E+01
10508	5	9.24687E+01
10508	692	9.24739E+01
10508	150	9.24853E+01
10508	775	9.25096E+01
10508	358	9.25283E+01
10508	244	9.25422E+01
10508	51	9.25429E+01
10508	523	9.25703E+01
10508	484	9.25781E+01
10508	101	9.25823E+01
10495	500	9.25960E+01
10495	60	9.26386E+01
10508	733	9.26529E+01
10552	511	9.26588E+01
10552	204	9.26599E+01
10508	192	9.26736E+01
10552	413	9.26858E+01
10508	149	9.26904E+01
10508	4	9.26912E+01
10495	697	9.27411E+01
10508	389	9.27437E+01
10552	347	9.27526E+01
10508	295	9.27545E+01
10508	483	9.27591E+01
10508	50	9.27703E+01
10495	499	9.27789E+01
10495	199	9.27998E+01
10495	780	9.28128E+01
10508	243	9.28211E+01
10508	774	9.28212E+01
10508	100	9.28299E+01
10495	614	9.28306E+01
10495	250	9.28636E+01
10508	522	9.28658E+01
10552	576	9.28705E+01
10495	30	9.28782E+01
10495	31	9.28795E+01
10495	29	9.28846E+01
10508	148	9.28864E+01
10495	32	9.28873E+01
10508	218	9.28877E+01
10495	395	9.28952E+01
10508	3	9.28976E+01
10495	28	9.28989E+01
10495	33	9.29000E+01
10495	34	9.29160E+01
10495	27	9.29198E+01
10508	191	9.29229E+01
10508	482	9.29344E+01
10495	35	9.29344E+01
10495	26	9.29446E+01
10552	67	9.29520E+01
10495	36	9.29553E+01
10495	436	9.29616E+01
10495	498	9.29624E+01
10552	510	9.29683E+01
10495	25	9.29702E+01
10495	343	9.29737E+01
10552	114	9.29752E+01
10508	49	9.29758E+01
10495	37	9.29798E+01
10495	108	9.29891E+01
10495	24	9.29945E+01
10508	388	9.30038E+01
10508	294	9.30057E+01
10495	38	9.30097E+01
10495	23	9.30177E+01
10508	793	9.30248E+01
10495	59	9.30259E+01
10495	22	9.30431E+01
10508	99	9.30456E+01
10495	39	9.30463E+01
10508	242	9.30557E+01
10508	147	9.30681E+01
10495	21	9.30756E+01
10508	2	9.30847E+01
10495	40	9.30894E+01
10508	481	9.30994E+01
10508	521	9.31066E+01
10508	267	9.31173E+01
10495	183	9.31179E+01
10495	20	9.31206E+01
10508	190	9.31346E+01
10495	497	9.31467E+01
10495	528	9.31477E+01
10508	48	9.31582E+01
10508	287	9.31661E+01
10495	318	9.31683E+01
10495	182	9.31790E+01
10495	19	9.31822E+01
10495	301	9.32064E+01
10508	293	9.32134E+01
10508	387	9.32164E+01
10508	98	9.32307E+01
10508	146	9.32321E+01
10495	181	9.32390E+01
10495	451	9.32499E+01
10508	1	9.32508E+01
10508	480	9.32510E+01
10508	241	9.32511E+01
10495	655	9.32530E+01
10495	738	9.32584E+01
10495	18	9.32631E+01
10552	700	9.32715E+01
10552	509	9.32840E+01
10495	180	9.32948E+01
10508	520	9.33019E+01
10508	189	9.33122E+01
10508	47	9.33173E+01
10495	219	9.33234E+01
10495	496	9.33327E+01
10552	783	9.33383E+01
10495	179	9.33443E+01
10495	17	9.33646E+01
10508	145	9.33769E+01
10508	292	9.33837E+01
10508	479	9.33870E+01
10508	97	9.33874E+01
10495	178	9.33875E+01
10508	386	9.33891E+01
10508	0	9.33954E+01
10552	254	9.34033E+01
10508	240	9.34124E+01
10495	58	9.34190E+01
10495	587	9.34207E+01
10495	572	9.34232E+01
10495	177	9.34267E+01
10495	198	9.34372E+01
10508	46	9.34541E+01
10508	519	9.34596E+01
10508	188	9.34598E+01
10495	176	9.34656E+01
10495	16	9.34874E+01
10508	144	9.35021E+01
10508	478	9.35064E+01
10495	175	9.35080E+01
10495	359	9.35153E+01
10508	96	9.35187E+01
10495	107	9.35207E+01
10495	495	9.35210E+01
10508	291	9.35226E+01
10508	385	9.35288E+01
10552	66	9.35332E+01
10508	239	9.35444E+01
10495	174	9.35557E+01
10508	45	9.35700E+01
10495	249	9.35774E+01
10508	187	9.35813E+01
10508	518	9.35865E+01
10552	617	9.35945E+01
10552	508	9.36054E+01
10495	173	9.36082E+01
10508	143	9.36087E+01
10508	477	9.36094E+01
10508	95	9.36275E+01
10552	305	9.36280E+01
10495	15	9.36329E+01
10508	290	9.36352E+01
10508	384	9.36415E+01
10508	238	9.36519E+01
10495	172	9.36628E+01
10552	137	9.36643E+01
10508	44	9.36671E+01
10508	186	9.36807E+01
10508	517	9.36883E+01
10495	696	9.36952E+01
10508	476	9.36969E+01
10552	362	9.37031E+01
10495	494	9.37125E+01
10495	171	9.37155E+01
10508	94	9.37170E+01
10508	289	9.37262E+01
10495	268	9.37293E+01
10508	383	9.37320E+01
10508	237	9.37391E+01
10495	394	9.37471E+01
10508	43	9.37476E+01
10495	543	9.37571E+01
10495	613	9.37574E+01
10508	185	9.37616E+01
10495	170	9.37623E+01
10495	779	9.37644E+01
10508	516	9.37699E+01
10508	475	9.37703E+01
10495	342	9.37836E+01
10508	93	9.37901E+01
10508	132	9.37930E+01
10508	288	9.37995E+01
10495	169	9.38006E+01
10495	14	9.38029E+01
10508	382	9.38046E+01
10508	236	9.38094E+01
10508	42	9.38139E+01
10495	57	9.38162E+01
10508	184	9.38271E+01
10495	435	9.38291E+01
10495	168	9.38301E+01
10508	474	9.38312E+01
10508	515	9.38352E+01
10552	203	9.38368E+01
10508	92	9.38495E+01
10495	167	9.38528E+01
10552	113	9.38550E+01
10508	41	9.38680E+01
10495	166	9.38726E+01
10495	165	9.38947E+01
10495	493	9.39082E+01
10495	164	9.39231E+01
10552	507	9.39310E+01
10495	300	9.39494E+01
10495	163	9.39609E+01
10552	713	9.39916E+01
10495	13	9.39992E+01
10495	527	9.40066E+01
10495	162	9.40101E+01
10552	223	9.40141E+01
10495	106	9.40373E+01
10495	197	9.40402E+01
10495	161	9.40713E+01
10495	133	9.40729E+01
10495	492	9.41099E+01
10552	65	9.41229E+01
10495	654	9.41237E+01
10495	737	9.41373E+01
10495	160	9.41464E+01
10552	439	9.41715E+01
10552	398	9.41827E+01
10495	56	9.42146E+01
10495	12	9.42216E+01
10495	248	9.42342E+01
10495	159	9.42385E+01
10495	571	9.42534E+01
10552	506	9.42590E+01
10495	491	9.43195E+01
10495	158	9.43516E+01
10508	669	9.43634E+01
10552	741	9.43873E+01
10552	531	9.44537E+01
10552	658	9.44672E+01
10495	11	9.44682E+01
10495	393	9.44893E+01
10495	157	9.44897E+01
10495	341	9.44978E+01
10495	695	9.45009E+01
10552	346	9.45280E+01
10495	105	9.45322E+01
10495	490	9.45384E+01
10495	612	9.45437E+01
10495	778	9.45644E+01
10495	434	9.45765E+01
10552	505	9.45883E+01
10495	196	9.46018E+01
10495	55	9.46093E+01
10495	299	9.46125E+01
10495	156	9.46551E+01
10552	64	9.47232E+01
10495	10	9.47347E+01
10495	526	9.47390E+01
10552	112	9.47453E+01
10495	489	9.47677E+01
10495	711	9.47979E+01
10552	253	9.48132E+01
10495	247	9.48278E+01
10495	155	9.48477E+01
10495	653	9.48558E+01
10495	736	9.48731E+01
10552	504	9.49190E+01
10495	570	9.49546E+01
10552	575	9.49716E+01
10495	54	9.49956E+01
10495	104	9.49990E+01
10552	202	9.50050E+01
10495	488	9.50075E+01
10495	9	9.50157E+01
10495	154	9.50656E+01
10508	410	9.50980E+01
10495	195	9.51157E+01
10495	340	9.51167E+01
10495	392	9.51256E+01
10495	694	9.51728E+01
10495	298	9.51940E+01
10495	611	9.52022E+01
10552	304	9.52098E+01
10495	433	9.52108E+01
10495	777	9.52291E+01
10552	503	9.52523E+01
10495	487	9.52567E+01
10495	153	9.53052E+01
10495	8	9.53053E+01
10552	63	9.53366E+01
10495	246	9.53548E+01
10495	525	9.53549E+01
10495	53	9.53678E+01
10885	792	9.54248E+01
10552	699	9.54275E+01
10495	103	9.54324E+01
10495	652	9.54643E+01
10495	735	9.54826E+01
10495	486	9.55135E+01
10552	782	9.55205E+01
10495	569	9.55397E+01
10495	152	9.55609E+01
10495	194	9.55780E+01
10552	502	9.55895E+01
10495	7	9.55975E+01
10552	111	9.56441E+01
10552	616	9.56599E+01
10495	391	9.56637E+01
10495	339	9.56940E+01
10495	297	9.56959E+01
10885	751	9.57069E+01
10495	52	9.57209E+01
10495	693	9.57278E+01
10495	610	9.57478E+01
10495	485	9.57744E+01
10495	776	9.57764E+01
10495	245	9.58151E+01
10495	151	9.58259E+01
10495	102	9.58276E+01
10508	219	9.58587E+01
10495	524	9.58674E+01
10495	6	9.58861E+01
10885	709	9.58882E+01
10885	750	9.58969E+01
10552	501	9.59311E+01
10552	454	9.59609E+01
10552	62	9.59651E+01
10495	651	9.59656E+01
10552	397	9.59661E+01
10552	183	9.59682E+01
10495	734	9.59831E+01
10495	193	9.59869E+01
10495	794	9.60165E+01
10552	438	9.60329E+01
10495	484	9.60348E+01
10495	51	9.60499E+01
10508	752	9.60590E+01
10495	150	9.60919E+01
10552	272	9.61074E+01
10495	390	9.61133E+01
10885	793	9.61161E+01
10508	628	9.61175E+01
10495	296	9.61229E+01
10552	182	9.61320E+01
10552	201	9.61544E+01
10495	5	9.61648E+01
10508	318	9.61687E+01
10552	252	9.61699E+01
10495	101	9.61820E+01
10495	692	9.61826E+01
10885	668	9.61833E+01
10552	345	9.61853E+01
10495	244	9.62109E+01
10495	775	9.62238E+01
10552	796	9.62296E+01
10552	500	9.62770E+01
10885	791	9.62801E+01
10495	483	9.62889E+01
10495	523	9.62900E+01
10552	181	9.62964E+01
10885	710	9.63124E+01
10495	192	9.63426E+01
10552	530	9.63443E+01
10495	149	9.63509E+01
10495	50	9.63511E+01
10495	733	9.63914E+01
10495	220	9.64091E+01
10552	740	9.64249E+01
10495	4	9.64282E+01
10552	180	9.64572E+01
10552	657	9.64584E+01
10495	295	9.64819E+01
10495	389	9.64855E+01
10495	100	9.64942E+01
10508	133	9.65250E+01
10495	482	9.65311E+01
10495	243	9.65468E+01
10552	110	9.65484E+01
10552	672	9.65586E+01
10508	268	9.65850E+01
10495	774	9.65874E+01
10495	148	9.65956E+01
10552	61	9.66089E+01
10552	179	9.66112E+01
10495	49	9.66217E+01
10552	499	9.66268E+01
10495	522	9.66358E+01
10495	411	9.66367E+01
10495	191	9.66476E+01
10495	3	9.66714E+01
10552	40	9.66798E+01
10885	667	9.66841E+01
10885	627	9.66871E+01
10552	303	9.66980E+01
10552	39	9.67231E+01
10495	481	9.67562E+01
10552	178	9.67579E+01
10495	99	9.67651E+01
10552	38	9.67765E+01
10495	294	9.67805E+01
10508	359	9.67863E+01
10495	388	9.67911E+01
10508	451	9.68143E+01
10495	147	9.68205E+01
10885	626	9.68209E+01
10495	242	9.68285E+01
10552	37	9.68400E+01
10552	574	9.68456E+01
10495	134	9.68544E+01
10885	708	9.68601E+01
10495	48	9.68605E+01
10495	2	9.68910E+01
10552	177	9.69000E+01
10552	138	9.69049E+01
10495	190	9.69057E+01
10552	36	9.69117E+01
10495	521	9.69171E+01
10495	480	9.69607E+01
10552	498	9.69806E+01
10552	35	9.69888E+01
10495	98	9.69966E+01
10495	146	9.70221E+01
10495	293	9.70268E+01
10495	387	9.70404E+01
10552	176	9.70427E+01
10495	241	9.70624E+01
10495	47	9.70679E+01
10552	34	9.70690E+01
10495	1	9.70854E+01
10885	669	9.71184E+01
10495	189	9.71217E+01
10495	479	9.71423E+01
10495	520	9.71449E+01
10552	33	9.71516E+01
10552	322	9.71602E+01
10495	670	9.71604E+01
10885	752	9.71687E+01
10552	175	9.71912E+01
10495	97	9.71921E+01
10495	145	9.71991E+01
10885	585	9.72110E+01
10495	319	9.72130E+01
10495	292	9.72285E+01
10552	32	9.72368E+01
10508	587	9.72412E+01
10495	386	9.72428E+01
10495	46	9.72453E+01
10495	0	9.72543E+01
10495	240	9.72551E+01
10552	60	9.72673E+01
10552	200	9.72734E+01
10885	586	9.72986E+01
10495	188	9.73007E+01
10495	478	9.73007E+01
10552	698	9.73144E+01
10552	31	9.73259E+01
10495	519	9.73286E+01
10552	497	9.73392E+01
10552	174	9.73487E+01
10495	144	9.73516E+01
10495	96	9.73553E+01
10495	269	9.73920E+01
10495	291	9.73927E+01
10495	45	9.73951E+01
10885	749	9.73977E+01
10495	385	9.74063E+01
10495	239	9.74127E+01
10552	781	9.74187E+01
10552	30	9.74212E+01
10495	477	9.74365E+01
10495	187	9.74479E+01
10552	109	9.74527E+01
10552	251	9.74576E+01
10495	518	9.74763E+01
10552	615	9.74780E+01
10495	143	9.74811E+01
10495	95	9.74903E+01
10552	173	9.75153E+01
10495	44	9.75202E+01
10508	543	9.75224E+01
10552	29	9.75243E+01
10495	290	9.75257E+01
10495	384	9.75380E+01
10495	238	9.75408E+01
10495	476	9.75513E+01
10495	186	9.75681E+01
10552	396	9.75828E+01
10495	517	9.75948E+01
10495	94	9.76011E+01
10495	43	9.76237E+01
10495	289	9.76330E+01
10552	28	9.76361E+01
10495	383	9.76438E+01
10495	237	9.76445E+01
10495	475	9.76472E+01
10495	185	9.76658E+01
10552	172	9.76876E+01
10495	516	9.76897E+01
10495	93	9.76916E+01
10552	437	9.77006E+01
10552	344	9.77038E+01
10552	496	9.77038E+01
10495	42	9.77087E+01
10495	288	9.77194E+01
10495	474	9.77265E+01
10495	236	9.77282E+01
10495	382	9.77285E+01
10495	184	9.77447E+01
10552	27	9.77556E+01
10495	92	9.77650E+01
10495	515	9.77654E+01
10495	41	9.77780E+01
10885	541	9.78065E+01
10552	171	9.78605E+01
10552	26	9.78805E+01
10552	59	9.79388E+01
10885	542	9.79402E+01
10552	224	9.79415E+01
10885	628	9.79799E+01
10552	25	9.80083E+01
10552	529	9.80174E+01
10552	170	9.80285E+01
10552	546	9.80699E+01
10552	302	9.80755E+01
10552	495	9.80757E+01
10885	625	9.81065E+01
10552	24	9.81372E+01
10495	360	9.81805E+01
10552	739	9.81860E+01
10552	169	9.81884E+01
10552	656	9.81894E+01
10885	584	9.82457E+01
10552	631	9.82628E+01
10552	23	9.82682E+01
10885	666	9.83188E+01
10885	790	9.83212E+01
10552	168	9.83404E+01
10552	108	9.83488E+01
10552	199	9.83495E+01
10552	22	9.84051E+01
10552	566	9.84406E+01
10885	711	9.84480E+01
10552	494	9.84568E+01
10552	573	9.84839E+01
10552	167	9.84875E+01
10552	21	9.85531E+01
10885	450	9.85954E+01
10885	449	9.86021E+01
10552	58	9.86209E+01
10552	166	9.86355E+01
10552	250	9.86625E+01
10885	794	9.86987E+01
10552	20	9.87172E+01
10885	540	9.87182E+01
10885	587	9.87541E+01
10552	165	9.87899E+01
10552	590	9.88265E+01
10552	493	9.88496E+01
10495	452	9.88783E+01
10552	19	9.89011E+01
10885	707	9.89031E+01
10552	697	9.89358E+01
10552	164	9.89553E+01
10495	629	9.89835E+01
10508	711	9.90085E+01
10552	395	9.90206E+01
10552	780	9.90409E+01
10552	614	9.90491E+01
10552	343	9.90702E+01
10552	18	9.91065E+01
10552	163	9.91344E+01
10552	436	9.91665E+01
10508	339	9.91987E+01
10552	107	9.92262E+01
10552	492	9.92569E+01
10552	57	9.93097E+01
10552	162	9.93287E+01
10552	301	9.93295E+01
10552	17	9.93338E+01
10885	543	9.93365E+01
10552	414	9.93537E+01
10885	409	9.93555E+01
10552	198	9.93707E+01
11024	788	9.94075E+01
10508	220	9.94511E+01
10552	528	9.94713E+01
10495	753	9.95122E+01
11024	747	9.95138E+01
10885	448	9.95336E+01
10552	161	9.95396E+01
10552	16	9.95837E+01
11024	705	9.95881E+01
11024	746	9.95989E+01
10552	655	9.96691E+01
11024	789	9.96698E+01
10885	408	9.96726E+01
10552	491	9.96805E+01
10552	738	9.96836E+01
10885	451	9.97041E+01
10508	134	9.97471E+01
11024	664	9.97617E+01
10552	160	9.97696E+01
10552	249	9.97732E+01
10885	670	9.97746E+01
11024	787	9.97996E+01
11024	706	9.98288E+01
10552	363	9.98489E+01
10552	15	9.98579E+01
10885	748	9.98677E+01
11024	663	9.98799E+01
10552	572	9.98920E+01
11024	704	9.99570E+01
10885	410	9.99711E+01
11024	622	9.99741E+01
10552	56	9.99990E+01
10495	588	1.00005E+02
10495	544	1.00011E+02
10552	159	1.00023E+02
10552	106	1.00074E+02
11024	623	1.00091E+02
10495	221	1.00107E+02
10495	135	1.00108E+02
10552	490	1.00121E+02
10885	583	1.00152E+02
10552	14	1.00159E+02
11024	748	1.00190E+02
11024	745	1.00208E+02
11024	581	1.00218E+02
10885	624	1.00267E+02
10552	394	1.00277E+02
10552	342	1.00279E+02
10552	158	1.00303E+02
10552	696	1.00308E+02
11024	665	1.00319E+02
10552	197	1.00326E+02
11024	621	1.00374E+02
10552	613	1.00386E+02
10552	779	1.00408E+02
10552	435	1.00434E+02
10552	755	1.00435E+02
10885	358	1.00436E+02
11024	580	1.00447E+02
10552	300	1.00452E+02
10885	539	1.00452E+02
10508	794	1.00454E+02
10468	786	1.00457E+02
10885	357	1.00462E+02
11024	662	1.00470E+02
10468	744	1.00471E+02
10552	139	1.00481E+02
10552	13	1.00491E+02
10468	785	1.00510E+02
10495	381	1.00523E+02
11024	582	1.00527E+02
10508	411	1.00537E+02
10468	703	1.00543E+02
10468	702	1.00565E+02
11024	537	1.00576E+02
10552	489	1.00579E+02
10468	661	1.00592E+02
10885	753	1.00598E+02
10468	745	1.00600E+02
10552	157	1.00615E+02
11024	786	1.00618E+02
10468	743	1.00636E+02
11024	536	1.00675E+02
10552	55	1.00680E+02
10552	527	1.00715E+02
10468	620	1.00723E+02
11024	703	1.00731E+02
10468	662	1.00733E+02
10468	660	1.00733E+02
10468	619	1.00740E+02
10885	407	1.00755E+02
10468	787	1.00772E+02
10552	248	1.00781E+02
10885	665	1.00789E+02
10468	784	1.00793E+02
10508	269	1.00815E+02
10468	701	1.00817E+02
10508	319	1.00832E+02
10468	578	1.00842E+02
10552	12	1.00854E+02
11024	790	1.00855E+02
10552	105	1.00880E+02
10468	704	1.00882E+02
10552	654	1.00916E+02
11024	707	1.00918E+02
11024	624	1.00924E+02
10552	737	1.00940E+02
10468	579	1.00948E+02
10885	629	1.00953E+02
10552	156	1.00959E+02
10468	618	1.00969E+02
10468	577	1.00978E+02
10468	742	1.00979E+02
11024	445	1.01003E+02
11024	538	1.01004E+02
10468	621	1.01030E+02
10468	534	1.01032E+02
11024	444	1.01035E+02
10468	659	1.01048E+02
10552	488	1.01051E+02
11024	579	1.01054E+02
10468	533	1.01077E+02
10552	273	1.01082E+02
10552	571	1.01085E+02
11024	620	1.01123E+02
11024	744	1.01143E+02
11024	535	1.01156E+02
10468	746	1.01179E+02
10885	447	1.01195E+02
10885	789	1.01199E+02
10468	700	1.01200E+02
10468	783	1.01201E+02
10552	196	1.01205E+02
10885	356	1.01207E+02
10468	535	1.01243E+02
10552	11	1.01244E+02
10468	441	1.01263E+02
10885	359	1.01265E+02
10468	576	1.01266E+02
10468	442	1.01291E+02
10468	663	1.01291E+02
10468	532	1.01294E+02
10468	617	1.01323E+02
10552	341	1.01331E+02
10552	155	1.01333E+02
10552	54	1.01344E+02
10552	393	1.01359E+02
11024	661	1.01360E+02
10468	580	1.01406E+02
10468	741	1.01410E+02
10468	440	1.01412E+02
11024	443	1.01427E+02
10552	299	1.01441E+02
10468	658	1.01454E+02
10552	695	1.01456E+02
11024	446	1.01458E+02
11024	404	1.01465E+02
11024	403	1.01502E+02
10885	317	1.01503E+02
10552	612	1.01508E+02
10552	434	1.01513E+02
10468	400	1.01521E+02
10552	487	1.01533E+02
10552	778	1.01546E+02
11024	583	1.01558E+02
10468	443	1.01570E+02
10468	401	1.01589E+02
10508	670	1.01612E+02
10468	531	1.01614E+02
10885	316	1.01616E+02
10468	399	1.01618E+02
10468	788	1.01633E+02
10552	104	1.01636E+02
10468	575	1.01638E+02
10468	699	1.01642E+02
10552	10	1.01656E+02
10468	782	1.01659E+02
10885	411	1.01672E+02
10468	439	1.01675E+02
11024	785	1.01679E+02
10552	247	1.01681E+02
10885	706	1.01705E+02
10552	154	1.01734E+02
10468	616	1.01737E+02
10468	705	1.01743E+02
11024	702	1.01744E+02
10552	526	1.01765E+02
11024	666	1.01786E+02
10468	622	1.01797E+02
10885	588	1.01801E+02
10468	536	1.01813E+02
10495	270	1.01815E+02
10468	398	1.01828E+02
10468	348	1.01832E+02
11024	405	1.01846E+02
11024	402	1.01853E+02
10468	740	1.01870E+02
10468	402	1.01885E+02
10468	657	1.01894E+02
11024	534	1.01896E+02
11024	749	1.01898E+02
10468	349	1.01901E+02
10468	347	1.01901E+02
11024	578	1.01903E+02
10552	653	1.01956E+02
11024	352	1.01958E+02
10552	53	1.01981E+02
10552	736	1.01983E+02
10468	530	1.01985E+02
10552	195	1.02002E+02
10468	438	1.02003E+02
10552	486	1.02021E+02
10468	574	1.02043E+02
11024	351	1.02068E+02
10468	346	1.02069E+02
11024	442	1.02070E+02
11024	619	1.02082E+02
10552	9	1.02083E+02
10552	570	1.02083E+02
10468	698	1.02093E+02
10885	318	1.02099E+02
10885	452	1.02100E+02
10468	397	1.02107E+02
10508	360	1.02121E+02
10468	781	1.02121E+02
11024	539	1.02128E+02
10885	287	1.02140E+02
10552	153	1.02155E+02
10468	350	1.02157E+02
10468	615	1.02163E+02
11024	353	1.02175E+02
10468	306	1.02183E+02
10495	320	1.02184E+02
10885	544	1.02191E+02
10468	444	1.02192E+02
10468	307	1.02217E+02
10552	340	1.02233E+02
10468	305	1.02249E+02
11024	743	1.02249E+02
10552	392	1.02278E+02
10552	298	1.02300E+02
10468	345	1.02301E+02
10468	739	1.02318E+02
10885	315	1.02327E+02
10468	656	1.02328E+02
10552	103	1.02332E+02
10552	225	1.02337E+02
10468	581	1.02346E+02
10468	437	1.02357E+02
10468	529	1.02369E+02
10468	308	1.02386E+02
10468	304	1.02389E+02
10468	747	1.02395E+02
10552	694	1.02406E+02
11024	660	1.02412E+02
10468	396	1.02421E+02
10552	433	1.02421E+02
11024	350	1.02424E+02
11024	401	1.02426E+02
10468	664	1.02433E+02
10885	406	1.02437E+02
10552	611	1.02441E+02
10468	573	1.02447E+02
10885	339	1.02457E+02
10552	246	1.02471E+02
10552	777	1.02485E+02
10468	403	1.02486E+02
10552	485	1.02507E+02
10552	8	1.02516E+02
10468	697	1.02523E+02
11024	311	1.02525E+02
11024	310	1.02527E+02
10885	355	1.02528E+02
11024	447	1.02547E+02
10468	780	1.02555E+02
10468	255	1.02563E+02
10468	344	1.02569E+02
10468	614	1.02573E+02
10885	712	1.02577E+02
10468	254	1.02579E+02
10468	303	1.02580E+02
10552	52	1.02581E+02
10552	152	1.02588E+02
10468	256	1.02626E+02
10552	525	1.02641E+02
10495	412	1.02641E+02
10468	253	1.02657E+02
10468	351	1.02658E+02
10885	582	1.02688E+02
11024	625	1.02693E+02
10468	436	1.02709E+02
10552	194	1.02712E+02
10885	267	1.02724E+02
10468	309	1.02729E+02
10468	738	1.02733E+02
10468	655	1.02733E+02
10468	528	1.02741E+02
10885	266	1.02742E+02
10468	395	1.02743E+02
11024	309	1.02751E+02
11024	406	1.02767E+02
10468	252	1.02780E+02
11024	533	1.02790E+02
10468	257	1.02791E+02
10885	538	1.02794E+02
10468	302	1.02802E+02
10495	712	1.02806E+02
11024	312	1.02809E+02
11024	354	1.02812E+02
10552	652	1.02814E+02
10468	572	1.02826E+02
10552	735	1.02842E+02
11024	784	1.02843E+02
10468	343	1.02852E+02
10468	537	1.02863E+02
11024	701	1.02865E+02
11024	441	1.02874E+02
11024	577	1.02886E+02
10552	569	1.02911E+02
10468	696	1.02914E+02
10468	251	1.02936E+02
10552	7	1.02946E+02
10468	779	1.02947E+02
10468	613	1.02949E+02
11024	349	1.02957E+02
10552	102	1.02962E+02
10468	204	1.02979E+02
10552	484	1.02982E+02
10885	747	1.02988E+02
10468	203	1.02998E+02
10468	205	1.03003E+02
11024	260	1.03003E+02
10552	151	1.03023E+02
10552	297	1.03034E+02
10468	301	1.03040E+02
10885	623	1.03041E+02
10468	435	1.03042E+02
10552	391	1.03048E+02
10468	202	1.03052E+02
10468	394	1.03054E+02
11024	259	1.03055E+02
10885	360	1.03068E+02
10468	206	1.03081E+02
10468	258	1.03084E+02
10468	527	1.03084E+02
10468	654	1.03097E+02
10468	737	1.03102E+02
10468	250	1.03113E+02
10552	323	1.03118E+02
11024	708	1.03123E+02
10468	342	1.03131E+02
10468	201	1.03135E+02
10552	51	1.03136E+02
11024	618	1.03139E+02
11024	308	1.03142E+02
11024	400	1.03147E+02
10552	245	1.03156E+02
11024	261	1.03157E+02
10468	571	1.03169E+02
10552	693	1.03186E+02
10468	623	1.03188E+02
10508	452	1.03197E+02
10552	610	1.03209E+02
10468	207	1.03226E+02
10468	200	1.03239E+02
10552	776	1.03253E+02
10468	789	1.03254E+02
10468	695	1.03258E+02
11024	791	1.03264E+02
10468	445	1.03265E+02
11024	258	1.03266E+02
10885	265	1.03267E+02
10468	300	1.03279E+02
10468	612	1.03283E+02
10468	778	1.03290E+02
10468	310	1.03293E+02
10468	15	1.03300E+02
10468	14	1.03301E+02
10885	268	1.03302E+02
10468	249	1.03303E+02
10468	16	1.03319E+02
10468	13	1.03322E+02
10468	706	1.03322E+02
10552	193	1.03335E+02
10468	393	1.03342E+02
10468	434	1.03344E+02
10468	17	1.03358E+02
10468	199	1.03360E+02
10468	12	1.03362E+02
10552	524	1.03365E+02
10552	6	1.03366E+02
10468	526	1.03390E+02
10468	341	1.03395E+02
10885	446	1.03400E+02
11024	742	1.03408E+02
11024	210	1.03412E+02
10468	653	1.03415E+02
10468	18	1.03416E+02
10468	11	1.03422E+02
10468	736	1.03423E+02
10552	483	1.03438E+02
10552	150	1.03450E+02
10508	135	1.03453E+02
10468	208	1.03456E+02
11024	313	1.03459E+02
10468	570	1.03470E+02
10468	115	1.03471E+02
11024	211	1.03472E+02
10468	352	1.03474E+02
10885	795	1.03474E+02
10468	114	1.03478E+02
10468	404	1.03479E+02
10468	116	1.03485E+02
11024	209	1.03489E+02
10468	19	1.03492E+02
10468	198	1.03493E+02
10468	248	1.03496E+02
10468	10	1.03497E+02
10885	319	1.03502E+02
10468	113	1.03502E+02
10468	299	1.03509E+02
10885	314	1.03515E+02
10552	651	1.03517E+02
11024	584	1.03518E+02
11024	659	1.03521E+02
10552	101	1.03522E+02
10468	117	1.03528E+02
10468	112	1.03538E+02
10468	259	1.03538E+02
10552	734	1.03543E+02
10468	694	1.03554E+02
10468	611	1.03572E+02
11024	262	1.03575E+02
10468	20	1.03584E+02
10468	111	1.03584E+02
10468	777	1.03584E+02
10508	629	1.03585E+02
10468	9	1.03587E+02
11024	257	1.03597E+02
10468	392	1.03601E+02
10468	118	1.03606E+02
11024	348	1.03609E+02
10468	433	1.03611E+02
10468	197	1.03633E+02
10468	340	1.03636E+02
10468	110	1.03639E+02
10552	50	1.03640E+02
10552	296	1.03654E+02
11024	307	1.03654E+02
10468	525	1.03657E+02
10508	221	1.03669E+02
11024	208	1.03673E+02
10468	247	1.03684E+02
10468	652	1.03686E+02
10468	21	1.03688E+02
10552	390	1.03688E+02
10468	8	1.03689E+02
10468	735	1.03695E+02
10468	109	1.03703E+02
11024	212	1.03710E+02
10468	298	1.03722E+02
10468	119	1.03728E+02
10468	569	1.03729E+02
11024	122	1.03738E+02
10552	244	1.03740E+02
11024	123	1.03745E+02
11024	532	1.03758E+02
11024	440	1.03763E+02
10552	5	1.03768E+02
10468	108	1.03775E+02
10468	196	1.03776E+02
10468	209	1.03797E+02
10468	7	1.03799E+02
10468	22	1.03799E+02
10468	693	1.03805E+02
10885	381	1.03810E+02
11024	121	1.03812E+02
10495	136	1.03813E+02
10468	610	1.03817E+02
10885	664	1.03820E+02
10552	692	1.03822E+02
10468	391	1.03827E+02
10468	776	1.03831E+02
11024	124	1.03852E+02
10468	107	1.03854E+02
10552	149	1.03857E+02
10468	246	1.03862E+02
10552	482	1.03864E+02
10552	192	1.03873E+02
10885	218	1.03877E+02
10552	775	1.03879E+02
10468	524	1.03884E+02
10468	120	1.03904E+02
10468	23	1.03912E+02
10468	6	1.03913E+02
10468	651	1.03914E+02
10468	297	1.03914E+02
10468	195	1.03917E+02
