GRAM	c2h2	chi_tot
3037	286	2.50336E+02
3037	285	2.50477E+02
3037	284	2.50764E+02
3037	335	2.50977E+02
3037	336	2.51035E+02
3037	334	2.51069E+02
3037	283	2.51209E+02
3037	337	2.51231E+02
3037	333	2.51322E+02
3037	338	2.51559E+02
3037	332	2.51749E+02
3037	375	2.51752E+02
3037	282	2.51823E+02
3037	376	2.51826E+02
3037	374	2.51839E+02
3037	377	2.52051E+02
3037	373	2.52102E+02
3037	234	2.52290E+02
3037	331	2.52366E+02
3037	378	2.52415E+02
3037	372	2.52555E+02
3037	426	2.52600E+02
3037	281	2.52616E+02
3037	425	2.52658E+02
3037	427	2.52709E+02
3037	424	2.52899E+02
3037	379	2.52911E+02
3037	428	2.52972E+02
3037	330	2.53187E+02
3037	233	2.53210E+02
3037	371	2.53218E+02
3037	423	2.53340E+02
3037	429	2.53380E+02
3037	466	2.53495E+02
3037	380	2.53533E+02
3037	467	2.53537E+02
3037	280	2.53602E+02
3037	465	2.53629E+02
3037	468	2.53741E+02
3037	430	2.53924E+02
3037	464	2.53959E+02
3037	422	2.54000E+02
3037	469	2.54096E+02
3037	370	2.54108E+02
3037	329	2.54229E+02
3037	232	2.54298E+02
3037	558	2.54415E+02
3037	559	2.54483E+02
3037	463	2.54503E+02
3037	557	2.54520E+02
3037	470	2.54590E+02
3037	431	2.54594E+02
3037	560	2.54711E+02
3037	279	2.54791E+02
2931	286	2.54803E+02
2931	285	2.54815E+02
3037	556	2.54818E+02
3037	421	2.54899E+02
2931	284	2.54970E+02
3037	561	2.55085E+02
3037	471	2.55215E+02
3037	369	2.55241E+02
2931	283	2.55278E+02
3037	462	2.55284E+02
3037	555	2.55330E+02
3037	602	2.55374E+02
3037	432	2.55383E+02
2931	334	2.55389E+02
3037	603	2.55415E+02
2931	335	2.55431E+02
2931	333	2.55503E+02
3037	328	2.55506E+02
3037	601	2.55506E+02
3037	231	2.55559E+02
3037	562	2.55595E+02
3037	604	2.55614E+02
2931	336	2.55618E+02
2931	282	2.55748E+02
2931	332	2.55785E+02
3037	600	2.55831E+02
2931	337	2.55940E+02
3037	605	2.55955E+02
3037	472	2.55960E+02
3037	420	2.56055E+02
3037	554	2.56078E+02
2931	374	2.56103E+02
2931	234	2.56112E+02
2931	375	2.56155E+02
3037	278	2.56194E+02
2931	373	2.56221E+02
3037	563	2.56231E+02
2931	331	2.56251E+02
3037	461	2.56322E+02
3037	644	2.56362E+02
2931	376	2.56363E+02
3037	599	2.56371E+02
3037	643	2.56389E+02
2931	338	2.56390E+02
2931	281	2.56392E+02
3037	606	2.56429E+02
3037	645	2.56492E+02
2931	372	2.56524E+02
3037	642	2.56589E+02
3037	368	2.56633E+02
1639	338	2.56659E+02
2931	377	2.56717E+02
3037	646	2.56762E+02
1639	286	2.56763E+02
1639	337	2.56767E+02
2825	286	2.56819E+02
3037	473	2.56819E+02
2825	285	2.56847E+02
2931	233	2.56888E+02
2931	425	2.56890E+02
2931	330	2.56914E+02
2931	426	2.56972E+02
3037	564	2.56984E+02
3037	641	2.56984E+02
2931	424	2.56985E+02
3037	230	2.56995E+02
1639	336	2.57016E+02
2825	284	2.57018E+02
3037	327	2.57025E+02
3037	607	2.57026E+02
2931	371	2.57030E+02
3037	553	2.57084E+02
3037	598	2.57149E+02
3037	647	2.57160E+02
2931	378	2.57208E+02
2931	427	2.57217E+02
2931	280	2.57221E+02
2931	423	2.57273E+02
2825	283	2.57342E+02
1639	285	2.57346E+02
3037	685	2.57370E+02
3037	686	2.57399E+02
1639	335	2.57415E+02
2825	334	2.57424E+02
2825	335	2.57449E+02
3037	419	2.57483E+02
3037	684	2.57495E+02
2825	333	2.57556E+02
3037	687	2.57566E+02
3037	640	2.57597E+02
1639	378	2.57604E+02
2931	428	2.57611E+02
2825	336	2.57619E+02
3037	460	2.57633E+02
1639	379	2.57653E+02
3037	648	2.57674E+02
1639	377	2.57696E+02
3037	608	2.57736E+02
2931	465	2.57746E+02
2931	370	2.57755E+02
2931	466	2.57755E+02
2931	422	2.57772E+02
2931	329	2.57792E+02
3037	683	2.57795E+02
3037	277	2.57813E+02
2931	232	2.57826E+02
2931	379	2.57826E+02
2825	282	2.57829E+02
1639	380	2.57837E+02
3037	565	2.57848E+02
3037	688	2.57856E+02
2825	332	2.57857E+02
2825	337	2.57924E+02
2931	464	2.57926E+02
2931	467	2.57935E+02
1639	376	2.57940E+02
1639	334	2.57978E+02
1639	284	2.58091E+02
2931	429	2.58146E+02
2825	374	2.58148E+02
2825	375	2.58179E+02
3037	597	2.58184E+02
2825	234	2.58204E+02
2931	279	2.58249E+02
3037	689	2.58256E+02
2931	468	2.58272E+02
2825	373	2.58286E+02
3037	367	2.58288E+02
3037	682	2.58292E+02
3037	649	2.58295E+02
2931	463	2.58313E+02
2825	331	2.58341E+02
1639	375	2.58345E+02
2825	338	2.58357E+02
3037	552	2.58362E+02
2825	376	2.58369E+02
3037	727	2.58391E+02
3037	728	2.58433E+02
3037	639	2.58449E+02
3037	726	2.58484E+02
2825	281	2.58491E+02
2931	421	2.58504E+02
3037	609	2.58551E+02
2931	380	2.58567E+02
3037	729	2.58592E+02
3037	229	2.58604E+02
2931	557	2.58607E+02
2825	372	2.58610E+02
1639	429	2.58621E+02
2931	558	2.58643E+02
1639	428	2.58684E+02
1639	430	2.58703E+02
2825	377	2.58703E+02
1639	333	2.58715E+02
2931	369	2.58717E+02
3037	725	2.58731E+02
3037	690	2.58753E+02
2931	469	2.58755E+02
2931	556	2.58757E+02
3037	326	2.58789E+02
2931	430	2.58812E+02
2931	559	2.58847E+02
3037	730	2.58855E+02
1529	286	2.58892E+02
2931	328	2.58898E+02
1639	427	2.58902E+02
1639	431	2.58922E+02
1639	374	2.58927E+02
2931	462	2.58930E+02
2931	231	2.58932E+02
2825	425	2.58942E+02
2825	233	2.58996E+02
2825	426	2.59002E+02
1639	283	2.59009E+02
3037	681	2.59009E+02
3037	650	2.59014E+02
2825	330	2.59024E+02
2825	424	2.59059E+02
2931	555	2.59114E+02
2825	371	2.59136E+02
3037	724	2.59154E+02
2825	378	2.59175E+02
3037	418	2.59185E+02
2931	560	2.59205E+02
3037	731	2.59208E+02
1529	337	2.59217E+02
3037	459	2.59222E+02
2825	427	2.59224E+02
1639	432	2.59269E+02
1529	338	2.59271E+02
1639	426	2.59289E+02
1529	336	2.59301E+02
1529	285	2.59308E+02
3037	691	2.59338E+02
2825	280	2.59339E+02
2825	423	2.59370E+02
2931	470	2.59373E+02
3037	769	2.59420E+02
3037	770	2.59437E+02
2931	278	2.59484E+02
2931	420	2.59486E+02
3037	596	2.59492E+02
2931	601	2.59518E+02
3037	768	2.59518E+02
2931	602	2.59525E+02
1529	335	2.59530E+02
3037	771	2.59553E+02
3037	638	2.59558E+02
2825	428	2.59597E+02
2931	431	2.59602E+02
3037	732	2.59641E+02
1639	332	2.59644E+02
3037	276	2.59646E+02
2931	600	2.59697E+02
1639	469	2.59699E+02
1639	373	2.59700E+02
2931	603	2.59700E+02
2931	554	2.59700E+02
2931	561	2.59704E+02
1639	470	2.59718E+02
3037	767	2.59748E+02
3037	772	2.59754E+02
2825	379	2.59775E+02
3037	723	2.59776E+02
2931	461	2.59795E+02
2825	466	2.59805E+02
2825	465	2.59821E+02
1639	468	2.59830E+02
1639	425	2.59857E+02
1639	471	2.59877E+02
1529	284	2.59879E+02
2825	370	2.59882E+02
2825	422	2.59892E+02
1529	334	2.59916E+02
3037	551	2.59919E+02
2825	329	2.59922E+02
2931	368	2.59930E+02
2825	232	2.59952E+02
2825	467	2.59960E+02
3037	680	2.59966E+02
2825	464	2.60025E+02
2931	604	2.60026E+02
3037	773	2.60028E+02
2931	599	2.60084E+02
1529	377	2.60091E+02
2825	429	2.60110E+02
1639	282	2.60113E+02
2931	471	2.60117E+02
1639	467	2.60124E+02
3037	766	2.60133E+02
1529	376	2.60164E+02
1529	378	2.60165E+02
1639	472	2.60168E+02
3037	366	2.60200E+02
2931	230	2.60209E+02
2931	327	2.60241E+02
2825	468	2.60273E+02
2931	562	2.60335E+02
1529	379	2.60377E+02
3037	228	2.60381E+02
2825	279	2.60385E+02
1529	375	2.60393E+02
3037	812	2.60418E+02
2931	643	2.60431E+02
2825	463	2.60438E+02
3037	811	2.60451E+02
3037	813	2.60466E+02
1529	333	2.60471E+02
2931	605	2.60491E+02
2931	642	2.60493E+02
2825	380	2.60497E+02
2931	432	2.60507E+02
2931	644	2.60535E+02
2931	553	2.60535E+02
1639	473	2.60580E+02
3037	810	2.60581E+02
3037	814	2.60584E+02
1639	466	2.60594E+02
1529	283	2.60616E+02
3037	722	2.60618E+02
1639	424	2.60624E+02
2825	421	2.60647E+02
1639	372	2.60683E+02
2825	557	2.60692E+02
3037	765	2.60693E+02
2825	558	2.60701E+02
2931	598	2.60701E+02
1529	380	2.60718E+02
2825	469	2.60731E+02
2931	419	2.60732E+02
2931	641	2.60744E+02
2825	430	2.60755E+02
1639	331	2.60781E+02
3037	325	2.60786E+02
2931	645	2.60790E+02
1529	374	2.60792E+02
1639	561	2.60809E+02
3037	809	2.60824E+02
1639	562	2.60839E+02
2825	369	2.60866E+02
2825	556	2.60870E+02
2825	559	2.60877E+02
1639	560	2.60925E+02
2931	460	2.60926E+02
2931	277	2.60931E+02
3037	637	2.60937E+02
1639	234	2.60954E+02
2931	472	2.60979E+02
1639	563	2.61006E+02
1529	428	2.61042E+02
2825	328	2.61048E+02
2825	231	2.61075E+02
3037	595	2.61075E+02
2825	462	2.61079E+02
2931	606	2.61084E+02
3037	458	2.61086E+02
1529	427	2.61087E+02
2931	563	2.61088E+02
1529	429	2.61147E+02
3037	417	2.61152E+02
3037	679	2.61179E+02
2931	646	2.61181E+02
3037	808	2.61198E+02
1639	559	2.61199E+02
2931	640	2.61205E+02
2825	560	2.61208E+02
1529	332	2.61210E+02
2825	555	2.61254E+02
1639	465	2.61257E+02
1529	426	2.61295E+02
1639	564	2.61300E+02
2825	470	2.61324E+02
1529	373	2.61375E+02
1529	430	2.61392E+02
2931	367	2.61401E+02
2931	684	2.61402E+02
2931	685	2.61406E+02
1639	281	2.61415E+02
3037	764	2.61453E+02
2825	431	2.61523E+02
1419	286	2.61527E+02
1529	282	2.61532E+02
2931	686	2.61559E+02
2931	683	2.61566E+02
2931	597	2.61568E+02
2825	602	2.61602E+02
1639	423	2.61610E+02
2825	601	2.61624E+02
2931	552	2.61636E+02
2825	278	2.61640E+02
1639	558	2.61647E+02
2825	420	2.61652E+02
2931	229	2.61655E+02
3037	275	2.61676E+02
1529	425	2.61678E+02
2825	561	2.61680E+02
2931	647	2.61696E+02
3037	721	2.61700E+02
1639	565	2.61713E+02
3037	807	2.61727E+02
2825	603	2.61746E+02
3037	550	2.61751E+02
1529	431	2.61770E+02
2931	607	2.61795E+02
2931	326	2.61823E+02
2825	600	2.61833E+02
2931	687	2.61845E+02
1419	337	2.61861E+02
2825	554	2.61866E+02
1639	371	2.61894E+02
2931	639	2.61897E+02
1419	338	2.61916E+02
2931	682	2.61920E+02
1419	285	2.61938E+02
1419	336	2.61941E+02
2931	473	2.61951E+02
2931	564	2.61956E+02
2825	461	2.61970E+02
1639	606	2.61977E+02
1639	605	2.61986E+02
2825	604	2.62042E+02
1529	468	2.62043E+02
2825	471	2.62044E+02
1529	469	2.62081E+02
1639	607	2.62100E+02
2825	368	2.62102E+02
1639	464	2.62133E+02
1639	604	2.62137E+02
1639	330	2.62143E+02
1529	331	2.62149E+02
1529	372	2.62160E+02
1529	467	2.62161E+02
1419	335	2.62168E+02
1529	234	2.62238E+02
2931	418	2.62247E+02
2825	599	2.62248E+02
2931	688	2.62249E+02
1529	424	2.62252E+02
1529	470	2.62265E+02
1529	432	2.62272E+02
1639	557	2.62283E+02
2825	562	2.62283E+02
3037	227	2.62311E+02
2931	648	2.62323E+02
2931	459	2.62330E+02
1639	608	2.62346E+02
3037	365	2.62351E+02
1639	233	2.62363E+02
2931	726	2.62366E+02
2825	230	2.62369E+02
2931	727	2.62395E+02
2825	432	2.62407E+02
2825	327	2.62412E+02
3037	806	2.62433E+02
3037	763	2.62433E+02
1639	603	2.62445E+02
1529	466	2.62449E+02
2825	605	2.62476E+02
2931	725	2.62485E+02
2931	681	2.62486E+02
1419	284	2.62505E+02
2825	643	2.62536E+02
1419	334	2.62551E+02
2931	728	2.62553E+02
1529	471	2.62584E+02
3037	636	2.62585E+02
2931	276	2.62587E+02
2825	644	2.62608E+02
2931	608	2.62617E+02
2825	642	2.62630E+02
1529	281	2.62639E+02
3037	678	2.62654E+02
2931	596	2.62699E+02
1639	609	2.62706E+02
2825	553	2.62728E+02
1419	377	2.62737E+02
2931	689	2.62758E+02
2931	724	2.62774E+02
1419	376	2.62808E+02
1419	378	2.62811E+02
2931	729	2.62824E+02
2825	645	2.62831E+02
1639	422	2.62835E+02
2931	638	2.62839E+02
2825	472	2.62881E+02
2825	598	2.62894E+02
2825	641	2.62912E+02
1529	465	2.62922E+02
1639	602	2.62922E+02
2825	419	2.62922E+02
1639	280	2.62928E+02
3037	594	2.62929E+02
2931	565	2.62930E+02
3037	324	2.62992E+02
2825	563	2.63008E+02
2931	551	2.63009E+02
1419	379	2.63022E+02
1529	472	2.63030E+02
3037	720	2.63032E+02
1419	375	2.63036E+02
1529	423	2.63037E+02
2825	606	2.63038E+02
2931	649	2.63053E+02
1529	560	2.63084E+02
1419	333	2.63102E+02
2825	277	2.63107E+02
2931	366	2.63125E+02
2825	460	2.63126E+02
1639	556	2.63130E+02
1529	561	2.63135E+02
1529	371	2.63165E+02
1639	647	2.63166E+02
1529	559	2.63186E+02
2825	646	2.63188E+02
2931	730	2.63194E+02
1639	648	2.63205E+02
3037	457	2.63206E+02
1419	283	2.63238E+02
1639	463	2.63242E+02
1639	646	2.63253E+02
2931	723	2.63254E+02
2931	228	2.63266E+02
2931	680	2.63285E+02
1529	330	2.63305E+02
1529	562	2.63328E+02
3037	805	2.63337E+02
2931	768	2.63351E+02
1639	370	2.63352E+02
1639	649	2.63360E+02
3037	416	2.63361E+02
2931	690	2.63362E+02
1419	380	2.63363E+02
2931	769	2.63368E+02
2825	640	2.63404E+02
1419	374	2.63433E+02
1529	558	2.63453E+02
1529	233	2.63458E+02
2931	767	2.63462E+02
1639	645	2.63478E+02
2931	770	2.63494E+02
2825	685	2.63517E+02
2931	609	2.63540E+02
2825	684	2.63547E+02
1639	601	2.63588E+02
1529	473	2.63594E+02
2825	367	2.63595E+02
1529	464	2.63600E+02
1639	650	2.63621E+02
2931	325	2.63634E+02
2825	686	2.63636E+02
3037	762	2.63648E+02
2931	731	2.63650E+02
1529	563	2.63651E+02
2825	647	2.63669E+02
1419	428	2.63690E+02
2931	771	2.63714E+02
2825	607	2.63719E+02
2931	766	2.63720E+02
1419	427	2.63737E+02
2825	683	2.63745E+02
1639	329	2.63746E+02
2825	597	2.63789E+02
1419	429	2.63793E+02
4591	380	2.63812E+02
2825	473	2.63828E+02
2825	229	2.63834E+02
1419	332	2.63838E+02
3037	549	2.63841E+02
2825	564	2.63847E+02
2825	552	2.63855E+02
1639	644	2.63856E+02
2931	650	2.63876E+02
3037	274	2.63877E+02
2825	687	2.63886E+02
1529	557	2.63903E+02
3037	142	2.63906E+02
1419	426	2.63946E+02
2931	722	2.63947E+02
1529	280	2.63949E+02
1639	232	2.63956E+02
4591	338	2.63993E+02
2931	458	2.64004E+02
1419	373	2.64014E+02
2931	772	2.64014E+02
2825	326	2.64015E+02
2931	417	2.64023E+02
1419	430	2.64036E+02
2931	637	2.64043E+02
2931	691	2.64049E+02
1529	422	2.64051E+02
1529	564	2.64098E+02
2931	595	2.64100E+02
2825	639	2.64126E+02
2825	682	2.64132E+02
2931	765	2.64148E+02
1419	282	2.64149E+02
2931	732	2.64182E+02
1529	604	2.64184E+02
1529	605	2.64196E+02
1639	555	2.64209E+02
2825	688	2.64254E+02
2825	648	2.64262E+02
1639	421	2.64319E+02
1529	603	2.64321E+02
2931	811	2.64323E+02
1419	425	2.64329E+02
2931	679	2.64332E+02
2931	810	2.64346E+02
1529	606	2.64347E+02
3037	226	2.64373E+02
1639	689	2.64380E+02
2931	773	2.64384E+02
3037	677	2.64389E+02
2931	812	2.64391E+02
1639	643	2.64404E+02
1529	370	2.64408E+02
1419	431	2.64410E+02
1639	690	2.64413E+02
2931	275	2.64439E+02
4591	379	2.64448E+02
1639	688	2.64455E+02
3037	804	2.64457E+02
2825	418	2.64460E+02
1639	600	2.64464E+02
2931	809	2.64477E+02
3037	635	2.64493E+02
1529	463	2.64503E+02
2825	608	2.64509E+02
2825	727	2.64519E+02
2825	726	2.64527E+02
2931	813	2.64536E+02
1639	691	2.64543E+02
2825	459	2.64554E+02
1529	556	2.64555E+02
1639	462	2.64609E+02
3037	719	2.64616E+02
1529	602	2.64621E+02
1529	607	2.64624E+02
2825	728	2.64640E+02
1639	687	2.64649E+02
2931	550	2.64653E+02
1529	565	2.64659E+02
1639	279	2.64664E+02
4591	432	2.64672E+02
2825	725	2.64681E+02
1529	329	2.64693E+02
1419	468	2.64698E+02
3037	364	2.64707E+02
2825	689	2.64728E+02
2825	681	2.64729E+02
1419	469	2.64732E+02
2931	808	2.64734E+02
2931	814	2.64746E+02
2931	764	2.64768E+02
1419	331	2.64772E+02
2825	276	2.64783E+02
2825	565	2.64794E+02
1419	372	2.64796E+02
1419	467	2.64820E+02
1419	234	2.64846E+02
1529	232	2.64856E+02
2931	721	2.64871E+02
2825	729	2.64874E+02
1419	424	2.64903E+02
1419	432	2.64908E+02
1419	470	2.64910E+02
2825	596	2.64947E+02
4591	337	2.64955E+02
2825	649	2.64958E+02
1639	686	2.64978E+02
2825	724	2.65004E+02
1529	608	2.65020E+02
2931	227	2.65029E+02
3037	593	2.65033E+02
1639	369	2.65076E+02
2931	365	2.65086E+02
2825	638	2.65097E+02
1529	601	2.65103E+02
3037	761	2.65103E+02
4591	431	2.65111E+02
1419	466	2.65112E+02
2931	807	2.65139E+02
1639	642	2.65140E+02
2825	730	2.65207E+02
1419	471	2.65224E+02
4591	378	2.65243E+02
1419	281	2.65250E+02
2825	551	2.65253E+02
2825	690	2.65295E+02
1529	646	2.65302E+02
1529	421	2.65317E+02
2825	366	2.65342E+02
1529	645	2.65366E+02
1529	647	2.65371E+02
3037	323	2.65371E+02
2825	609	2.65401E+02
1529	555	2.65430E+02
1639	685	2.65455E+02
2825	228	2.65464E+02
1529	279	2.65474E+02
4488	380	2.65509E+02
2931	636	2.65511E+02
2825	769	2.65516E+02
2825	723	2.65517E+02
1529	609	2.65525E+02
4488	338	2.65532E+02
2825	768	2.65536E+02
1639	554	2.65544E+02
3037	456	2.65550E+02
2825	680	2.65558E+02
1529	648	2.65562E+02
1639	732	2.65570E+02
1639	599	2.65573E+02
1529	644	2.65576E+02
1639	731	2.65587E+02
1419	465	2.65587E+02
2931	763	2.65600E+02
1639	328	2.65602E+02
2825	770	2.65604E+02
2825	731	2.65625E+02
2931	678	2.65635E+02
1529	462	2.65654E+02
2931	324	2.65655E+02
1419	472	2.65662E+02
2825	767	2.65684E+02
1419	423	2.65687E+02
1639	730	2.65693E+02
4591	430	2.65704E+02
2931	806	2.65713E+02
3037	141	2.65735E+02
1639	231	2.65737E+02
2825	650	2.65747E+02
1419	560	2.65748E+02
2931	594	2.65767E+02
3037	415	2.65774E+02
2825	771	2.65785E+02
1529	600	2.65786E+02
1419	561	2.65791E+02
1419	371	2.65798E+02
3037	803	2.65803E+02
2825	325	2.65849E+02
1419	559	2.65857E+02
1529	649	2.65864E+02
1639	729	2.65900E+02
1529	369	2.65907E+02
1419	330	2.65923E+02
2931	457	2.65932E+02
2825	691	2.65945E+02
1529	643	2.65949E+02
4591	473	2.65963E+02
1419	562	2.65974E+02
2825	766	2.65977E+02
2931	720	2.66039E+02
2931	416	2.66040E+02
2825	772	2.66047E+02
4488	379	2.66059E+02
1419	233	2.66060E+02
1639	420	2.66082E+02
4591	336	2.66085E+02
1639	641	2.66086E+02
1639	684	2.66101E+02
2825	732	2.66119E+02
1419	558	2.66130E+02
3037	548	2.66158E+02
4591	377	2.66207E+02
3037	273	2.66214E+02
1419	473	2.66219E+02
1639	728	2.66221E+02
2825	722	2.66242E+02
1639	461	2.66252E+02
2825	458	2.66252E+02
2825	417	2.66259E+02
1419	464	2.66267E+02
1529	650	2.66267E+02
1419	563	2.66288E+02
4591	472	2.66302E+02
1529	328	2.66327E+02
2825	637	2.66328E+02
3037	676	2.66368E+02
2825	595	2.66374E+02
2825	773	2.66378E+02
4488	337	2.66404E+02
1529	231	2.66434E+02
2825	765	2.66439E+02
3037	718	2.66444E+02
4488	432	2.66447E+02
1529	688	2.66461E+02
4591	429	2.66461E+02
2931	274	2.66462E+02
3037	568	2.66464E+02
2931	805	2.66478E+02
1529	642	2.66502E+02
1529	687	2.66502E+02
2825	811	2.66505E+02
2931	142	2.66523E+02
1529	689	2.66534E+02
2825	812	2.66534E+02
3037	225	2.66541E+02
1529	554	2.66552E+02
2931	549	2.66552E+02
1419	280	2.66555E+02
2825	810	2.66566E+02
1419	557	2.66585E+02
4591	286	2.66613E+02
1639	278	2.66630E+02
2825	679	2.66634E+02
3037	634	2.66638E+02
2825	813	2.66641E+02
2825	275	2.66655E+02
2931	762	2.66659E+02
1639	727	2.66671E+02
1529	686	2.66672E+02
1529	599	2.66693E+02
1419	422	2.66699E+02
1529	690	2.66710E+02
1419	564	2.66724E+02
2825	809	2.66734E+02
4488	378	2.66765E+02
4591	471	2.66791E+02
1639	773	2.66794E+02
3037	760	2.66796E+02
4488	431	2.66803E+02
2825	814	2.66812E+02
1529	420	2.66850E+02
1419	604	2.66861E+02
1419	605	2.66862E+02
2825	550	2.66922E+02
2931	226	2.66926E+02
1639	683	2.66935E+02
1639	598	2.66939E+02
1639	772	2.66959E+02
1529	691	2.66979E+02
1529	685	2.66984E+02
1419	606	2.67001E+02
1419	603	2.67008E+02
2825	808	2.67027E+02
1419	370	2.67037E+02
1529	461	2.67072E+02
1639	368	2.67075E+02
2825	764	2.67092E+02
1639	553	2.67155E+02
1419	463	2.67170E+02
2931	677	2.67191E+02
2825	721	2.67197E+02
1639	771	2.67209E+02
1529	278	2.67222E+02
3037	363	2.67222E+02
2931	635	2.67234E+02
1419	556	2.67240E+02
2825	227	2.67246E+02
2931	364	2.67252E+02
1529	641	2.67258E+02
1419	607	2.67265E+02
1639	726	2.67267E+02
1639	640	2.67268E+02
1419	565	2.67274E+02
1419	329	2.67306E+02
4488	430	2.67310E+02
1419	602	2.67317E+02
2825	365	2.67324E+02
4591	376	2.67352E+02
3037	592	2.67355E+02
3037	802	2.67375E+02
4591	428	2.67392E+02
4591	335	2.67396E+02
4591	470	2.67439E+02
4488	336	2.67442E+02
1419	232	2.67452E+02
2931	804	2.67452E+02
2931	719	2.67453E+02
1529	684	2.67457E+02
4591	565	2.67458E+02
2825	807	2.67466E+02
1639	770	2.67555E+02
1529	730	2.67617E+02
3037	140	2.67630E+02
4488	377	2.67638E+02
1419	608	2.67647E+02
4385	380	2.67647E+02
1529	731	2.67650E+02
1529	368	2.67674E+02
1529	729	2.67680E+02
2931	593	2.67682E+02
1639	230	2.67705E+02
4385	338	2.67715E+02
1639	327	2.67719E+02
4488	473	2.67760E+02
4591	564	2.67766E+02
1529	732	2.67768E+02
1419	601	2.67806E+02
2825	636	2.67822E+02
1529	598	2.67847E+02
2931	323	2.67849E+02
1529	728	2.67851E+02
3037	322	2.67875E+02
4488	286	2.67876E+02
2825	324	2.67890E+02
1529	553	2.67940E+02
2931	761	2.67953E+02
2825	763	2.67955E+02
1419	421	2.67962E+02
2825	678	2.67964E+02
4488	429	2.67978E+02
1639	682	2.67983E+02
1419	646	2.67987E+02
1639	769	2.68011E+02
4488	472	2.68019E+02
1639	725	2.68031E+02
1419	647	2.68042E+02
1419	645	2.68065E+02
2825	594	2.68065E+02
3037	455	2.68072E+02
1419	279	2.68073E+02
2825	806	2.68074E+02
2931	456	2.68083E+02
4591	285	2.68105E+02
1529	683	2.68112E+02
1419	555	2.68118E+02
1639	419	2.68132E+02
1419	609	2.68138E+02
1529	727	2.68145E+02
1639	460	2.68185E+02
1529	230	2.68196E+02
2825	457	2.68202E+02
2931	141	2.68207E+02
1529	327	2.68213E+02
1419	648	2.68216E+02
4591	563	2.68220E+02
4385	379	2.68231E+02
1529	640	2.68240E+02
4591	469	2.68258E+02
2931	415	2.68262E+02
1639	814	2.68283E+02
1419	644	2.68287E+02
2825	416	2.68298E+02
1419	462	2.68320E+02
3037	414	2.68343E+02
2825	720	2.68392E+02
4488	471	2.68424E+02
1419	600	2.68495E+02
3037	717	2.68495E+02
1419	649	2.68501E+02
4591	427	2.68511E+02
1419	369	2.68531E+02
3037	675	2.68563E+02
4385	432	2.68566E+02
1529	726	2.68579E+02
1639	597	2.68580E+02
1639	813	2.68592E+02
1639	768	2.68593E+02
4385	337	2.68620E+02
2931	273	2.68623E+02
3037	272	2.68641E+02
2931	803	2.68645E+02
3037	547	2.68657E+02
4488	335	2.68658E+02
1529	419	2.68664E+02
1419	643	2.68671E+02
2931	548	2.68676E+02
4488	376	2.68688E+02
4591	375	2.68693E+02
2825	274	2.68698E+02
1639	639	2.68707E+02
3037	759	2.68712E+02
1529	773	2.68732E+02
2825	142	2.68750E+02
1529	772	2.68767E+02
1529	460	2.68771E+02
3037	224	2.68781E+02
4488	428	2.68817E+02
1639	277	2.68828E+02
4591	562	2.68830E+02
2825	549	2.68843E+02
2825	805	2.68870E+02
1529	771	2.68882E+02
1419	650	2.68887E+02
4591	334	2.68902E+02
2931	225	2.68931E+02
1419	328	2.68934E+02
4385	431	2.68958E+02
3037	567	2.68960E+02
2931	568	2.68968E+02
1529	682	2.68971E+02
4385	378	2.68972E+02
1639	812	2.68982E+02
3037	633	2.68984E+02
1639	724	2.68985E+02
4488	470	2.68986E+02
2931	676	2.68988E+02
1419	231	2.69025E+02
2825	762	2.69043E+02
1639	552	2.69056E+02
4591	609	2.69074E+02
1529	770	2.69088E+02
2931	718	2.69106E+02
1419	688	2.69159E+02
2825	226	2.69161E+02
3037	801	2.69166E+02
1529	725	2.69173E+02
2931	634	2.69192E+02
1529	277	2.69195E+02
1419	689	2.69214E+02
1419	687	2.69217E+02
1419	642	2.69234E+02
4488	565	2.69237E+02
1419	554	2.69241E+02
4591	468	2.69260E+02
1639	681	2.69266E+02
1529	597	2.69267E+02
4488	285	2.69275E+02
1639	767	2.69319E+02
1639	367	2.69353E+02
1419	690	2.69371E+02
1529	769	2.69397E+02
1419	686	2.69402E+02
4591	608	2.69406E+02
1419	599	2.69407E+02
1639	811	2.69465E+02
4488	564	2.69467E+02
1529	639	2.69469E+02
2931	760	2.69478E+02
1419	420	2.69492E+02
4385	430	2.69501E+02
2825	364	2.69512E+02
2825	677	2.69545E+02
3037	139	2.69568E+02
2825	635	2.69569E+02
2931	363	2.69581E+02
4591	561	2.69608E+02
1529	552	2.69609E+02
1419	691	2.69619E+02
4385	336	2.69692E+02
1529	367	2.69712E+02
4488	469	2.69715E+02
1419	685	2.69728E+02
1419	461	2.69735E+02
4591	284	2.69794E+02
2931	592	2.69814E+02
1419	278	2.69815E+02
1529	768	2.69826E+02
2825	719	2.69832E+02
4591	426	2.69834E+02
3037	362	2.69840E+02
4488	563	2.69840E+02
4488	427	2.69842E+02
7038	380	2.69846E+02
3037	591	2.69851E+02
1639	229	2.69858E+02
2825	804	2.69873E+02
4385	377	2.69879E+02
4591	607	2.69880E+02
4385	473	2.69883E+02
4488	375	2.69931E+02
1529	814	2.69945E+02
1529	724	2.69949E+02
2931	140	2.69960E+02
1419	641	2.69998E+02
2825	593	2.70002E+02
1639	810	2.70056E+02
1529	681	2.70056E+02
2931	802	2.70058E+02
4488	334	2.70067E+02
1639	326	2.70093E+02
2825	323	2.70105E+02
1529	813	2.70128E+02
1529	229	2.70136E+02
4385	286	2.70145E+02
1639	723	2.70152E+02
2931	322	2.70173E+02
4385	472	2.70179E+02
4385	429	2.70206E+02
1639	766	2.70212E+02
1419	684	2.70214E+02
4591	374	2.70247E+02
1419	368	2.70292E+02
1419	730	2.70336E+02
1419	731	2.70348E+02
1529	326	2.70351E+02
2825	761	2.70362E+02
4488	562	2.70366E+02
2825	456	2.70375E+02
1529	812	2.70388E+02
7038	432	2.70388E+02
1529	767	2.70393E+02
1639	459	2.70411E+02
2931	455	2.70415E+02
1419	729	2.70418E+02
1639	638	2.70419E+02
1419	732	2.70445E+02
2825	141	2.70450E+02
3037	321	2.70451E+02
4591	467	2.70460E+02
1639	418	2.70469E+02
4591	606	2.70506E+02
1639	596	2.70508E+02
7038	338	2.70532E+02
2825	415	2.70542E+02
1419	598	2.70563E+02
4591	560	2.70566E+02
1419	728	2.70607E+02
4591	333	2.70623E+02
4385	471	2.70623E+02
4488	468	2.70625E+02
1419	553	2.70628E+02
7038	379	2.70638E+02
2931	414	2.70642E+02
3037	454	2.70715E+02
1529	811	2.70735E+02
3037	716	2.70738E+02
1529	459	2.70755E+02
1529	418	2.70758E+02
1639	809	2.70771E+02
1419	230	2.70780E+02
4591	650	2.70788E+02
1639	680	2.70806E+02
4488	609	2.70807E+02
1419	327	2.70814E+02
3037	758	2.70825E+02
4488	284	2.70865E+02
2825	273	2.70879E+02
1419	683	2.70880E+02
2931	272	2.70880E+02
1419	727	2.70918E+02
1529	723	2.70929E+02
3037	674	2.70937E+02
4385	335	2.70942E+02
7038	431	2.70943E+02
1529	638	2.70963E+02
1529	596	2.70965E+02
4385	376	2.70965E+02
2931	717	2.70979E+02
1419	640	2.70985E+02
2931	547	2.70985E+02
2825	548	2.70990E+02
2931	675	2.71001E+02
3037	413	2.71008E+02
2931	224	2.71012E+02
3037	223	2.71053E+02
4488	561	2.71058E+02
4488	608	2.71064E+02
4488	426	2.71066E+02
4385	428	2.71083E+02
2825	803	2.71091E+02
3037	271	2.71110E+02
1529	766	2.71120E+02
3037	800	2.71153E+02
1529	810	2.71183E+02
2825	225	2.71184E+02
4591	649	2.71192E+02
2931	759	2.71222E+02
4385	470	2.71224E+02
1639	276	2.71248E+02
1639	551	2.71249E+02
2931	567	2.71275E+02
3037	546	2.71282E+02
2825	568	2.71289E+02
1639	765	2.71295E+02
4591	605	2.71296E+02
1419	419	2.71300E+02
512	286	2.71322E+02
2931	633	2.71352E+02
2825	676	2.71364E+02
1419	726	2.71367E+02
4591	425	2.71380E+02
4385	565	2.71382E+02
4488	374	2.71384E+02
1529	276	2.71386E+02
1529	680	2.71388E+02
1419	460	2.71431E+02
4488	607	2.71459E+02
1419	773	2.71460E+02
7038	473	2.71472E+02
3037	632	2.71485E+02
2825	718	2.71507E+02
1419	772	2.71518E+02
3037	138	2.71523E+02
2825	634	2.71548E+02
1639	722	2.71554E+02
1529	551	2.71562E+02
4385	285	2.71576E+02
3037	566	2.71582E+02
7038	378	2.71597E+02
1639	808	2.71630E+02
4385	564	2.71652E+02
1419	771	2.71654E+02
7038	430	2.71664E+02
7038	337	2.71680E+02
2931	801	2.71684E+02
4488	333	2.71685E+02
4591	283	2.71694E+02
512	285	2.71711E+02
4591	559	2.71721E+02
4488	467	2.71730E+02
4591	648	2.71731E+02
1419	682	2.71747E+02
1529	809	2.71749E+02
2931	139	2.71759E+02
1419	277	2.71781E+02
512	337	2.71841E+02
2825	363	2.71861E+02
4591	466	2.71878E+02
1419	770	2.71879E+02
7038	472	2.71885E+02
512	336	2.71892E+02
1639	366	2.71897E+02
2825	760	2.71910E+02
4488	560	2.71926E+02
512	338	2.71928E+02
1419	725	2.71974E+02
1419	597	2.71984E+02
4385	469	2.71993E+02
4488	606	2.72004E+02
1529	366	2.72012E+02
2931	362	2.72018E+02
1529	765	2.72027E+02
4591	373	2.72036E+02
292	286	2.72044E+02
4385	563	2.72067E+02
512	335	2.72090E+02
402	286	2.72094E+02
2931	591	2.72122E+02
1529	722	2.72136E+02
4385	427	2.72145E+02
2825	592	2.72156E+02
1639	228	2.72183E+02
1419	769	2.72207E+02
1419	639	2.72217E+02
2825	140	2.72218E+02
4385	375	2.72245E+02
1529	228	2.72247E+02
512	284	2.72256E+02
4591	604	2.72265E+02
1419	552	2.72294E+02
1419	367	2.72324E+02
4385	334	2.72386E+02
6213	277	2.72412E+02
1639	637	2.72413E+02
4591	647	2.72415E+02
512	334	2.72447E+02
2825	322	2.72449E+02
292	285	2.72451E+02
1529	808	2.72452E+02
4488	650	2.72457E+02
7038	471	2.72460E+02
3037	590	2.72465E+02
6213	278	2.72477E+02
402	285	2.72484E+02
3037	361	2.72501E+02
6213	230	2.72508E+02
4488	425	2.72509E+02
2825	802	2.72527E+02
6213	276	2.72527E+02
6213	229	2.72531E+02
292	337	2.72536E+02
7038	429	2.72560E+02
6213	326	2.72566E+02
2931	321	2.72576E+02
4591	332	2.72578E+02
6213	327	2.72581E+02
1639	764	2.72592E+02
292	338	2.72601E+02
292	336	2.72609E+02
402	337	2.72612E+02
1639	679	2.72615E+02
6213	231	2.72626E+02
4591	691	2.72627E+02
4385	562	2.72634E+02
1419	768	2.72653E+02
1639	807	2.72656E+02
4488	283	2.72664E+02
402	336	2.72665E+02
402	338	2.72697E+02
6213	228	2.72698E+02
1639	325	2.72707E+02
4488	605	2.72710E+02
6213	279	2.72713E+02
1419	229	2.72714E+02
1639	595	2.72723E+02
1529	325	2.72724E+02
2825	455	2.72727E+02
1529	637	2.72730E+02
7038	377	2.72735E+02
1419	814	2.72741E+02
6213	325	2.72757E+02
1419	724	2.72761E+02
4488	649	2.72788E+02
6213	328	2.72796E+02
7038	565	2.72799E+02
5222	234	2.72820E+02
6213	275	2.72822E+02
292	335	2.72829E+02
6213	367	2.72830E+02
512	377	2.72838E+02
1419	681	2.72838E+02
402	335	2.72865E+02
5222	281	2.72872E+02
2931	454	2.72873E+02
6213	232	2.72876E+02
512	376	2.72879E+02
5222	282	2.72888E+02
6213	366	2.72896E+02
1639	458	2.72920E+02
4385	468	2.72942E+02
2825	414	2.72943E+02
512	378	2.72944E+02
1529	595	2.72944E+02
1419	326	2.72944E+02
1419	813	2.72947E+02
5222	233	2.72958E+02
512	283	2.72970E+02
512	333	2.72974E+02
1529	679	2.72981E+02
4488	559	2.72987E+02
6213	368	2.72987E+02
4385	609	2.72994E+02
7038	336	2.73004E+02
6213	227	2.73012E+02
5222	280	2.73014E+02
292	284	2.73015E+02
1529	458	2.73017E+02
402	284	2.73031E+02
3037	320	2.73040E+02
2931	716	2.73043E+02
4488	466	2.73047E+02
5222	283	2.73051E+02
4488	373	2.73067E+02
512	375	2.73077E+02
1639	417	2.73079E+02
4591	558	2.73090E+02
3037	757	2.73099E+02
6213	280	2.73106E+02
1529	417	2.73120E+02
2931	413	2.73126E+02
3037	715	2.73129E+02
2931	223	2.73133E+02
4591	690	2.73135E+02
7038	564	2.73137E+02
1529	764	2.73139E+02
5222	330	2.73152E+02
6213	324	2.73152E+02
2825	272	2.73154E+02
2931	758	2.73161E+02
4591	424	2.73170E+02
2931	271	2.73186E+02
6213	365	2.73186E+02
512	379	2.73188E+02
5222	331	2.73188E+02
2931	674	2.73192E+02
6213	418	2.73196E+02
6213	329	2.73199E+02
4385	284	2.73201E+02
292	334	2.73208E+02
7038	470	2.73208E+02
1639	721	2.73210E+02
402	334	2.73223E+02
1419	812	2.73227E+02
1419	767	2.73235E+02
5222	232	2.73235E+02
6213	233	2.73249E+02
4488	648	2.73250E+02
4591	646	2.73260E+02
6213	417	2.73281E+02
2825	224	2.73283E+02
4385	608	2.73294E+02
6213	274	2.73294E+02
5222	329	2.73300E+02
3037	799	2.73307E+02
1529	807	2.73314E+02
3037	222	2.73317E+02
2825	547	2.73318E+02
5222	279	2.73325E+02
6213	419	2.73346E+02
5222	284	2.73351E+02
6213	369	2.73357E+02
4385	561	2.73367E+02
1419	418	2.73388E+02
5222	332	2.73394E+02
2825	675	2.73396E+02
2825	717	2.73400E+02
4385	426	2.73408E+02
1419	459	2.73410E+02
3037	453	2.73418E+02
2931	546	2.73426E+02
4591	603	2.73428E+02
3037	673	2.73439E+02
512	374	2.73447E+02
3037	137	2.73468E+02
6213	226	2.73470E+02
2931	800	2.73504E+02
4591	465	2.73534E+02
4488	332	2.73534E+02
292	377	2.73552E+02
512	380	2.73562E+02
3037	270	2.73569E+02
2931	138	2.73582E+02
1529	721	2.73586E+02
4488	604	2.73591E+02
1419	811	2.73593E+02
5222	370	2.73595E+02
6213	142	2.73596E+02
6213	416	2.73600E+02
6118	277	2.73606E+02
5222	371	2.73608E+02
402	377	2.73611E+02
2825	567	2.73616E+02
292	376	2.73620E+02
292	378	2.73630E+02
6213	458	2.73636E+02
7038	563	2.73636E+02
6118	278	2.73640E+02
7038	428	2.73643E+02
6213	281	2.73644E+02
5222	328	2.73646E+02
402	376	2.73655E+02
5222	231	2.73656E+02
6213	459	2.73661E+02
2931	632	2.73669E+02
2825	759	2.73674E+02
1419	596	2.73680E+02
6118	230	2.73685E+02
512	332	2.73687E+02
6213	364	2.73691E+02
3037	412	2.73706E+02
1419	638	2.73711E+02
2931	566	2.73712E+02
402	378	2.73714E+02
6213	420	2.73724E+02
1639	550	2.73725E+02
2825	633	2.73727E+02
4385	607	2.73732E+02
4385	374	2.73735E+02
6118	229	2.73736E+02
6213	323	2.73738E+02
6213	234	2.73739E+02
402	283	2.73746E+02
292	283	2.73748E+02
1419	723	2.73749E+02
402	333	2.73752E+02
6118	276	2.73752E+02
5222	333	2.73755E+02
292	333	2.73757E+02
6118	327	2.73757E+02
4591	689	2.73771E+02
6118	231	2.73774E+02
6213	330	2.73774E+02
6118	326	2.73775E+02
1529	275	2.73776E+02
5222	285	2.73781E+02
5222	369	2.73789E+02
1529	550	2.73793E+02
5222	372	2.73811E+02
5222	278	2.73819E+02
4591	282	2.73821E+02
6118	279	2.73845E+02
292	379	2.73846E+02
292	375	2.73846E+02
6213	457	2.73852E+02
4488	647	2.73856E+02
402	375	2.73857E+02
512	282	2.73865E+02
1639	275	2.73869E+02
1639	806	2.73871E+02
512	428	2.73911E+02
6213	370	2.73923E+02
6213	460	2.73926E+02
512	427	2.73929E+02
6213	273	2.73929E+02
7038	286	2.73931E+02
6118	228	2.73933E+02
6118	328	2.73939E+02
402	379	2.73954E+02
1419	276	2.73965E+02
1419	766	2.73974E+02
3037	545	2.73974E+02
6118	232	2.73996E+02
6118	325	2.74001E+02
512	373	2.74002E+02
6213	141	2.74020E+02
6118	367	2.74025E+02
2825	139	2.74033E+02
4385	333	2.74041E+02
512	429	2.74045E+02
1419	810	2.74059E+02
6213	225	2.74060E+02
7038	376	2.74065E+02
6213	550	2.74078E+02
6118	275	2.74080E+02
4591	372	2.74081E+02
3037	631	2.74085E+02
4385	467	2.74087E+02
512	426	2.74108E+02
5222	421	2.74110E+02
1639	763	2.74120E+02
6118	366	2.74127E+02
6213	551	2.74136E+02
5222	422	2.74139E+02
6213	415	2.74140E+02
7038	469	2.74141E+02
6118	368	2.74146E+02
2825	801	2.74172E+02
1419	680	2.74173E+02
5222	373	2.74186E+02
292	380	2.74192E+02
4488	424	2.74192E+02
5222	327	2.74204E+02
5222	368	2.74206E+02
6118	280	2.74208E+02
4488	691	2.74217E+02
5222	230	2.74228E+02
402	374	2.74229E+02
7038	609	2.74229E+02
292	374	2.74243E+02
1419	551	2.74243E+02
4488	558	2.74258E+02
3037	381	2.74260E+02
5222	334	2.74260E+02
6213	549	2.74264E+02
4385	560	2.74277E+02
6118	227	2.74277E+02
4591	645	2.74280E+02
6213	456	2.74300E+02
5222	420	2.74302E+02
7038	562	2.74306E+02
6118	329	2.74309E+02
6213	421	2.74314E+02
6213	282	2.74314E+02
2825	362	2.74317E+02
512	430	2.74319E+02
4385	606	2.74320E+02
402	380	2.74325E+02
5222	286	2.74332E+02
6118	233	2.74343E+02
1529	806	2.74357E+02
5222	423	2.74370E+02
6213	363	2.74390E+02
6118	418	2.74401E+02
6213	461	2.74419E+02
6118	324	2.74430E+02
6213	552	2.74434E+02
512	234	2.74440E+02
6118	365	2.74453E+02
512	425	2.74463E+02
402	332	2.74467E+02
1529	763	2.74475E+02
6118	369	2.74481E+02
2825	591	2.74482E+02
292	332	2.74493E+02
6213	322	2.74495E+02
5222	277	2.74503E+02
2931	361	2.74506E+02
6213	331	2.74506E+02
1529	227	2.74510E+02
6118	419	2.74514E+02
7038	335	2.74519E+02
6118	417	2.74524E+02
6213	140	2.74538E+02
4591	688	2.74547E+02
1529	365	2.74550E+02
7038	608	2.74550E+02
2931	590	2.74553E+02
6213	594	2.74555E+02
6118	274	2.74584E+02
6213	595	2.74586E+02
4488	465	2.74599E+02
512	331	2.74602E+02
1419	366	2.74617E+02
4488	646	2.74618E+02
1419	809	2.74641E+02
4591	732	2.74641E+02
402	282	2.74642E+02
292	428	2.74646E+02
4488	690	2.74655E+02
292	282	2.74662E+02
4488	603	2.74662E+02
1639	227	2.74663E+02
6213	371	2.74668E+02
5222	462	2.74672E+02
1639	365	2.74682E+02
6213	548	2.74685E+02
1639	636	2.74686E+02
402	428	2.74687E+02
4488	282	2.74687E+02
4591	557	2.74695E+02
1639	678	2.74696E+02
292	427	2.74698E+02
4385	650	2.74704E+02
6213	272	2.74705E+02
402	427	2.74709E+02
6118	281	2.74718E+02
5222	374	2.74721E+02
512	431	2.74726E+02
5222	419	2.74732E+02
292	429	2.74745E+02
5222	461	2.74748E+02
512	372	2.74760E+02
6118	226	2.74764E+02
6213	593	2.74766E+02
1529	636	2.74767E+02
6213	224	2.74769E+02
5222	424	2.74784E+02
402	373	2.74787E+02
4591	331	2.74787E+02
4591	602	2.74806E+02
6118	234	2.74807E+02
402	429	2.74816E+02
1419	228	2.74817E+02
5222	463	2.74817E+02
292	373	2.74825E+02
6213	568	2.74829E+02
1529	678	2.74837E+02
6118	330	2.74853E+02
6118	420	2.74854E+02
6118	459	2.74856E+02
6213	596	2.74857E+02
5222	367	2.74858E+02
2825	321	2.74870E+02
6118	458	2.74871E+02
6213	414	2.74877E+02
6118	142	2.74878E+02
6118	416	2.74881E+02
4385	425	2.74891E+02
1419	765	2.74892E+02
402	426	2.74893E+02
5222	335	2.74900E+02
292	426	2.74911E+02
7038	427	2.74928E+02
512	281	2.74952E+02
5222	229	2.74954E+02
6213	455	2.74961E+02
1419	722	2.74962E+02
6213	553	2.74963E+02
5222	326	2.74981E+02
292	430	2.74984E+02
6118	364	2.74993E+02
2931	320	2.75001E+02
4488	372	2.75002E+02
512	424	2.75011E+02
6118	370	2.75013E+02
512	468	2.75019E+02
6213	636	2.75027E+02
7038	607	2.75028E+02
4385	283	2.75034E+02
6118	323	2.75050E+02
5222	460	2.75062E+02
6213	635	2.75066E+02
4385	605	2.75069E+02
4385	649	2.75080E+02
6118	460	2.75081E+02
512	469	2.75082E+02
402	430	2.75086E+02
6213	422	2.75096E+02
6213	283	2.75107E+02
512	467	2.75114E+02
6213	462	2.75124E+02
1639	720	2.75126E+02
6118	457	2.75127E+02
3037	589	2.75136E+02
6213	139	2.75143E+02
3037	360	2.75144E+02
7038	561	2.75160E+02
5222	464	2.75161E+02
1529	594	2.75192E+02
2825	454	2.75204E+02
6213	592	2.75208E+02
1639	594	2.75214E+02
402	234	2.75215E+02
4488	689	2.75217E+02
6213	637	2.75225E+02
4591	423	2.75229E+02
292	234	2.75235E+02
6118	273	2.75250E+02
6213	362	2.75252E+02
402	425	2.75253E+02
2931	222	2.75253E+02
512	432	2.75257E+02
2931	715	2.75257E+02
2931	757	2.75262E+02
4591	731	2.75271E+02
7038	468	2.75274E+02
5222	554	2.75286E+02
512	470	2.75289E+02
1529	720	2.75289E+02
1639	805	2.75296E+02
292	425	2.75299E+02
1529	324	2.75306E+02
1419	325	2.75311E+02
6118	550	2.75319E+02
6213	547	2.75321E+02
5222	553	2.75327E+02
6118	141	2.75327E+02
6118	551	2.75335E+02
6213	634	2.75341E+02
292	431	2.75354E+02
1419	808	2.75358E+02
4591	234	2.75358E+02
6213	597	2.75358E+02
6118	282	2.75361E+02
5222	425	2.75363E+02
3037	136	2.75373E+02
512	466	2.75378E+02
5222	276	2.75379E+02
6213	332	2.75379E+02
4385	559	2.75380E+02
6118	225	2.75383E+02
402	331	2.75384E+02
6213	321	2.75390E+02
2931	453	2.75399E+02
2931	137	2.75400E+02
5222	375	2.75401E+02
6118	421	2.75407E+02
5222	418	2.75409E+02
2825	223	2.75420E+02
292	331	2.75431E+02
2825	413	2.75445E+02
4385	466	2.75446E+02
4591	464	2.75453E+02
4385	373	2.75456E+02
6118	415	2.75457E+02
5222	555	2.75466E+02
6213	567	2.75467E+02
1419	637	2.75476E+02
2825	271	2.75477E+02
4591	687	2.75478E+02
2825	716	2.75480E+02
402	431	2.75487E+02
3037	756	2.75488E+02
2931	799	2.75490E+02
2931	270	2.75490E+02
6213	677	2.75492E+02
4591	644	2.75494E+02
2931	673	2.75515E+02
1639	324	2.75529E+02
3037	221	2.75531E+02
1529	457	2.75534E+02
6118	461	2.75535E+02
6118	549	2.75546E+02
402	372	2.75547E+02
4488	645	2.75552E+02
6118	331	2.75554E+02
6213	372	2.75574E+02
6213	223	2.75575E+02
6213	678	2.75585E+02
4385	648	2.75587E+02
3037	798	2.75588E+02
3037	319	2.75588E+02
6118	552	2.75591E+02
6213	271	2.75593E+02
1529	805	2.75601E+02
7038	375	2.75603E+02
2825	674	2.75604E+02
5222	552	2.75608E+02
292	372	2.75610E+02
6118	456	2.75614E+02
3037	714	2.75617E+02
5222	459	2.75627E+02
6213	676	2.75629E+02
2825	758	2.75630E+02
512	471	2.75632E+02
4488	331	2.75633E+02
7038	285	2.75635E+02
512	233	2.75646E+02
2931	412	2.75651E+02
6213	638	2.75653E+02
1419	595	2.75654E+02
1419	458	2.75665E+02
5222	336	2.75665E+02
7038	606	2.75676E+02
5222	465	2.75685E+02
1639	457	2.75687E+02
7038	650	2.75692E+02
6213	554	2.75703E+02
1529	416	2.75722E+02
6118	371	2.75725E+02
6118	363	2.75726E+02
402	281	2.75730E+02
512	330	2.75736E+02
512	371	2.75739E+02
1419	417	2.75743E+02
5222	366	2.75747E+02
4488	557	2.75761E+02
1419	679	2.75766E+02
512	423	2.75769E+02
292	281	2.75770E+02
2825	546	2.75777E+02
6213	413	2.75778E+02
6118	595	2.75799E+02
402	468	2.75803E+02
402	424	2.75804E+02
6213	454	2.75804E+02
292	468	2.75806E+02
6118	594	2.75812E+02
6213	138	2.75820E+02
292	469	2.75826E+02
512	465	2.75827E+02
5222	228	2.75833E+02
6118	322	2.75838E+02
6213	633	2.75839E+02
5222	556	2.75846E+02
292	432	2.75849E+02
402	469	2.75859E+02
6213	591	2.75861E+02
2825	138	2.75870E+02
6118	140	2.75871E+02
292	424	2.75879E+02
1639	762	2.75894E+02
402	467	2.75903E+02
5222	598	2.75905E+02
6213	679	2.75907E+02
4488	688	2.75916E+02
4385	332	2.75927E+02
1639	416	2.75931E+02
2931	545	2.75939E+02
292	467	2.75941E+02
4488	602	2.75944E+02
3037	269	2.75969E+02
5222	597	2.75974E+02
5222	325	2.75975E+02
6213	719	2.75982E+02
292	470	2.75990E+02
4385	604	2.75993E+02
6213	675	2.75993E+02
6118	548	2.76006E+02
2825	800	2.76008E+02
1419	764	2.76011E+02
6213	718	2.76012E+02
402	432	2.76013E+02
3037	672	2.76014E+02
6213	284	2.76014E+02
6213	463	2.76019E+02
4591	730	2.76024E+02
6118	596	2.76025E+02
1529	762	2.76047E+02
7038	649	2.76048E+02
6213	423	2.76050E+02
6118	272	2.76056E+02
402	470	2.76060E+02
5222	599	2.76060E+02
2825	632	2.76061E+02
6118	593	2.76065E+02
2825	566	2.76071E+02
6213	598	2.76073E+02
6118	553	2.76076E+02
2931	631	2.76090E+02
5222	426	2.76096E+02
512	472	2.76102E+02
3037	452	2.76118E+02
6118	224	2.76120E+02
6118	283	2.76127E+02
4488	423	2.76139E+02
5222	551	2.76142E+02
4488	234	2.76143E+02
6213	546	2.76143E+02
4488	732	2.76144E+02
6118	422	2.76152E+02
6118	568	2.76155E+02
2931	381	2.76163E+02
402	466	2.76173E+02
6213	720	2.76175E+02
512	560	2.76186E+02
4591	281	2.76194E+02
6118	462	2.76200E+02
7038	560	2.76214E+02
5222	376	2.76219E+02
1419	807	2.76230E+02
6118	414	2.76230E+02
4385	647	2.76237E+02
7038	334	2.76239E+02
6213	361	2.76242E+02
292	466	2.76245E+02
512	280	2.76245E+02
512	561	2.76255E+02
6118	636	2.76263E+02
6213	717	2.76264E+02
512	559	2.76269E+02
1529	549	2.76279E+02
5222	596	2.76284E+02
292	471	2.76289E+02
6213	566	2.76290E+02
6213	639	2.76298E+02
6118	455	2.76311E+02
1529	274	2.76334E+02
5222	417	2.76336E+02
1529	142	2.76338E+02
6118	635	2.76347E+02
1419	275	2.76348E+02
5222	466	2.76371E+02
3037	411	2.76376E+02
6213	333	2.76382E+02
6213	320	2.76388E+02
402	471	2.76397E+02
3037	339	2.76398E+02
6118	332	2.76398E+02
5222	557	2.76405E+02
4591	371	2.76408E+02
4488	464	2.76408E+02
1419	721	2.76414E+02
6118	637	2.76415E+02
5222	600	2.76417E+02
4591	601	2.76420E+02
402	233	2.76421E+02
7038	426	2.76430E+02
5222	275	2.76444E+02
6213	680	2.76446E+02
6213	760	2.76448E+02
5222	458	2.76449E+02
6213	222	2.76453E+02
292	233	2.76459E+02
1639	549	2.76459E+02
512	562	2.76466E+02
1419	550	2.76468E+02
512	464	2.76481E+02
6118	597	2.76481E+02
6213	761	2.76500E+02
6118	139	2.76500E+02
7038	605	2.76507E+02
512	558	2.76517E+02
402	330	2.76520E+02
402	371	2.76529E+02
6213	632	2.76536E+02
5222	639	2.76542E+02
4385	691	2.76544E+02
6118	592	2.76547E+02
5222	337	2.76549E+02
6213	137	2.76552E+02
7038	648	2.76556E+02
4591	556	2.76562E+02
6213	270	2.76563E+02
6213	674	2.76565E+02
402	423	2.76566E+02
4591	686	2.76581E+02
6213	721	2.76583E+02
292	330	2.76588E+02
6118	372	2.76598E+02
6213	759	2.76612E+02
4385	424	2.76614E+02
292	371	2.76617E+02
6118	362	2.76622E+02
7038	467	2.76622E+02
1639	142	2.76624E+02
6213	373	2.76625E+02
5222	640	2.76626E+02
402	465	2.76628E+02
6213	555	2.76634E+02
1639	274	2.76658E+02
6118	634	2.76665E+02
292	423	2.76669E+02
3037	544	2.76669E+02
4488	644	2.76676E+02
6118	547	2.76680E+02
5222	638	2.76684E+02
512	473	2.76691E+02
4385	558	2.76693E+02
6213	590	2.76695E+02
4488	731	2.76706E+02
292	472	2.76714E+02
3037	630	2.76724E+02
6213	716	2.76728E+02
292	465	2.76733E+02
512	422	2.76759E+02
6118	677	2.76759E+02
6213	762	2.76762E+02
6118	321	2.76764E+02
4488	687	2.76766E+02
6118	554	2.76774E+02
6213	453	2.76789E+02
6118	638	2.76796E+02
6213	412	2.76803E+02
6118	678	2.76806E+02
512	563	2.76808E+02
2825	361	2.76824E+02
6118	567	2.76831E+02
5222	595	2.76846E+02
402	472	2.76859E+02
5222	227	2.76862E+02
5222	365	2.76867E+02
4591	773	2.76884E+02
1529	226	2.76903E+02
4591	729	2.76911E+02
6213	802	2.76913E+02
5222	641	2.76916E+02
4591	643	2.76922E+02
2825	590	2.76930E+02
5222	550	2.76933E+02
6118	676	2.76942E+02
512	557	2.76947E+02
1639	804	2.76947E+02
