      5.12652   0.00423632  0.000431349      1.00000
      5.15676   0.00469401  0.000807759      1.00000
      5.18700   0.00458561  0.000109268      1.00000
      5.21725   0.00455547  0.000757459      1.00000
      5.24749   0.00408605  9.72923e-05      1.00000
      5.27773   0.00420650  0.000179574      1.00000
      5.30797   0.00426315  0.000258552      1.00000
      5.33821   0.00482227  0.000214661      1.00000
      5.36846   0.00461176  2.96132e-05      1.00000
      5.39870   0.00448730  0.000163060      1.00000
      5.42894   0.00470947  0.000276142      1.00000
      5.45918   0.00511412  0.000140128      1.00000
      5.48942   0.00505178  0.000401096      1.00000
      5.51967   0.00530679  0.000276239      1.00000
      5.54991   0.00527055  5.67199e-05      1.00000
      5.58015   0.00563881  1.12776e-05      1.00000
      5.61039   0.00601667  0.000112002      1.00000
      5.64063   0.00614795  8.63553e-05      1.00000
      5.67088   0.00615878  0.000233995      1.00000
      5.70112   0.00632395  0.000183842      1.00000
      5.73136   0.00630817  1.26163e-05      1.00000
      5.76160   0.00634140  0.000103686      1.00000
      5.79184   0.00653280  0.000543890      1.00000
      5.82209   0.00658137  0.000156295      1.00000
      5.85233   0.00654878  0.000174133      1.00000
      5.88257   0.00641520  0.000466048      1.00000
      5.91281   0.00665982  0.000133723      1.00000
      5.94305   0.00669063  0.000105859      1.00000
      5.97330   0.00672809  0.000209971      1.00000
      6.00354   0.00682309  2.66153e-05      1.00000
      6.03378   0.00642231  0.000319596      1.00000
      6.06402   0.00623253  2.13729e-05      1.00000
      6.09426   0.00625559  4.76823e-05      1.00000
      6.12451   0.00657653  0.000107655      1.00000
      6.15475   0.00638291  1.78837e-05      1.00000
      6.18499   0.00618112  0.000427602      1.00000
      6.21523   0.00618917  9.42998e-05      1.00000
      6.24547   0.00606786  0.000245293      1.00000
      6.27572   0.00614475  1.22895e-05      1.00000
      6.30596   0.00607495  3.34459e-05      1.00000
      6.33620   0.00605174  0.000201898      1.00000
      6.36644   0.00593358  0.000253327      1.00000
      6.39668   0.00570574  3.42336e-05      1.00000
      6.42693   0.00591778  0.000119140      1.00000
      6.45717   0.00522572  0.000221362      1.00000
      6.48741   0.00589291  0.000853868      1.00000
      6.51765   0.00545861  0.000292638      1.00000
      6.54789   0.00553130  0.000346127      1.00000
      6.57814   0.00570417  0.000338417      1.00000
      6.60838   0.00565494  0.000235963      1.00000
      6.63862   0.00597490  1.29597e-05      1.00000
      6.66886   0.00558513  0.000161584      1.00000
      6.69910   0.00548387  0.000202416      1.00000
      6.72935   0.00530448  0.000187030      1.00000
      6.75959   0.00509096  0.000115027      1.00000
      6.78983   0.00535253  0.000607793      1.00000
      6.82007   0.00551426  0.000170213      1.00000
      6.85031   0.00555706  0.000133651      1.00000
      6.88056   0.00616564  0.000248476      1.00000
      6.91080   0.00528790  0.000720069      1.00000
      6.94104   0.00487233  0.000303862      1.00000
      6.97128   0.00450173  0.000185501      1.00000
      7.00152   0.00494751  0.000110317      1.00000
      7.03177   0.00516762  0.000170196      1.00000
      7.06201   0.00498875  0.000149367      1.00000
      7.09225   0.00459400  0.000124089      1.00000
      7.12249   0.00494261  9.53006e-05      1.00000
      7.15273   0.00499536  0.000204700      1.00000
      7.18298   0.00484708  6.50529e-05      1.00000
      7.21322   0.00436406  0.000216816      1.00000
      7.24346   0.00468490  2.01895e-05      1.00000
      7.27370   0.00457596  0.000189812      1.00000
      7.30394   0.00458662  0.000273018      1.00000
      7.33419   0.00439395  0.000821432      1.00000
      7.36443   0.00471683  0.000503813      1.00000
      7.39467   0.00462379  7.23548e-05      1.00000
      7.42491   0.00473016  0.000100684      1.00000
      7.45515   0.00439949  0.000561057      1.00000
      7.48540   0.00445788  0.000249161      1.00000
      7.51564   0.00397528  0.000440188      1.00000
      7.57612   0.00421230  0.000121521      1.00000
      7.63660   0.00410359  0.000178980      1.00000
      7.69709   0.00411839  0.000103099      1.00000
      7.75757   0.00406799  9.74089e-05      1.00000
      7.81805   0.00404772  1.87841e-05      1.00000
      7.87854   0.00415535  8.87992e-05      1.00000
      7.93902   0.00424674  6.41310e-05      1.00000
      7.99951   0.00428727  0.000112741      1.00000
      8.05999   0.00438256  4.17538e-05      1.00000
      8.12047   0.00427492  9.94613e-05      1.00000
      8.18096   0.00389199  3.10879e-05      1.00000
      8.24144   0.00359935  4.48439e-05      1.00000
      8.30192   0.00341342  2.85118e-05      1.00000
      8.36241   0.00348935  1.24204e-05      1.00000
      8.42289   0.00319470  0.000575782      1.00000
      8.48337   0.00344117  0.000277958      1.00000
      8.54386   0.00342322  0.000183638      1.00000
      8.60434   0.00354746  0.000386017      1.00000
      8.66483   0.00317096  1.09796e-05      1.00000
      8.72531   0.00340204  0.000131113      1.00000
      8.78579   0.00309744  1.83147e-05      1.00000
      8.84628   0.00299729  9.97768e-05      1.00000
      8.90676   0.00287384  0.000107014      1.00000
      8.96724   0.00287713  0.000102731      1.00000
      9.02773   0.00284793  2.73418e-05      1.00000
      9.08821   0.00281366  4.24322e-05      1.00000
      9.14869   0.00277848  0.000114650      1.00000
      9.20918   0.00272503  0.000176368      1.00000
      9.26966   0.00273442  7.54197e-06      1.00000
      9.33015   0.00268202  8.62644e-05      1.00000
      9.39063   0.00255281  7.91118e-05      1.00000
      9.45111   0.00270508  1.65237e-05      1.00000
      9.51160   0.00247058  0.000129889      1.00000
      9.57208   0.00265539  0.000295972      1.00000
      9.63256   0.00253924  2.78641e-05      1.00000
      9.69305   0.00263626  3.95896e-05      1.00000
      9.75353   0.00255496  5.43889e-05      1.00000
      9.81401   0.00228941  6.10679e-05      1.00000
      9.87450   0.00298276  0.000130977      1.00000
      9.93498   0.00248334  0.000104448      1.00000
      9.99547   0.00200990  0.000462687      1.00000
      10.0560   0.00209453  0.000409337      1.00000
      10.1164   0.00202968  0.000364078      1.00000
      10.1769   0.00203600  0.000189423      1.00000
      10.2374   0.00228411  0.000157898      1.00000
      10.2979   0.00218715  0.000200014      1.00000
      10.3584   0.00228728  4.77174e-05      1.00000
      10.4188   0.00220748  3.20377e-05      1.00000
      10.4793   0.00230123  4.66625e-05      1.00000
      10.5398   0.00254047  1.91608e-05      1.00000
      10.6003   0.00254231  0.000262570      1.00000
      10.6608   0.00261596  0.000690392      1.00000
      10.7213   0.00255210  0.000134235      1.00000
      10.7817   0.00264607  0.000381670      1.00000
      10.8422   0.00257363  9.53393e-05      1.00000
      10.9027   0.00227665  0.000164513      1.00000
      10.9632   0.00222190  0.000120200      1.00000
      11.0237   0.00223390  5.37800e-05      1.00000
      11.0842   0.00228532  0.000120013      1.00000
      11.1447   0.00244116  7.15349e-06      1.00000
      11.2051   0.00243579  0.000176373      1.00000
      11.2656   0.00253151  8.11590e-05      1.00000
      11.3261   0.00276202  2.52787e-05      1.00000
      11.3866   0.00250051  0.000247924      1.00000
      11.4471   0.00263676   0.00137181      1.00000
      11.5076   0.00256009  0.000507289      1.00000
      11.5680   0.00221419  0.000203145      1.00000
      11.6285   0.00219743  4.62529e-05      1.00000
      11.6890   0.00237153  0.000185510      1.00000
      11.7495   0.00237407  8.97129e-05      1.00000
      11.8100   0.00242265  4.84530e-06      1.00000
      11.8705   0.00221244  5.20554e-05      1.00000
      11.9309   0.00227949  0.000183348      1.00000
      11.9914   0.00214048  0.000254065      1.00000
      12.0519   0.00205763  5.99776e-05      1.00000
      12.1124   0.00213943  0.000123403      1.00000
      12.1729   0.00243429  0.000209410      1.00000
      12.2334   0.00223207  0.000225641      1.00000
      12.2938   0.00231038  7.20643e-05      1.00000
      12.3543   0.00220413  0.000205429      1.00000
      12.4148   0.00215885  0.000194390      1.00000
      12.4753   0.00209176  0.000245869      1.00000
      12.5358   0.00184925  3.20805e-05      1.00000
      12.5963   0.00196662  0.000234620      1.00000
      12.6567   0.00186110  0.000167221      1.00000
      12.7172   0.00189287  0.000105386      1.00000
      12.7777   0.00186942  3.33736e-05      1.00000
      12.8382   0.00193269  8.24144e-05      1.00000
      12.8987   0.00195403  7.01954e-05      1.00000
      12.9592   0.00186647  0.000105129      1.00000
      13.0197   0.00195081  0.000130535      1.00000
      13.0801   0.00174238  0.000319370      1.00000
      13.1406   0.00176477  0.000274173      1.00000
      13.2011   0.00157726  6.20622e-06      1.00000
      13.2616   0.00150756  0.000255021      1.00000
      13.3221   0.00159133  0.000179588      1.00000
      13.3826   0.00170770  0.000130786      1.00000
      13.4430   0.00135373  1.44410e-05      1.00000
      13.5035   0.00137453  2.74905e-06      1.00000
      13.5640   0.00114593  0.000111358      1.00000
      13.6245   0.00131351  0.000326628      1.00000
      13.6850   0.00137668  0.000323927      1.00000
      13.7455   0.00183287   0.00260317      1.00000
      13.8059   0.00162496  0.000204608      1.00000
      13.8664   0.00158004  0.000226077      1.00000
      13.9269   0.00129899  0.000201155      1.00000
      13.9874   0.00136275  0.000966456      1.00000
      14.0479   0.00147462  0.000207083      1.00000
      14.1083   0.00153599  0.000236827      1.00000
      14.1688   0.00188841  7.23410e-05      1.00000
