GRAM	c2h2	chi_tot
2828	380	8.13433E+01
2828	432	8.13856E+01
2934	380	8.16321E+01
2934	432	8.16894E+01
2828	431	8.20484E+01
2934	431	8.23349E+01
3040	380	8.26158E+01
3040	432	8.26383E+01
2828	379	8.28180E+01
2828	473	8.29647E+01
2934	379	8.30975E+01
2828	430	8.31533E+01
2828	472	8.31928E+01
2934	473	8.32883E+01
3040	431	8.32981E+01
2934	430	8.34235E+01
2934	472	8.34903E+01
2828	471	8.38273E+01
3040	379	8.40975E+01
2934	471	8.40999E+01
3040	473	8.42188E+01
3040	430	8.44018E+01
3040	472	8.44324E+01
2828	565	8.46299E+01
2828	429	8.47231E+01
2828	378	8.47248E+01
2828	564	8.47889E+01
2828	470	8.49037E+01
2934	565	8.49627E+01
2934	429	8.49781E+01
2934	378	8.49958E+01
3040	471	8.50544E+01
2934	564	8.50877E+01
2934	470	8.51526E+01
2828	563	8.53032E+01
2828	338	8.53904E+01
2934	563	8.55691E+01
2934	338	8.56787E+01
3040	565	8.58846E+01
3040	429	8.59723E+01
3040	378	8.60126E+01
3040	564	8.60184E+01
2828	609	8.60263E+01
3040	470	8.61207E+01
2828	562	8.62144E+01
2934	609	8.63439E+01
2828	608	8.63570E+01
2934	562	8.64484E+01
2828	469	8.64572E+01
3040	563	8.65096E+01
2934	608	8.66339E+01
2934	469	8.66838E+01
3040	338	8.67173E+01
2828	428	8.67803E+01
2828	607	8.70032E+01
2934	428	8.70212E+01
2828	377	8.70787E+01
2934	607	8.72402E+01
3040	609	8.72607E+01
7185	286	8.72725E+01
2934	377	8.73419E+01
2828	650	8.73777E+01
7095	286	8.73786E+01
3040	562	8.73999E+01
7185	335	8.74732E+01
3040	608	8.75570E+01
2828	561	8.75654E+01
7095	335	8.75877E+01
7185	336	8.76124E+01
2934	650	8.76450E+01
3040	469	8.76665E+01
7185	334	8.77220E+01
7095	336	8.77265E+01
2934	561	8.77689E+01
7095	334	8.78360E+01
7185	285	8.78447E+01
2828	337	8.79155E+01
7095	285	8.79438E+01
7275	286	8.79466E+01
2828	606	8.80058E+01
2828	649	8.80081E+01
3040	428	8.80320E+01
7275	335	8.81019E+01
7185	337	8.81280E+01
3040	607	8.81708E+01
2934	337	8.82004E+01
2934	606	8.82040E+01
7275	336	8.82178E+01
2934	649	8.82294E+01
7095	337	8.82406E+01
7185	333	8.83685E+01
3040	377	8.83761E+01
7275	334	8.83762E+01
7185	374	8.84598E+01
7095	333	8.84809E+01
7185	375	8.85105E+01
2828	468	8.85229E+01
7275	285	8.85533E+01
3040	650	8.85550E+01
7095	374	8.85806E+01
7095	375	8.86208E+01
7275	337	8.87119E+01
7185	284	8.87242E+01
2934	468	8.87286E+01
3040	561	8.87325E+01
7095	284	8.88159E+01
7185	373	8.88777E+01
2828	648	8.89293E+01
7095	373	8.90071E+01
7185	338	8.90071E+01
7185	376	8.90139E+01
7275	333	8.90503E+01
2828	691	8.90590E+01
7275	374	8.90820E+01
2934	648	8.91055E+01
7095	376	8.91119E+01
7095	338	8.91174E+01
7275	375	8.91249E+01
3040	606	8.91432E+01
3040	649	8.91438E+01
2934	691	8.92338E+01
3040	337	8.92562E+01
2828	427	8.93476E+01
2828	560	8.94010E+01
2828	605	8.94089E+01
7185	332	8.94201E+01
7275	284	8.94681E+01
7275	373	8.95113E+01
7095	332	8.95299E+01
2934	605	8.95697E+01
7275	338	8.95715E+01
2934	427	8.95756E+01
2934	560	8.95758E+01
7275	376	8.96243E+01
3040	468	8.97267E+01
7185	425	8.97272E+01
7122	380	8.97400E+01
7122	379	8.97656E+01
7185	372	8.97775E+01
7185	424	8.97826E+01
7095	425	8.98406E+01
2828	376	8.98968E+01
7122	338	8.99033E+01
7185	283	8.99132E+01
7095	372	8.99136E+01
7095	424	8.99200E+01
7185	377	8.99531E+01
7095	283	8.99972E+01
3040	648	9.00254E+01
7095	377	9.00370E+01
2828	690	9.00476E+01
7275	332	9.01315E+01
3040	691	9.01318E+01
2934	376	9.01530E+01
2934	690	9.01728E+01
2828	647	9.01799E+01
7185	426	9.01919E+01
7122	378	9.02177E+01
7095	426	9.02784E+01
7212	380	9.02956E+01
7212	379	9.03091E+01
2934	647	9.03120E+01
7275	425	9.03406E+01
7185	423	9.03759E+01
7275	424	9.03816E+01
7275	372	9.04264E+01
7212	338	9.04602E+01
3040	605	9.05187E+01
7095	423	9.05340E+01
3040	560	9.05525E+01
7275	377	9.05629E+01
3040	427	9.06037E+01
7275	283	9.06934E+01
7212	378	9.07510E+01
7275	426	9.08257E+01
2828	336	9.08449E+01
7185	331	9.08821E+01
7275	423	9.09666E+01
7095	331	9.09883E+01
3040	690	9.10738E+01
7122	337	9.11062E+01
7122	377	9.11094E+01
2934	336	9.11269E+01
2828	467	9.11340E+01
7185	427	9.11572E+01
7185	371	9.11698E+01
7185	464	9.11989E+01
3040	376	9.12051E+01
7185	465	9.12129E+01
7095	427	9.12137E+01
3040	647	9.12385E+01
2828	604	9.12606E+01
7122	429	9.13026E+01
7095	371	9.13105E+01
7185	378	9.13118E+01
2828	689	9.13142E+01
7122	430	9.13164E+01
2934	467	9.13204E+01
7095	465	9.13248E+01
7095	464	9.13524E+01
7095	378	9.13800E+01
2934	604	9.13857E+01
2934	689	9.13907E+01
2828	732	9.14139E+01
7185	282	9.14156E+01
2934	732	9.14498E+01
7095	282	9.14913E+01
7185	422	9.15225E+01
7275	331	9.16251E+01
7212	377	9.16343E+01
7212	337	9.16661E+01
7095	422	9.16980E+01
7122	428	9.17660E+01
2828	559	9.17664E+01
7275	464	9.17689E+01
7185	463	9.17707E+01
7122	431	9.17842E+01
7185	466	9.17905E+01
2828	646	9.18022E+01
7275	427	9.18170E+01
7275	465	9.18278E+01
7212	429	9.18319E+01
7275	371	9.18380E+01
7095	466	9.18562E+01
7212	430	9.18745E+01
2934	646	9.18915E+01
2934	559	9.19140E+01
7275	378	9.19243E+01
7095	463	9.19610E+01
7275	422	9.21113E+01
3040	336	9.22003E+01
7275	282	9.22327E+01
7212	428	9.22695E+01
3040	689	9.22958E+01
7275	463	9.23049E+01
3040	732	9.23285E+01
3040	467	9.23350E+01
7302	380	9.23436E+01
3040	604	9.23456E+01
7212	431	9.23738E+01
7302	379	9.23775E+01
2828	426	9.24477E+01
7122	376	9.24559E+01
7275	466	9.24588E+01
7185	428	9.26014E+01
7095	428	9.26253E+01
7302	338	9.26395E+01
2934	426	9.26641E+01
7122	432	9.26817E+01
7185	556	9.26824E+01
7122	336	9.27033E+01
7122	427	9.27295E+01
7185	330	9.27587E+01
2934	731	9.27649E+01
2828	731	9.27806E+01
7095	556	9.28215E+01
3040	646	9.28259E+01
7302	378	9.28436E+01
7095	330	9.28602E+01
7185	555	9.28800E+01
2828	688	9.28946E+01
3040	559	9.29052E+01
7185	467	9.29063E+01
7095	467	9.29216E+01
2934	688	9.29234E+01
7185	462	9.29482E+01
7212	376	9.29745E+01
7122	469	9.29930E+01
7185	370	9.30621E+01
7185	379	9.30756E+01
7095	555	9.30785E+01
7185	557	9.30842E+01
7095	379	9.31264E+01
7122	470	9.31367E+01
7095	557	9.31578E+01
7095	462	9.31704E+01
2828	375	9.31976E+01
7095	370	9.32054E+01
7212	427	9.32103E+01
7185	421	9.32347E+01
7185	281	9.32370E+01
7275	556	9.32652E+01
7212	336	9.32674E+01
7275	428	9.32927E+01
7095	281	9.33040E+01
7212	432	9.33058E+01
7122	468	9.33454E+01
7275	555	9.33871E+01
7095	421	9.34243E+01
2934	375	9.34477E+01
7275	462	9.34560E+01
7212	469	9.35150E+01
7275	330	9.35353E+01
2828	603	9.36118E+01
7275	467	9.36364E+01
3040	731	9.36458E+01
7275	379	9.36940E+01
2934	603	9.37029E+01
7185	554	9.37064E+01
7212	470	9.37087E+01
3040	426	9.37103E+01
7122	471	9.37390E+01
7275	370	9.37534E+01
7275	557	9.37546E+01
7302	377	9.37552E+01
7212	468	9.38214E+01
7275	421	9.38281E+01
3040	688	9.38337E+01
2828	645	9.38435E+01
7302	429	9.38719E+01
7302	337	9.38911E+01
2934	645	9.38916E+01
7302	430	9.39216E+01
7185	234	9.39376E+01
7095	554	9.39576E+01
7095	234	9.39803E+01
7185	558	9.40528E+01
7095	558	9.40551E+01
7275	281	9.40919E+01
7275	554	9.41502E+01
2828	335	9.41930E+01
7122	426	9.42156E+01
7122	467	9.42296E+01
7122	375	9.42743E+01
7185	600	9.42970E+01
7302	428	9.43083E+01
2828	466	9.43206E+01
7185	599	9.43239E+01
2934	730	9.43535E+01
7212	471	9.43648E+01
2828	730	9.44197E+01
7095	600	9.44285E+01
7302	431	9.44340E+01
2934	335	9.44726E+01
2934	466	9.44896E+01
7095	429	9.44899E+01
7095	468	9.44919E+01
7185	429	9.45014E+01
3040	375	9.45182E+01
7185	468	9.45310E+01
7095	599	9.45382E+01
2934	773	9.45552E+01
7212	467	9.46638E+01
3040	603	9.46753E+01
7212	426	9.46768E+01
2828	558	9.47034E+01
2828	773	9.47068E+01
7122	335	9.47076E+01
7185	461	9.47476E+01
7122	472	9.47624E+01
7212	375	9.47885E+01
7122	561	9.47958E+01
7275	599	9.48051E+01
2934	687	9.48114E+01
7275	558	9.48217E+01
2934	558	9.48260E+01
2828	687	9.48289E+01
7122	560	9.48330E+01
3040	645	9.48353E+01
7275	234	9.48518E+01
7185	601	9.48656E+01
7275	600	9.48964E+01
7095	601	9.49067E+01
7185	598	9.49865E+01
7095	461	9.49965E+01
7185	329	9.50535E+01
7302	376	9.51275E+01
7095	329	9.51493E+01
7185	553	9.51862E+01
7122	562	9.52198E+01
7275	429	9.52294E+01
7185	380	9.52313E+01
3040	730	9.52375E+01
7275	461	9.52387E+01
7302	427	9.52540E+01
7095	380	9.52631E+01
7095	598	9.52754E+01
7212	335	9.52772E+01
7212	560	9.53140E+01
7275	468	9.53306E+01
7212	561	9.53481E+01
7275	598	9.53652E+01
7122	559	9.53796E+01
7302	432	9.53846E+01
7185	280	9.53851E+01
3040	773	9.54059E+01
7095	280	9.54431E+01
7212	472	9.54453E+01
7185	369	9.54584E+01
7095	559	9.54764E+01
7095	553	9.54830E+01
7185	420	9.55206E+01
3040	466	9.55216E+01
7302	469	9.55310E+01
7302	336	9.55406E+01
7185	559	9.55507E+01
3040	335	9.55639E+01
7275	553	9.55802E+01
7275	601	9.55974E+01
7095	369	9.56021E+01
7122	466	9.56773E+01
7095	420	9.57206E+01
3040	687	9.57283E+01
7302	470	9.57691E+01
7185	233	9.57715E+01
7212	559	9.57942E+01
7302	468	9.58012E+01
7095	233	9.58044E+01
7185	641	9.58233E+01
3040	558	9.58329E+01
7212	562	9.58478E+01
7275	380	9.58589E+01
7185	640	9.58619E+01
7275	329	9.58657E+01
7095	602	9.59288E+01
7095	641	9.59703E+01
7185	602	9.59848E+01
7122	563	9.60574E+01
7212	466	9.60744E+01
2828	425	9.61021E+01
7095	640	9.61142E+01
7275	420	9.61251E+01
7122	473	9.61699E+01
7275	369	9.61768E+01
7122	425	9.62456E+01
2934	772	9.62465E+01
2934	729	9.62495E+01
7275	280	9.62786E+01
7275	640	9.62918E+01
2934	425	9.63081E+01
7185	597	9.63195E+01
2828	644	9.63555E+01
2934	644	9.63644E+01
2828	729	9.63649E+01
7185	642	9.63659E+01
7095	642	9.63988E+01
7275	641	9.64128E+01
7275	559	9.64284E+01
2828	772	9.64497E+01
7302	471	9.64771E+01
7122	558	9.64809E+01
7122	604	9.64961E+01
7122	605	9.65068E+01
2828	602	9.65129E+01
7185	639	9.65319E+01
7095	469	9.65332E+01
2934	602	9.65724E+01
7122	374	9.65815E+01
7275	597	9.66125E+01
7302	467	9.66161E+01
7185	469	9.66304E+01
7122	286	9.66617E+01
7095	597	9.66739E+01
7212	425	9.66906E+01
7275	233	9.67219E+01
7302	426	9.67321E+01
7212	563	9.67650E+01
7095	430	9.67834E+01
7275	639	9.68207E+01
7185	430	9.68327E+01
7212	558	9.68349E+01
7275	602	9.68620E+01
7095	639	9.68797E+01
7212	473	9.69129E+01
7122	606	9.69375E+01
7122	603	9.69593E+01
7212	604	9.69673E+01
7302	375	9.69778E+01
2828	374	9.69988E+01
7212	605	9.70735E+01
7212	374	9.70934E+01
3040	772	9.70989E+01
2934	686	9.71005E+01
7122	334	9.71304E+01
7275	642	9.71312E+01
3040	729	9.71379E+01
2828	686	9.71626E+01
7185	460	9.71788E+01
2828	286	9.72008E+01
2934	374	9.72435E+01
7185	682	9.72452E+01
7122	564	9.72638E+01
7302	560	9.72762E+01
7212	286	9.72847E+01
3040	644	9.73187E+01
7185	552	9.73372E+01
7212	603	9.73402E+01
7095	643	9.73467E+01
3040	425	9.73731E+01
7095	560	9.73794E+01
7302	561	9.73922E+01
7185	643	9.74351E+01
7185	681	9.74422E+01
7095	682	9.74447E+01
7095	603	9.74467E+01
7095	460	9.74490E+01
2934	286	9.75032E+01
7275	469	9.75067E+01
7185	560	9.75351E+01
3040	602	9.75584E+01
7302	335	9.76010E+01
7275	430	9.76024E+01
7212	606	9.76042E+01
7185	603	9.76057E+01
7185	683	9.76129E+01
7302	472	9.76165E+01
7275	460	9.76634E+01
7095	552	9.76720E+01
7095	683	9.76774E+01
7302	559	9.76849E+01
7275	552	9.76951E+01
7212	334	9.77065E+01
7122	465	9.77159E+01
7122	607	9.77380E+01
7095	681	9.77670E+01
7185	328	9.77702E+01
7275	681	9.77722E+01
7275	682	9.77724E+01
7095	328	9.78593E+01
7185	279	9.78700E+01
7185	232	9.78721E+01
7185	638	9.78766E+01
7095	232	9.78951E+01
7095	279	9.79186E+01
7122	602	9.79504E+01
2828	334	9.79710E+01
7122	646	9.79822E+01
7302	562	9.79830E+01
7302	466	9.80085E+01
3040	686	9.80253E+01
7275	638	9.80448E+01
7212	564	9.80542E+01
7212	465	9.80807E+01
2828	465	9.81084E+01
7122	645	9.81152E+01
7122	557	9.81768E+01
2934	771	9.82099E+01
7122	647	9.82369E+01
7212	602	9.82473E+01
2828	557	9.82485E+01
2934	334	9.82486E+01
7185	680	9.82611E+01
2934	465	9.82615E+01
7095	638	9.83091E+01
3040	374	9.83332E+01
7185	596	9.83475E+01
2934	557	9.83485E+01
7275	683	9.83553E+01
7185	368	9.83588E+01
7185	419	9.83817E+01
7275	643	9.83907E+01
7095	684	9.84065E+01
7275	680	9.84151E+01
2828	771	9.84634E+01
7212	557	9.84764E+01
7185	684	9.84850E+01
2934	728	9.84914E+01
7095	368	9.85009E+01
7212	607	9.85085E+01
7212	646	9.85226E+01
7275	560	9.85309E+01
7212	645	9.85384E+01
7275	596	9.85730E+01
7095	419	9.85886E+01
3040	286	9.86197E+01
7275	328	9.86198E+01
7275	603	9.86397E+01
7185	723	9.86541E+01
2828	728	9.86547E+01
7302	558	9.86654E+01
7122	644	9.86902E+01
7095	680	9.87000E+01
2934	814	9.87348E+01
7185	724	9.87415E+01
7095	596	9.87577E+01
7095	644	9.87586E+01
7302	425	9.87639E+01
7122	565	9.87979E+01
7275	279	9.88027E+01
7122	648	9.88305E+01
7122	424	9.88382E+01
7275	232	9.88592E+01
7122	608	9.88636E+01
7095	724	9.88880E+01
7212	647	9.88989E+01
7302	604	9.89124E+01
7095	723	9.89529E+01
7185	644	9.89748E+01
7302	563	9.89993E+01
7212	644	9.90017E+01
7275	419	9.90040E+01
7095	470	9.90077E+01
7275	723	9.90476E+01
3040	771	9.90651E+01
7275	368	9.91080E+01
7185	722	9.91175E+01
2828	814	9.91229E+01
7302	605	9.91453E+01
7302	473	9.91496E+01
7185	470	9.91663E+01
7302	603	9.91697E+01
7122	285	9.91814E+01
7212	424	9.92703E+01
7275	722	9.92821E+01
7095	725	9.93023E+01
3040	465	9.93120E+01
7185	725	9.93168E+01
7122	688	9.93171E+01
7302	374	9.93233E+01
7122	687	9.93475E+01
3040	334	9.93585E+01
2934	643	9.93637E+01
3040	557	9.93722E+01
7275	724	9.93841E+01
3040	728	9.93855E+01
2828	643	9.93915E+01
7122	373	9.93927E+01
7095	604	9.94083E+01
7275	684	9.94582E+01
7095	431	9.94798E+01
7122	601	9.95200E+01
3040	814	9.95479E+01
7095	722	9.95580E+01
7185	431	9.95693E+01
7095	685	9.95735E+01
7122	689	9.96067E+01
7212	648	9.96176E+01
7212	565	9.96740E+01
7185	604	9.96754E+01
7095	561	9.97168E+01
7122	649	9.97199E+01
7212	601	9.97399E+01
7212	608	9.97407E+01
7122	686	9.97450E+01
7185	679	9.97510E+01
7302	286	9.97528E+01
7275	679	9.97531E+01
7122	643	9.97641E+01
7185	685	9.98015E+01
7212	687	9.98026E+01
7302	606	9.98121E+01
7212	285	9.98156E+01
2934	685	9.98413E+01
7212	373	9.99044E+01
7212	688	9.99120E+01
7185	765	9.99157E+01
7185	637	9.99271E+01
2828	685	9.99459E+01
7185	561	9.99581E+01
7212	643	9.99704E+01
7302	602	9.99738E+01
7122	333	9.99801E+01
7275	637	9.99971E+01
7302	465	1.00006E+02
2828	601	1.00010E+02
2934	601	1.00040E+02
7212	686	1.00065E+02
7302	334	1.00084E+02
7275	470	1.00126E+02
7185	766	1.00130E+02
7275	644	1.00133E+02
7095	726	1.00136E+02
7275	721	1.00152E+02
7185	551	1.00165E+02
7122	690	1.00175E+02
7185	764	1.00179E+02
7185	721	1.00192E+02
7095	765	1.00201E+02
7275	725	1.00225E+02
7095	766	1.00241E+02
7185	459	1.00242E+02
7185	231	1.00257E+02
7302	557	1.00259E+02
7095	231	1.00270E+02
7122	609	1.00274E+02
7095	679	1.00291E+02
7185	726	1.00319E+02
2828	424	1.00329E+02
3040	643	1.00330E+02
7212	689	1.00345E+02
7275	764	1.00356E+02
7122	730	1.00368E+02
7122	464	1.00368E+02
7275	765	1.00369E+02
7275	431	1.00385E+02
7302	564	1.00395E+02
7302	645	1.00423E+02
7095	637	1.00432E+02
7122	729	1.00435E+02
2934	770	1.00478E+02
7122	556	1.00501E+02
7275	551	1.00502E+02
2934	424	1.00526E+02
7095	459	1.00528E+02
7095	551	1.00531E+02
7122	685	1.00562E+02
7212	333	1.00564E+02
7122	731	1.00572E+02
7302	646	1.00575E+02
7095	645	1.00578E+02
7095	764	1.00629E+02
7212	649	1.00635E+02
7095	767	1.00690E+02
7185	278	1.00703E+02
7212	464	1.00706E+02
7275	459	1.00730E+02
7302	644	1.00731E+02
7095	278	1.00741E+02
7212	685	1.00752E+02
7212	556	1.00753E+02
7095	721	1.00762E+02
7185	767	1.00762E+02
3040	685	1.00776E+02
2828	770	1.00780E+02
2934	813	1.00789E+02
7122	728	1.00812E+02
7302	607	1.00860E+02
7122	650	1.00868E+02
7275	604	1.00876E+02
7275	766	1.00878E+02
7212	729	1.00887E+02
7275	763	1.00906E+02
7185	327	1.00911E+02
2828	285	1.00927E+02
7185	645	1.00927E+02
7212	730	1.00979E+02
7185	763	1.00982E+02
7122	691	1.00988E+02
7095	327	1.00993E+02
7122	732	1.01015E+02
7275	685	1.01019E+02
3040	601	1.01042E+02
7212	690	1.01059E+02
7275	561	1.01080E+02
7185	595	1.01082E+02
7185	807	1.01104E+02
7212	728	1.01110E+02
7095	686	1.01121E+02
2934	727	1.01123E+02
7302	647	1.01128E+02
7122	772	1.01194E+02
2828	813	1.01226E+02
2934	285	1.01229E+02
7122	773	1.01251E+02
7275	595	1.01259E+02
7212	609	1.01261E+02
7275	231	1.01281E+02
7185	806	1.01288E+02
2828	373	1.01316E+02
2828	727	1.01332E+02
7185	808	1.01332E+02
7095	727	1.01334E+02
3040	770	1.01337E+02
7212	731	1.01344E+02
7302	424	1.01369E+02
7122	771	1.01373E+02
7302	601	1.01378E+02
7122	642	1.01393E+02
7095	807	1.01403E+02
7095	808	1.01438E+02
7275	806	1.01456E+02
7095	768	1.01492E+02
7212	642	1.01502E+02
7185	686	1.01504E+02
7275	726	1.01507E+02
7095	595	1.01537E+02
7122	727	1.01544E+02
2934	373	1.01556E+02
7302	643	1.01557E+02
7095	763	1.01587E+02
7275	807	1.01587E+02
3040	813	1.01604E+02
3040	424	1.01611E+02
7275	278	1.01675E+02
7185	727	1.01690E+02
7212	727	1.01693E+02
7275	720	1.01712E+02
7122	600	1.01713E+02
7185	768	1.01753E+02
7302	687	1.01753E+02
7185	367	1.01758E+02
7095	605	1.01759E+02
7212	772	1.01763E+02
7212	771	1.01771E+02
7095	806	1.01772E+02
7275	327	1.01800E+02
7185	418	1.01811E+02
7302	686	1.01812E+02
7275	805	1.01817E+02
7275	767	1.01818E+02
7122	770	1.01821E+02
7095	809	1.01823E+02
7275	678	1.01824E+02
7122	684	1.01856E+02
7212	600	1.01864E+02
7095	471	1.01875E+02
7095	367	1.01897E+02
7212	650	1.01912E+02
7185	809	1.01916E+02
7212	684	1.01923E+02
7122	814	1.01924E+02
7185	720	1.01930E+02
7185	805	1.01944E+02
7185	678	1.01947E+02
7212	732	1.01948E+02
7212	773	1.01995E+02
7122	423	1.02009E+02
7212	691	1.02019E+02
7095	418	1.02021E+02
3040	727	1.02025E+02
7302	648	1.02031E+02
7122	284	1.02032E+02
7212	770	1.02050E+02
7302	688	1.02075E+02
7275	762	1.02085E+02
7185	471	1.02098E+02
7302	565	1.02127E+02
7185	605	1.02139E+02
7275	808	1.02147E+02
7302	373	1.02179E+02
2828	333	1.02187E+02
7302	608	1.02244E+02
7122	813	1.02253E+02
7275	645	1.02298E+02
7302	685	1.02309E+02
7302	285	1.02341E+02
3040	285	1.02363E+02
7212	814	1.02381E+02
7185	762	1.02388E+02
2828	556	1.02432E+02
7212	423	1.02432E+02
7095	562	1.02439E+02
7275	418	1.02458E+02
2934	333	1.02463E+02
7302	556	1.02500E+02
7095	810	1.02509E+02
2934	556	1.02511E+02
2828	464	1.02518E+02
7212	813	1.02528E+02
7275	367	1.02542E+02
7095	432	1.02551E+02
7095	678	1.02573E+02
7122	769	1.02577E+02
7095	769	1.02598E+02
7095	805	1.02602E+02
7095	720	1.02613E+02
7302	464	1.02633E+02
7212	769	1.02641E+02
2934	464	1.02657E+02
3040	373	1.02665E+02
7212	284	1.02678E+02
7185	432	1.02683E+02
7122	726	1.02684E+02
7212	726	1.02689E+02
7275	636	1.02693E+02
7185	636	1.02698E+02
7122	372	1.02720E+02
7302	689	1.02728E+02
7275	804	1.02738E+02
7095	646	1.02750E+02
7185	562	1.02769E+02
7185	810	1.02806E+02
7122	812	1.02822E+02
7095	728	1.02843E+02
7302	728	1.02852E+02
7302	729	1.02871E+02
7212	812	1.02918E+02
2934	642	1.02941E+02
7185	230	1.02942E+02
7095	230	1.02945E+02
7302	642	1.02962E+02
7275	686	1.02975E+02
7095	687	1.02995E+02
7302	333	1.02997E+02
2828	642	1.03003E+02
7185	769	1.03052E+02
7275	809	1.03076E+02
2934	684	1.03087E+02
2934	769	1.03088E+02
2934	812	1.03115E+02
7275	768	1.03130E+02
7095	762	1.03131E+02
7185	804	1.03135E+02
7275	471	1.03147E+02
7275	727	1.03168E+02
7302	727	1.03204E+02
7302	730	1.03212E+02
2828	684	1.03232E+02
7212	372	1.03234E+02
7185	646	1.03236E+02
7302	649	1.03240E+02
7095	636	1.03262E+02
7122	332	1.03262E+02
7302	684	1.03303E+02
7185	728	1.03376E+02
7302	600	1.03429E+02
2828	769	1.03438E+02
7095	811	1.03451E+02
7122	555	1.03482E+02
7275	605	1.03515E+02
7185	687	1.03537E+02
7275	432	1.03550E+02
3040	556	1.03553E+02
7212	811	1.03582E+02
7212	768	1.03589E+02
3040	333	1.03592E+02
2828	812	1.03601E+02
7122	641	1.03631E+02
7212	683	1.03636E+02
7212	641	1.03651E+02
7122	463	1.03653E+02
7122	811	1.03662E+02
7185	550	1.03663E+02
7302	690	1.03668E+02
7122	683	1.03684E+02
7122	768	1.03685E+02
7212	555	1.03693E+02
7302	771	1.03723E+02
3040	464	1.03727E+02
7302	770	1.03729E+02
7302	731	1.03833E+02
7212	332	1.03855E+02
7185	277	1.03893E+02
7302	609	1.03920E+02
7095	277	1.03921E+02
3040	642	1.03922E+02
7185	458	1.03925E+02
3040	812	1.03933E+02
7275	761	1.03948E+02
3040	769	1.03953E+02
7095	804	1.03953E+02
7185	811	1.03956E+02
7095	770	1.03961E+02
7212	463	1.03968E+02
7302	726	1.03980E+02
7275	550	1.03992E+02
7302	772	1.03996E+02
7275	719	1.04003E+02
7275	230	1.04003E+02
7275	562	1.04025E+02
3040	684	1.04033E+02
7095	550	1.04050E+02
7302	769	1.04055E+02
2828	600	1.04143E+02
2934	600	1.04147E+02
7212	725	1.04154E+02
2934	726	1.04194E+02
7095	458	1.04221E+02
7275	803	1.04282E+02
7122	725	1.04286E+02
7275	810	1.04320E+02
7302	813	1.04357E+02
7185	719	1.04366E+02
7275	458	1.04427E+02
7185	761	1.04445E+02
2828	726	1.04446E+02
7095	606	1.04446E+02
7302	812	1.04448E+02
7185	326	1.04476E+02
7302	773	1.04513E+02
7302	814	1.04514E+02
7185	594	1.04516E+02
7095	326	1.04549E+02
7212	810	1.04559E+02
7302	423	1.04563E+02
7122	599	1.04569E+02
7095	812	1.04609E+02
7185	770	1.04610E+02
7095	729	1.04614E+02
7275	677	1.04646E+02
7212	599	1.04659E+02
7275	594	1.04664E+02
7302	732	1.04699E+02
7302	650	1.04714E+02
7302	768	1.04749E+02
7275	769	1.04758E+02
7122	810	1.04811E+02
7302	811	1.04822E+02
7275	646	1.04827E+02
7302	683	1.04856E+02
7302	691	1.04859E+02
7185	677	1.04865E+02
7275	277	1.04906E+02
7185	803	1.04919E+02
7185	606	1.04941E+02
7212	767	1.04944E+02
2828	284	1.04992E+02
7302	641	1.05002E+02
7095	594	1.05006E+02
7095	472	1.05094E+02
3040	726	1.05104E+02
2828	423	1.05144E+02
7095	688	1.05146E+02
7095	719	1.05146E+02
7275	728	1.05153E+02
3040	600	1.05165E+02
7122	767	1.05193E+02
7122	283	1.05215E+02
7095	647	1.05221E+02
7302	725	1.05241E+02
7302	284	1.05262E+02
7275	687	1.05270E+02
2934	284	1.05295E+02
7095	761	1.05311E+02
7185	812	1.05323E+02
7185	729	1.05328E+02
2934	423	1.05333E+02
7185	472	1.05384E+02
7275	326	1.05406E+02
7302	555	1.05419E+02
7095	563	1.05496E+02
7302	810	1.05518E+02
7095	771	1.05540E+02
7302	372	1.05558E+02
7095	677	1.05563E+02
7185	366	1.05644E+02
2934	811	1.05747E+02
7122	422	1.05772E+02
7095	366	1.05776E+02
7185	417	1.05790E+02
7275	811	1.05830E+02
7185	647	1.05847E+02
7185	688	1.05849E+02
7302	767	1.05863E+02
7212	283	1.05873E+02
7095	803	1.05881E+02
7212	809	1.05894E+02
7302	463	1.05907E+02
7185	563	1.05919E+02
7095	229	1.05927E+02
7185	229	1.05935E+02
7095	813	1.05949E+02
7212	682	1.05952E+02
7095	417	1.06000E+02
2934	768	1.06083E+02
7122	682	1.06105E+02
7275	635	1.06131E+02
7212	724	1.06148E+02
2828	372	1.06159E+02
7302	599	1.06168E+02
7185	635	1.06185E+02
7212	422	1.06189E+02
2828	811	1.06279E+02
7122	809	1.06312E+02
7302	332	1.06346E+02
7185	771	1.06387E+02
2934	372	1.06396E+02
7122	724	1.06407E+02
3040	423	1.06438E+02
3040	284	1.06446E+02
7275	366	1.06465E+02
7275	417	1.06468E+02
7212	640	1.06468E+02
2828	768	1.06477E+02
7275	606	1.06500E+02
7275	802	1.06504E+02
7122	640	1.06526E+02
7275	472	1.06528E+02
7275	760	1.06535E+02
3040	811	1.06569E+02
7122	371	1.06572E+02
7302	809	1.06584E+02
7095	730	1.06606E+02
7275	770	1.06652E+02
7212	766	1.06761E+02
7095	635	1.06795E+02
2828	332	1.06846E+02
7185	813	1.06874E+02
2934	683	1.06893E+02
3040	768	1.06955E+02
7122	331	1.06981E+02
7302	682	1.07032E+02
7275	229	1.07034E+02
7275	718	1.07044E+02
7302	724	1.07049E+02
2828	683	1.07074E+02
7212	371	1.07090E+02
2934	332	1.07121E+02
7122	554	1.07142E+02
2934	641	1.07146E+02
7122	766	1.07156E+02
7185	760	1.07191E+02
2828	641	1.07238E+02
2828	555	1.07276E+02
7095	772	1.07300E+02
7275	563	1.07314E+02
7212	554	1.07319E+02
2934	555	1.07339E+02
7185	802	1.07344E+02
7275	729	1.07409E+02
7095	607	1.07419E+02
7095	814	1.07442E+02
7185	276	1.07445E+02
7302	766	1.07456E+02
7095	276	1.07463E+02
7185	730	1.07502E+02
7185	718	1.07519E+02
3040	372	1.07525E+02
7095	689	1.07528E+02
7275	812	1.07563E+02
2828	463	1.07566E+02
7212	331	1.07584E+02
7122	462	1.07585E+02
7212	808	1.07637E+02
7275	647	1.07666E+02
2934	463	1.07694E+02
7302	640	1.07729E+02
2934	725	1.07754E+02
7185	549	1.07804E+02
3040	683	1.07851E+02
7275	688	1.07851E+02
7212	462	1.07884E+02
7095	648	1.07944E+02
7185	607	1.08032E+02
2828	725	1.08048E+02
7302	808	1.08072E+02
7122	598	1.08121E+02
3040	641	1.08141E+02
7275	549	1.08142E+02
7095	760	1.08159E+02
7212	598	1.08160E+02
7185	457	1.08200E+02
7095	549	1.08205E+02
7122	808	1.08212E+02
7275	676	1.08218E+02
3040	332	1.08269E+02
7185	772	1.08345E+02
7302	422	1.08359E+02
7095	718	1.08377E+02
7185	689	1.08395E+02
3040	555	1.08400E+02
7095	802	1.08430E+02
7185	325	1.08456E+02
7275	276	1.08499E+02
7095	457	1.08500E+02
7185	676	1.08503E+02
7302	283	1.08517E+02
7095	325	1.08519E+02
7185	814	1.08578E+02
7095	473	1.08625E+02
7185	593	1.08628E+02
3040	725	1.08675E+02
7185	648	1.08713E+02
2934	810	1.08720E+02
7275	457	1.08727E+02
7122	282	1.08732E+02
7212	723	1.08733E+02
7275	593	1.08767E+02
7275	771	1.08768E+02
7095	731	1.08782E+02
3040	463	1.08784E+02
7095	564	1.08843E+02
2934	599	1.08926E+02
7212	681	1.08927E+02
2828	599	1.08945E+02
7185	473	1.08984E+02
7302	554	1.09039E+02
7212	765	1.09100E+02
7122	723	1.09109E+02
7095	593	1.09141E+02
7122	681	1.09172E+02
7095	773	1.09210E+02
7095	228	1.09219E+02
7185	228	1.09237E+02
7095	676	1.09255E+02
2828	810	1.09296E+02
7185	564	1.09360E+02
2828	283	1.09398E+02
7212	282	1.09403E+02
7275	325	1.09428E+02
7275	801	1.09441E+02
7302	371	1.09469E+02
7302	723	1.09469E+02
7275	813	1.09483E+02
2934	767	1.09509E+02
3040	810	1.09548E+02
7302	765	1.09591E+02
7302	598	1.09630E+02
7122	765	1.09630E+02
2934	283	1.09701E+02
7275	607	1.09779E+02
7212	807	1.09840E+02
7302	462	1.09846E+02
7185	731	1.09861E+02
7275	759	1.09865E+02
7302	681	1.09888E+02
7275	730	1.09892E+02
2828	767	1.09945E+02
3040	599	1.09963E+02
7185	365	1.09992E+02
7212	639	1.09996E+02
7302	807	1.10038E+02
7095	690	1.10103E+02
7095	365	1.10117E+02
7122	639	1.10121E+02
7122	421	1.10134E+02
7302	331	1.10135E+02
7275	473	1.10228E+02
7275	634	1.10287E+02
7185	416	1.10289E+02
7185	634	1.10365E+02
7275	228	1.10374E+02
3040	767	1.10389E+02
7185	801	1.10443E+02
7185	773	1.10454E+02
7095	416	1.10495E+02
7212	421	1.10549E+02
2828	422	1.10557E+02
7122	807	1.10565E+02
7095	608	1.10634E+02
7185	759	1.10640E+02
7275	689	1.10670E+02
2934	422	1.10740E+02
7275	648	1.10765E+02
7275	717	1.10834E+02
7275	365	1.10855E+02
3040	283	1.10870E+02
7095	649	1.10880E+02
7275	564	1.10900E+02
7122	370	1.10953E+02
7275	416	1.11003E+02
7095	634	1.11007E+02
7275	772	1.11069E+02
7095	732	1.11110E+02
7185	690	1.11135E+02
7122	330	1.11138E+02
7302	639	1.11188E+02
2934	682	1.11309E+02
7185	275	1.11354E+02
7095	275	1.11360E+02
7185	608	1.11368E+02
7185	717	1.11384E+02
7212	370	1.11477E+02
7122	553	1.11499E+02
2828	682	1.11523E+02
2828	371	1.11537E+02
7275	814	1.11557E+02
7095	801	1.11631E+02
7212	553	1.11651E+02
7095	759	1.11689E+02
7212	330	1.11752E+02
2934	371	1.11770E+02
7185	649	1.11792E+02
2934	724	1.11859E+02
3040	422	1.11866E+02
2828	331	1.11950E+02
7212	722	1.11967E+02
2934	640	1.12017E+02
7212	764	1.12021E+02
2934	809	1.12075E+02
7302	282	1.12108E+02
2828	640	1.12137E+02
7122	461	1.12175E+02
2828	724	1.12190E+02
2934	331	1.12224E+02
3040	682	1.12282E+02
7095	717	1.12302E+02
7302	764	1.12331E+02
7185	732	1.12373E+02
7212	597	1.12392E+02
7122	597	1.12394E+02
7095	565	1.12440E+02
7122	722	1.12446E+02
7275	275	1.12449E+02
7212	461	1.12464E+02
7275	675	1.12518E+02
7302	806	1.12546E+02
7185	548	1.12548E+02
7212	806	1.12561E+02
7275	731	1.12563E+02
7302	722	1.12564E+02
7122	281	1.12589E+02
7212	680	1.12610E+02
7122	764	1.12675E+02
7185	568	1.12676E+02
2828	809	1.12693E+02
7302	421	1.12766E+02
3040	724	1.12792E+02
2828	554	1.12802E+02
7095	227	1.12810E+02
7185	324	1.12832E+02
7185	675	1.12837E+02
7095	691	1.12838E+02
7185	227	1.12839E+02
2934	554	1.12849E+02
7095	324	1.12884E+02
7275	548	1.12907E+02
3040	809	1.12911E+02
3040	371	1.12921E+02
7122	680	1.12936E+02
7095	548	1.12954E+02
7275	568	1.12973E+02
7185	456	1.13025E+02
3040	640	1.13031E+02
7185	565	1.13053E+02
7275	800	1.13110E+02
7095	568	1.13117E+02
2828	462	1.13264E+02
7212	281	1.13273E+02
7275	608	1.13307E+02
7095	456	1.13323E+02
7185	592	1.13374E+02
7302	553	1.13378E+02
2934	462	1.13382E+02
3040	331	1.13392E+02
2934	766	1.13415E+02
7122	806	1.13424E+02
7302	680	1.13478E+02
7275	773	1.13522E+02
7275	592	1.13523E+02
7275	456	1.13585E+02
7095	675	1.13626E+02
7275	690	1.13687E+02
7302	597	1.13843E+02
7275	324	1.13847E+02
2828	766	1.13891E+02
7095	592	1.13900E+02
7302	370	1.13914E+02
3040	554	1.13931E+02
7275	758	1.13935E+02
7095	650	1.13991E+02
7275	227	1.14013E+02
7185	691	1.14036E+02
7095	609	1.14054E+02
7275	649	1.14080E+02
2828	282	1.14145E+02
7122	234	1.14172E+02
7185	800	1.14228E+02
7212	638	1.14267E+02
3040	766	1.14306E+02
7302	330	1.14366E+02
2934	598	1.14404E+02
2828	598	1.14442E+02
7122	638	1.14447E+02
2934	282	1.14449E+02
7302	461	1.14459E+02
3040	462	1.14494E+02
7095	142	1.14614E+02
7185	142	1.14664E+02
7275	565	1.14742E+02
7185	364	1.14769E+02
7185	758	1.14787E+02
7095	364	1.14884E+02
7212	234	1.14903E+02
7185	609	1.14910E+02
7185	650	1.15048E+02
7122	420	1.15097E+02
7275	633	1.15119E+02
7185	633	1.15196E+02
7185	415	1.15264E+02
7275	716	1.15348E+02
7275	732	1.15388E+02
7302	638	1.15415E+02
3040	598	1.15460E+02
7095	415	1.15462E+02
7095	800	1.15494E+02
7212	420	1.15514E+02
7212	763	1.15584E+02
7095	274	1.15596E+02
7185	274	1.15600E+02
3040	282	1.15636E+02
7302	805	1.15657E+02
7275	364	1.15676E+02
7122	329	1.15735E+02
7302	763	1.15742E+02
7095	633	1.15856E+02
2934	808	1.15857E+02
7212	805	1.15860E+02
7122	369	1.15862E+02
7275	142	1.15892E+02
7095	758	1.15894E+02
7212	721	1.15903E+02
7185	716	1.15937E+02
7275	415	1.16020E+02
7302	281	1.16039E+02
7122	763	1.16347E+02
7212	329	1.16362E+02
2934	681	1.16382E+02
7302	721	1.16389E+02
7212	369	1.16395E+02
7122	721	1.16471E+02
2828	808	1.16513E+02
2934	723	1.16560E+02
7122	552	1.16560E+02
2828	421	1.16575E+02
2828	681	1.16625E+02
7095	226	1.16679E+02
7212	552	1.16694E+02
3040	808	1.16702E+02
7185	226	1.16719E+02
7275	274	1.16737E+02
2934	421	1.16753E+02
7122	280	1.16791E+02
7122	805	1.16848E+02
7275	691	1.16866E+02
7095	716	1.16893E+02
2828	723	1.16924E+02
7212	679	1.17038E+02
7275	609	1.17044E+02
7212	596	1.17368E+02
3040	681	1.17371E+02
7122	596	1.17400E+02
7122	460	1.17424E+02
7122	679	1.17430E+02
2828	370	1.17451E+02
7212	280	1.17489E+02
7275	674	1.17500E+02
7275	799	1.17500E+02
2828	330	1.17501E+02
3040	723	1.17507E+02
7185	323	1.17567E+02
7275	650	1.17576E+02
2934	639	1.17591E+02
7095	323	1.17608E+02
2934	370	1.17683E+02
7212	460	1.17707E+02
2828	639	1.17733E+02
7122	233	1.17768E+02
2934	330	1.17775E+02
7302	234	1.17778E+02
7302	420	1.17785E+02
7185	674	1.17823E+02
7185	547	1.17834E+02
7302	679	1.17842E+02
2934	765	1.17854E+02
3040	421	1.17901E+02
7275	226	1.17930E+02
7185	567	1.17965E+02
7095	141	1.17994E+02
7185	141	1.18053E+02
7275	547	1.18229E+02
7095	547	1.18238E+02
7275	567	1.18297E+02
7185	455	1.18341E+02
2828	765	1.18365E+02
7095	567	1.18405E+02
7302	552	1.18445E+02
7212	233	1.18512E+02
3040	639	1.18623E+02
7275	323	1.18627E+02
7095	674	1.18631E+02
7095	455	1.18632E+02
7185	799	1.18687E+02
7185	591	1.18695E+02
7275	757	1.18716E+02
3040	765	1.18758E+02
7302	596	1.18820E+02
3040	370	1.18855E+02
7275	591	1.18873E+02
7302	369	1.18895E+02
7275	455	1.18943E+02
3040	330	1.18963E+02
2828	553	1.19018E+02
7302	329	1.19041E+02
2934	553	1.19054E+02
7095	591	1.19222E+02
2828	281	1.19238E+02
7212	637	1.19299E+02
7275	141	1.19312E+02
7302	804	1.19435E+02
7122	637	1.19521E+02
2934	281	1.19543E+02
7185	757	1.19602E+02
2828	461	1.19619E+02
2934	461	1.19729E+02
7302	460	1.19747E+02
7212	804	1.19794E+02
7212	762	1.19841E+02
7302	762	1.19878E+02
7185	363	1.19926E+02
7095	799	1.20004E+02
7095	363	1.20029E+02
2934	807	1.20113E+02
7095	273	1.20134E+02
7185	273	1.20151E+02
3040	553	1.20158E+02
7302	280	1.20317E+02
7302	637	1.20428E+02
7275	715	1.20539E+02
7275	632	1.20565E+02
7212	720	1.20579E+02
2934	597	1.20597E+02
7185	632	1.20616E+02
2828	597	1.20651E+02
7122	419	1.20653E+02
7185	414	1.20657E+02
7122	762	1.20695E+02
7095	757	1.20743E+02
3040	281	1.20749E+02
7122	328	1.20772E+02
7095	225	1.20796E+02
2828	807	1.20803E+02
7095	414	1.20843E+02
7185	225	1.20846E+02
3040	461	1.20864E+02
7275	363	1.20879E+02
7122	804	1.20890E+02
3040	807	1.20969E+02
7302	720	1.20986E+02
7212	419	1.21077E+02
7185	715	1.21130E+02
2828	234	1.21173E+02
7122	720	1.21219E+02
7095	632	1.21279E+02
7122	368	1.21292E+02
7275	273	1.21329E+02
7122	279	1.21348E+02
7212	328	1.21412E+02
7302	233	1.21442E+02
7275	414	1.21461E+02
2934	234	1.21497E+02
7095	140	1.21560E+02
7185	140	1.21627E+02
7122	232	1.21653E+02
3040	597	1.21675E+02
7212	368	1.21837E+02
2934	722	1.21905E+02
7212	279	1.22060E+02
7275	225	1.22094E+02
7095	715	1.22102E+02
2934	680	1.22149E+02
7212	678	1.22231E+02
2828	722	1.22297E+02
7122	551	1.22317E+02
7212	232	1.22411E+02
2828	680	1.22417E+02
7212	551	1.22443E+02
7275	798	1.22577E+02
7185	322	1.22615E+02
7095	322	1.22643E+02
7122	678	1.22672E+02
3040	234	1.22716E+02
3040	722	1.22869E+02
2934	764	1.22876E+02
7275	140	1.22917E+02
7302	678	1.22999E+02
7212	595	1.23084E+02
7275	673	1.23099E+02
7122	595	1.23134E+02
3040	680	1.23158E+02
2828	420	1.23195E+02
7122	459	1.23318E+02
2934	420	1.23370E+02
7185	673	1.23396E+02
7302	419	1.23408E+02
2828	764	1.23417E+02
2828	329	1.23498E+02
7185	546	1.23589E+02
7212	459	1.23603E+02
7275	322	1.23719E+02
7185	566	1.23734E+02
2934	329	1.23773E+02
7185	798	1.23783E+02
3040	764	1.23795E+02
2934	638	1.23886E+02
2828	369	1.23898E+02
7302	803	1.23933E+02
7095	546	1.23982E+02
7275	546	1.24032E+02
2828	638	1.24047E+02
7185	454	1.24075E+02
7275	566	1.24113E+02
2934	369	1.24129E+02
7275	756	1.24153E+02
7302	328	1.24158E+02
7095	566	1.24164E+02
7095	673	1.24206E+02
7302	551	1.24233E+02
7095	454	1.24354E+02
7302	368	1.24403E+02
7212	803	1.24411E+02
7185	590	1.24514E+02
3040	420	1.24541E+02
7302	595	1.24557E+02
2828	280	1.24683E+02
7275	454	1.24728E+02
7275	590	1.24739E+02
7302	761	1.24780E+02
7212	761	1.24826E+02
2934	806	1.24892E+02
7095	272	1.24929E+02
3040	638	1.24940E+02
7302	279	1.24952E+02
7185	272	1.24957E+02
3040	329	1.24981E+02
2934	280	1.24990E+02
7185	756	1.25030E+02
7095	590	1.25032E+02
7212	636	1.25089E+02
7095	224	1.25124E+02
7095	798	1.25125E+02
7185	224	1.25184E+02
7095	139	1.25287E+02
3040	369	1.25323E+02
7122	636	1.25338E+02
7185	139	1.25363E+02
7302	232	1.25396E+02
7185	362	1.25404E+02
7095	362	1.25494E+02
7122	803	1.25596E+02
2828	806	1.25612E+02
7302	459	1.25698E+02
7122	761	1.25753E+02
3040	806	1.25762E+02
2828	233	1.25833E+02
7122	231	1.25845E+02
2828	552	1.25926E+02
2934	552	1.25953E+02
7212	719	1.26013E+02
2934	233	1.26159E+02
7275	272	1.26176E+02
7095	756	1.26181E+02
3040	280	1.26213E+02
7302	636	1.26224E+02
7122	327	1.26245E+02
7122	278	1.26267E+02
7275	714	1.26333E+02
7302	719	1.26376E+02
7185	413	1.26397E+02
7275	362	1.26406E+02
7275	224	1.26468E+02
7275	631	1.26542E+02
7185	631	1.26546E+02
7095	413	1.26569E+02
7212	231	1.26616E+02
2828	460	1.26624E+02
7275	139	1.26682E+02
7122	719	1.26706E+02
2934	460	1.26729E+02
7122	418	1.26784E+02
7185	714	1.26890E+02
7212	327	1.26900E+02
7212	278	1.26994E+02
3040	552	1.27080E+02
7095	631	1.27199E+02
7212	418	1.27216E+02
7122	367	1.27228E+02
7275	413	1.27252E+02
3040	233	1.27394E+02
2934	596	1.27509E+02
2828	596	1.27574E+02
7212	367	1.27786E+02
7095	714	1.27860E+02
3040	460	1.27887E+02
7185	321	1.27914E+02
7095	321	1.27929E+02
2934	721	1.27931E+02
7212	677	1.28185E+02
7275	797	1.28275E+02
2828	721	1.28346E+02
2934	763	1.28527E+02
3040	596	1.28610E+02
2934	679	1.28634E+02
7122	677	1.28659E+02
7122	550	1.28746E+02
7212	550	1.28871E+02
3040	721	1.28914E+02
2828	679	1.28920E+02
7302	677	1.28949E+02
7275	321	1.29064E+02
2828	763	1.29094E+02
7095	138	1.29145E+02
7302	802	1.29188E+02
7275	672	1.29227E+02
7185	138	1.29230E+02
7185	797	1.29454E+02
3040	763	1.29464E+02
7185	672	1.29470E+02
7212	594	1.29513E+02
7122	594	1.29572E+02
7302	418	1.29616E+02
7095	223	1.29618E+02
7302	231	1.29658E+02
3040	679	1.29664E+02
7185	223	1.29689E+02
7302	327	1.29714E+02
7185	545	1.29726E+02
7212	802	1.29743E+02
7122	458	1.29829E+02
7095	271	1.29919E+02
2828	328	1.29938E+02
7302	278	1.29950E+02
7185	271	1.29959E+02
7095	545	1.30102E+02
7212	458	1.30121E+02
7185	453	1.30145E+02
7275	755	1.30165E+02
2934	328	1.30215E+02
7275	545	1.30228E+02
2934	805	1.30241E+02
7095	672	1.30267E+02
7122	230	1.30355E+02
2828	419	1.30404E+02
7095	453	1.30406E+02
7302	367	1.30423E+02
7302	760	1.30467E+02
2828	279	1.30488E+02
7212	760	1.30556E+02
2934	419	1.30577E+02
7275	138	1.30578E+02
7302	550	1.30715E+02
7185	589	1.30742E+02
2828	232	1.30792E+02
7095	797	1.30793E+02
2934	279	1.30797E+02
7275	453	1.30855E+02
2828	368	1.30866E+02
2934	637	1.30908E+02
2828	805	1.30987E+02
7185	755	1.30993E+02
7122	802	1.30994E+02
7275	223	1.31008E+02
7275	589	1.31030E+02
7302	594	1.31030E+02
2828	637	1.31081E+02
2934	368	1.31097E+02
2934	232	1.31121E+02
3040	805	1.31128E+02
7185	361	1.31131E+02
7212	230	1.31139E+02
7095	361	1.31206E+02
7275	271	1.31219E+02
7095	589	1.31242E+02
3040	328	1.31443E+02
7122	760	1.31534E+02
7122	277	1.31556E+02
7212	635	1.31610E+02
3040	419	1.31771E+02
7122	635	1.31872E+02
3040	637	1.31985E+02
3040	279	1.32039E+02
7095	755	1.32131E+02
7122	326	1.32146E+02
7275	361	1.32183E+02
7212	718	1.32200E+02
7302	458	1.32283E+02
7212	277	1.32297E+02
3040	368	1.32313E+02
3040	232	1.32371E+02
7185	412	1.32402E+02
7302	718	1.32557E+02
7095	412	1.32558E+02
7275	713	1.32637E+02
7302	635	1.32778E+02
7212	326	1.32816E+02
7185	630	1.32890E+02
7122	718	1.32926E+02
7275	630	1.32955E+02
7095	137	1.33098E+02
7185	713	1.33127E+02
7185	137	1.33191E+02
7275	412	1.33313E+02
7185	320	1.33399E+02
2827	233	1.33401E+02
7095	320	1.33401E+02
2827	234	1.33448E+02
7122	417	1.33454E+02
2933	233	1.33492E+02
2828	551	1.33508E+02
7095	630	1.33521E+02
2934	551	1.33530E+02
2933	234	1.33541E+02
2827	232	1.33591E+02
2827	280	1.33594E+02
2827	281	1.33605E+02
7122	366	1.33644E+02
2933	232	1.33681E+02
2933	280	1.33686E+02
2933	281	1.33700E+02
2827	279	1.33891E+02
7212	417	1.33900E+02
2827	282	1.33914E+02
2933	279	1.33980E+02
2827	329	1.33988E+02
2933	282	1.34013E+02
2827	231	1.34037E+02
2827	330	1.34058E+02
7095	713	1.34075E+02
2933	329	1.34081E+02
2933	231	1.34125E+02
2933	330	1.34157E+02
7212	366	1.34217E+02
7095	222	1.34229E+02
7302	230	1.34238E+02
2828	459	1.34259E+02
2827	328	1.34305E+02
7185	222	1.34310E+02
2934	459	1.34362E+02
7185	381	1.34381E+02
2933	328	1.34392E+02
3039	233	1.34397E+02
3039	234	1.34435E+02
7095	381	1.34487E+02
7275	796	1.34506E+02
2827	331	1.34508E+02
2827	278	1.34512E+02
2827	283	1.34512E+02
7275	137	1.34568E+02
3039	280	1.34586E+02
3039	281	1.34588E+02
7275	320	1.34593E+02
3039	232	1.34596E+02
2933	278	1.34598E+02
2933	331	1.34613E+02
2933	283	1.34615E+02
2934	720	1.34658E+02
2827	369	1.34671E+02
3040	551	1.34681E+02
2827	230	1.34758E+02
2933	369	1.34763E+02
2827	370	1.34782E+02
2934	762	1.34841E+02
2933	230	1.34844E+02
7212	676	1.34873E+02
2933	370	1.34884E+02
3039	282	1.34888E+02
3039	279	1.34893E+02
3039	329	1.34976E+02
1312	285	1.34986E+02
2827	327	1.35019E+02
2827	368	1.35022E+02
3039	330	1.35038E+02
7095	270	1.35038E+02
3039	231	1.35052E+02
1312	284	1.35068E+02
2828	720	1.35090E+02
7185	270	1.35090E+02
2933	327	1.35101E+02
2933	368	1.35104E+02
2934	595	1.35123E+02
1312	286	1.35186E+02
7122	229	1.35187E+02
2828	595	1.35195E+02
7302	801	1.35215E+02
1312	333	1.35250E+02
3039	328	1.35301E+02
7302	277	1.35318E+02
2827	332	1.35331E+02
2827	371	1.35347E+02
7122	676	1.35361E+02
7275	381	1.35390E+02
2827	284	1.35392E+02
2828	762	1.35426E+02
1312	283	1.35434E+02
1312	334	1.35435E+02
1312	332	1.35440E+02
2933	332	1.35444E+02
2933	371	1.35460E+02
2827	277	1.35469E+02
3039	283	1.35478E+02
3039	331	1.35482E+02
2933	284	1.35499E+02
3039	278	1.35523E+02
3040	459	1.35543E+02
2933	277	1.35553E+02
2827	420	1.35565E+02
7185	796	1.35611E+02
3039	369	1.35656E+02
2933	420	1.35658E+02
7275	222	1.35662E+02
3040	720	1.35663E+02
7302	676	1.35667E+02
7302	326	1.35701E+02
3039	370	1.35764E+02
2827	229	1.35768E+02
7275	671	1.35782E+02
3039	230	1.35783E+02
3040	762	1.35798E+02
2827	419	1.35800E+02
7122	549	1.35800E+02
7212	801	1.35801E+02
2934	678	1.35838E+02
2827	367	1.35839E+02
2827	421	1.35849E+02
2933	229	1.35853E+02
2933	419	1.35879E+02
2933	367	1.35913E+02
7212	549	1.35933E+02
7185	671	1.35945E+02
2933	421	1.35957E+02
1312	335	1.35985E+02
7212	229	1.35985E+02
1312	373	1.35989E+02
1312	331	1.36011E+02
3039	368	1.36011E+02
3039	327	1.36024E+02
1312	372	1.36038E+02
2828	231	1.36068E+02
1312	282	1.36091E+02
2828	678	1.36136E+02
2827	326	1.36138E+02
7185	544	1.36150E+02
2934	804	1.36203E+02
2933	326	1.36215E+02
3040	595	1.36248E+02
3039	332	1.36299E+02
3039	371	1.36326E+02
3039	284	1.36349E+02
2827	372	1.36356E+02
7302	417	1.36374E+02
1312	374	1.36382E+02
7275	270	1.36389E+02
2934	231	1.36398E+02
7185	452	1.36458E+02
2933	372	1.36481E+02
3039	277	1.36491E+02
7095	544	1.36503E+02
2827	333	1.36522E+02
1312	371	1.36539E+02
3039	420	1.36546E+02
2827	285	1.36548E+02
2827	418	1.36560E+02
7212	593	1.36612E+02
2933	418	1.36625E+02
2827	460	1.36636E+02
2827	422	1.36641E+02
2933	333	1.36642E+02
7275	754	1.36650E+02
2933	285	1.36659E+02
2828	278	1.36661E+02
7122	593	1.36667E+02
7095	452	1.36699E+02
7095	671	1.36714E+02
2933	460	1.36720E+02
7275	544	1.36721E+02
2933	422	1.36767E+02
2827	276	1.36776E+02
3039	419	1.36781E+02
3039	229	1.36803E+02
2827	461	1.36812E+02
2828	327	1.36816E+02
3039	421	1.36833E+02
3039	367	1.36834E+02
2933	276	1.36857E+02
1312	336	1.36891E+02
3040	678	1.36891E+02
7122	457	1.36912E+02
2933	461	1.36918E+02
7095	796	1.36922E+02
7302	366	1.36928E+02
7302	759	1.36934E+02
1312	423	1.36965E+02
1312	330	1.36968E+02
2828	804	1.36968E+02
2934	278	1.36971E+02
7212	759	1.37024E+02
2827	459	1.37026E+02
7185	360	1.37028E+02
1312	281	1.37044E+02
2827	228	1.37076E+02
7095	360	1.37087E+02
2933	459	1.37090E+02
2934	327	1.37094E+02
7122	801	1.37094E+02
7095	136	1.37103E+02
3040	804	1.37109E+02
2827	366	1.37123E+02
3039	326	1.37151E+02
1312	424	1.37152E+02
2933	228	1.37160E+02
2933	366	1.37190E+02
1312	375	1.37202E+02
7185	136	1.37204E+02
7122	276	1.37210E+02
7212	457	1.37217E+02
7275	452	1.37232E+02
7185	588	1.37279E+02
1312	422	1.37280E+02
3039	372	1.37334E+02
1312	234	1.37381E+02
7185	754	1.37391E+02
3039	333	1.37485E+02
3039	285	1.37498E+02
1312	370	1.37502E+02
3039	418	1.37542E+02
2827	462	1.37543E+02
3039	460	1.37611E+02
3039	422	1.37630E+02
7275	588	1.37642E+02
2827	325	1.37665E+02
3040	231	1.37665E+02
2933	462	1.37672E+02
2933	325	1.37737E+02
7095	588	1.37752E+02
3039	461	1.37797E+02
2827	373	1.37800E+02
2827	552	1.37802E+02
3039	276	1.37809E+02
1312	425	1.37823E+02
2827	417	1.37842E+02
7302	549	1.37848E+02
2933	552	1.37887E+02
2933	417	1.37896E+02
2827	423	1.37929E+02
2933	373	1.37937E+02
7212	276	1.37967E+02
2827	286	1.37977E+02
2827	458	1.37984E+02
2827	551	1.37994E+02
3039	459	1.37994E+02
