GRAM	c2h2	chi_tot
6826	338	4.97049E+01
6736	338	4.99196E+01
6826	378	5.01712E+01
6803	380	5.01727E+01
6826	337	5.01976E+01
6826	379	5.02745E+01
6713	380	5.02924E+01
6803	379	5.03432E+01
6826	377	5.03705E+01
6736	378	5.03879E+01
6736	337	5.04139E+01
6916	338	5.04480E+01
6713	379	5.04759E+01
6736	379	5.04772E+01
6736	377	5.05993E+01
6893	380	5.06406E+01
6826	380	5.06781E+01
6803	338	5.07687E+01
6893	379	5.08151E+01
6803	378	5.08256E+01
6736	380	5.08649E+01
6826	376	5.08758E+01
6916	378	5.08830E+01
6713	338	5.08901E+01
6826	336	5.09425E+01
6916	337	5.09676E+01
6713	378	5.09694E+01
6916	379	5.09716E+01
6916	377	5.10997E+01
6736	376	5.11147E+01
6826	428	5.11216E+01
6736	336	5.11594E+01
6826	427	5.12652E+01
6893	338	5.12926E+01
6893	378	5.13041E+01
6826	429	5.13290E+01
6736	428	5.13424E+01
6916	380	5.13632E+01
6803	430	5.14681E+01
6736	427	5.15116E+01
6803	429	5.15196E+01
6736	429	5.15210E+01
6713	430	5.15869E+01
6803	377	5.16232E+01
6916	376	5.16250E+01
6713	429	5.16659E+01
6826	375	5.16920E+01
6916	336	5.17411E+01
6803	431	5.17644E+01
6826	426	5.17685E+01
6713	377	5.17762E+01
6803	337	5.18260E+01
6916	428	5.18293E+01
6713	431	5.18526E+01
6826	430	5.18785E+01
6803	428	5.19289E+01
6893	430	5.19325E+01
6736	375	5.19391E+01
6826	335	5.19441E+01
6713	337	5.19473E+01
6893	429	5.19728E+01
6916	427	5.19771E+01
6916	429	5.20367E+01
6736	426	5.20372E+01
6736	430	5.20385E+01
6713	428	5.20997E+01
2590	380	5.21029E+01
6893	377	5.21105E+01
6736	335	5.21605E+01
6826	467	5.22279E+01
6893	431	5.22436E+01
6826	468	5.22521E+01
6893	337	5.23680E+01
6893	428	5.23748E+01
2696	380	5.23946E+01
6803	432	5.23956E+01
2484	380	5.24293E+01
6713	432	5.24504E+01
6736	468	5.24622E+01
6916	375	5.24641E+01
6736	467	5.24824E+01
6916	426	5.24890E+01
2590	379	5.25381E+01
6916	430	5.25903E+01
6826	466	5.26008E+01
6826	425	5.26403E+01
6826	469	5.26553E+01
6803	427	5.27055E+01
6803	376	5.27403E+01
6826	431	5.27600E+01
6916	335	5.27730E+01
6803	469	5.27978E+01
6736	469	5.28165E+01
6826	374	5.28254E+01
2696	379	5.28394E+01
2484	379	5.28708E+01
6736	431	5.28850E+01
6893	432	5.28932E+01
6736	466	5.28948E+01
6713	427	5.28977E+01
6713	376	5.29007E+01
6916	467	5.29239E+01
6736	425	5.29281E+01
6713	469	5.29436E+01
6803	470	5.29497E+01
6916	468	5.29636E+01
6803	468	5.30248E+01
6826	286	5.30412E+01
6713	470	5.30484E+01
6736	374	5.30787E+01
6803	336	5.31473E+01
6893	427	5.31482E+01
6826	334	5.32074E+01
6713	468	5.32134E+01
6736	286	5.32268E+01
6893	376	5.32391E+01
6893	469	5.32437E+01
6713	336	5.32675E+01
2590	378	5.32780E+01
2590	338	5.32851E+01
6916	466	5.32876E+01
6826	559	5.33418E+01
2590	431	5.33546E+01
6826	558	5.33671E+01
6916	425	5.33740E+01
6826	465	5.33866E+01
6916	469	5.33883E+01
2590	430	5.34105E+01
6826	470	5.34174E+01
6736	334	5.34224E+01
6893	470	5.34280E+01
6893	468	5.34436E+01
6803	471	5.34584E+01
6916	431	5.34800E+01
6713	471	5.35063E+01
6736	470	5.35254E+01
6736	559	5.35626E+01
2696	378	5.35893E+01
2696	338	5.36066E+01
2484	338	5.36153E+01
2484	378	5.36163E+01
6916	374	5.36233E+01
2590	432	5.36234E+01
2696	431	5.36400E+01
6803	467	5.36512E+01
6736	558	5.36515E+01
2484	431	5.36738E+01
2696	430	5.37038E+01
6893	336	5.37087E+01
6826	560	5.37137E+01
6736	465	5.37150E+01
2484	430	5.37415E+01
2590	429	5.38030E+01
6826	557	5.38174E+01
6803	426	5.38590E+01
6736	560	5.38650E+01
6713	467	5.38781E+01
6826	424	5.38895E+01
2696	432	5.39015E+01
2484	432	5.39298E+01
6916	286	5.39352E+01
6826	432	5.39606E+01
6893	471	5.39741E+01
6916	558	5.40421E+01
6736	432	5.40478E+01
6893	467	5.40484E+01
6916	559	5.40528E+01
6916	334	5.40684E+01
6713	426	5.40694E+01
6916	465	5.40708E+01
2696	429	5.41049E+01
6803	560	5.41398E+01
2484	429	5.41449E+01
6736	557	5.41588E+01
6916	470	5.41773E+01
6803	375	5.41831E+01
6736	424	5.41930E+01
6803	561	5.42592E+01
6826	373	5.42830E+01
6713	472	5.42943E+01
6803	472	5.43007E+01
6893	426	5.43024E+01
6713	560	5.43062E+01
2590	377	5.43259E+01
6713	375	5.43489E+01
6713	561	5.43588E+01
6826	602	5.43995E+01
6803	559	5.44105E+01
6826	285	5.44187E+01
6826	561	5.44517E+01
6916	557	5.44648E+01
6916	560	5.44684E+01
6826	471	5.45163E+01
6736	561	5.45282E+01
2590	337	5.45364E+01
6736	373	5.45406E+01
6826	603	5.45408E+01
2590	428	5.45419E+01
6736	471	5.45673E+01
6893	560	5.45677E+01
6826	464	5.45987E+01
6736	285	5.45988E+01
6713	559	5.46383E+01
6916	424	5.46410E+01
2696	377	5.46477E+01
2484	377	5.46693E+01
6826	601	5.46740E+01
6736	602	5.46744E+01
6916	432	5.46928E+01
6803	466	5.46956E+01
6893	375	5.46957E+01
6826	556	5.47162E+01
6736	603	5.47276E+01
6803	562	5.47360E+01
6803	335	5.47380E+01
6826	333	5.47381E+01
6893	561	5.47415E+01
6713	562	5.47642E+01
2590	470	5.47764E+01
6893	559	5.47907E+01
2590	471	5.48376E+01
2696	428	5.48530E+01
6713	335	5.48561E+01
6893	472	5.48582E+01
2484	337	5.48684E+01
2696	337	5.48687E+01
2484	428	5.48937E+01
6736	333	5.49506E+01
6713	466	5.49560E+01
6736	464	5.49564E+01
6736	601	5.50295E+01
2590	469	5.50583E+01
6826	604	5.50595E+01
2696	470	5.50696E+01
6893	466	5.50772E+01
6916	602	5.50782E+01
6803	558	5.51028E+01
6736	556	5.51075E+01
2484	470	5.51086E+01
6916	373	5.51097E+01
2696	471	5.51249E+01
6736	604	5.51516E+01
2484	471	5.51517E+01
2590	472	5.52202E+01
6916	561	5.52572E+01
6893	562	5.52785E+01
6916	603	5.52836E+01
6916	464	5.52873E+01
6916	601	5.52983E+01
6916	471	5.53086E+01
6893	335	5.53204E+01
6916	556	5.53450E+01
6916	285	5.53469E+01
2696	469	5.53583E+01
6713	558	5.53862E+01
6713	473	5.53877E+01
6826	600	5.53989E+01
6803	604	5.53991E+01
6803	425	5.53992E+01
2484	469	5.54074E+01
6826	643	5.54232E+01
6893	558	5.54427E+01
6803	473	5.54516E+01
6713	563	5.54909E+01
2696	472	5.55023E+01
6803	603	5.55103E+01
2484	472	5.55151E+01
6736	562	5.55207E+01
6826	562	5.55236E+01
6826	423	5.55246E+01
6803	563	5.55381E+01
6713	604	5.55448E+01
6826	644	5.55690E+01
6713	425	5.56244E+01
6916	333	5.56329E+01
2590	427	5.56364E+01
6803	605	5.56519E+01
6826	642	5.56744E+01
2590	376	5.56870E+01
2590	468	5.57038E+01
6736	643	5.57073E+01
6713	605	5.57073E+01
6713	603	5.57406E+01
6736	644	5.57422E+01
6736	600	5.58264E+01
6736	423	5.58403E+01
6893	604	5.58462E+01
6893	425	5.58474E+01
6916	604	5.58750E+01
6893	603	5.58830E+01
2590	473	5.59008E+01
6736	605	5.59075E+01
6826	605	5.59156E+01
6736	472	5.59193E+01
6826	472	5.59289E+01
2696	427	5.59574E+01
6803	374	5.59589E+01
6916	600	5.59797E+01
2484	427	5.59972E+01
6826	284	5.60090E+01
2696	468	5.60113E+01
2696	376	5.60198E+01
6803	602	5.60264E+01
2484	376	5.60348E+01
2590	336	5.60490E+01
6893	473	5.60551E+01
6736	642	5.60612E+01
6826	645	5.60672E+01
2484	468	5.60683E+01
6826	372	5.60722E+01
6826	555	5.60823E+01
6916	643	5.60993E+01
6736	645	5.61227E+01
6713	374	5.61283E+01
2590	562	5.61420E+01
6893	563	5.61461E+01
6803	465	5.61746E+01
2484	473	5.61756E+01
2696	473	5.61786E+01
6893	605	5.61804E+01
6736	284	5.61830E+01
6713	606	5.61897E+01
2590	561	5.62062E+01
6803	606	5.62291E+01
6803	557	5.62453E+01
6826	463	5.62480E+01
6916	642	5.62704E+01
6916	423	5.62986E+01
6803	286	5.63001E+01
6736	372	5.63320E+01
6893	602	5.63330E+01
6713	602	5.63347E+01
6916	644	5.63359E+01
6826	641	5.63653E+01
6826	684	5.63718E+01
6713	286	5.63753E+01
2484	336	5.63827E+01
6916	562	5.63863E+01
2590	563	5.63894E+01
2696	336	5.63926E+01
6826	685	5.63996E+01
2696	562	5.64341E+01
2484	562	5.64631E+01
6713	465	5.64636E+01
6893	374	5.64881E+01
2696	561	5.65023E+01
6713	564	5.65093E+01
6736	555	5.65162E+01
6803	645	5.65224E+01
6826	332	5.65413E+01
6893	465	5.65467E+01
2484	561	5.65514E+01
6893	557	5.65528E+01
6713	557	5.65777E+01
6736	685	5.65971E+01
6826	599	5.66032E+01
6803	334	5.66042E+01
2590	560	5.66115E+01
6736	463	5.66295E+01
6803	564	5.66354E+01
6803	644	5.66404E+01
6713	645	5.66698E+01
2696	563	5.66784E+01
2484	563	5.66852E+01
6736	684	5.66997E+01
6916	555	5.67020E+01
6713	334	5.67192E+01
6826	683	5.67218E+01
2590	467	5.67319E+01
6803	646	5.67412E+01
6736	332	5.67503E+01
6826	686	5.67581E+01
6916	472	5.67584E+01
6713	646	5.67772E+01
6736	646	5.68061E+01
6916	605	5.68113E+01
6736	563	5.68116E+01
6736	686	5.68181E+01
6893	606	5.68451E+01
6736	641	5.68452E+01
6826	646	5.68739E+01
6916	641	5.68933E+01
6713	644	5.68935E+01
6826	563	5.68980E+01
2696	560	5.69126E+01
2590	564	5.69206E+01
6916	372	5.69306E+01
6916	645	5.69339E+01
6916	463	5.69479E+01
6893	286	5.69515E+01
6713	607	5.69569E+01
6736	606	5.69578E+01
6916	284	5.69725E+01
6893	645	5.69743E+01
2484	560	5.69793E+01
6803	601	5.69869E+01
6893	644	5.69932E+01
6916	684	5.70192E+01
2696	467	5.70479E+01
6826	606	5.70706E+01
6736	599	5.70935E+01
6803	607	5.70951E+01
2590	426	5.70962E+01
2484	467	5.71106E+01
6826	726	5.71232E+01
6803	643	5.71406E+01
6916	599	5.71522E+01
6916	685	5.71613E+01
6736	683	5.71716E+01
6713	647	5.71751E+01
2484	564	5.71899E+01
2696	564	5.72073E+01
6893	334	5.72090E+01
6893	601	5.72366E+01
6803	647	5.72550E+01
6826	727	5.72645E+01
6916	683	5.72663E+01
6826	725	5.72968E+01
6893	646	5.72995E+01
6893	564	5.73135E+01
6736	687	5.73196E+01
6803	424	5.73358E+01
2590	606	5.73545E+01
6713	601	5.73657E+01
2590	375	5.73676E+01
6736	727	5.73835E+01
2590	559	5.73878E+01
6736	726	5.73955E+01
6826	687	5.74026E+01
6893	643	5.74029E+01
2590	605	5.74174E+01
2696	426	5.74278E+01
2484	426	5.74649E+01
6916	332	5.74720E+01
6803	686	5.74827E+01
6713	643	5.74925E+01
6826	682	5.74968E+01
6826	640	5.75336E+01
6826	422	5.75528E+01
6803	687	5.75535E+01
6736	473	5.75571E+01
2590	607	5.75679E+01
6713	424	5.75726E+01
6713	687	5.76130E+01
6826	473	5.76304E+01
6736	728	5.76369E+01
6916	686	5.76435E+01
2696	606	5.76484E+01
6713	686	5.76716E+01
2484	606	5.76724E+01
6826	728	5.76768E+01
2696	559	5.76948E+01
2590	565	5.77091E+01
2696	375	5.77120E+01
2696	605	5.77128E+01
6736	725	5.77152E+01
2484	375	5.77192E+01
6803	685	5.77275E+01
6826	768	5.77463E+01
6736	647	5.77534E+01
2484	605	5.77659E+01
2484	559	5.77764E+01
2590	604	5.77892E+01
6713	565	5.77917E+01
6893	424	5.77933E+01
6893	607	5.78037E+01
6826	283	5.78135E+01
6916	563	5.78233E+01
6713	688	5.78238E+01
6713	648	5.78281E+01
2590	335	5.78288E+01
6826	724	5.78331E+01
6916	726	5.78350E+01
6916	646	5.78480E+01
2484	607	5.78540E+01
2696	607	5.78613E+01
6803	556	5.78621E+01
6826	767	5.78691E+01
6916	725	5.78749E+01
6736	422	5.78772E+01
6826	769	5.78858E+01
6803	688	5.78981E+01
6893	686	5.79049E+01
6893	647	5.79256E+01
6826	554	5.79293E+01
6826	647	5.79489E+01
2484	565	5.79510E+01
6916	682	5.79516E+01
6736	769	5.79559E+01
6713	608	5.79786E+01
6736	283	5.79809E+01
6736	768	5.79869E+01
2696	565	5.79943E+01
6803	565	5.79997E+01
6916	640	5.80074E+01
6803	648	5.80276E+01
6893	685	5.80290E+01
2590	608	5.80293E+01
6713	685	5.80401E+01
6916	606	5.80530E+01
6736	682	5.80579E+01
6736	688	5.80626E+01
6803	642	5.80690E+01
6803	373	5.80759E+01
2696	604	5.80869E+01
6736	640	5.80959E+01
6803	464	5.81023E+01
6893	687	5.81037E+01
6736	729	5.81177E+01
6916	727	5.81198E+01
6736	770	5.81450E+01
6893	556	5.81458E+01
2590	466	5.81603E+01
2484	335	5.81638E+01
2484	604	5.81667E+01
2696	335	5.81840E+01
6826	810	5.81964E+01
6826	371	5.81992E+01
6803	608	5.82188E+01
6803	728	5.82257E+01
6803	285	5.82338E+01
6713	556	5.82366E+01
6713	373	5.82468E+01
6826	770	5.82495E+01
6893	642	5.82512E+01
6826	811	5.82645E+01
6736	607	5.82686E+01
6713	689	5.82690E+01
6736	767	5.82745E+01
2484	608	5.82825E+01
6916	724	5.82895E+01
6826	688	5.82928E+01
6826	766	5.82972E+01
6713	285	5.83024E+01
6826	598	5.83090E+01
6826	729	5.83205E+01
2696	608	5.83230E+01
6713	729	5.83283E+01
6736	811	5.83333E+01
6803	684	5.83345E+01
2590	647	5.83363E+01
6803	729	5.83375E+01
6826	462	5.83422E+01
6826	809	5.83505E+01
6916	422	5.83542E+01
6713	728	5.83644E+01
6736	564	5.83721E+01
2590	648	5.83738E+01
6803	727	5.83745E+01
6736	724	5.83883E+01
6736	554	5.83981E+01
6736	812	5.84068E+01
6713	464	5.84146E+01
6916	687	5.84193E+01
6803	600	5.84271E+01
6736	810	5.84476E+01
6736	371	5.84592E+01
6893	464	5.84714E+01
6916	767	5.84759E+01
6803	689	5.84803E+01
2696	466	5.84858E+01
6826	607	5.84901E+01
6916	473	5.85015E+01
2590	603	5.85052E+01
6713	642	5.85115E+01
6916	768	5.85118E+01
6713	730	5.85145E+01
6736	771	5.85231E+01
6826	812	5.85232E+01
6893	684	5.85244E+01
6826	564	5.85454E+01
2590	646	5.85471E+01
6916	554	5.85496E+01
2484	466	5.85516E+01
2590	558	5.85637E+01
6893	688	5.85821E+01
6826	331	5.86219E+01
6893	373	5.86242E+01
6893	600	5.86304E+01
2696	647	5.86308E+01
2590	649	5.86320E+01
6736	813	5.86426E+01
6713	727	5.86568E+01
2484	647	5.86672E+01
2484	648	5.86677E+01
2696	648	5.86700E+01
6803	730	5.86747E+01
6916	728	5.86831E+01
6713	649	5.87061E+01
2590	609	5.87124E+01
6893	728	5.87146E+01
6893	727	5.87176E+01
6826	681	5.87402E+01
6736	462	5.87421E+01
6893	565	5.87519E+01
6803	333	5.87519E+01
6916	766	5.87555E+01
6803	770	5.87614E+01
6826	808	5.87634E+01
6713	684	5.87635E+01
6736	809	5.87794E+01
6826	723	5.87806E+01
6713	771	5.87870E+01
6736	730	5.87935E+01
6826	771	5.88050E+01
2696	603	5.88064E+01
6916	283	5.88134E+01
6893	648	5.88154E+01
6916	769	5.88181E+01
6803	726	5.88251E+01
6803	771	5.88254E+01
6736	331	5.88263E+01
6916	598	5.88386E+01
2696	646	5.88409E+01
6736	598	5.88522E+01
6736	766	5.88597E+01
6713	333	5.88628E+01
6713	600	5.88680E+01
2696	558	5.88779E+01
6713	772	5.88790E+01
6713	770	5.88846E+01
2484	649	5.88879E+01
6713	731	5.88944E+01
6893	285	5.89098E+01
2484	603	5.89101E+01
2484	646	5.89140E+01
6803	769	5.89178E+01
6713	690	5.89190E+01
6736	648	5.89305E+01
2696	649	5.89306E+01
2590	425	5.89311E+01
2484	609	5.89320E+01
6826	813	5.89464E+01
6916	809	5.89611E+01
2484	558	5.89714E+01
6893	729	5.89781E+01
6916	810	5.89849E+01
2696	609	5.90072E+01
6736	689	5.90137E+01
2590	690	5.90145E+01
6736	814	5.90197E+01
6893	608	5.90243E+01
6803	649	5.90280E+01
2590	689	5.90286E+01
6893	726	5.90299E+01
6713	814	5.90327E+01
6916	647	5.90365E+01
2590	645	5.90386E+01
6916	462	5.90606E+01
6736	772	5.90640E+01
6713	813	5.90670E+01
6826	765	5.90774E+01
6803	813	5.90794E+01
6803	772	5.90811E+01
2590	650	5.90857E+01
6916	371	5.90925E+01
6803	812	5.91095E+01
6916	681	5.91209E+01
6916	723	5.91296E+01
6713	773	5.91373E+01
6826	730	5.91620E+01
2590	691	5.91799E+01
6713	769	5.91991E+01
6916	808	5.92046E+01
6803	731	5.92080E+01
6826	639	5.92100E+01
6803	814	5.92175E+01
6713	609	5.92269E+01
6916	811	5.92373E+01
6713	726	5.92451E+01
2590	688	5.92456E+01
6826	648	5.92571E+01
6713	812	5.92677E+01
6803	690	5.92698E+01
2696	425	5.92741E+01
6893	769	5.92827E+01
6893	770	5.92919E+01
2484	690	5.92985E+01
6893	689	5.93027E+01
2484	650	5.93029E+01
2484	425	5.93066E+01
2696	690	5.93127E+01
2696	689	5.93227E+01
6803	768	5.93284E+01
6803	811	5.93316E+01
2696	645	5.93327E+01
2590	732	5.93451E+01
6803	683	5.93528E+01
2484	689	5.93543E+01
6916	770	5.93547E+01
6736	808	5.93638E+01
2590	374	5.93756E+01
2590	286	5.93758E+01
6893	333	5.93807E+01
2696	650	5.93876E+01
6826	689	5.93941E+01
6916	765	5.93999E+01
6736	681	5.94006E+01
2484	691	5.94216E+01
2484	645	5.94400E+01
6893	683	5.94420E+01
6713	732	5.94442E+01
6916	688	5.94467E+01
6736	723	5.94614E+01
6803	641	5.94696E+01
6893	730	5.94713E+01
6826	807	5.94765E+01
2696	691	5.94830E+01
6916	729	5.94839E+01
2590	731	5.94874E+01
6803	773	5.95046E+01
6826	814	5.95119E+01
6826	772	5.95252E+01
6893	771	5.95259E+01
6893	768	5.95339E+01
2696	688	5.95363E+01
6916	564	5.95383E+01
6916	607	5.95644E+01
6803	609	5.95718E+01
6893	641	5.95833E+01
6916	331	5.95902E+01
2590	602	5.96021E+01
2484	688	5.96121E+01
6803	725	5.96237E+01
6736	731	5.96372E+01
6893	812	5.96381E+01
2696	732	5.96413E+01
2484	732	5.96425E+01
6916	639	5.96445E+01
6713	811	5.96581E+01
6803	423	5.96783E+01
6893	811	5.96801E+01
6916	812	5.96853E+01
2590	687	5.96920E+01
2484	286	5.96974E+01
6893	725	5.96997E+01
2484	374	5.97304E+01
2696	374	5.97320E+01
2696	286	5.97446E+01
6736	773	5.97464E+01
6713	691	5.97483E+01
6916	807	5.97595E+01
6713	768	5.97636E+01
6803	810	5.97738E+01
2696	731	5.97776E+01
6713	650	5.97818E+01
6736	765	5.97871E+01
6893	813	5.97917E+01
2590	730	5.98012E+01
6736	608	5.98106E+01
2484	731	5.98293E+01
6826	282	5.98315E+01
6736	639	5.98425E+01
2590	644	5.98476E+01
2590	773	5.98633E+01
2590	334	5.98820E+01
6713	683	5.98894E+01
2696	602	5.99081E+01
6803	732	5.99126E+01
6713	423	5.99232E+01
6893	649	5.99369E+01
6893	810	5.99469E+01
6893	772	5.99549E+01
6803	555	5.99725E+01
6826	421	5.99788E+01
2696	687	5.99803E+01
6736	282	5.99918E+01
6713	641	5.99930E+01
2590	465	6.00048E+01
2484	602	6.00322E+01
6803	767	6.00336E+01
2696	730	6.00861E+01
6916	771	6.00875E+01
6893	767	6.00875E+01
2484	687	6.00983E+01
6893	814	6.01162E+01
2696	773	6.01430E+01
2696	644	6.01430E+01
6826	608	6.01438E+01
6736	690	6.01446E+01
6893	423	6.01493E+01
6893	731	6.01640E+01
2590	557	6.01655E+01
6826	731	6.01732E+01
6713	725	6.01740E+01
6736	565	6.01753E+01
6826	722	6.01858E+01
2484	730	6.01870E+01
2484	334	6.02180E+01
6803	650	6.02284E+01
6893	690	6.02342E+01
6736	807	6.02402E+01
6803	691	6.02405E+01
6893	555	6.02413E+01
2696	334	6.02493E+01
2484	773	6.02498E+01
6826	764	6.02582E+01
6826	553	6.02646E+01
6713	810	6.02648E+01
2484	644	6.02816E+01
6916	813	6.03012E+01
2590	729	6.03083E+01
6736	421	6.03083E+01
6736	649	6.03083E+01
2590	772	6.03122E+01
2696	465	6.03406E+01
6803	599	6.03766E+01
6713	555	6.03818E+01
6826	773	6.03878E+01
6803	284	6.03925E+01
2590	686	6.03990E+01
2484	465	6.04070E+01
6826	565	6.04385E+01
6916	722	6.04445E+01
6713	284	6.04541E+01
6916	764	6.04606E+01
6916	648	6.04634E+01
6803	809	6.04691E+01
6893	809	6.04736E+01
6893	609	6.04780E+01
6916	730	6.04870E+01
2696	557	6.04880E+01
6826	680	6.04889E+01
6803	463	6.04902E+01
6826	597	6.05299E+01
6826	806	6.05355E+01
6803	372	6.05418E+01
6893	599	6.05446E+01
6893	773	6.05543E+01
2696	772	6.05852E+01
2696	729	6.05887E+01
2484	557	6.05902E+01
6713	767	6.06163E+01
6736	732	6.06263E+01
6826	370	6.06685E+01
6916	806	6.06740E+01
6826	690	6.06774E+01
2696	686	6.06859E+01
6916	689	6.06900E+01
6713	372	6.07123E+01
2484	729	6.07371E+01
2484	772	6.07439E+01
6736	553	6.07601E+01
6826	649	6.07687E+01
6893	724	6.07789E+01
6916	421	6.08125E+01
6916	680	6.08125E+01
6803	724	6.08200E+01
6713	463	6.08206E+01
6803	682	6.08309E+01
6893	682	6.08324E+01
2484	686	6.08436E+01
6893	463	6.08629E+01
6916	282	6.08688E+01
6713	599	6.08702E+01
6826	461	6.08844E+01
6916	553	6.08956E+01
6736	370	6.09267E+01
2590	771	6.09294E+01
2590	814	6.09415E+01
6736	722	6.09787E+01
6826	330	6.09832E+01
6916	772	6.09884E+01
6893	766	6.09908E+01
2590	643	6.10139E+01
6893	732	6.10306E+01
2590	728	6.10338E+01
6916	597	6.10532E+01
6916	814	6.10619E+01
6803	766	6.10784E+01
6893	284	6.10940E+01
6736	764	6.11029E+01
6893	372	6.11120E+01
2590	601	6.11152E+01
6736	597	6.11154E+01
6713	809	6.11198E+01
2590	424	6.11510E+01
2505	380	6.11620E+01
6736	330	6.11819E+01
6803	332	6.11873E+01
2696	814	6.11943E+01
2696	771	6.11966E+01
6736	680	6.12344E+01
6893	650	6.12616E+01
6713	332	6.12929E+01
6736	461	6.12970E+01
6893	808	6.13009E+01
2696	728	6.13108E+01
2696	643	6.13121E+01
6916	608	6.13148E+01
6826	732	6.13311E+01
6893	691	6.13497E+01
6803	640	6.13807E+01
2590	685	6.14028E+01
2484	771	6.14057E+01
6826	638	6.14147E+01
2696	601	6.14275E+01
6736	691	6.14309E+01
6893	640	6.14391E+01
2484	814	6.14514E+01
6736	806	6.14516E+01
6803	808	6.14565E+01
2590	285	6.14644E+01
6713	682	6.14646E+01
2484	643	6.14784E+01
6713	724	6.14910E+01
6916	565	6.15034E+01
2484	728	6.15047E+01
2696	424	6.15060E+01
2484	424	6.15322E+01
6736	609	6.15573E+01
2484	601	6.15683E+01
6916	370	6.15998E+01
6916	461	6.16285E+01
6916	731	6.16632E+01
2590	813	6.16846E+01
2696	685	6.16896E+01
2590	373	6.17190E+01
2590	770	6.17359E+01
2484	285	6.17858E+01
6713	766	6.18006E+01
6916	638	6.18259E+01
6893	332	6.18415E+01
2696	285	6.18447E+01
6736	650	6.18610E+01
2484	685	6.18839E+01
6826	763	6.18864E+01
2611	380	6.19045E+01
2505	432	6.19171E+01
2696	813	6.19308E+01
6713	640	6.19742E+01
2505	379	6.19846E+01
6916	763	6.19875E+01
6826	805	6.19875E+01
6916	330	6.19909E+01
2696	770	6.19982E+01
6916	805	6.19986E+01
6826	609	6.20049E+01
2590	727	6.20077E+01
6916	773	6.20342E+01
2505	431	6.20566E+01
6826	281	6.20609E+01
2484	373	6.20764E+01
2696	373	6.20880E+01
6826	721	6.20884E+01
6916	649	6.20980E+01
6736	638	6.21044E+01
6826	691	6.21177E+01
6916	690	6.21190E+01
6736	281	6.22138E+01
2590	333	6.22151E+01
2590	556	6.22154E+01
2484	813	6.22389E+01
2484	770	6.22559E+01
6713	808	6.22600E+01
6916	721	6.22762E+01
2590	464	6.22790E+01
2696	727	6.22823E+01
6893	765	6.22953E+01
6893	723	6.23202E+01
6803	422	6.24344E+01
6826	650	6.24573E+01
6803	723	6.24644E+01
6893	807	6.24749E+01
2717	380	6.24996E+01
6803	765	6.25117E+01
2484	727	6.25191E+01
2505	430	6.25277E+01
2696	556	6.25474E+01
2484	333	6.25518E+01
2590	642	6.25781E+01
6803	554	6.25899E+01
2696	333	6.25948E+01
2590	812	6.25957E+01
2696	464	6.26262E+01
2484	556	6.26548E+01
6713	422	6.26838E+01
2484	464	6.26905E+01
2611	432	6.26955E+01
2611	379	6.27080E+01
6893	681	6.27417E+01
2590	684	6.27435E+01
2590	769	6.27558E+01
6826	679	6.27679E+01
6803	283	6.27776E+01
6803	807	6.27797E+01
6826	420	6.28029E+01
2611	431	6.28094E+01
6803	681	6.28131E+01
6713	283	6.28317E+01
2696	812	6.28360E+01
6736	763	6.28511E+01
6893	554	6.28531E+01
6803	598	6.28570E+01
2696	642	6.28805E+01
6893	422	6.29234E+01
6736	721	6.29774E+01
6916	732	6.29887E+01
6893	598	6.30016E+01
2696	769	6.30141E+01
6713	554	6.30262E+01
2696	684	6.30316E+01
6736	805	6.30425E+01
6916	679	6.30535E+01
2484	642	6.30704E+01
2590	600	6.30764E+01
6826	552	6.30871E+01
2505	378	6.31170E+01
6736	420	6.31338E+01
6916	281	6.31366E+01
2484	812	6.31937E+01
6713	723	6.32446E+01
2611	430	6.32556E+01
2484	684	6.32589E+01
2590	726	6.32646E+01
6826	596	6.32688E+01
6916	609	6.32766E+01
2717	432	6.32899E+01
2717	379	6.33042E+01
2484	769	6.33183E+01
2505	429	6.33417E+01
6803	462	6.33459E+01
6713	765	6.33633E+01
6803	371	6.33636E+01
6713	598	6.33935E+01
2505	338	6.33938E+01
2696	600	6.33962E+01
6826	234	6.34022E+01
2717	431	6.34025E+01
2505	472	6.34296E+01
2505	471	6.34790E+01
6826	369	6.34813E+01
6893	283	6.35055E+01
6736	234	6.35255E+01
6713	371	6.35316E+01
6713	681	6.35316E+01
2696	726	6.35380E+01
2484	600	6.35496E+01
6736	679	6.35831E+01
6736	552	6.36013E+01
6826	329	6.36264E+01
6916	420	6.36736E+01
2505	473	6.36868E+01
6713	462	6.36889E+01
2590	811	6.36953E+01
6916	691	6.37080E+01
6713	807	6.37273E+01
6893	462	6.37289E+01
6736	369	6.37354E+01
6916	552	6.37389E+01
2590	423	6.37651E+01
2590	284	6.37784E+01
6916	804	6.37823E+01
6916	596	6.37992E+01
2484	726	6.38146E+01
6736	329	6.38183E+01
2611	378	6.38218E+01
6803	639	6.38323E+01
2717	430	6.38478E+01
6893	639	6.38499E+01
2505	470	6.38576E+01
6826	460	6.38710E+01
6826	804	6.38777E+01
6736	596	6.38856E+01
6916	650	6.39129E+01
6803	331	6.39151E+01
2696	811	6.39308E+01
6893	371	6.39584E+01
6826	762	6.40019E+01
6713	331	6.40145E+01
2590	768	6.40175E+01
6916	762	6.40235E+01
2611	429	6.40454E+01
6893	806	6.40461E+01
6893	764	6.40540E+01
2484	284	6.40994E+01
2611	338	6.41041E+01
2696	423	6.41329E+01
2484	423	6.41510E+01
6826	637	6.41546E+01
2696	284	6.41705E+01
2611	472	6.42116E+01
2611	471	6.42289E+01
2696	768	6.42729E+01
6736	460	6.42906E+01
2484	811	6.43359E+01
6893	722	6.43732E+01
6803	764	6.43839E+01
2590	372	6.44059E+01
2717	378	6.44194E+01
6916	369	6.44536E+01
2590	683	6.44634E+01
6713	639	6.44839E+01
6803	806	6.44863E+01
6826	280	6.44995E+01
2611	473	6.45015E+01
2505	428	6.45080E+01
6826	720	6.45158E+01
6916	234	6.45270E+01
6916	637	6.45594E+01
2505	377	6.45627E+01
2611	470	6.45763E+01
2590	641	6.45783E+01
2505	469	6.45867E+01
6893	331	6.45964E+01
6803	722	6.46038E+01
2484	768	6.46209E+01
2717	429	6.46372E+01
6736	280	6.46444E+01
6916	460	6.46479E+01
6916	720	6.46548E+01
6916	329	6.46752E+01
2717	338	6.47083E+01
2590	555	6.47310E+01
2696	683	6.47542E+01
2484	372	6.47653E+01
2505	563	6.47769E+01
2696	372	6.47881E+01
2717	472	6.48075E+01
2717	471	6.48213E+01
2590	332	6.48342E+01
2590	725	6.48434E+01
2505	564	6.48630E+01
2696	641	6.48867E+01
6736	637	6.48875E+01
2505	562	6.49833E+01
2590	463	6.49938E+01
2505	337	6.50062E+01
2590	810	6.50066E+01
2484	683	6.50102E+01
6736	804	6.50549E+01
6736	762	6.50686E+01
2696	555	6.50739E+01
2484	641	6.50955E+01
2717	473	6.51015E+01
2696	725	6.51171E+01
2717	470	6.51656E+01
2484	332	6.51712E+01
2484	555	6.51829E+01
2611	428	6.51881E+01
6893	680	6.52079E+01
2505	565	6.52154E+01
2696	332	6.52267E+01
2696	810	6.52383E+01
2611	377	6.52494E+01
2611	469	6.52750E+01
6803	680	6.53353E+01
6713	764	6.53522E+01
2696	463	6.53534E+01
6803	282	6.53878E+01
2484	463	6.54129E+01
2484	725	6.54295E+01
6713	282	6.54338E+01
6713	722	6.54798E+01
6736	720	6.54830E+01
6826	233	6.55087E+01
2505	561	6.55097E+01
2590	599	6.55113E+01
2611	563	6.55410E+01
2590	767	6.55539E+01
6713	806	6.55669E+01
6826	678	6.55873E+01
6803	421	6.56084E+01
6916	280	6.56144E+01
6736	233	6.56243E+01
2611	564	6.56660E+01
2505	468	6.56862E+01
2484	810	6.56884E+01
2611	337	6.57021E+01
2611	562	6.57092E+01
6803	553	6.57203E+01
2717	428	6.57801E+01
2696	767	6.58078E+01
2696	599	6.58404E+01
2717	377	6.58486E+01
6916	678	6.58551E+01
6713	421	6.58589E+01
2717	469	6.58620E+01
6803	597	6.58803E+01
2505	607	6.59029E+01
2505	608	6.59100E+01
6893	553	6.59876E+01
2484	599	6.60019E+01
6893	597	6.60142E+01
6826	419	6.60181E+01
2505	427	6.60355E+01
2611	565	6.60579E+01
6916	803	6.60664E+01
6893	805	6.60665E+01
6893	421	6.61199E+01
6713	680	6.61248E+01
2717	563	6.61355E+01
6893	282	6.61428E+01
2505	609	6.61489E+01
2505	606	6.61532E+01
6713	553	6.61758E+01
2484	767	6.61961E+01
2611	561	6.61984E+01
6826	803	6.62438E+01
2717	564	6.62668E+01
2717	562	6.62981E+01
2717	337	6.63089E+01
6893	763	6.63172E+01
2590	283	6.63188E+01
2505	376	6.63268E+01
2611	468	6.63452E+01
6736	419	6.63469E+01
6826	551	6.63851E+01
2505	560	6.63852E+01
6713	597	6.64494E+01
6736	678	6.64553E+01
6826	595	6.65154E+01
6803	370	6.65456E+01
6826	328	6.65493E+01
2590	809	6.65567E+01
6916	761	6.65988E+01
2590	682	6.66035E+01
6803	805	6.66252E+01
6826	761	6.66318E+01
6826	368	6.66325E+01
2484	283	6.66393E+01
2505	649	6.66431E+01
2505	650	6.66511E+01
2611	607	6.66647E+01
2717	565	6.66655E+01
6916	233	6.66681E+01
6803	461	6.66716E+01
2505	605	6.66892E+01
2611	427	6.66930E+01
6713	370	6.67091E+01
2611	608	6.67167E+01
2696	283	6.67231E+01
6736	328	6.67334E+01
6803	763	6.67422E+01
2590	422	6.67811E+01
2717	561	6.67823E+01
2590	724	6.67858E+01
2696	809	6.67858E+01
6893	638	6.68350E+01
2505	648	6.68426E+01
6803	638	6.68427E+01
2611	606	6.68709E+01
6736	368	6.68806E+01
2505	336	6.68852E+01
2696	682	6.68989E+01
6736	551	6.69096E+01
2717	468	6.69304E+01
6916	419	6.69305E+01
6803	330	6.69386E+01
6893	721	6.69793E+01
2611	376	6.69956E+01
2611	609	6.70008E+01
6713	461	6.70216E+01
6713	330	6.70308E+01
2611	560	6.70377E+01
2590	640	6.70475E+01
2505	691	6.70590E+01
2696	724	6.70614E+01
6916	595	6.70664E+01
6916	551	6.70678E+01
6893	461	6.70717E+01
6826	279	6.71456E+01
6736	595	6.71521E+01
2696	422	6.71626E+01
6893	370	6.71678E+01
2484	422	6.71705E+01
2505	467	6.71748E+01
2484	682	6.71783E+01
2717	607	6.72595E+01
2505	647	6.72735E+01
6803	721	6.72773E+01
2484	809	6.72779E+01
6736	279	6.72821E+01
2717	427	6.72856E+01
6826	459	6.72884E+01
2717	608	6.73200E+01
2505	690	6.73347E+01
2611	605	6.73635E+01
2696	640	6.73635E+01
2590	766	6.74021E+01
2484	724	6.74050E+01
6826	636	6.74207E+01
2611	649	6.74279E+01
2590	371	6.74432E+01
2717	606	6.74576E+01
6826	719	6.74790E+01
2611	650	6.74857E+01
6736	803	6.75230E+01
6713	638	6.75396E+01
2505	604	6.75426E+01
2611	336	6.75668E+01
2611	648	6.75780E+01
2484	640	6.75860E+01
6916	719	6.75927E+01
2717	376	6.75970E+01
2717	609	6.76133E+01
2717	560	6.76173E+01
2505	559	6.76390E+01
6916	328	6.76410E+01
6893	330	6.76486E+01
6916	368	6.76487E+01
2696	766	6.76560E+01
2505	732	6.77035E+01
6736	459	6.77093E+01
2590	554	6.77242E+01
2590	331	6.77441E+01
6826	232	6.77463E+01
6736	761	6.77799E+01
2505	689	6.78037E+01
2484	371	6.78039E+01
2611	467	6.78055E+01
6713	763	6.78121E+01
6713	805	6.78248E+01
6916	636	6.78363E+01
2696	371	6.78392E+01
2611	691	6.78435E+01
6736	232	6.78541E+01
2505	426	6.79340E+01
2717	605	6.79428E+01
2611	647	6.79601E+01
2505	646	6.79633E+01
2717	649	6.80278E+01
2611	690	6.80665E+01
2696	554	6.80793E+01
2484	766	6.80804E+01
2484	331	6.80811E+01
2717	650	6.80965E+01
6916	459	6.81051E+01
2696	331	6.81499E+01
2590	462	6.81563E+01
2717	648	6.81674E+01
2611	604	6.81747E+01
2717	336	6.81765E+01
6736	636	6.81825E+01
2484	554	6.81861E+01
6803	281	6.82202E+01
6713	721	6.82329E+01
6893	679	6.82556E+01
2611	559	6.82567E+01
6713	281	6.82578E+01
2505	731	6.82781E+01
6916	279	6.83003E+01
2590	808	6.83769E+01
2717	467	6.83896E+01
2611	732	6.84019E+01
2505	375	6.84159E+01
6803	679	6.84208E+01
2590	598	6.84387E+01
2717	691	6.84436E+01
2611	689	6.84831E+01
2505	688	6.84881E+01
6736	719	6.85045E+01
2696	462	6.85295E+01
2717	647	6.85396E+01
2611	426	6.85695E+01
2484	462	6.85813E+01
6893	804	6.85850E+01
2611	646	6.86017E+01
2696	808	6.86048E+01
2717	690	6.86543E+01
2717	604	6.87473E+01
2505	603	6.87487E+01
2696	598	6.87786E+01
2717	559	6.88327E+01
2505	773	6.88465E+01
6916	802	6.88783E+01
2611	731	6.89224E+01
6826	677	6.89386E+01
6916	232	6.89404E+01
2505	645	6.89433E+01
2484	598	6.89434E+01
2717	732	6.89802E+01
6893	281	6.90031E+01
2505	335	6.90366E+01
2505	730	6.90392E+01
2717	689	6.90591E+01
2611	375	6.90673E+01
2505	466	6.90697E+01
2590	282	6.90844E+01
6826	802	6.91098E+01
2611	688	6.91156E+01
6893	762	6.91268E+01
2590	723	6.91330E+01
2484	808	6.91351E+01
2717	426	6.91632E+01
2717	646	6.91719E+01
6803	420	6.91993E+01
2590	681	6.92005E+01
6916	677	6.92096E+01
6803	804	6.92416E+01
6713	679	6.92655E+01
2505	558	6.92995E+01
2611	603	6.93398E+01
6803	552	6.93604E+01
2484	282	6.94043E+01
2696	723	6.94126E+01
2505	687	6.94138E+01
2611	773	6.94213E+01
6803	596	6.94467E+01
6713	420	6.94473E+01
2717	731	6.94877E+01
2696	282	6.95011E+01
2696	681	6.95026E+01
2611	645	6.95347E+01
6893	596	6.95826E+01
2590	765	6.96019E+01
6826	418	6.96076E+01
6803	762	6.96254E+01
2611	730	6.96296E+01
6893	552	6.96414E+01
2717	375	6.96710E+01
2611	466	6.96734E+01
2717	688	6.96803E+01
2611	335	6.97040E+01
2505	772	6.97159E+01
6916	760	6.97247E+01
6803	234	6.97343E+01
6713	234	6.97374E+01
6893	420	6.97378E+01
6826	327	6.97447E+01
2484	723	6.97818E+01
6826	760	6.97852E+01
2484	681	6.97995E+01
6713	552	6.98270E+01
6736	677	6.98416E+01
2696	765	6.98577E+01
2611	558	6.98838E+01
2717	603	6.99066E+01
6736	327	6.99200E+01
6736	418	6.99306E+01
2717	773	6.99659E+01
2611	687	6.99900E+01
6826	278	6.99974E+01
2505	729	7.00076E+01
2590	639	7.00100E+01
6713	596	7.00373E+01
6803	369	7.00880E+01
2717	645	7.00962E+01
6826	367	7.01087E+01
6826	231	7.01179E+01
6736	278	7.01251E+01
6826	550	7.01332E+01
6893	720	7.01658E+01
2717	730	7.01824E+01
2590	421	7.02031E+01
2505	425	7.02133E+01
6736	231	7.02176E+01
2611	772	7.02367E+01
6826	594	7.02436E+01
6713	369	7.02448E+01
2505	644	7.02499E+01
2717	466	7.02571E+01
6803	329	7.02585E+01
2484	765	7.03131E+01
2717	335	7.03167E+01
2696	639	7.03357E+01
6713	329	7.03423E+01
2505	602	7.03434E+01
6736	367	7.03487E+01
6893	637	7.03988E+01
6803	637	7.04157E+01
2717	558	7.04572E+01
6803	460	7.04611E+01
6736	802	7.04678E+01
2590	807	7.05021E+01
6803	720	7.05098E+01
6713	804	7.05432E+01
2717	687	7.05440E+01
2611	729	7.05447E+01
6916	418	7.05662E+01
2484	639	7.05663E+01
6893	234	7.05670E+01
2484	421	7.05949E+01
2696	421	7.05990E+01
2505	686	7.06109E+01
6736	550	7.06597E+01
2505	814	7.06767E+01
2696	807	7.07306E+01
6893	369	7.07403E+01
2717	772	7.07682E+01
2505	771	7.07694E+01
6713	762	7.07788E+01
2611	644	7.07956E+01
6713	460	7.08125E+01
2611	425	7.08276E+01
6916	594	7.08284E+01
2590	370	7.08352E+01
2505	374	7.08379E+01
6916	550	7.08565E+01
2505	286	7.08633E+01
6916	327	7.08806E+01
6893	460	7.08852E+01
6736	594	7.08890E+01
4500	338	7.08908E+01
2611	602	7.08953E+01
4500	337	7.08992E+01
2590	330	7.09480E+01
6826	718	7.09685E+01
6736	760	7.09920E+01
6893	329	7.09986E+01
6916	718	7.10816E+01
2717	729	7.10854E+01
2611	814	7.10901E+01
6826	458	7.11106E+01
2611	686	7.11368E+01
6713	637	7.11439E+01
4500	336	7.11444E+01
6916	367	7.11714E+01
6826	635	7.11861E+01
6916	278	7.11926E+01
2484	370	7.11965E+01
2590	553	7.11996E+01
2505	728	7.12076E+01
2611	771	7.12365E+01
2696	370	7.12455E+01
6803	280	7.12718E+01
2484	330	7.12848E+01
2484	807	7.12945E+01
6713	280	7.13005E+01
6916	231	7.13468E+01
2717	644	7.13494E+01
4500	376	7.13666E+01
2696	330	7.13676E+01
4500	377	7.13691E+01
2505	465	7.13866E+01
2505	557	7.13924E+01
2717	425	7.14229E+01
2717	602	7.14573E+01
2505	334	7.14668E+01
2611	374	7.14722E+01
6736	458	7.15271E+01
6713	720	7.15272E+01
2611	286	7.15382E+01
2696	553	7.15683E+01
2717	814	7.15888E+01
6916	635	7.16295E+01
4500	335	7.16308E+01
4603	338	7.16319E+01
6893	803	7.16415E+01
4603	337	7.16492E+01
4500	375	7.16552E+01
4500	378	7.16583E+01
2484	553	7.16690E+01
2717	686	7.16809E+01
2611	728	7.16919E+01
2717	771	7.17553E+01
2590	461	7.17679E+01
2505	813	7.18263E+01
2590	597	7.18675E+01
6893	678	7.18922E+01
4603	336	7.19038E+01
2505	643	7.19224E+01
2590	722	7.19226E+01
2611	557	7.19450E+01
6736	635	7.19620E+01
2611	465	7.19645E+01
6916	458	7.19739E+01
2505	770	7.20270E+01
6736	718	7.20314E+01
4500	426	7.20525E+01
4500	427	7.20597E+01
2590	281	7.20721E+01
6803	678	7.20754E+01
2717	374	7.20787E+01
6893	280	7.20833E+01
4603	377	7.21142E+01
2505	685	7.21148E+01
2611	334	7.21200E+01
4603	376	7.21200E+01
2696	461	7.21556E+01
2717	286	7.21595E+01
2611	813	7.21873E+01
2590	764	7.21930E+01
2484	461	7.21970E+01
2696	722	7.22083E+01
2696	597	7.22198E+01
2717	728	7.22212E+01
6916	801	7.22258E+01
4500	379	7.22314E+01
4500	374	7.22408E+01
2590	680	7.22825E+01
4500	286	7.22850E+01
2505	601	7.23618E+01
4500	334	7.23629E+01
6713	233	7.23672E+01
6803	803	7.23718E+01
6803	233	7.23723E+01
2484	597	7.23830E+01
4500	425	7.23880E+01
2484	281	7.23911E+01
4603	378	7.23959E+01
4603	335	7.24000E+01
4500	428	7.24011E+01
4603	375	7.24175E+01
2611	643	7.24241E+01
2611	770	7.24409E+01
2696	764	7.24529E+01
6826	801	7.24809E+01
2696	281	7.25015E+01
6893	761	7.25098E+01
2717	557	7.25166E+01
2717	465	7.25487E+01
4397	338	7.25900E+01
2611	685	7.25918E+01
2696	680	7.25934E+01
2484	722	7.25965E+01
4397	337	7.26145E+01
6826	230	7.26294E+01
2505	727	7.26678E+01
2717	813	7.26733E+01
6736	230	7.27211E+01
2717	334	7.27360E+01
6826	676	7.27932E+01
4603	426	7.28086E+01
4603	427	7.28091E+01
4500	466	7.28474E+01
4397	336	7.28757E+01
2611	601	7.28764E+01
2505	424	7.28835E+01
2484	680	7.29014E+01
2484	764	7.29332E+01
2717	770	7.29476E+01
4500	467	7.29580E+01
6713	678	7.29589E+01
4603	379	7.29619E+01
2590	806	7.29697E+01
2717	643	7.29713E+01
4603	374	7.30126E+01
6826	277	7.30518E+01
6803	761	7.30576E+01
4603	286	7.30653E+01
4500	429	7.30686E+01
4397	377	7.30742E+01
4500	424	7.30743E+01
4500	380	7.30859E+01
6916	676	7.30881E+01
4397	376	7.30914E+01
2611	727	7.31005E+01
4500	465	7.31166E+01
2717	685	7.31269E+01
4500	373	7.31298E+01
4603	334	7.31425E+01
4603	428	7.31448E+01
4603	425	7.31516E+01
2505	812	7.31596E+01
4500	285	7.31677E+01
6736	277	7.31702E+01
6803	419	7.31977E+01
6826	326	7.31982E+01
2696	806	7.32007E+01
6893	233	7.32302E+01
2505	285	7.32856E+01
4397	378	7.33433E+01
4500	333	7.33461E+01
6736	326	7.33638E+01
4397	335	7.33778E+01
6916	759	7.33899E+01
4397	375	7.33996E+01
4500	468	7.34334E+01
2717	601	7.34345E+01
6713	419	7.34396E+01
6826	759	7.34496E+01
2611	812	7.34688E+01
2611	424	7.34772E+01
2590	638	7.34794E+01
6803	551	7.34945E+01
2505	769	7.35120E+01
2590	234	7.35124E+01
6803	595	7.35413E+01
6826	417	7.35416E+01
2505	373	7.36012E+01
4603	466	7.36036E+01
2717	727	7.36192E+01
6893	595	7.36922E+01
4603	467	7.37103E+01
6736	676	7.37133E+01
6713	803	7.37551E+01
6893	419	7.37675E+01
4397	427	7.37710E+01
4500	464	7.37779E+01
4397	426	7.37883E+01
4500	557	7.37903E+01
2484	806	7.37925E+01
4500	558	7.37954E+01
6893	551	7.37987E+01
4603	429	7.38074E+01
4603	380	7.38100E+01
2696	638	7.38167E+01
2484	234	7.38208E+01
4603	424	7.38464E+01
6736	417	7.38553E+01
6803	328	7.38711E+01
2611	769	7.38735E+01
4603	465	7.38779E+01
6826	366	7.38854E+01
6736	801	7.38921E+01
6916	230	7.38934E+01
4397	379	7.38959E+01
4603	373	7.39118E+01
2505	556	7.39397E+01
6893	719	7.39407E+01
2717	812	7.39426E+01
6713	328	7.39455E+01
2611	285	7.39484E+01
2696	234	7.39491E+01
4603	285	7.39583E+01
6713	551	7.39640E+01
2505	684	7.39649E+01
6803	368	7.39835E+01
2505	642	7.40008E+01
4397	374	7.40044E+01
2590	420	7.40295E+01
4397	286	7.40380E+01
2484	638	7.40492E+01
4500	430	7.40536E+01
2717	424	7.40748E+01
4397	428	7.40874E+01
6736	366	7.41152E+01
4500	423	7.41192E+01
4397	334	7.41259E+01
6713	368	7.41316E+01
4603	333	7.41365E+01
2505	464	7.41393E+01
6713	595	7.41425E+01
4397	425	7.41477E+01
2505	333	7.41823E+01
4603	468	7.41830E+01
4500	559	7.41856E+01
4500	556	7.41923E+01
2611	373	7.42186E+01
4500	284	7.42496E+01
4500	469	7.42563E+01
6713	761	7.42741E+01
6916	277	7.42880E+01
6826	549	7.42902E+01
6803	719	7.43077E+01
4500	372	7.43290E+01
2717	769	7.43687E+01
6916	326	7.43796E+01
2611	684	7.43949E+01
6826	593	7.44101E+01
2505	726	7.44220E+01
2484	420	7.44226E+01
2696	420	7.44406E+01
2590	329	7.44463E+01
2611	642	7.44608E+01
2611	556	7.44625E+01
6893	636	7.45278E+01
6803	636	7.45372E+01
6803	279	7.45399E+01
4603	464	7.45456E+01
4603	557	7.45478E+01
6916	417	7.45505E+01
4603	558	7.45518E+01
6713	279	7.45593E+01
2717	285	7.45732E+01
2590	369	7.45813E+01
4500	332	7.45854E+01
4397	466	7.45871E+01
6893	328	7.46428E+01
4397	467	7.46675E+01
6893	368	7.46686E+01
4500	601	7.46744E+01
6736	759	7.46912E+01
2611	464	7.46927E+01
2505	811	7.46965E+01
6803	459	7.46974E+01
4397	429	7.47293E+01
4397	380	7.47296E+01
2484	329	7.47824E+01
4500	602	7.47875E+01
4603	430	7.47884E+01
2611	726	7.48044E+01
6736	549	7.48106E+01
2611	333	7.48214E+01
2717	373	7.48283E+01
2505	600	7.48349E+01
4500	463	7.48416E+01
4397	424	7.48573E+01
2696	329	7.48800E+01
4397	465	7.48854E+01
4603	423	7.49008E+01
4397	373	7.49125E+01
2717	684	7.49221E+01
4397	285	7.49342E+01
4500	560	7.49349E+01
4603	559	7.49424E+01
2484	369	7.49427E+01
4603	556	7.49525E+01
6826	717	7.49528E+01
2611	811	7.49546E+01
4500	600	7.49638E+01
6916	366	7.49968E+01
2717	642	7.50024E+01
4603	469	7.50043E+01
2696	369	7.50066E+01
4500	555	7.50189E+01
2717	556	7.50334E+01
6916	593	7.50413E+01
6713	459	7.50445E+01
4603	284	7.50508E+01
6736	593	7.50531E+01
6916	549	7.50632E+01
6916	717	7.50900E+01
4397	468	7.51118E+01
4603	372	7.51219E+01
4397	333	7.51249E+01
6713	232	7.51331E+01
6803	232	7.51466E+01
6893	459	7.51519E+01
2590	552	7.51523E+01
2590	721	7.51830E+01
2590	763	7.52111E+01
2505	768	7.52513E+01
6893	802	7.52598E+01
4500	603	7.52715E+01
2717	464	7.52780E+01
2590	280	7.52783E+01
6713	636	7.52826E+01
6826	229	7.52884E+01
6826	457	7.52967E+01
2717	726	7.53134E+01
2611	600	7.53145E+01
4500	431	7.53460E+01
6713	719	7.53672E+01
6736	229	7.53718E+01
6893	279	7.53806E+01
4603	332	7.53870E+01
6826	634	7.54046E+01
4500	470	7.54073E+01
2717	811	7.54167E+01
4603	601	7.54315E+01
2717	333	7.54409E+01
2696	721	7.54772E+01
2696	763	7.54773E+01
4397	558	7.55194E+01
4500	422	7.55296E+01
4500	283	7.55321E+01
2696	552	7.55358E+01
4603	602	7.55477E+01
4397	557	7.55502E+01
2611	768	7.55617E+01
4397	464	7.55749E+01
4500	642	7.55750E+01
2484	280	7.55964E+01
4603	463	7.56172E+01
2484	552	7.56265E+01
4500	643	7.56459E+01
4500	599	7.56824E+01
4397	430	7.56880E+01
4603	560	7.56936E+01
6736	457	7.57034E+01
4603	600	7.57197E+01
2696	280	7.57207E+01
4603	555	7.57836E+01
2590	596	7.57950E+01
2590	805	7.58164E+01
2590	460	7.58215E+01
4500	371	7.58443E+01
2590	679	7.58652E+01
2717	600	7.58700E+01
4397	559	7.58725E+01
2484	721	7.58772E+01
4500	641	7.58909E+01
6916	634	7.58920E+01
4397	469	7.59027E+01
4397	423	7.59250E+01
2505	284	7.59387E+01
2505	423	7.59540E+01
2484	763	7.59753E+01
4397	556	7.59865E+01
4500	561	7.60142E+01
4397	284	7.60296E+01
6893	232	7.60298E+01
6736	717	7.60318E+01
4603	603	7.60365E+01
6803	802	7.60365E+01
2717	768	7.60462E+01
2696	805	7.60521E+01
4500	644	7.60653E+01
4603	431	7.60775E+01
4500	331	7.60851E+01
4500	604	7.60910E+01
6916	800	7.60925E+01
6893	677	7.61043E+01
4397	372	7.61305E+01
4603	470	7.61549E+01
2696	596	7.61615E+01
6736	634	7.61804E+01
2696	679	7.61871E+01
2505	683	7.62028E+01
6916	457	7.62126E+01
2696	460	7.62247E+01
2484	460	7.62530E+01
2590	233	7.62820E+01
4500	554	7.62832E+01
6803	677	7.62852E+01
6826	276	7.63019E+01
4500	462	7.63154E+01
2484	596	7.63180E+01
4603	422	7.63217E+01
4603	642	7.63310E+01
6826	800	7.63393E+01
4603	283	7.63445E+01
4397	332	7.63801E+01
4500	684	7.63867E+01
4603	643	7.64089E+01
6736	276	7.64107E+01
4397	601	7.64339E+01
4603	599	7.64392E+01
2505	810	7.64594E+01
4500	683	7.64721E+01
6893	760	7.64725E+01
2484	679	7.64991E+01
4397	602	7.65046E+01
2505	725	7.65080E+01
2505	641	7.65226E+01
2611	423	7.65280E+01
4397	560	7.65836E+01
6916	229	7.65875E+01
2611	683	7.65881E+01
2484	233	7.65894E+01
2611	284	7.65894E+01
4500	640	7.66278E+01
4500	685	7.66282E+01
4603	641	7.66420E+01
4603	371	7.66488E+01
2484	805	7.66651E+01
4397	463	7.66658E+01
2611	810	7.66673E+01
2505	372	7.67140E+01
2696	233	7.67300E+01
4397	600	7.67639E+01
4603	561	7.67762E+01
4500	645	7.67930E+01
4603	644	7.68373E+01
2611	725	7.68423E+01
4397	555	7.68460E+01
4500	598	7.68511E+01
4603	604	7.68625E+01
4500	471	7.68652E+01
6826	325	7.68873E+01
4603	331	7.68985E+01
4500	682	7.69256E+01
4500	432	7.69326E+01
2611	641	7.69434E+01
4397	603	7.69446E+01
4397	431	7.69535E+01
2505	555	7.69588E+01
4500	282	7.70151E+01
4397	470	7.70209E+01
6736	325	7.70421E+01
6803	760	7.70431E+01
4603	554	7.70542E+01
4603	462	7.71001E+01
6826	675	7.71015E+01
2717	683	7.71086E+01
4500	726	7.71173E+01
2717	810	7.71186E+01
4500	725	7.71254E+01
2717	423	7.71282E+01
4603	684	7.71479E+01
4500	686	7.71549E+01
2505	332	7.71893E+01
6713	677	7.71901E+01
4500	605	7.72093E+01
2717	284	7.72177E+01
4603	683	7.72229E+01
2505	767	7.72770E+01
4500	421	7.73104E+01
2611	372	7.73149E+01
4397	283	7.73258E+01
2505	463	7.73387E+01
2717	725	7.73427E+01
4397	642	7.73465E+01
4397	422	7.73577E+01
4397	643	7.73691E+01
4603	640	7.73765E+01
4500	727	7.73773E+01
4500	562	7.73931E+01
4603	685	7.74017E+01
6916	675	7.74405E+01
4500	724	7.74428E+01
2611	555	7.74537E+01
2590	637	7.74547E+01
6713	802	7.74783E+01
2717	641	7.74809E+01
4397	599	7.75213E+01
2611	767	7.75379E+01
6916	758	7.75586E+01
4603	645	7.75756E+01
6916	276	7.75794E+01
6803	418	7.75824E+01
6826	758	7.75892E+01
4603	598	7.76110E+01
4603	471	7.76134E+01
4397	561	7.76236E+01
4603	432	7.76618E+01
4397	371	7.76646E+01
4500	768	7.76675E+01
