GRAM	c2h2	chi_tot
7095	286	4.77329E+01
7185	286	4.78667E+01
7095	285	4.79276E+01
7095	335	4.79740E+01
7185	285	4.80644E+01
7095	336	4.80835E+01
7185	335	4.81026E+01
7095	334	4.81079E+01
7185	336	4.82141E+01
7185	334	4.82354E+01
7095	375	4.82467E+01
7275	286	4.82488E+01
7095	284	4.83422E+01
7095	374	4.83707E+01
7185	375	4.83711E+01
7095	376	4.84009E+01
7095	337	4.84265E+01
7275	285	4.84631E+01
7275	335	4.84689E+01
7185	284	4.84824E+01
7185	374	4.84874E+01
7095	333	4.84972E+01
7185	376	4.85342E+01
7185	337	4.85597E+01
7095	426	4.85660E+01
7275	336	4.85715E+01
7095	425	4.86081E+01
7275	334	4.86119E+01
7185	333	4.86243E+01
7185	426	4.86903E+01
7185	425	4.87154E+01
7275	375	4.87257E+01
7095	373	4.87863E+01
7095	377	4.88227E+01
7095	427	4.88348E+01
7275	374	4.88422E+01
7275	376	4.88909E+01
7095	466	4.88966E+01
7185	373	4.88967E+01
7275	284	4.88985E+01
7275	337	4.89096E+01
7185	377	4.89661E+01
7095	424	4.89740E+01
7185	427	4.89780E+01
7095	283	4.89863E+01
7095	338	4.89947E+01
7185	466	4.90108E+01
7275	333	4.90125E+01
7095	465	4.90213E+01
7275	426	4.90380E+01
7275	425	4.90482E+01
7185	424	4.90664E+01
7185	465	4.91079E+01
7095	467	4.91203E+01
7185	283	4.91304E+01
7185	338	4.91311E+01
7095	332	4.91559E+01
7275	373	4.92539E+01
7185	467	4.92650E+01
7185	332	4.92832E+01
7275	377	4.93270E+01
7275	466	4.93434E+01
7275	427	4.93441E+01
7095	557	4.93474E+01
7095	558	4.93677E+01
7275	424	4.93880E+01
7095	428	4.94046E+01
7275	465	4.94085E+01
7185	557	4.94288E+01
7275	338	4.94748E+01
7185	558	4.94914E+01
7095	378	4.95044E+01
7095	464	4.95090E+01
7095	372	4.95104E+01
7275	283	4.95649E+01
7185	428	4.95688E+01
7185	464	4.95713E+01
7185	372	4.96157E+01
7275	467	4.96349E+01
7185	378	4.96589E+01
7095	423	4.96809E+01
7095	468	4.96809E+01
7275	332	4.96847E+01
7095	556	4.97152E+01
7275	557	4.97161E+01
7185	556	4.97587E+01
7185	423	4.97605E+01
7095	559	4.97610E+01
7095	601	4.98230E+01
7275	558	4.98354E+01
7275	464	4.98454E+01
7185	468	4.98592E+01
7095	282	4.98716E+01
7185	601	4.98918E+01
7095	602	4.98947E+01
7185	559	4.99313E+01
7275	428	4.99564E+01
7275	372	4.99781E+01
7275	556	4.99968E+01
7185	282	5.00199E+01
7185	602	5.00219E+01
7275	378	5.00260E+01
7275	423	5.00748E+01
7095	331	5.01004E+01
7275	601	5.01599E+01
7095	600	5.01612E+01
7185	600	5.01775E+01
7185	331	5.02289E+01
7095	429	5.02686E+01
7275	468	5.02712E+01
7275	559	5.03392E+01
7095	603	5.03588E+01
7275	600	5.03717E+01
7275	602	5.03741E+01
7095	463	5.03774E+01
7095	642	5.04039E+01
7185	463	5.04187E+01
7095	643	5.04355E+01
7095	379	5.04408E+01
7185	642	5.04446E+01
7185	429	5.04554E+01
7275	282	5.04736E+01
7095	555	5.04877E+01
7185	555	5.04980E+01
7095	560	5.05145E+01
7185	603	5.05502E+01
7185	643	5.05510E+01
7095	371	5.05626E+01
7095	469	5.05695E+01
7185	379	5.06076E+01
7275	331	5.06454E+01
7185	371	5.06643E+01
7275	463	5.06722E+01
7275	642	5.06743E+01
7095	234	5.06816E+01
7275	555	5.06951E+01
7185	560	5.07356E+01
7095	422	5.07487E+01
7185	641	5.07718E+01
7185	469	5.07842E+01
7095	641	5.07982E+01
7185	422	5.08179E+01
7185	234	5.08484E+01
7275	429	5.08677E+01
7095	644	5.08717E+01
7275	643	5.08927E+01
7185	599	5.08970E+01
7275	641	5.09023E+01
7095	599	5.09270E+01
7275	379	5.09828E+01
7275	603	5.09958E+01
7095	684	5.10061E+01
7095	281	5.10119E+01
7275	599	5.10281E+01
7275	371	5.10347E+01
7185	644	5.10690E+01
7185	684	5.10861E+01
7185	683	5.10889E+01
7095	683	5.10988E+01
7275	422	5.11292E+01
7185	281	5.11649E+01
7095	604	5.11985E+01
7275	560	5.12143E+01
7275	469	5.12432E+01
7275	683	5.12485E+01
7095	685	5.13240E+01
7275	234	5.13487E+01
7095	330	5.13496E+01
7275	684	5.13844E+01
7095	430	5.14213E+01
7185	604	5.14593E+01
7185	330	5.14801E+01
7185	685	5.15026E+01
7275	644	5.15348E+01
7185	682	5.15371E+01
7185	640	5.15528E+01
7275	682	5.15738E+01
7275	640	5.15981E+01
7095	561	5.16167E+01
7095	682	5.16276E+01
7095	380	5.16293E+01
7185	430	5.16327E+01
7095	640	5.16382E+01
7275	281	5.16390E+01
7095	462	5.16455E+01
7095	725	5.16623E+01
7185	554	5.16643E+01
7185	462	5.16694E+01
7185	725	5.16766E+01
7095	554	5.16821E+01
7095	645	5.16903E+01
7095	470	5.17785E+01
7095	726	5.17869E+01
7185	380	5.18095E+01
7275	554	5.18290E+01
7185	724	5.18619E+01
7275	725	5.18866E+01
7185	561	5.18925E+01
7095	233	5.18965E+01
7275	462	5.19086E+01
7275	724	5.19095E+01
7275	330	5.19136E+01
7185	726	5.19144E+01
7095	724	5.19506E+01
7275	685	5.19542E+01
7095	370	5.19640E+01
7185	645	5.19762E+01
7275	604	5.20075E+01
7095	686	5.20252E+01
7185	470	5.20323E+01
7185	370	5.20637E+01
7185	598	5.20674E+01
7185	233	5.20693E+01
7275	430	5.20726E+01
7095	598	5.21367E+01
7275	598	5.21468E+01
7275	380	5.21945E+01
7095	421	5.21981E+01
7185	421	5.22593E+01
7095	727	5.22929E+01
7275	726	5.23039E+01
7185	686	5.23103E+01
7095	767	5.23541E+01
7275	681	5.23845E+01
7185	767	5.23925E+01
7185	766	5.23937E+01
7095	605	5.23971E+01
7275	723	5.24040E+01
7095	280	5.24240E+01
7275	370	5.24450E+01
7275	561	5.24485E+01
7185	681	5.24535E+01
7275	766	5.24623E+01
7095	766	5.24799E+01
7185	723	5.24997E+01
7185	727	5.25426E+01
7275	470	5.25428E+01
7275	421	5.25722E+01
7275	645	5.25771E+01
7185	280	5.25822E+01
7275	233	5.25908E+01
7095	768	5.26070E+01
7095	681	5.26143E+01
7275	767	5.26624E+01
7095	723	5.26800E+01
7275	765	5.27070E+01
7185	605	5.27326E+01
7275	639	5.27798E+01
7185	768	5.27805E+01
7185	639	5.28050E+01
7185	765	5.28195E+01
7095	431	5.28590E+01
7095	646	5.28688E+01
7095	329	5.29231E+01
7275	686	5.29285E+01
7095	639	5.29405E+01
7095	765	5.30185E+01
7185	808	5.30298E+01
7095	562	5.30562E+01
7185	329	5.30566E+01
7275	280	5.30777E+01
7095	687	5.30813E+01
7095	809	5.30814E+01
7185	431	5.30966E+01
7275	808	5.31173E+01
7095	808	5.31206E+01
7275	727	5.31269E+01
7185	809	5.31348E+01
7095	728	5.31469E+01
7275	807	5.31834E+01
7095	769	5.32021E+01
7185	646	5.32494E+01
7275	768	5.32692E+01
7185	553	5.32729E+01
7095	471	5.33008E+01
7185	807	5.33131E+01
7095	553	5.33136E+01
7095	461	5.33304E+01
7095	232	5.33331E+01
7185	461	5.33407E+01
7095	810	5.33805E+01
7185	562	5.33904E+01
7275	605	5.33918E+01
7275	722	5.33962E+01
7275	553	5.34145E+01
7275	764	5.34299E+01
7275	809	5.34595E+01
7185	687	5.34801E+01
7275	329	5.35089E+01
7185	232	5.35120E+01
7185	769	5.35196E+01
7185	728	5.35269E+01
7095	807	5.35364E+01
7275	431	5.35670E+01
7275	461	5.35725E+01
7185	810	5.35880E+01
7185	471	5.35963E+01
7185	722	5.36143E+01
7275	806	5.36978E+01
7275	680	5.36995E+01
7185	764	5.37012E+01
7185	597	5.37021E+01
7095	369	5.37340E+01
7275	597	5.37423E+01
7095	597	5.38037E+01
7185	369	5.38334E+01
7185	680	5.38556E+01
7095	722	5.38739E+01
7095	606	5.39378E+01
7095	811	5.39780E+01
7275	646	5.39958E+01
7095	764	5.39997E+01
7185	806	5.40215E+01
7275	562	5.40302E+01
7095	420	5.40466E+01
7275	232	5.40554E+01
7095	680	5.40758E+01
7095	770	5.41018E+01
7185	420	5.41026E+01
7095	279	5.41255E+01
7275	471	5.41627E+01
7275	810	5.41669E+01
7275	369	5.42289E+01
7275	769	5.42422E+01
7275	687	5.42768E+01
7185	279	5.42892E+01
7095	729	5.43149E+01
7275	728	5.43197E+01
7185	811	5.43481E+01
7185	606	5.43527E+01
7095	806	5.43635E+01
7095	647	5.43838E+01
7275	420	5.44218E+01
7275	638	5.44603E+01
7095	688	5.44631E+01
7185	638	5.45399E+01
7185	770	5.45708E+01
7095	432	5.45782E+01
7275	763	5.46579E+01
7275	805	5.46943E+01
7095	638	5.47164E+01
7275	279	5.48074E+01
7095	563	5.48215E+01
7185	729	5.48322E+01
7095	812	5.48350E+01
7095	328	5.48384E+01
7185	432	5.48438E+01
7185	647	5.48648E+01
7275	721	5.49047E+01
7185	328	5.49758E+01
7185	688	5.49819E+01
7095	231	5.50061E+01
7185	763	5.50631E+01
7095	472	5.51294E+01
7275	606	5.51310E+01
7185	805	5.51860E+01
7185	231	5.51913E+01
7275	811	5.51951E+01
7185	563	5.52178E+01
7185	721	5.52225E+01
7095	771	5.52684E+01
7185	552	5.53342E+01
7275	432	5.53474E+01
7185	812	5.53741E+01
7095	552	5.53920E+01
7095	460	5.54438E+01
7185	460	5.54446E+01
7095	763	5.54464E+01
7275	328	5.54490E+01
7275	552	5.54625E+01
7185	472	5.54693E+01
7275	679	5.55296E+01
7275	770	5.55401E+01
7095	721	5.55481E+01
7095	805	5.56312E+01
7275	460	5.56761E+01
7185	679	5.57528E+01
7275	231	5.57573E+01
7095	730	5.57623E+01
7275	647	5.57663E+01
7095	607	5.58028E+01
7185	596	5.58081E+01
7275	596	5.58220E+01
7275	729	5.58453E+01
7095	368	5.58869E+01
7185	771	5.58953E+01
7095	813	5.59141E+01
7095	596	5.59345E+01
7275	563	5.59472E+01
7275	688	5.59680E+01
7185	368	5.59877E+01
7095	679	5.60208E+01
7275	472	5.60957E+01
7095	278	5.61317E+01
7095	689	5.61403E+01
7275	804	5.61982E+01
7095	648	5.62110E+01
7185	278	5.63016E+01
7185	607	5.63017E+01
7095	419	5.63050E+01
7185	419	5.63585E+01
7275	368	5.64007E+01
7275	762	5.64075E+01
7185	730	5.64228E+01
7275	812	5.65006E+01
7185	813	5.66274E+01
7275	637	5.66433E+01
7095	772	5.66658E+01
7275	419	5.66893E+01
7185	637	5.67608E+01
7185	689	5.67848E+01
7185	648	5.67977E+01
7185	804	5.68288E+01
7275	278	5.68435E+01
7095	564	5.69005E+01
7185	762	5.69197E+01
7095	230	5.69301E+01
7275	720	5.69371E+01
7095	637	5.69684E+01
7095	327	5.71073E+01
7185	230	5.71219E+01
7275	771	5.71220E+01
7095	814	5.71814E+01
2827	233	5.71937E+01
7275	607	5.72067E+01
2827	234	5.72074E+01
7185	327	5.72497E+01
7095	473	5.72574E+01
7185	720	5.73305E+01
7095	804	5.73602E+01
7185	564	5.73625E+01
7095	762	5.73719E+01
2827	232	5.73730E+01
7095	731	5.74543E+01
7185	772	5.74554E+01
2933	233	5.75415E+01
2933	234	5.75557E+01
2827	281	5.75748E+01
2827	280	5.76035E+01
7185	473	5.76442E+01
7275	730	5.76663E+01
7095	720	5.77078E+01
7275	230	5.77110E+01
2933	232	5.77203E+01
7275	327	5.77458E+01
2827	231	5.77570E+01
2827	282	5.77801E+01
7185	551	5.78485E+01
7275	648	5.78631E+01
7275	678	5.78737E+01
2827	279	5.78816E+01
3039	233	5.79162E+01
7095	551	5.79177E+01
2933	281	5.79225E+01
3039	234	5.79233E+01
2933	280	5.79497E+01
7275	689	5.79699E+01
7095	608	5.79734E+01
7275	551	5.79738E+01
2827	330	5.79798E+01
7185	459	5.79832E+01
7095	459	5.79877E+01
7275	813	5.80421E+01
2827	329	5.80522E+01
7185	814	5.80725E+01
7095	690	5.80816E+01
3039	232	5.81023E+01
2933	231	5.81039E+01
2933	282	5.81294E+01
7185	678	5.81432E+01
2827	331	5.81860E+01
7275	564	5.81873E+01
2827	283	5.82058E+01
7275	459	5.82220E+01
7275	803	5.82220E+01
2933	279	5.82266E+01
7095	773	5.82596E+01
7185	731	5.82630E+01
3039	281	5.82901E+01
7095	649	5.83247E+01
3039	280	5.83251E+01
2933	330	5.83266E+01
7275	473	5.83348E+01
2827	230	5.83591E+01
7185	595	5.83818E+01
7275	595	5.83829E+01
2933	329	5.83959E+01
2827	370	5.84076E+01
2827	328	5.84211E+01
2827	278	5.84250E+01
7095	367	5.84272E+01
7095	678	5.84467E+01
7095	277	5.84528E+01
3039	282	5.84894E+01
3039	231	5.84934E+01
7095	595	5.85251E+01
7185	367	5.85312E+01
2933	331	5.85363E+01
2827	371	5.85538E+01
2933	283	5.85568E+01
7185	608	5.85606E+01
2827	369	5.85808E+01
3039	279	5.86100E+01
7185	277	5.86294E+01
2827	332	5.86536E+01
7275	761	5.86815E+01
3039	330	5.86939E+01
2933	230	5.87056E+01
2933	370	5.87519E+01
2933	328	5.87619E+01
2933	278	5.87688E+01
3039	329	5.87714E+01
2827	284	5.88410E+01
7185	690	5.88567E+01
2827	421	5.88767E+01
3039	331	5.88959E+01
2933	371	5.89042E+01
3039	283	5.89095E+01
2933	369	5.89196E+01
7275	772	5.89480E+01
7185	803	5.89601E+01
7275	367	5.89651E+01
7095	418	5.89732E+01
2827	372	5.90009E+01
2933	332	5.90076E+01
7185	649	5.90218E+01
7185	418	5.90272E+01
2827	422	5.90349E+01
2827	420	5.90675E+01
2827	368	5.90901E+01
2827	327	5.91017E+01
3039	230	5.91028E+01
7095	229	5.91168E+01
3039	370	5.91202E+01
3039	328	5.91459E+01
3039	278	5.91606E+01
2827	229	5.91920E+01
2933	284	5.91938E+01
7275	277	5.91962E+01
7185	773	5.92157E+01
2933	421	5.92188E+01
2827	277	5.92471E+01
3039	371	5.92647E+01
7185	761	5.92720E+01
7095	565	5.92806E+01
3039	369	5.92961E+01
7185	229	5.93155E+01
7275	636	5.93197E+01
7095	732	5.93573E+01
2933	372	5.93580E+01
3039	332	5.93597E+01
2827	333	5.93671E+01
7275	418	5.93746E+01
2933	422	5.93866E+01
2933	420	5.94009E+01
2933	368	5.94241E+01
2827	462	5.94334E+01
2933	327	5.94401E+01
2827	461	5.94435E+01
7185	636	5.94577E+01
7275	719	5.94865E+01
2827	423	5.95246E+01
2933	229	5.95381E+01
3039	284	5.95394E+01
7095	803	5.95593E+01
3039	421	5.95856E+01
2933	277	5.95898E+01
7275	608	5.95994E+01
2827	419	5.96212E+01
2827	285	5.96762E+01
7095	636	5.96865E+01
3039	372	5.97111E+01
2933	333	5.97252E+01
2827	373	5.97312E+01
7095	326	5.97321E+01
7275	731	5.97454E+01
3039	422	5.97460E+01
3039	420	5.97756E+01
2933	461	5.97763E+01
7095	761	5.97766E+01
2933	462	5.97795E+01
7275	814	5.97820E+01
2827	463	5.97887E+01
3039	368	5.98092E+01
7185	565	5.98116E+01
2827	460	5.98323E+01
3039	327	5.98328E+01
7185	326	5.98805E+01
2933	423	5.98871E+01
7275	229	5.99284E+01
7185	719	5.99302E+01
3039	229	5.99432E+01
2827	367	5.99464E+01
2933	419	5.99470E+01
2827	553	5.99871E+01
3039	277	5.99902E+01
2933	285	6.00310E+01
2827	554	6.00465E+01
3039	333	6.00701E+01
2933	373	6.00956E+01
2827	326	6.01033E+01
3039	462	6.01407E+01
3039	461	6.01447E+01
2933	463	6.01496E+01
2933	460	6.01534E+01
3039	423	6.02394E+01
7275	690	6.02492E+01
7095	691	6.02553E+01
7275	649	6.02592E+01
2827	228	6.02651E+01
2933	367	6.02762E+01
2827	334	6.03138E+01
2933	553	6.03165E+01
7185	732	6.03181E+01
2827	552	6.03219E+01
2827	424	6.03282E+01
3039	419	6.03301E+01
7095	719	6.03447E+01
2827	276	6.03555E+01
3039	285	6.03697E+01
2933	554	6.03942E+01
7275	326	6.04016E+01
7095	609	6.04295E+01
2933	326	6.04395E+01
3039	373	6.04416E+01
2827	555	6.04890E+01
2827	464	6.04936E+01
3039	463	6.05043E+01
3039	460	6.05295E+01
2827	418	6.05444E+01
2827	459	6.06069E+01
2933	228	6.06109E+01
2827	597	6.06317E+01
2933	552	6.06353E+01
2827	598	6.06660E+01
3039	367	6.06702E+01
2933	334	6.06762E+01
3039	553	6.06810E+01
2933	276	6.06973E+01
7095	650	6.06976E+01
2933	424	6.07023E+01
2827	286	6.07029E+01
7275	677	6.07157E+01
2827	374	6.07294E+01
7275	565	6.07375E+01
3039	554	6.07525E+01
7275	802	6.07624E+01
7185	550	6.08028E+01
3039	326	6.08413E+01
2933	555	6.08572E+01
2933	418	6.08639E+01
2933	464	6.08708E+01
7095	550	6.08772E+01
2933	459	6.09182E+01
7275	550	6.09354E+01
7185	458	6.09451E+01
7095	458	6.09505E+01
2933	597	6.09522E+01
7275	773	6.09809E+01
2827	596	6.10040E+01
3039	552	6.10068E+01
2933	598	6.10096E+01
7185	677	6.10102E+01
3039	334	6.10141E+01
3039	228	6.10241E+01
3039	424	6.10481E+01
2827	551	6.10561E+01
2933	286	6.10598E+01
7095	276	6.10896E+01
2827	599	6.10978E+01
2933	374	6.11016E+01
3039	276	6.11065E+01
7185	609	6.11089E+01
2828	650	6.11457E+01
2827	366	6.11510E+01
7185	691	6.11652E+01
7275	458	6.11987E+01
3039	555	6.12099E+01
3039	464	6.12194E+01
2828	609	6.12359E+01
3039	418	6.12559E+01
7185	276	6.12734E+01
2827	556	6.13004E+01
3039	459	6.13026E+01
2933	596	6.13043E+01
2827	639	6.13135E+01
3039	597	6.13140E+01
7095	677	6.13369E+01
7095	366	6.13460E+01
2933	551	6.13560E+01
3039	598	6.13661E+01
2827	638	6.13853E+01
3039	286	6.13917E+01
7185	594	6.14050E+01
7275	594	6.14070E+01
2827	325	6.14256E+01
2827	425	6.14305E+01
3039	374	6.14408E+01
7185	366	6.14552E+01
7275	760	6.14662E+01
2933	599	6.14676E+01
2934	650	6.14740E+01
2933	366	6.14773E+01
2827	335	6.14828E+01
7185	650	6.15094E+01
2827	465	6.15324E+01
7095	594	6.15572E+01
7095	228	6.15715E+01
7185	802	6.15749E+01
2827	227	6.15818E+01
2934	609	6.16053E+01
2827	142	6.16145E+01
1312	284	6.16375E+01
2933	639	6.16446E+01
2827	640	6.16473E+01
2828	691	6.16620E+01
3039	596	6.16724E+01
2933	638	6.16889E+01
2933	556	6.16911E+01
1312	283	6.17170E+01
3039	551	6.17352E+01
2827	275	6.17491E+01
2933	325	6.17601E+01
2827	458	6.17650E+01
1312	285	6.17703E+01
7185	228	6.17772E+01
2827	595	6.17846E+01
2933	425	6.18172E+01
3039	599	6.18196E+01
2827	417	6.18335E+01
2933	335	6.18499E+01
3040	650	6.18547E+01
7275	276	6.18662E+01
2827	637	6.18696E+01
3039	366	6.18807E+01
2828	565	6.18970E+01
7275	366	6.19134E+01
2827	600	6.19140E+01
2934	691	6.19207E+01
2933	465	6.19273E+01
2933	227	6.19274E+01
1312	333	6.19605E+01
2933	142	6.19620E+01
2827	375	6.19834E+01
3039	639	6.19996E+01
3040	609	6.20007E+01
2933	640	6.20097E+01
1312	282	6.20198E+01
1312	332	6.20360E+01
7095	417	6.20360E+01
3039	556	6.20389E+01
2827	680	6.20457E+01
7275	732	6.20464E+01
3039	638	6.20483E+01
2933	595	6.20679E+01
2933	458	6.20682E+01
2828	608	6.20890E+01
2933	275	6.20902E+01
7185	417	6.20934E+01
7185	760	6.21054E+01
1312	286	6.21055E+01
2828	649	6.21078E+01
1312	334	6.21311E+01
2933	417	6.21478E+01
2933	637	6.21494E+01
1312	234	6.21566E+01
3039	425	6.21567E+01
3039	325	6.21712E+01
3039	335	6.21810E+01
2827	550	6.21853E+01
2827	681	6.22081E+01
7095	802	6.22224E+01
1312	373	6.22658E+01
3039	465	6.22704E+01
3040	691	6.22845E+01
2934	565	6.22850E+01
7275	609	6.22883E+01
2827	679	6.22894E+01
2933	600	6.23126E+01
3039	227	6.23489E+01
2933	680	6.23536E+01
3039	640	6.23614E+01
2933	375	6.23640E+01
1312	331	6.23730E+01
2827	641	6.23741E+01
3039	142	6.23871E+01
2934	649	6.23986E+01
1312	374	6.24052E+01
1312	372	6.24053E+01
7275	228	6.24145E+01
2934	608	6.24266E+01
3039	595	6.24431E+01
3039	458	6.24615E+01
7275	417	6.24629E+01
7275	635	6.24647E+01
2827	557	6.24662E+01
2933	550	6.24741E+01
3039	275	6.25083E+01
3039	637	6.25144E+01
7275	718	6.25291E+01
1312	335	6.25344E+01
3039	417	6.25490E+01
2933	681	6.25514E+01
1312	281	6.25590E+01
2933	679	6.25664E+01
1312	424	6.25745E+01
7185	635	6.26058E+01
7095	760	6.26449E+01
3039	600	6.26610E+01
2827	365	6.26927E+01
3040	565	6.26954E+01
3039	375	6.26967E+01
7095	325	6.27016E+01
3039	680	6.27066E+01
1312	423	6.27228E+01
2828	564	6.27259E+01
1312	425	6.27308E+01
2827	636	6.27640E+01
2827	682	6.27644E+01
2933	641	6.27711E+01
7275	691	6.27722E+01
3040	649	6.27834E+01
2828	690	6.28033E+01
1312	375	6.28081E+01
1312	233	6.28149E+01
2827	426	6.28200E+01
3040	608	6.28280E+01
1312	371	6.28420E+01
7095	635	6.28456E+01
7185	325	6.28570E+01
3039	550	6.28618E+01
2827	336	6.28648E+01
2827	722	6.28689E+01
2828	732	6.28696E+01
2933	557	6.28813E+01
2827	466	6.28923E+01
3039	681	6.29021E+01
3039	679	6.29231E+01
7275	650	6.29259E+01
2827	721	6.29333E+01
1312	464	6.29416E+01
2827	678	6.29430E+01
1312	465	6.29436E+01
2827	594	6.29651E+01
1312	330	6.29893E+01
7185	718	6.29976E+01
2933	365	6.30163E+01
2827	141	6.30202E+01
2934	690	6.30202E+01
2933	636	6.30241E+01
2934	732	6.30259E+01
2827	324	6.30556E+01
2934	564	6.30887E+01
2827	601	6.30994E+01
3039	641	6.31205E+01
2827	226	6.31369E+01
2933	682	6.31472E+01
2828	473	6.31571E+01
1312	336	6.31591E+01
1312	426	6.31765E+01
2933	722	6.31799E+01
2827	723	6.31927E+01
2933	678	6.31939E+01
1312	422	6.31943E+01
2933	721	6.32063E+01
2933	426	6.32200E+01
3039	557	6.32248E+01
2933	594	6.32347E+01
2933	336	6.32368E+01
2828	607	6.32587E+01
1312	466	6.32651E+01
1312	463	6.32753E+01
2827	457	6.32916E+01
1312	556	6.32951E+01
2933	466	6.33062E+01
1312	557	6.33379E+01
1312	280	6.33504E+01
2933	141	6.33676E+01
3040	732	6.33680E+01
2828	648	6.33855E+01
3040	690	6.33863E+01
2933	324	6.33887E+01
3039	636	6.33959E+01
2827	720	6.33961E+01
7275	325	6.34049E+01
2827	274	6.34154E+01
3039	365	6.34293E+01
7095	718	6.34343E+01
1312	376	6.34622E+01
2827	416	6.34710E+01
2827	642	6.34770E+01
2933	226	6.34822E+01
2827	376	6.34841E+01
3039	682	6.34970E+01
3040	564	6.35072E+01
3039	722	6.35283E+01
2933	601	6.35292E+01
2933	723	6.35466E+01
2934	473	6.35490E+01
3039	426	6.35537E+01
3039	678	6.35557E+01
3039	721	6.35562E+01
3039	336	6.35614E+01
2934	607	6.35662E+01
2933	457	6.35886E+01
1312	370	6.35961E+01
1312	555	6.36027E+01
3039	594	6.36180E+01
2933	720	6.36364E+01
2934	648	6.36408E+01
3039	466	6.36442E+01
1312	232	6.36811E+01
2827	549	6.36928E+01
2827	683	6.36967E+01
1312	558	6.37158E+01
2827	763	6.37190E+01
1312	601	6.37396E+01
1312	600	6.37514E+01
2933	274	6.37560E+01
2827	764	6.37689E+01
2933	416	6.37814E+01
7275	801	6.37974E+01
3039	141	6.37999E+01
3039	324	6.38093E+01
2828	563	6.38606E+01
2933	376	6.38735E+01
3039	601	6.38749E+01
2827	724	6.38863E+01
1312	467	6.38931E+01
3039	723	6.38949E+01
1312	427	6.39000E+01
1312	329	6.39041E+01
2933	642	6.39118E+01
3039	226	6.39120E+01
1312	462	6.39624E+01
2933	549	6.39730E+01
2827	558	6.39732E+01
3040	607	6.39746E+01
3040	473	6.39777E+01
2933	763	6.39839E+01
3039	720	6.39895E+01
3039	457	6.39913E+01
1312	337	6.39952E+01
2827	677	6.39998E+01
1312	421	6.40089E+01
7275	676	6.40229E+01
3040	648	6.40307E+01
7095	275	6.40307E+01
2828	472	6.40367E+01
2827	762	6.40451E+01
2827	635	6.40550E+01
1312	602	6.40745E+01
2933	764	6.40784E+01
2933	683	6.41228E+01
1312	599	6.41255E+01
7185	549	6.41668E+01
2827	765	6.41782E+01
3039	274	6.41831E+01
3039	416	6.41923E+01
2934	563	6.41997E+01
3039	376	6.42001E+01
1312	642	6.42043E+01
7185	275	6.42221E+01
2933	677	6.42296E+01
2828	731	6.42357E+01
7095	549	6.42406E+01
2828	689	6.42531E+01
2827	719	6.42578E+01
3039	642	6.42600E+01
2933	762	6.42712E+01
1312	554	6.42765E+01
2933	724	6.42876E+01
7095	227	6.42901E+01
2933	635	6.42997E+01
7185	457	6.43016E+01
7095	457	6.43035E+01
7275	549	6.43172E+01
7185	676	6.43210E+01
3039	763	6.43280E+01
2934	731	6.43479E+01
1312	641	6.43532E+01
1312	377	6.43578E+01
3039	549	6.43698E+01
1312	643	6.44078E+01
2934	472	6.44103E+01
1312	279	6.44109E+01
2933	558	6.44145E+01
1312	559	6.44157E+01
3039	764	6.44232E+01
2934	689	6.44305E+01
2827	337	6.44521E+01
2933	719	6.44710E+01
3039	683	6.44728E+01
2827	427	6.44888E+01
7185	227	6.45031E+01
2827	593	6.45246E+01
2933	765	6.45373E+01
2827	364	6.45458E+01
2827	467	6.45637E+01
7275	457	6.45775E+01
2827	805	6.45902E+01
3039	677	6.45978E+01
2827	140	6.46128E+01
3039	762	6.46165E+01
7095	365	6.46179E+01
3040	563	6.46268E+01
3039	724	6.46375E+01
2827	602	6.46382E+01
7185	801	6.46503E+01
7095	676	6.46585E+01
3039	635	6.46793E+01
1312	369	6.46871E+01
3040	731	6.46910E+01
2827	806	6.46912E+01
7275	759	6.47294E+01
7185	365	6.47340E+01
1312	603	6.47410E+01
2828	606	6.47533E+01
3039	558	6.47543E+01
2827	761	6.47546E+01
1312	231	6.47687E+01
2933	593	6.47839E+01
3040	689	6.48001E+01
1312	468	6.48175E+01
1312	684	6.48230E+01
1312	683	6.48239E+01
3039	719	6.48290E+01
2933	337	6.48293E+01
2827	804	6.48341E+01
2933	805	6.48399E+01
7275	275	6.48417E+01
7185	593	6.48425E+01
3040	472	6.48486E+01
7275	593	6.48591E+01
2828	773	6.48642E+01
2933	364	6.48675E+01
7095	142	6.48699E+01
1312	640	6.48712E+01
1312	598	6.48769E+01
2934	773	6.48834E+01
3039	765	6.48846E+01
1312	428	6.48927E+01
2933	427	6.49031E+01
2827	225	6.49139E+01
2827	766	6.49229E+01
2827	725	6.49260E+01
2827	643	6.49370E+01
1312	644	6.49454E+01
2933	761	6.49480E+01
2933	140	6.49601E+01
2827	323	6.49664E+01
2827	684	6.49828E+01
2933	806	6.49909E+01
2828	647	6.49929E+01
7095	593	6.49958E+01
2933	467	6.49978E+01
1312	461	6.50199E+01
2934	606	6.50327E+01
1312	338	6.50346E+01
2828	432	6.50378E+01
2933	804	6.50396E+01
7185	142	6.50945E+01
2933	602	6.51018E+01
2827	807	6.51150E+01
1312	328	6.51353E+01
3039	337	6.51476E+01
1312	685	6.51535E+01
2827	456	6.51576E+01
7275	227	6.51652E+01
3039	593	6.51761E+01
1312	682	6.51768E+01
3039	805	6.51786E+01
1312	420	6.51843E+01
3040	773	6.51975E+01
2828	471	6.51977E+01
2934	647	6.52148E+01
7275	365	6.52197E+01
2827	377	6.52250E+01
3039	427	6.52313E+01
2933	225	6.52591E+01
3039	364	6.52903E+01
3039	761	6.52964E+01
2933	323	6.52986E+01
2828	562	6.53045E+01
7095	801	6.53266E+01
2827	273	6.53295E+01
3039	467	6.53311E+01
1312	553	6.53314E+01
3039	806	6.53324E+01
2933	766	6.53364E+01
3039	804	6.53774E+01
2933	725	6.53787E+01
7185	759	6.53875E+01
3039	140	6.53997E+01
2933	643	6.54125E+01
2827	415	6.54253E+01
1312	560	6.54262E+01
2934	432	6.54271E+01
2827	803	6.54364E+01
2827	676	6.54412E+01
1312	725	6.54451E+01
3039	602	6.54453E+01
3040	606	6.54489E+01
2933	456	6.54501E+01
2933	684	6.54557E+01
7095	416	6.54612E+01
2933	807	6.54700E+01
1312	378	6.54877E+01
2827	718	6.55067E+01
1312	726	6.55119E+01
7185	416	6.55250E+01
2827	548	6.55479E+01
2934	471	6.55544E+01
2933	803	6.56044E+01
3040	647	6.56110E+01
2934	562	6.56216E+01
2933	377	6.56238E+01
2933	676	6.56548E+01
2933	273	6.56696E+01
3039	766	6.56878E+01
3039	225	6.56971E+01
2933	718	6.56988E+01
1312	724	6.57032E+01
2827	634	6.57169E+01
1312	604	6.57244E+01
3039	323	6.57286E+01
3039	725	6.57315E+01
2933	415	6.57330E+01
1312	278	6.57565E+01
3039	643	6.57604E+01
2827	568	6.57660E+01
1312	639	6.57729E+01
7275	142	6.57834E+01
1312	686	6.57932E+01
1312	645	6.57988E+01
3039	684	6.58071E+01
2827	559	6.58102E+01
3039	807	6.58163E+01
2933	548	6.58221E+01
2827	808	6.58340E+01
2827	760	6.58435E+01
3039	456	6.58626E+01
3040	432	6.58789E+01
1312	727	6.58790E+01
1312	681	6.58999E+01
2828	730	6.59024E+01
7275	416	6.59214E+01
3039	803	6.59435E+01
3039	377	6.59443E+01
7095	759	6.59448E+01
2933	634	6.59503E+01
2934	730	6.59728E+01
2827	767	6.59747E+01
7095	324	6.59882E+01
3040	471	6.60024E+01
2933	760	6.60108E+01
2828	431	6.60160E+01
1312	597	6.60183E+01
7275	717	6.60237E+01
1312	469	6.60304E+01
2828	688	6.60308E+01
3039	676	6.60308E+01
2933	568	6.60341E+01
7275	634	6.60361E+01
3040	562	6.60580E+01
3039	718	6.60631E+01
1312	230	6.60919E+01
3039	273	6.61058E+01
1312	368	6.61307E+01
1312	429	6.61482E+01
7185	324	6.61516E+01
3039	415	6.61538E+01
7185	634	6.61634E+01
1312	767	6.61645E+01
2934	688	6.61710E+01
1312	768	6.62244E+01
3039	548	6.62285E+01
2827	338	6.62390E+01
2933	808	6.62487E+01
2933	559	6.62795E+01
2827	726	6.62842E+01
1312	723	6.63084E+01
3040	730	6.63183E+01
3039	634	6.63386E+01
3039	760	6.63642E+01
2827	139	6.63743E+01
2934	431	6.63937E+01
1312	766	6.63951E+01
2827	802	6.64003E+01
7095	634	6.64043E+01
2827	592	6.64293E+01
2827	428	6.64320E+01
3039	568	6.64390E+01
2933	767	6.64465E+01
2934	772	6.64532E+01
1312	460	6.64605E+01
7122	607	6.64783E+01
2828	772	6.64785E+01
7122	648	6.64846E+01
7185	717	6.64917E+01
7122	606	6.64994E+01
2827	603	6.65151E+01
1312	728	6.65197E+01
2933	802	6.65378E+01
2827	468	6.65398E+01
3040	688	6.65455E+01
1312	769	6.65469E+01
7122	647	6.65510E+01
2828	605	6.65810E+01
7122	563	6.65873E+01
2827	685	6.65981E+01
3039	808	6.66016E+01
7122	689	6.66149E+01
3039	559	6.66161E+01
2933	338	6.66218E+01
2828	470	6.66428E+01
7122	562	6.66603E+01
2827	363	6.66713E+01
2933	592	6.66814E+01
1312	327	6.66969E+01
1312	687	6.67186E+01
2933	139	6.67215E+01
7275	324	6.67281E+01
1312	419	6.67333E+01
2827	644	6.67338E+01
1312	561	6.67369E+01
7122	690	6.67376E+01
7122	649	6.67488E+01
3040	772	6.67676E+01
1312	552	6.67777E+01
7122	608	6.67910E+01
2933	726	6.67918E+01
3039	767	6.68035E+01
7122	688	6.68141E+01
2827	809	6.68164E+01
2934	605	6.68343E+01
7122	564	6.68399E+01
1312	379	6.68474E+01
7122	731	6.68508E+01
3040	431	6.68555E+01
2933	428	6.68615E+01
7122	605	6.68673E+01
7122	471	6.68745E+01
3039	802	6.68803E+01
2827	224	6.68850E+01
3039	338	6.69339E+01
7095	717	6.69360E+01
7122	730	6.69375E+01
1312	765	6.69420E+01
2828	646	6.69431E+01
1312	646	6.69487E+01
7122	472	6.69651E+01
1312	810	6.69663E+01
7122	646	6.69674E+01
1312	809	6.69735E+01
2934	470	6.69837E+01
2933	363	6.69918E+01
2933	468	6.69955E+01
1312	680	6.70067E+01
1312	605	6.70103E+01
2933	603	6.70145E+01
7122	732	6.70473E+01
2828	561	6.70623E+01
7122	561	6.70666E+01
1312	638	6.70686E+01
3039	592	6.70832E+01
7122	470	6.70888E+01
1312	770	6.71030E+01
2827	322	6.71179E+01
2827	717	6.71187E+01
2933	685	6.71207E+01
2934	646	6.71342E+01
7122	773	6.71407E+01
3039	726	6.71490E+01
7122	691	6.71564E+01
3039	139	6.71683E+01
1312	811	6.71829E+01
3039	428	6.71843E+01
2827	378	6.72021E+01
7122	772	6.72068E+01
2933	224	6.72301E+01
1312	808	6.72336E+01
2827	675	6.72358E+01
2828	430	6.72498E+01
7095	274	6.72500E+01
2933	644	6.72525E+01
7095	226	6.72567E+01
3040	605	6.72591E+01
1312	722	6.72788E+01
7275	800	6.72862E+01
2933	809	6.72946E+01
2827	759	6.72950E+01
2933	717	6.72954E+01
7122	431	6.72968E+01
2827	768	6.73018E+01
2827	455	6.73199E+01
7122	650	6.73235E+01
3039	468	6.73245E+01
7212	606	6.73345E+01
7122	729	6.73368E+01
7212	647	6.73493E+01
7122	473	6.73565E+01
3039	603	6.73567E+01
2934	561	6.73590E+01
7122	687	6.73603E+01
7212	648	6.73709E+01
7212	607	6.73826E+01
1312	277	6.73992E+01
1312	729	6.74069E+01
7122	565	6.74108E+01
7122	432	6.74201E+01
7122	609	6.74241E+01
3039	363	6.74242E+01
2933	675	6.74382E+01
3040	470	6.74419E+01
2933	759	6.74428E+01
7212	689	6.74465E+01
7122	430	6.74491E+01
2933	322	6.74495E+01
7185	274	6.74495E+01
2827	272	6.74537E+01
3039	685	6.74746E+01
7185	226	6.74771E+01
7212	563	6.74868E+01
7095	141	6.75034E+01
7212	562	6.75096E+01
2828	380	6.75156E+01
1312	470	6.75244E+01
3040	646	6.75377E+01
7212	688	6.75408E+01
7122	771	6.75469E+01
1312	596	6.75568E+01
7122	814	6.75675E+01
2934	814	6.75741E+01
1312	812	6.75942E+01
7122	604	6.75949E+01
3039	644	6.76010E+01
2933	455	6.76097E+01
2933	378	6.76108E+01
7122	469	6.76136E+01
2934	430	6.76167E+01
7212	605	6.76381E+01
2827	414	6.76511E+01
3039	809	6.76556E+01
1312	430	6.76612E+01
1312	229	6.76632E+01
7212	730	6.76672E+01
3039	717	6.76677E+01
3039	224	6.76763E+01
7212	690	6.76803E+01
7212	646	6.76838E+01
7212	731	6.77061E+01
2827	547	6.77073E+01
2827	633	6.77113E+01
2827	801	6.77167E+01
2828	814	6.77272E+01
7212	649	6.77287E+01
7185	141	6.77345E+01
7275	675	6.77453E+01
7122	645	6.77527E+01
7212	471	6.77607E+01
7212	608	6.77694E+01
1312	807	6.77744E+01
7212	564	6.77933E+01
2933	272	6.77935E+01
7122	380	6.77953E+01
3039	759	6.78029E+01
3040	561	6.78051E+01
7122	560	6.78148E+01
3039	675	6.78231E+01
1312	764	6.78271E+01
2933	801	6.78308E+01
2933	768	6.78351E+01
3040	814	6.78529E+01
1312	771	6.78637E+01
7212	561	6.78695E+01
7122	429	6.78812E+01
7212	472	6.78867E+01
3039	322	6.78890E+01
2828	729	6.78928E+01
7185	548	6.78928E+01
2934	380	6.79034E+01
1312	688	6.79056E+01
7212	772	6.79170E+01
7122	813	6.79177E+01
2934	729	6.79240E+01
3039	378	6.79255E+01
2827	727	6.79311E+01
2827	567	6.79345E+01
1312	367	6.79349E+01
2933	633	6.79373E+01
7212	470	6.79424E+01
7212	729	6.79475E+01
2933	414	6.79573E+01
7095	548	6.79601E+01
2827	560	6.79673E+01
2933	547	6.79778E+01
7212	687	6.79889E+01
7212	773	6.79931E+01
7095	456	6.80003E+01
7185	456	6.80060E+01
7122	379	6.80228E+01
7185	675	6.80266E+01
2827	810	6.80285E+01
3039	455	6.80322E+01
7212	732	6.80336E+01
7185	568	6.80373E+01
7275	548	6.80707E+01
7122	728	6.80784E+01
3040	430	6.80888E+01
7275	274	6.80967E+01
7212	771	6.81205E+01
7095	568	6.81278E+01
7185	800	6.81456E+01
2828	687	6.81546E+01
7275	226	6.81643E+01
1312	813	6.81724E+01
7275	568	6.81758E+01
3039	801	6.81788E+01
7122	770	6.81928E+01
7212	431	6.81938E+01
2933	567	6.81987E+01
3039	768	6.81992E+01
7095	364	6.82003E+01
7212	691	6.82154E+01
7212	814	6.82212E+01
3039	272	6.82386E+01
2934	687	6.82604E+01
3040	729	6.82733E+01
2827	138	6.82767E+01
7122	686	6.82781E+01
1312	459	6.82889E+01
7212	604	6.83068E+01
7275	456	6.83112E+01
7212	473	6.83160E+01
2934	771	6.83192E+01
7185	364	6.83250E+01
7212	430	6.83263E+01
3039	633	6.83353E+01
1312	562	6.83376E+01
7212	432	6.83385E+01
7095	675	6.83629E+01
1312	647	6.83752E+01
2828	469	6.83764E+01
3040	380	6.83828E+01
2828	771	6.83867E+01
3039	414	6.83880E+01
7212	645	6.83935E+01
3039	547	6.83943E+01
7212	650	6.84020E+01
7275	758	6.84212E+01
7212	813	6.84215E+01
7212	565	6.84219E+01
1312	380	6.84338E+01
7212	469	6.84372E+01
7275	141	6.84450E+01
7122	468	6.84561E+01
2933	560	6.84662E+01
7212	609	6.84810E+01
2933	727	6.84965E+01
7122	378	6.85030E+01
1312	679	6.85049E+01
1312	730	6.85125E+01
2827	686	6.85162E+01
7122	812	6.85368E+01
2933	810	6.85733E+01
7212	560	6.85753E+01
7212	728	6.85774E+01
1312	606	6.85839E+01
1312	326	6.85946E+01
7122	428	6.85992E+01
3039	567	6.86137E+01
1312	551	6.86184E+01
1312	806	6.86210E+01
2933	138	6.86238E+01
1312	721	6.86264E+01
2827	591	6.86331E+01
3040	771	6.86354E+01
7212	770	6.86365E+01
3040	687	6.86410E+01
7185	592	6.86428E+01
2827	429	6.86462E+01
1312	418	6.86592E+01
2828	379	6.86615E+01
7275	592	6.86866E+01
7212	380	6.86935E+01
7122	603	6.86958E+01
2934	469	6.87029E+01
2827	604	6.87148E+01
7212	429	6.87403E+01
2828	429	6.87446E+01
2828	604	6.87505E+01
1312	637	6.87616E+01
7095	592	6.87896E+01
3039	560	6.88001E+01
1312	772	6.88004E+01
2827	469	6.88152E+01
7212	686	6.88160E+01
7095	800	6.88312E+01
7275	364	6.88409E+01
2827	645	6.88460E+01
3039	727	6.88592E+01
2827	769	6.88708E+01
2933	591	6.88812E+01
1312	814	6.88916E+01
7212	812	6.88965E+01
7302	647	6.89115E+01
7212	379	6.89120E+01
7122	559	6.89149E+01
7122	644	6.89255E+01
7122	338	6.89426E+01
3039	810	6.89438E+01
7302	606	6.89511E+01
2934	604	6.89799E+01
7302	688	6.90038E+01
2827	223	6.90116E+01
2827	362	6.90180E+01
2934	379	6.90432E+01
7302	648	6.90547E+01
2827	716	6.90572E+01
7302	689	6.90614E+01
1312	763	6.90671E+01
7185	758	6.90691E+01
3039	138	6.90778E+01
2827	758	6.90795E+01
7302	607	6.90884E+01
2933	686	6.90912E+01
2933	429	6.90917E+01
2934	429	6.91017E+01
7302	646	6.91347E+01
2828	560	6.91400E+01
7302	730	6.91470E+01
7302	562	6.91569E+01
3040	469	6.91715E+01
7302	605	6.91740E+01
7122	769	6.91769E+01
7122	727	6.91912E+01
7302	563	6.91913E+01
7095	415	6.91990E+01
2933	758	6.92144E+01
2933	716	6.92243E+01
7122	377	6.92424E+01
7302	729	6.92492E+01
2828	645	6.92496E+01
2933	604	6.92521E+01
7212	468	6.92525E+01
7185	415	6.92718E+01
1312	471	6.92924E+01
3039	591	6.92931E+01
2933	469	6.92937E+01
7302	687	6.93118E+01
1312	689	6.93287E+01
2933	362	6.93380E+01
2827	674	6.93407E+01
1312	276	6.93430E+01
7212	603	6.93541E+01
2933	223	6.93565E+01
2827	800	6.93631E+01
7302	731	6.93755E+01
7212	378	6.93844E+01
7302	771	6.93859E+01
7302	772	6.93939E+01
2934	813	6.93991E+01
3039	429	6.94094E+01
2933	645	6.94103E+01
2934	645	6.94123E+01
2827	379	6.94140E+01
3040	604	6.94141E+01
2934	560	6.94181E+01
1312	431	6.94275E+01
2827	811	6.94360E+01
7212	428	6.94423E+01
3039	686	6.94488E+01
7302	690	6.94578E+01
7122	811	6.94579E+01
2827	321	6.94592E+01
2933	800	6.94613E+01
7302	471	6.94649E+01
7302	561	6.94660E+01
2933	769	6.94685E+01
1312	228	6.94898E+01
1312	595	6.94911E+01
7212	644	6.94974E+01
7212	769	6.94989E+01
3040	379	6.95327E+01
2933	674	6.95366E+01
7302	649	6.95439E+01
7095	323	6.95480E+01
7302	564	6.95613E+01
7302	608	6.95726E+01
3039	758	6.95829E+01
3040	429	6.95842E+01
7212	727	6.95869E+01
7122	685	6.95913E+01
3039	604	6.95936E+01
2828	813	6.95952E+01
3039	716	6.96059E+01
7122	427	6.96119E+01
7302	813	6.96136E+01
7302	470	6.96179E+01
3039	469	6.96187E+01
7302	472	6.96239E+01
7122	467	6.96256E+01
7095	758	6.96273E+01
7212	559	6.96371E+01
7122	337	6.96433E+01
7302	814	6.96517E+01
3040	813	6.96781E+01
7212	811	6.96808E+01
7302	773	6.96917E+01
7275	415	6.96998E+01
7302	770	6.97027E+01
7302	728	6.97140E+01
7185	323	6.97203E+01
2827	454	6.97245E+01
2827	271	6.97401E+01
7302	645	6.97440E+01
3039	645	6.97603E+01
7302	604	6.97708E+01
3039	362	6.97801E+01
2933	321	6.97906E+01
1312	805	6.97934E+01
1312	731	6.98080E+01
3039	223	6.98107E+01
3039	800	6.98168E+01
3040	645	6.98242E+01
2933	379	6.98332E+01
2827	728	6.98356E+01
3039	769	6.98410E+01
7212	338	6.98467E+01
7302	812	6.98610E+01
3040	560	6.98744E+01
1312	773	6.98861E+01
7302	732	6.99025E+01
7275	716	6.99121E+01
7302	431	6.99269E+01
3039	674	6.99314E+01
7275	633	6.99756E+01
2827	632	6.99889E+01
7302	686	7.00117E+01
2933	454	7.00132E+01
7212	685	7.00464E+01
2828	378	7.00490E+01
2933	811	7.00496E+01
7302	430	7.00508E+01
1312	648	7.00572E+01
7185	633	7.00730E+01
2933	271	7.00798E+01
7302	432	7.00829E+01
7302	469	7.00885E+01
7302	473	7.00904E+01
2827	413	7.00925E+01
1312	366	7.00957E+01
2827	546	7.01168E+01
7212	377	7.01171E+01
7302	560	7.01276E+01
3039	379	7.01423E+01
7302	691	7.01652E+01
7122	602	7.01845E+01
2933	632	7.02113E+01
1312	563	7.02173E+01
2934	728	7.02240E+01
2828	728	7.02290E+01
3039	321	7.02393E+01
7122	376	7.02503E+01
7302	565	7.02595E+01
2827	137	7.02841E+01
7095	633	7.03058E+01
7275	323	7.03265E+01
7095	140	7.03287E+01
2827	566	7.03527E+01
1312	720	7.03552E+01
7185	716	7.03556E+01
7302	650	7.03576E+01
7122	558	7.03791E+01
7302	769	7.03800E+01
2933	546	7.03859E+01
7302	609	7.03895E+01
1312	678	7.03932E+01
7212	467	7.03978E+01
2933	413	7.03981E+01
2828	468	7.04060E+01
2934	378	7.04252E+01
1312	607	7.04292E+01
7302	811	7.04306E+01
3039	811	7.04309E+01
2827	561	7.04346E+01
7212	427	7.04407E+01
7095	225	7.04421E+01
3039	454	7.04459E+01
7302	380	7.04553E+01
7302	429	7.04591E+01
2933	728	7.04613E+01
1312	458	7.04984E+01
7122	643	7.05044E+01
2934	770	7.05076E+01
2828	428	7.05084E+01
7122	768	7.05318E+01
3039	271	7.05335E+01
7212	337	7.05472E+01
7185	140	7.05663E+01
7302	727	7.05730E+01
3040	728	7.05786E+01
7122	336	7.05860E+01
2828	770	7.06144E+01
2933	566	7.06154E+01
3039	632	7.06197E+01
2933	137	7.06312E+01
2828	686	7.06421E+01
2827	770	7.06480E+01
7185	225	7.06701E+01
1312	762	7.06712E+01
7302	379	7.06812E+01
7122	726	7.07037E+01
7095	273	7.07066E+01
2827	687	7.07098E+01
7122	810	7.07153E+01
2934	686	7.07165E+01
2934	468	7.07193E+01
7212	768	7.07414E+01
7302	603	7.07555E+01
7302	644	7.07592E+01
7095	716	7.07936E+01
7212	602	7.07949E+01
7212	810	7.08103E+01
3039	546	7.08128E+01
1312	325	7.08223E+01
3040	770	7.08271E+01
3039	728	7.08308E+01
3039	413	7.08388E+01
1312	550	7.08448E+01
1312	636	7.08453E+01
2934	428	7.08565E+01
7302	468	7.08841E+01
2828	338	7.09066E+01
7185	273	7.09145E+01
3040	378	7.09249E+01
7122	426	7.09305E+01
1312	417	7.09526E+01
1312	690	7.09611E+01
2933	561	7.09649E+01
2827	812	7.10055E+01
7212	726	7.10055E+01
7212	643	7.10147E+01
3039	566	7.10408E+01
7212	558	7.10672E+01
2827	590	7.10806E+01
3039	137	7.10921E+01
3040	686	7.11045E+01
7212	376	7.11196E+01
7302	685	7.11289E+01
2827	430	7.11292E+01
7122	466	7.11346E+01
7302	559	7.11521E+01
2827	757	7.11559E+01
7302	428	7.11583E+01
7302	378	7.11628E+01
7275	799	7.11697E+01
3040	468	7.11987E+01
2827	605	7.12214E+01
2827	222	7.12466E+01
2827	646	7.12517E+01
1312	732	7.12657E+01
2828	603	7.12716E+01
2827	715	7.12753E+01
2933	757	7.12840E+01
3039	561	7.12966E+01
7275	140	7.12986E+01
2934	338	7.12992E+01
2827	799	7.13051E+01
1312	804	7.13055E+01
2933	770	7.13123E+01
7122	684	7.13231E+01
1312	472	7.13270E+01
2933	590	7.13274E+01
2933	687	7.13396E+01
3040	428	7.13497E+01
7302	810	7.13609E+01
7275	225	7.13824E+01
2827	470	7.13842E+01
2933	799	7.13945E+01
2933	715	7.14379E+01
1312	432	7.14427E+01
7302	768	7.14538E+01
2934	603	7.14795E+01
7212	336	7.14906E+01
2934	812	7.15158E+01
2827	361	7.15266E+01
7122	375	7.15390E+01
2828	559	7.15460E+01
1312	227	7.15711E+01
1312	275	7.15814E+01
7275	273	7.15896E+01
2933	222	7.15914E+01
2933	430	7.15915E+01
3039	757	7.16625E+01
7302	338	7.16800E+01
2828	377	7.16873E+01
2933	812	7.16898E+01
3039	770	7.16943E+01
3039	687	7.17019E+01
2827	673	7.17032E+01
7212	684	7.17045E+01
7212	426	7.17470E+01
3039	590	7.17500E+01
2828	812	7.17522E+01
3039	799	7.17593E+01
7122	335	7.17821E+01
3040	812	7.17965E+01
2933	605	7.17985E+01
2934	559	7.18073E+01
1312	594	7.18082E+01
3040	338	7.18113E+01
7275	674	7.18178E+01
3039	715	7.18299E+01
2933	361	7.18467E+01
7302	726	7.18573E+01
2827	380	7.18611E+01
2933	646	7.18638E+01
1312	142	7.18668E+01
7212	466	7.18856E+01
2933	470	7.18868E+01
2933	673	7.18970E+01
3039	430	7.19044E+01
7302	377	7.19067E+01
7185	547	7.19172E+01
3040	603	7.19239E+01
2828	644	7.19255E+01
2827	320	7.19323E+01
2827	729	7.19657E+01
1312	649	7.19718E+01
7095	547	7.19727E+01
7095	455	7.19780E+01
7185	455	7.19950E+01
7185	799	7.20034E+01
7302	467	7.20147E+01
7095	363	7.20348E+01
3039	222	7.20534E+01
2934	377	7.20587E+01
2934	644	7.20627E+01
7185	674	7.20630E+01
7122	601	7.20768E+01
7185	567	7.20800E+01
3039	812	7.20829E+01
7275	547	7.21315E+01
2827	270	7.21335E+01
3039	605	7.21400E+01
7302	602	7.21433E+01
7302	427	7.21570E+01
7095	567	7.21584E+01
7185	363	7.21696E+01
7302	643	7.22001E+01
3039	470	7.22080E+01
3039	646	7.22162E+01
7122	557	7.22222E+01
7275	567	7.22555E+01
2933	320	7.22638E+01
3040	559	7.22744E+01
7122	286	7.22830E+01
7122	767	7.22892E+01
2933	380	7.22914E+01
3039	361	7.22983E+01
3039	673	7.23025E+01
2827	453	7.23100E+01
7212	809	7.23214E+01
7275	455	7.23360E+01
7122	809	7.23439E+01
2827	136	7.23545E+01
1312	564	7.23642E+01
2828	337	7.23804E+01
7095	674	7.23870E+01
7212	767	7.23971E+01
7302	337	7.24006E+01
7212	375	7.24041E+01
1312	719	7.24582E+01
2933	270	7.24734E+01
7275	757	7.24751E+01
3040	644	7.24840E+01
2827	631	7.24920E+01
7122	642	7.25082E+01
1312	608	7.25289E+01
2828	427	7.25520E+01
7302	558	7.25521E+01
3040	377	7.25688E+01
7122	425	7.25698E+01
1312	365	7.25946E+01
3039	380	7.25950E+01
2933	453	7.25991E+01
2827	771	7.26000E+01
1312	761	7.26383E+01
7122	725	7.26432E+01
7212	601	7.26453E+01
2933	729	7.26539E+01
1312	677	7.26586E+01
7095	799	7.26798E+01
2827	412	7.26869E+01
7212	335	7.26880E+01
7302	684	7.26886E+01
7302	809	7.26913E+01
2933	136	7.27015E+01
2827	813	7.27061E+01
2933	631	7.27141E+01
2827	545	7.27153E+01
7275	363	7.27181E+01
3039	320	7.27215E+01
7185	591	7.27394E+01
2828	467	7.27418E+01
2934	337	7.27711E+01
1312	691	7.27754E+01
7275	591	7.28223E+01
7212	725	7.28614E+01
7095	591	7.28729E+01
7212	557	7.28808E+01
2934	427	7.28923E+01
2934	727	7.28943E+01
7302	376	7.29225E+01
2828	727	7.29321E+01
3039	270	7.29354E+01
7302	767	7.29593E+01
7212	642	7.29646E+01
2933	545	7.29849E+01
2933	412	7.29930E+01
7122	465	7.29992E+01
3039	729	7.30312E+01
3039	453	7.30419E+01
2934	769	7.30434E+01
2934	467	7.30434E+01
1312	457	7.30674E+01
7185	757	7.30858E+01
7122	374	7.31235E+01
3039	631	7.31333E+01
2827	688	7.31508E+01
1312	803	7.31618E+01
3039	136	7.31691E+01
7095	414	7.31840E+01
2828	769	7.31861E+01
2827	562	7.32015E+01
7212	286	7.32208E+01
7122	334	7.32440E+01
2827	381	7.32543E+01
3040	727	7.32558E+01
7185	414	7.32683E+01
3040	337	7.32931E+01
1312	635	7.33005E+01
7095	139	7.33157E+01
7095	322	7.33220E+01
2933	771	7.33325E+01
1312	324	7.33594E+01
7302	336	7.33655E+01
3040	769	7.33679E+01
7212	425	7.33761E+01
3040	427	7.33964E+01
3039	545	7.34222E+01
1312	549	7.34339E+01
3039	412	7.34434E+01
2933	813	7.34624E+01
7302	426	7.34672E+01
2827	756	7.34732E+01
7302	466	7.34930E+01
7122	683	7.34958E+01
2827	798	7.34976E+01
7185	322	7.35038E+01
2828	685	7.35104E+01
3040	467	7.35339E+01
2827	221	7.35383E+01
2934	685	7.35566E+01
7185	139	7.35598E+01
2933	381	7.35680E+01
2933	798	7.35849E+01
1312	416	7.35886E+01
2828	376	7.35888E+01
7302	725	7.35967E+01
2933	756	7.36005E+01
1312	473	7.36205E+01
7095	757	7.36293E+01
7122	285	7.36877E+01
2827	589	7.37095E+01
2827	714	7.37167E+01
3039	771	7.37250E+01
7275	414	7.37316E+01
7212	465	7.37321E+01
2933	562	7.37645E+01
7095	224	7.38039E+01
7212	683	7.38127E+01
2933	688	7.38373E+01
3039	813	7.38682E+01
2827	431	7.38790E+01
2933	714	7.38798E+01
2933	221	7.38832E+01
1312	226	7.38962E+01
2827	647	7.39277E+01
1312	141	7.39446E+01
7302	601	7.39509E+01
2934	811	7.39513E+01
3040	685	7.39534E+01
2934	376	7.39560E+01
2933	589	7.39576E+01
3039	798	7.39604E+01
7212	374	7.39856E+01
3039	756	7.39900E+01
