GRAM	c2h2	chi_tot
891	803	2.71916E+01
891	802	2.72092E+01
1001	803	2.72245E+01
1001	802	2.72298E+01
891	761	2.73083E+01
891	760	2.73085E+01
1001	760	2.73325E+01
1001	761	2.73424E+01
1111	802	2.73589E+01
1111	803	2.73619E+01
891	804	2.73699E+01
1001	804	2.74171E+01
891	801	2.74319E+01
1001	801	2.74426E+01
891	719	2.74438E+01
891	718	2.74501E+01
1111	760	2.74656E+01
1001	718	2.74759E+01
1001	719	2.74773E+01
1111	761	2.74818E+01
891	762	2.75230E+01
891	759	2.75311E+01
1001	759	2.75470E+01
1111	804	2.75653E+01
1111	801	2.75661E+01
1001	762	2.75691E+01
891	677	2.75957E+01
1111	718	2.76124E+01
1111	719	2.76177E+01
1001	677	2.76280E+01
891	676	2.76383E+01
1001	676	2.76652E+01
891	720	2.76702E+01
1111	759	2.76766E+01
891	717	2.76942E+01
1001	720	2.77133E+01
1001	717	2.77140E+01
1111	762	2.77172E+01
891	805	2.77296E+01
1111	677	2.77692E+01
891	635	2.77745E+01
1001	805	2.77927E+01
891	678	2.78021E+01
1111	676	2.78051E+01
1001	635	2.78055E+01
1001	678	2.78412E+01
1111	717	2.78492E+01
1111	720	2.78598E+01
891	800	2.78624E+01
1001	800	2.78655E+01
891	634	2.78901E+01
1001	634	2.79182E+01
891	636	2.79205E+01
891	675	2.79305E+01
891	763	2.79388E+01
1111	635	2.79485E+01
1001	675	2.79536E+01
1111	805	2.79542E+01
1001	636	2.79557E+01
891	758	2.79757E+01
1001	758	2.79857E+01
1111	678	2.79859E+01
1111	800	2.79863E+01
1001	763	2.79987E+01
891	593	2.80112E+01
1001	593	2.80420E+01
891	594	2.80470E+01
1111	634	2.80624E+01
1001	594	2.80796E+01
1111	675	2.80945E+01
1111	636	2.80994E+01
1111	758	2.81145E+01
891	721	2.81173E+01
1111	763	2.81577E+01
891	716	2.81714E+01
1001	721	2.81715E+01
1001	716	2.81872E+01
1111	593	2.81885E+01
1111	594	2.82240E+01
891	549	2.82397E+01
891	592	2.82430E+01
891	679	2.82478E+01
891	806	2.82536E+01
891	633	2.82619E+01
1001	549	2.82716E+01
1001	592	2.82731E+01
1001	633	2.82883E+01
1001	679	2.82953E+01
891	568	2.83194E+01
891	637	2.83229E+01
1111	716	2.83234E+01
1111	721	2.83264E+01
1001	806	2.83341E+01
1001	568	2.83513E+01
891	595	2.83527E+01
1001	637	2.83636E+01
891	548	2.83710E+01
891	550	2.83824E+01
1001	595	2.83879E+01
1001	548	2.84035E+01
1001	550	2.84146E+01
1111	549	2.84199E+01
1111	592	2.84234E+01
1111	633	2.84357E+01
1111	679	2.84455E+01
891	674	2.84623E+01
1001	674	2.84833E+01
1001	799	2.84929E+01
891	799	2.84949E+01
1111	568	2.85034E+01
1111	637	2.85098E+01
1111	806	2.85107E+01
891	457	2.85207E+01
1111	595	2.85319E+01
891	764	2.85384E+01
1001	457	2.85531E+01
1111	548	2.85564E+01
1111	550	2.85596E+01
891	456	2.86133E+01
1001	764	2.86135E+01
1111	799	2.86140E+01
1111	674	2.86272E+01
891	757	2.86324E+01
1001	757	2.86388E+01
1001	456	2.86475E+01
891	458	2.87029E+01
1111	457	2.87037E+01
891	591	2.87282E+01
1001	458	2.87338E+01
891	567	2.87354E+01
1001	591	2.87587E+01
891	547	2.87639E+01
891	722	2.87680E+01
1001	567	2.87681E+01
1111	757	2.87694E+01
1111	764	2.87855E+01
1001	547	2.87976E+01
891	551	2.87998E+01
1111	456	2.88038E+01
891	416	2.88310E+01
1001	551	2.88328E+01
1001	722	2.88347E+01
1001	416	2.88644E+01
891	715	2.88668E+01
891	632	2.88724E+01
1111	458	2.88797E+01
1001	715	2.88804E+01
1001	632	2.88985E+01
1111	591	2.89142E+01
891	680	2.89170E+01
891	596	2.89195E+01
891	807	2.89237E+01
1111	567	2.89258E+01
1111	547	2.89563E+01
1001	596	2.89584E+01
891	417	2.89606E+01
891	455	2.89671E+01
891	415	2.89681E+01
891	638	2.89684E+01
1001	680	2.89740E+01
1111	551	2.89760E+01
1001	417	2.89912E+01
1111	722	2.89999E+01
1001	455	2.90035E+01
1001	415	2.90046E+01
1001	638	2.90157E+01
1111	416	2.90194E+01
1111	715	2.90202E+01
1001	807	2.90230E+01
1111	632	2.90509E+01
1111	596	2.91036E+01
1111	680	2.91316E+01
1111	417	2.91400E+01
891	459	2.91610E+01
1111	638	2.91662E+01
1111	415	2.91664E+01
1111	455	2.91665E+01
1001	459	2.91909E+01
891	365	2.92025E+01
891	673	2.92125E+01
1111	807	2.92165E+01
1001	673	2.92328E+01
1001	365	2.92354E+01
891	364	2.92377E+01
1001	364	2.92745E+01
891	765	2.93032E+01
1001	798	2.93093E+01
891	798	2.93140E+01
1111	459	2.93334E+01
891	414	2.93547E+01
891	418	2.93625E+01
1111	673	2.93819E+01
891	566	2.93857E+01
1001	418	2.93903E+01
1111	365	2.93916E+01
891	546	2.93930E+01
1001	414	2.93944E+01
1001	765	2.93947E+01
1001	566	2.94200E+01
891	366	2.94257E+01
1001	546	2.94284E+01
1111	798	2.94336E+01
1111	364	2.94380E+01
891	590	2.94406E+01
1001	366	2.94546E+01
1001	590	2.94722E+01
891	756	2.94813E+01
891	552	2.94817E+01
1001	756	2.94861E+01
1001	552	2.95162E+01
891	363	2.95180E+01
1111	418	2.95340E+01
891	454	2.95561E+01
1001	363	2.95587E+01
1111	414	2.95637E+01
1111	765	2.95813E+01
1111	566	2.95846E+01
891	324	2.95851E+01
1111	546	2.95941E+01
1001	454	2.95950E+01
891	723	2.96031E+01
1111	366	2.96041E+01
1001	324	2.96202E+01
1111	756	2.96212E+01
1111	590	2.96343E+01
1111	552	2.96589E+01
891	323	2.96776E+01
1001	723	2.96835E+01
891	631	2.96931E+01
1001	323	2.97173E+01
1001	631	2.97199E+01
891	808	2.97228E+01
1111	363	2.97299E+01
891	597	2.97315E+01
891	325	2.97315E+01
891	714	2.97550E+01
1001	325	2.97619E+01
1111	454	2.97655E+01
1001	714	2.97683E+01
1001	597	2.97748E+01
1111	324	2.97828E+01
891	681	2.97902E+01
891	639	2.98382E+01
1001	808	2.98419E+01
1001	681	2.98579E+01
1111	723	2.98607E+01
1111	631	2.98789E+01
891	460	2.98862E+01
1111	323	2.98875E+01
1001	639	2.98930E+01
891	367	2.99095E+01
1111	714	2.99137E+01
1001	460	2.99154E+01
1111	325	2.99172E+01
1111	597	2.99228E+01
1001	367	2.99343E+01
891	413	2.99621E+01
891	322	2.99941E+01
1001	413	3.00050E+01
891	362	3.00192E+01
891	274	3.00196E+01
1111	681	3.00246E+01
891	419	3.00315E+01
1001	322	3.00380E+01
1111	639	3.00495E+01
1111	808	3.00537E+01
1111	460	3.00555E+01
1001	419	3.00568E+01
1001	274	3.00576E+01
1001	362	3.00636E+01
1111	367	3.00778E+01
891	275	3.00979E+01
891	326	3.01213E+01
1001	275	3.01309E+01
1001	326	3.01467E+01
891	672	3.01494E+01
891	273	3.01560E+01
1001	672	3.01705E+01
1111	413	3.01822E+01
1111	419	3.01962E+01
1001	273	3.01987E+01
891	766	3.02147E+01
1111	322	3.02161E+01
891	545	3.02224E+01
1111	274	3.02274E+01
1111	362	3.02428E+01
1001	545	3.02601E+01
1001	797	3.02902E+01
1111	275	3.02934E+01
1111	326	3.02951E+01
891	797	3.02952E+01
1001	766	3.03237E+01
1111	672	3.03264E+01
891	589	3.03435E+01
891	453	3.03440E+01
1111	273	3.03760E+01
1001	589	3.03769E+01
1001	453	3.03857E+01
891	276	3.03963E+01
891	553	3.04107E+01
1111	797	3.04202E+01
1001	276	3.04241E+01
1111	545	3.04337E+01
1001	553	3.04473E+01
891	226	3.04732E+01
891	272	3.04914E+01
891	755	3.04928E+01
1001	755	3.04981E+01
891	321	3.05089E+01
1001	226	3.05130E+01
1111	766	3.05264E+01
1001	272	3.05383E+01
891	227	3.05465E+01
1111	589	3.05468E+01
1001	321	3.05567E+01
1111	453	3.05643E+01
1111	276	3.05794E+01
1001	227	3.05815E+01
891	225	3.05863E+01
1111	553	3.05909E+01
891	724	3.06033E+01
1001	225	3.06306E+01
891	809	3.06349E+01
1111	755	3.06398E+01
891	368	3.06464E+01
1001	368	3.06672E+01
891	630	3.06857E+01
1111	226	3.06884E+01
1001	724	3.06984E+01
891	361	3.07075E+01
1001	630	3.07143E+01
1111	272	3.07233E+01
1111	321	3.07428E+01
891	327	3.07486E+01
1111	227	3.07501E+01
891	412	3.07522E+01
1001	361	3.07555E+01
891	598	3.07680E+01
1001	327	3.07690E+01
1001	809	3.07746E+01
1001	412	3.07982E+01
891	713	3.08011E+01
1111	368	3.08053E+01
891	228	3.08123E+01
1111	225	3.08129E+01
1001	713	3.08157E+01
1001	598	3.08164E+01
1001	228	3.08421E+01
891	682	3.08472E+01
891	461	3.08615E+01
891	224	3.08719E+01
1111	630	3.08811E+01
1111	724	3.08892E+01
1001	461	3.08905E+01
891	277	3.09109E+01
1111	327	3.09110E+01
891	640	3.09113E+01
1001	224	3.09203E+01
1001	682	3.09265E+01
1001	277	3.09332E+01
1111	361	3.09428E+01
891	420	3.09539E+01
1111	598	3.09686E+01
1111	713	3.09686E+01
891	141	3.09689E+01
1001	640	3.09744E+01
1001	420	3.09768E+01
891	142	3.09836E+01
1111	412	3.09838E+01
891	271	3.10002E+01
1111	228	3.10040E+01
1111	809	3.10061E+01
1001	141	3.10120E+01
1001	142	3.10226E+01
1111	461	3.10293E+01
1001	271	3.10510E+01
1111	277	3.10818E+01
891	381	3.10907E+01
891	140	3.10991E+01
1111	682	3.11039E+01
1111	224	3.11096E+01
1111	420	3.11128E+01
1111	640	3.11384E+01
1001	381	3.11392E+01
1001	140	3.11461E+01
891	320	3.11879E+01
1111	141	3.11953E+01
1111	142	3.11999E+01
891	544	3.12088E+01
891	671	3.12329E+01
1001	320	3.12393E+01
1111	271	3.12435E+01
1001	544	3.12492E+01
1001	671	3.12560E+01
891	767	3.12562E+01
891	229	3.12687E+01
891	452	3.12875E+01
1001	229	3.12932E+01
891	223	3.13085E+01
1111	381	3.13293E+01
1001	452	3.13321E+01
1111	140	3.13353E+01
1001	223	3.13606E+01
891	139	3.13609E+01
1001	767	3.13835E+01
891	588	3.13932E+01
1001	796	3.14022E+01
891	796	3.14055E+01
1001	139	3.14114E+01
1111	671	3.14202E+01
1001	588	3.14291E+01
1111	544	3.14312E+01
1111	320	3.14333E+01
1111	229	3.14486E+01
1111	452	3.15191E+01
10519	797	3.15242E+01
1111	796	3.15403E+01
891	360	3.15422E+01
1111	223	3.15567E+01
10519	756	3.15642E+01
891	554	3.15655E+01
10519	714	3.15681E+01
10519	755	3.15926E+01
1001	360	3.15935E+01
891	328	3.16007E+01
1111	767	3.16038E+01
1001	554	3.16046E+01
1111	139	3.16065E+01
1111	588	3.16075E+01
1001	328	3.16160E+01
891	369	3.16217E+01
10519	673	3.16272E+01
891	754	3.16297E+01
891	278	3.16311E+01
1001	754	3.16372E+01
1001	369	3.16386E+01
891	810	3.16457E+01
1001	278	3.16477E+01
891	270	3.16491E+01
10519	798	3.16506E+01
891	411	3.16811E+01
10519	672	3.16831E+01
10519	631	3.16922E+01
10519	715	3.16982E+01
1001	270	3.17034E+01
10519	796	3.17183E+01
1001	411	3.17303E+01
891	138	3.17363E+01
10519	632	3.17428E+01
1111	554	3.17503E+01
891	725	3.17506E+01
1111	328	3.17521E+01
10519	713	3.17530E+01
10519	590	3.17589E+01
1111	369	3.17720E+01
1111	754	3.17874E+01
1111	360	3.17890E+01
1111	278	3.17899E+01
1001	138	3.17900E+01
891	629	3.18061E+01
1001	810	3.18069E+01
10519	566	3.18281E+01
1001	629	3.18373E+01
1001	725	3.18613E+01
10519	546	3.18617E+01
891	222	3.18688E+01
10519	757	3.18749E+01
10519	591	3.18809E+01
10519	674	3.18979E+01
1111	270	3.19033E+01
10435	797	3.19070E+01
891	230	3.19074E+01
10519	754	3.19176E+01
1111	411	3.19242E+01
1001	222	3.19242E+01
1001	230	3.19263E+01
10519	589	3.19310E+01
10519	630	3.19342E+01
10435	714	3.19516E+01
10435	756	3.19608E+01
10435	755	3.19622E+01
891	712	3.19638E+01
10519	567	3.19722E+01
1001	712	3.19810E+01
1111	138	3.19909E+01
891	319	3.19918E+01
10519	454	3.19919E+01
10519	545	3.20034E+01
10519	547	3.20071E+01
891	599	3.20072E+01
1111	629	3.20129E+01
10519	671	3.20222E+01
10435	673	3.20245E+01
10435	672	3.20464E+01
1001	319	3.20465E+01
10435	798	3.20535E+01
1111	810	3.20591E+01
1001	599	3.20614E+01
891	462	3.20658E+01
10435	631	3.20662E+01
1111	725	3.20670E+01
891	683	3.20689E+01
10435	796	3.20746E+01
1111	230	3.20755E+01
1001	462	3.20949E+01
10519	455	3.20998E+01
10435	713	3.21039E+01
10435	715	3.21098E+01
891	421	3.21104E+01
10519	633	3.21248E+01
1111	222	3.21270E+01
891	339	3.21301E+01
1001	421	3.21311E+01
10519	799	3.21331E+01
10435	590	3.21404E+01
1111	712	3.21429E+01
10435	632	3.21528E+01
10519	453	3.21540E+01
1001	683	3.21606E+01
891	641	3.21672E+01
10519	413	3.21753E+01
10519	414	3.21754E+01
10519	716	3.21794E+01
10519	795	3.21842E+01
1001	339	3.21844E+01
891	137	3.22041E+01
10519	712	3.22045E+01
10435	566	3.22116E+01
1111	599	3.22189E+01
1111	462	3.22335E+01
1001	641	3.22394E+01
10435	546	3.22451E+01
1111	319	3.22483E+01
10435	754	3.22555E+01
1001	137	3.22607E+01
1111	421	3.22646E+01
10435	630	3.22700E+01
10435	589	3.22726E+01
10435	757	3.22924E+01
10435	591	3.23008E+01
891	543	3.23059E+01
10435	674	3.23253E+01
10519	362	3.23305E+01
10519	592	3.23324E+01
10351	797	3.23354E+01
891	451	3.23405E+01
10435	545	3.23452E+01
10435	671	3.23488E+01
1001	543	3.23492E+01
1111	683	3.23499E+01
10519	588	3.23510E+01
10435	454	3.23678E+01
10351	714	3.23766E+01
10519	363	3.23846E+01
1111	339	3.23863E+01
10351	755	3.23873E+01
10351	756	3.23878E+01
10519	544	3.23880E+01
1001	451	3.23881E+01
10435	567	3.23959E+01
891	269	3.24011E+01
1111	641	3.24121E+01
891	768	3.24127E+01
10519	412	3.24156E+01
891	670	3.24186E+01
10519	629	3.24196E+01
10435	547	3.24312E+01
10519	568	3.24404E+01
1001	670	3.24447E+01
10351	673	3.24509E+01
10519	415	3.24511E+01
1001	269	3.24585E+01
10351	672	3.24641E+01
1111	137	3.24671E+01
10519	548	3.24730E+01
10351	798	3.24769E+01
891	359	3.24797E+01
10351	631	3.24847E+01
10519	753	3.24860E+01
10435	453	3.24871E+01
10351	796	3.25009E+01
10519	361	3.25085E+01
10435	795	3.25088E+01
10519	456	3.25111E+01
10435	455	3.25186E+01
10435	712	3.25197E+01
10351	713	3.25213E+01
891	221	3.25218E+01
10519	675	3.25253E+01
10435	413	3.25301E+01
10519	322	3.25325E+01
1001	359	3.25341E+01
10351	715	3.25376E+01
1111	543	3.25401E+01
891	279	3.25420E+01
10519	452	3.25430E+01
891	587	3.25431E+01
10435	799	3.25484E+01
10519	758	3.25527E+01
1001	279	3.25529E+01
1001	768	3.25591E+01
10351	590	3.25594E+01
10519	321	3.25674E+01
10435	633	3.25676E+01
10435	414	3.25742E+01
1001	221	3.25801E+01
10351	632	3.25817E+01
1001	587	3.25821E+01
1111	451	3.25837E+01
10519	670	3.25920E+01
891	795	3.26066E+01
1001	795	3.26068E+01
10519	381	3.26135E+01
10435	716	3.26138E+01
1111	670	3.26181E+01
10351	566	3.26300E+01
10435	588	3.26522E+01
891	329	3.26613E+01
10351	546	3.26628E+01
1111	269	3.26655E+01
1001	329	3.26714E+01
10351	754	3.26731E+01
10351	630	3.26752E+01
10351	589	3.26767E+01
10435	544	3.26883E+01
10435	362	3.26887E+01
1111	279	3.26889E+01
10519	364	3.27008E+01
891	410	3.27038E+01
10351	757	3.27149E+01
891	231	3.27155E+01
10435	629	3.27161E+01
10435	412	3.27274E+01
1001	231	3.27285E+01
10519	323	3.27286E+01
10519	272	3.27321E+01
10351	591	3.27323E+01
1111	359	3.27376E+01
891	136	3.27413E+01
891	811	3.27424E+01
10351	545	3.27463E+01
10351	671	3.27542E+01
1111	795	3.27546E+01
1001	410	3.27560E+01
10351	674	3.27561E+01
1111	587	3.27695E+01
10351	454	3.27806E+01
10435	363	3.27872E+01
10435	592	3.27882E+01
10435	753	3.27888E+01
1111	221	3.27893E+01
1111	768	3.27980E+01
1001	136	3.28004E+01
1111	329	3.28020E+01
10519	320	3.28027E+01
891	370	3.28170E+01
10435	361	3.28236E+01
10519	271	3.28269E+01
10351	567	3.28285E+01
1001	370	3.28299E+01
10435	452	3.28342E+01
10519	273	3.28365E+01
891	753	3.28503E+01
10519	411	3.28531E+01
1001	753	3.28614E+01
10519	634	3.28632E+01
10351	547	3.28640E+01
10519	794	3.28649E+01
10519	711	3.28667E+01
1111	231	3.28718E+01
891	318	3.28799E+01
10519	360	3.28800E+01
10435	670	3.28802E+01
10351	453	3.28817E+01
10435	415	3.28941E+01
10435	321	3.29012E+01
10435	568	3.29022E+01
10435	381	3.29087E+01
10435	322	3.29094E+01
891	555	3.29234E+01
10351	712	3.29253E+01
1001	811	3.29256E+01
10351	795	3.29272E+01
10351	413	3.29316E+01
10435	548	3.29363E+01
1001	318	3.29375E+01
10351	455	3.29487E+01
10519	224	3.29492E+01
1111	410	3.29582E+01
10351	799	3.29592E+01
1111	370	3.29593E+01
1001	555	3.29656E+01
10519	543	3.29657E+01
10519	587	3.29668E+01
10435	456	3.29721E+01
10435	675	3.29782E+01
7138	813	3.29833E+01
10435	758	3.29843E+01
10519	800	3.29913E+01
10351	414	3.29947E+01
10351	633	3.30033E+01
891	628	3.30077E+01
1111	136	3.30121E+01
1111	753	3.30215E+01
7138	812	3.30232E+01
10519	416	3.30264E+01
10519	223	3.30275E+01
891	726	3.30293E+01
10519	717	3.30325E+01
10351	716	3.30385E+01
10351	588	3.30398E+01
10519	225	3.30413E+01
1001	628	3.30422E+01
7138	814	3.30608E+01
10351	544	3.30720E+01
10435	272	3.30836E+01
10351	362	3.30893E+01
10519	270	3.30913E+01
10519	628	3.30938E+01
10435	320	3.30951E+01
10351	629	3.31057E+01
10351	412	3.31097E+01
10519	451	3.31108E+01
1111	555	3.31143E+01
10435	411	3.31236E+01
10519	593	3.31348E+01
10435	271	3.31378E+01
10435	711	3.31443E+01
1111	318	3.31467E+01
10435	364	3.31484E+01
10435	323	3.31500E+01
10435	360	3.31539E+01
10435	794	3.31544E+01
1001	726	3.31563E+01
10519	274	3.31616E+01
10519	139	3.31723E+01
10519	324	3.31769E+01
7138	811	3.31938E+01
10351	753	3.31944E+01
891	711	3.31991E+01
1111	811	3.31997E+01
10519	319	3.32010E+01
10351	361	3.32046E+01
10351	363	3.32077E+01
10351	452	3.32103E+01
10519	140	3.32176E+01
891	268	3.32192E+01
1001	711	3.32199E+01
10435	543	3.32254E+01
1111	628	3.32271E+01
10435	587	3.32279E+01
10351	592	3.32295E+01
10435	273	3.32303E+01
891	220	3.32354E+01
10519	752	3.32394E+01
10519	339	3.32399E+01
10519	457	3.32464E+01
10519	222	3.32519E+01
10519	138	3.32558E+01
10351	670	3.32706E+01
10519	549	3.32792E+01
1001	268	3.32793E+01
10351	381	3.32820E+01
7228	812	3.32865E+01
10351	321	3.32882E+01
10435	224	3.32887E+01
1001	220	3.32963E+01
10519	365	3.32984E+01
10351	322	3.33163E+01
10519	226	3.33219E+01
891	135	3.33248E+01
10435	223	3.33296E+01
10351	415	3.33334E+01
10435	634	3.33349E+01
10519	669	3.33354E+01
7228	813	3.33355E+01
10351	568	3.33470E+01
10435	628	3.33509E+01
10435	451	3.33615E+01
10435	270	3.33636E+01
7228	811	3.33729E+01
1111	726	3.33780E+01
10351	548	3.33822E+01
1001	135	3.33861E+01
1111	711	3.33918E+01
10351	758	3.33953E+01
10519	359	3.34018E+01
10519	141	3.34069E+01
10351	675	3.34085E+01
10435	800	3.34108E+01
10351	456	3.34184E+01
10435	225	3.34199E+01
891	600	3.34282E+01
891	684	3.34381E+01
10519	410	3.34415E+01
10519	137	3.34493E+01
10435	319	3.34544E+01
891	450	3.34584E+01
10351	320	3.34629E+01
891	542	3.34680E+01
10351	272	3.34763E+01
891	463	3.34764E+01
891	358	3.34782E+01
891	422	3.34797E+01
10435	717	3.34834E+01
10351	411	3.34871E+01
10435	339	3.34877E+01
1001	600	3.34887E+01
10519	269	3.34902E+01
10435	139	3.34914E+01
1111	268	3.34930E+01
1001	422	3.34984E+01
10435	752	3.35049E+01
1001	463	3.35059E+01
7228	814	3.35065E+01
7138	810	3.35088E+01
1001	450	3.35090E+01
1111	220	3.35115E+01
10351	271	3.35115E+01
10435	416	3.35132E+01
1001	542	3.35145E+01
10351	360	3.35159E+01
10435	222	3.35186E+01
10519	676	3.35240E+01
10351	711	3.35349E+01
1001	358	3.35353E+01
10435	138	3.35429E+01
1001	684	3.35430E+01
10351	794	3.35601E+01
10435	140	3.35702E+01
10351	323	3.35773E+01
10435	669	3.35848E+01
891	642	3.35870E+01
10351	364	3.35889E+01
10351	543	3.35910E+01
10519	221	3.35939E+01
10351	587	3.35980E+01
10435	274	3.35989E+01
1111	135	3.36029E+01
7228	810	3.36087E+01
10519	759	3.36096E+01
10435	593	3.36233E+01
891	280	3.36282E+01
1111	422	3.36302E+01
1001	280	3.36332E+01
10435	359	3.36369E+01
10351	273	3.36427E+01
10435	324	3.36435E+01
1111	463	3.36452E+01
1111	600	3.36527E+01
891	669	3.36610E+01
1001	642	3.36690E+01
891	769	3.36708E+01
10435	410	3.36727E+01
10351	224	3.36732E+01
891	232	3.36777E+01
10519	710	3.36811E+01
1001	232	3.36849E+01
10519	542	3.36850E+01
1001	669	3.36909E+01
10351	223	3.36968E+01
10519	793	3.37004E+01
10435	137	3.37060E+01
1111	450	3.37131E+01
1111	542	3.37141E+01
10519	275	3.37186E+01
10351	451	3.37193E+01
10351	270	3.37194E+01
10519	318	3.37224E+01
10351	628	3.37234E+01
10519	586	3.37247E+01
10435	269	3.37264E+01
10519	136	3.37313E+01
10435	226	3.37406E+01
1111	684	3.37453E+01
1111	358	3.37465E+01
891	586	3.37477E+01
10435	457	3.37481E+01
10519	142	3.37504E+01
1111	280	3.37635E+01
10351	634	3.37734E+01
7138	770	3.37741E+01
891	409	3.37782E+01
10435	549	3.37795E+01
7138	771	3.37846E+01
1001	586	3.37899E+01
10435	365	3.37912E+01
10435	141	3.37942E+01
10351	800	3.38008E+01
10519	227	3.38012E+01
10351	319	3.38041E+01
10519	450	3.38086E+01
891	287	3.38117E+01
891	317	3.38136E+01
1111	232	3.38224E+01
10351	225	3.38225E+01
10435	221	3.38274E+01
1001	409	3.38332E+01
10351	339	3.38362E+01
1001	769	3.38370E+01
1111	642	3.38515E+01
891	794	3.38577E+01
1001	794	3.38627E+01
10351	139	3.38634E+01
10351	222	3.38694E+01
1001	287	3.38727E+01
1001	317	3.38739E+01
1111	669	3.38742E+01
10519	325	3.38872E+01
10351	752	3.38952E+01
10351	717	3.38992E+01
10351	138	3.39003E+01
10519	627	3.39014E+01
10435	542	3.39057E+01
7138	769	3.39069E+01
10519	417	3.39124E+01
891	812	3.39132E+01
891	330	3.39136E+01
1001	330	3.39184E+01
10435	710	3.39204E+01
7138	772	3.39253E+01
891	134	3.39333E+01
10435	318	3.39394E+01
10435	586	3.39468E+01
10435	793	3.39529E+01
10351	140	3.39577E+01
10351	669	3.39583E+01
10435	136	3.39596E+01
10519	635	3.39676E+01
10351	416	3.39704E+01
891	219	3.39797E+01
10351	359	3.39808E+01
7138	809	3.39830E+01
1111	586	3.39865E+01
10519	268	3.39875E+01
1001	134	3.39966E+01
10435	676	3.39969E+01
7228	809	3.40091E+01
10351	410	3.40180E+01
10435	450	3.40208E+01
1111	794	3.40216E+01
10519	220	3.40227E+01
10519	358	3.40308E+01
10351	274	3.40315E+01
1001	219	3.40428E+01
1111	409	3.40434E+01
1111	330	3.40442E+01
10435	759	3.40475E+01
10351	137	3.40496E+01
7228	770	3.40520E+01
10351	269	3.40656E+01
891	267	3.40698E+01
10351	593	3.40713E+01
10519	135	3.40797E+01
1111	287	3.40900E+01
1111	317	3.40901E+01
10351	324	3.40913E+01
1111	769	3.40957E+01
7228	769	3.41103E+01
891	752	3.41122E+01
10519	751	3.41187E+01
1001	812	3.41191E+01
10435	627	3.41198E+01
1001	752	3.41278E+01
1001	267	3.41323E+01
10519	409	3.41353E+01
7228	771	3.41418E+01
10351	226	3.41619E+01
10351	221	3.41629E+01
10435	142	3.41731E+01
7138	773	3.41836E+01
10519	366	3.41849E+01
10435	268	3.41905E+01
10519	668	3.41962E+01
7138	768	3.41968E+01
10351	141	3.41976E+01
10435	275	3.41999E+01
10351	457	3.42091E+01
891	371	3.42130E+01
1111	134	3.42180E+01
1001	371	3.42221E+01
10435	220	3.42257E+01
10519	801	3.42284E+01
10435	358	3.42297E+01
10351	549	3.42360E+01
891	627	3.42462E+01
10351	365	3.42514E+01
10351	542	3.42533E+01
10435	227	3.42607E+01
10519	718	3.42625E+01
1111	219	3.42636E+01
10351	318	3.42721E+01
10435	135	3.42817E+01
1001	627	3.42843E+01
10351	136	3.42903E+01
10351	710	3.42939E+01
10519	594	3.42941E+01
1111	752	3.42988E+01
10351	586	3.42989E+01
10519	458	3.43119E+01
10519	317	3.43277E+01
10435	409	3.43299E+01
7228	768	3.43302E+01
10351	793	3.43423E+01
10435	751	3.43464E+01
1111	371	3.43482E+01
1111	267	3.43523E+01
10519	287	3.43539E+01
10351	450	3.43607E+01
7228	772	3.43663E+01
10435	325	3.43991E+01
10435	668	3.44074E+01
1111	812	3.44158E+01
10351	676	3.44216E+01
891	727	3.44255E+01
10519	550	3.44306E+01
10351	759	3.44400E+01
10435	417	3.44419E+01
891	556	3.44630E+01
10435	635	3.44635E+01
891	710	3.44637E+01
10519	134	3.44736E+01
10351	627	3.44744E+01
1111	627	3.44789E+01
10519	228	3.44814E+01
1001	710	3.44889E+01
10519	541	3.44972E+01
891	357	3.45008E+01
10519	276	3.45081E+01
1001	556	3.45087E+01
10519	219	3.45091E+01
10435	317	3.45113E+01
10351	268	3.45141E+01
10435	287	3.45362E+01
10351	220	3.45470E+01
891	133	3.45486E+01
10519	267	3.45492E+01
10351	358	3.45567E+01
1001	357	3.45605E+01
1001	727	3.45695E+01
10519	585	3.45739E+01
7228	808	3.45906E+01
10519	449	3.45908E+01
10519	709	3.45915E+01
10351	142	3.45928E+01
10351	135	3.46006E+01
891	449	3.46011E+01
1001	133	3.46135E+01
7138	808	3.46328E+01
10519	792	3.46330E+01
7138	728	3.46368E+01
10435	801	3.46434E+01
10435	134	3.46515E+01
10351	275	3.46530E+01
891	541	3.46537E+01
1001	449	3.46547E+01
10351	409	3.46580E+01
7138	767	3.46583E+01
1111	556	3.46616E+01
1111	710	3.46713E+01
7138	729	3.46770E+01
10435	541	3.46810E+01
10435	219	3.46841E+01
10351	227	3.47012E+01
1001	541	3.47032E+01
7228	773	3.47127E+01
10351	751	3.47190E+01
10435	267	3.47218E+01
10435	366	3.47222E+01
10435	718	3.47233E+01
7228	767	3.47271E+01
10519	357	3.47275E+01
891	218	3.47293E+01
7138	727	3.47517E+01
10435	585	3.47588E+01
891	316	3.47602E+01
10351	668	3.47629E+01
10435	449	3.47671E+01
891	233	3.47790E+01
1111	357	3.47790E+01
1001	233	3.47802E+01
10519	626	3.47906E+01
10435	709	3.47931E+01
1001	218	3.47943E+01
1111	727	3.48084E+01
10435	594	3.48117E+01
1001	316	3.48227E+01
10351	317	3.48283E+01
1111	133	3.48393E+01
10435	792	3.48478E+01
10351	287	3.48514E+01
10435	458	3.48524E+01
10519	326	3.48582E+01
7138	730	3.48600E+01
1111	449	3.48670E+01
7318	811	3.48675E+01
10351	325	3.48676E+01
891	408	3.48678E+01
1001	281	3.48746E+01
891	281	3.48756E+01
7318	812	3.48761E+01
10519	677	3.48928E+01
10435	357	3.48931E+01
10519	408	3.48941E+01
10519	133	3.48942E+01
10351	635	3.49006E+01
1111	541	3.49116E+01
1111	233	3.49123E+01
7228	728	3.49131E+01
10351	417	3.49161E+01
891	668	3.49181E+01
891	266	3.49250E+01
1001	408	3.49255E+01
891	685	3.49401E+01
1001	668	3.49521E+01
10351	134	3.49595E+01
7228	727	3.49643E+01
10435	550	3.49648E+01
891	585	3.49656E+01
10435	626	3.49720E+01
10435	228	3.49821E+01
10519	316	3.49823E+01
1001	266	3.49895E+01
10351	219	3.49926E+01
1111	281	3.49995E+01
10351	801	3.50044E+01
10351	541	3.50109E+01
1001	585	3.50113E+01
891	601	3.50123E+01
891	770	3.50186E+01
7318	810	3.50192E+01
1111	218	3.50203E+01
7228	729	3.50214E+01
10519	218	3.50269E+01
7318	813	3.50302E+01
10351	267	3.50312E+01
10435	276	3.50335E+01
7138	726	3.50350E+01
891	423	3.50405E+01
10519	760	3.50412E+01
1111	316	3.50455E+01
10435	133	3.50502E+01
10435	408	3.50547E+01
1001	423	3.50573E+01
1001	685	3.50587E+01
10519	750	3.50695E+01
891	464	3.50715E+01
1001	601	3.50797E+01
10351	449	3.50898E+01
10351	585	3.50931E+01
1001	464	3.51017E+01
10519	418	3.51075E+01
891	793	3.51194E+01
10519	667	3.51229E+01
10351	718	3.51239E+01
1001	793	3.51302E+01
10435	316	3.51354E+01
1111	408	3.51434E+01
1111	668	3.51455E+01
10519	266	3.51460E+01
891	813	3.51473E+01
10351	709	3.51483E+01
891	643	3.51545E+01
891	132	3.51559E+01
7138	731	3.51737E+01
10435	218	3.51766E+01
1111	423	3.51883E+01
7228	726	3.51883E+01
10351	366	3.52016E+01
10351	357	3.52044E+01
1001	770	3.52053E+01
1111	266	3.52153E+01
1111	585	3.52171E+01
10351	792	3.52188E+01
1001	132	3.52222E+01
1111	464	3.52426E+01
1001	643	3.52469E+01
1111	601	3.52512E+01
10435	750	3.52597E+01
10351	594	3.52630E+01
1111	685	3.52752E+01
7228	730	3.52768E+01
10435	266	3.52910E+01
10435	667	3.52974E+01
1111	793	3.53009E+01
7138	766	3.53083E+01
10351	626	3.53085E+01
7318	814	3.53158E+01
7228	766	3.53176E+01
10519	132	3.53259E+01
10351	458	3.53264E+01
1001	331	3.53428E+01
891	331	3.53432E+01
7318	809	3.53472E+01
10351	133	3.53483E+01
10519	367	3.53560E+01
10519	229	3.53572E+01
10519	540	3.53590E+01
10351	408	3.53666E+01
7228	807	3.53722E+01
891	751	3.53756E+01
1001	813	3.53763E+01
10435	677	3.53799E+01
1001	751	3.53966E+01
10435	326	3.54149E+01
10519	448	3.54177E+01
10351	550	3.54296E+01
10519	636	3.54321E+01
10351	316	3.54380E+01
1111	643	3.54403E+01
10351	228	3.54419E+01
1111	132	3.54520E+01
10519	356	3.54589E+01
10435	132	3.54621E+01
1111	331	3.54642E+01
891	217	3.54648E+01
10519	584	3.54695E+01
10351	218	3.54735E+01
7138	807	3.54765E+01
10435	760	3.54779E+01
891	626	3.54820E+01
1111	770	3.54846E+01
7138	725	3.55014E+01
10351	276	3.55072E+01
10435	540	3.55084E+01
891	356	3.55183E+01
10519	277	3.55218E+01
1001	626	3.55240E+01
1001	217	3.55314E+01
10519	708	3.55480E+01
10519	217	3.55552E+01
10435	448	3.55608E+01
1111	751	3.55788E+01
1001	356	3.55803E+01
10351	266	3.55875E+01
10435	356	3.55942E+01
7228	725	3.56001E+01
7138	732	3.56061E+01
10519	791	3.56105E+01
10351	750	3.56135E+01
7138	686	3.56155E+01
10435	584	3.56195E+01
7318	769	3.56276E+01
10351	667	3.56345E+01
7318	770	3.56418E+01
10519	315	3.56579E+01
7138	687	3.56607E+01
7228	731	3.56672E+01
10435	418	3.56781E+01
10435	217	3.56823E+01
10519	407	3.56835E+01
891	315	3.56941E+01
1111	813	3.56964E+01
10519	459	3.57008E+01
10435	708	3.57133E+01
10519	625	3.57163E+01
891	709	3.57189E+01
1111	626	3.57281E+01
891	448	3.57352E+01
7138	685	3.57353E+01
891	131	3.57441E+01
1001	709	3.57491E+01
10351	132	3.57513E+01
10519	265	3.57541E+01
10519	131	3.57565E+01
1001	315	3.57586E+01
1111	217	3.57621E+01
891	265	3.57632E+01
10435	315	3.57834E+01
7318	768	3.57858E+01
10435	791	3.57883E+01
1001	448	3.57916E+01
891	372	3.57922E+01
10351	677	3.57939E+01
1001	372	3.57975E+01
10519	595	3.58017E+01
1111	356	3.58056E+01
1001	131	3.58117E+01
10435	407	3.58130E+01
7318	771	3.58140E+01
10351	540	3.58215E+01
891	540	3.58277E+01
1001	265	3.58294E+01
10519	802	3.58318E+01
10351	760	3.58448E+01
10519	719	3.58588E+01
7138	688	3.58590E+01
10435	625	3.58628E+01
10351	448	3.58673E+01
7318	808	3.58692E+01
10435	265	3.58743E+01
10435	131	3.58749E+01
7228	686	3.58798E+01
1001	540	3.58804E+01
10351	356	3.58910E+01
10435	229	3.58989E+01
10351	326	3.59038E+01
10519	551	3.59177E+01
1111	372	3.59209E+01
891	728	3.59274E+01
10351	584	3.59365E+01
10435	367	3.59367E+01
1111	709	3.59422E+01
891	407	3.59434E+01
10435	636	3.59474E+01
7228	685	3.59475E+01
10351	217	3.59687E+01
7228	687	3.59809E+01
1111	315	3.59875E+01
1001	234	3.60011E+01
1001	407	3.60036E+01
891	234	3.60060E+01
1111	448	3.60117E+01
7138	684	3.60330E+01
10519	749	3.60439E+01
1111	131	3.60451E+01
10351	708	3.60497E+01
1111	265	3.60606E+01
10519	666	3.60713E+01
10351	315	3.60729E+01
10519	235	3.60761E+01
10519	327	3.60785E+01
10519	216	3.60787E+01
1001	728	3.60890E+01
10435	277	3.60909E+01
1111	540	3.60971E+01
10351	407	3.61098E+01
7228	765	3.61209E+01
1111	234	3.61281E+01
7318	772	3.61305E+01
7318	767	3.61322E+01
10351	791	3.61397E+01
891	667	3.61532E+01
10351	131	3.61560E+01
10351	265	3.61593E+01
891	584	3.61623E+01
7138	765	3.61651E+01
891	557	3.61658E+01
7138	724	3.61680E+01
10351	418	3.61680E+01
891	216	3.61732E+01
10519	130	3.61768E+01
891	235	3.61793E+01
7228	732	3.61805E+01
10351	625	3.61816E+01
10435	235	3.61835E+01
10435	216	3.61855E+01
1001	667	3.61917E+01
7228	684	3.61971E+01
10435	749	3.61983E+01
10519	355	3.61993E+01
7138	689	3.61998E+01
10435	666	3.62111E+01
1001	584	3.62115E+01
1001	557	3.62154E+01
7228	724	3.62170E+01
1111	407	3.62286E+01
10519	91	3.62317E+01
10435	802	3.62338E+01
10519	539	3.62348E+01
7228	688	3.62391E+01
1001	216	3.62412E+01
1001	235	3.62469E+01
10519	447	3.62568E+01
1001	282	3.62662E+01
891	282	3.62732E+01
10435	459	3.62776E+01
10435	130	3.62792E+01
891	130	3.63058E+01
10435	355	3.63071E+01
10435	719	3.63227E+01
10435	91	3.63310E+01
10519	314	3.63335E+01
10435	595	3.63443E+01
1111	728	3.63460E+01
10435	539	3.63525E+01
10519	264	3.63563E+01
891	792	3.63566E+01
10435	447	3.63694E+01
1111	557	3.63732E+01
1001	792	3.63738E+01
7228	806	3.63741E+01
10519	583	3.63743E+01
1001	130	3.63744E+01
10351	229	3.63781E+01
10351	636	3.63789E+01
1111	282	3.63861E+01
1111	667	3.63951E+01
891	91	3.64038E+01
10519	230	3.64167E+01
1111	584	3.64260E+01
10435	314	3.64341E+01
10351	367	3.64346E+01
891	814	3.64351E+01
891	771	3.64446E+01
10435	264	3.64542E+01
10351	235	3.64616E+01
10351	216	3.64625E+01
1001	91	3.64727E+01
1111	216	3.64762E+01
10519	406	3.64765E+01
1111	235	3.64814E+01
10435	551	3.64827E+01
10435	583	3.64921E+01
7318	728	3.64940E+01
7318	727	3.64973E+01
10519	90	3.65046E+01
10519	707	3.65084E+01
891	355	3.65090E+01
7138	683	3.65239E+01
10351	666	3.65303E+01
10351	749	3.65330E+01
7138	806	3.65337E+01
10351	130	3.65531E+01
1111	792	3.65565E+01
10351	802	3.65581E+01
891	686	3.65627E+01
891	264	3.65697E+01
1001	355	3.65730E+01
10435	406	3.65778E+01
7318	773	3.65779E+01
10519	129	3.65807E+01
10351	277	3.65852E+01
10519	215	3.65872E+01
10519	790	3.65889E+01
10351	355	3.65906E+01
10435	90	3.65946E+01
891	314	3.65979E+01
10519	419	3.65989E+01
10351	91	3.66026E+01
7318	807	3.66049E+01
891	750	3.66064E+01
1111	130	3.66111E+01
10519	678	3.66163E+01
1001	750	3.66331E+01
1001	264	3.66374E+01
10435	707	3.66394E+01
10519	624	3.66413E+01
7228	689	3.66438E+01
7228	683	3.66440E+01
10351	539	3.66497E+01
1001	771	3.66522E+01
7318	729	3.66599E+01
10351	447	3.66609E+01
1001	314	3.66642E+01
10435	129	3.66688E+01
7138	690	3.66722E+01
10435	215	3.66758E+01
10435	327	3.66793E+01
891	625	3.66826E+01
7318	726	3.66833E+01
7318	766	3.66844E+01
1001	814	3.66875E+01
1001	686	3.66957E+01
10351	719	3.67022E+01
1111	91	3.67104E+01
10351	314	3.67118E+01
7138	644	3.67202E+01
1001	625	3.67285E+01
10351	264	3.67287E+01
10435	790	3.67313E+01
891	602	3.67442E+01
7138	645	3.67443E+01
10519	278	3.67447E+01
891	90	3.67547E+01
10435	624	3.67554E+01
10351	459	3.67625E+01
10519	89	3.67634E+01
891	424	3.67736E+01
1001	424	3.67887E+01
10351	583	3.67927E+01
10351	595	3.67955E+01
10519	368	3.67975E+01
1111	355	3.68046E+01
1001	602	3.68188E+01
1001	90	3.68242E+01
1111	750	3.68266E+01
10519	761	3.68291E+01
891	465	3.68319E+01
891	447	3.68346E+01
891	129	3.68366E+01
10435	89	3.68450E+01
891	215	3.68467E+01
891	644	3.68563E+01
10351	406	3.68608E+01
10351	90	3.68622E+01
1001	465	3.68630E+01
7138	643	3.68685E+01
1111	264	3.68735E+01
1001	447	3.68936E+01
1111	314	3.68987E+01
1001	129	3.69061E+01
1001	215	3.69159E+01
1111	424	3.69194E+01
1111	686	3.69273E+01
7138	646	3.69293E+01
10519	354	3.69297E+01
891	708	3.69324E+01
1001	332	3.69330E+01
10351	129	3.69362E+01
891	332	3.69387E+01
10519	263	3.69410E+01
1111	625	3.69418E+01
10351	215	3.69445E+01
10351	551	3.69530E+01
1111	771	3.69531E+01
10351	707	3.69574E+01
1001	644	3.69595E+01
891	539	3.69625E+01
10519	128	3.69644E+01
7228	644	3.69675E+01
1001	708	3.69677E+01
7318	730	3.69821E+01
891	406	3.69830E+01
10519	313	3.69951E+01
1111	602	3.69987E+01
10435	230	3.69990E+01
10519	748	3.70032E+01
10519	665	3.70055E+01
1111	465	3.70063E+01
10519	88	3.70081E+01
10435	354	3.70126E+01
1001	539	3.70182E+01
10435	263	3.70190E+01
1111	814	3.70318E+01
7228	645	3.70353E+01
10435	128	3.70398E+01
1001	406	3.70454E+01
1111	332	3.70505E+01
7138	723	3.70533E+01
10351	624	3.70574E+01
7228	723	3.70579E+01
10351	790	3.70630E+01
1111	90	3.70638E+01
7318	725	3.70677E+01
10435	313	3.70732E+01
10519	214	3.70747E+01
7228	643	3.70756E+01
10435	88	3.70819E+01
10519	446	3.70830E+01
891	89	3.70854E+01
10519	538	3.70964E+01
10351	89	3.71088E+01
10435	678	3.71118E+01
10435	665	3.71132E+01
1111	447	3.71211E+01
10435	748	3.71239E+01
1111	129	3.71458E+01
10435	214	3.71470E+01
1111	215	3.71548E+01
1001	89	3.71554E+01
7228	764	3.71570E+01
1111	644	3.71647E+01
10435	446	3.71679E+01
1111	708	3.71712E+01
7228	690	3.71841E+01
10435	538	3.71853E+01
10351	327	3.71882E+01
7138	642	3.72030E+01
10435	419	3.72087E+01
7138	682	3.72254E+01
10519	637	3.72379E+01
10519	87	3.72392E+01
1111	539	3.72428E+01
7138	764	3.72485E+01
10519	405	3.72529E+01
10435	761	3.72570E+01
10519	582	3.72590E+01
7138	647	3.72651E+01
7138	691	3.72654E+01
7228	646	3.72672E+01
1111	406	3.72772E+01
10351	354	3.72841E+01
10351	263	3.72842E+01
10351	128	3.73014E+01
10435	87	3.73059E+01
7228	682	3.73061E+01
891	583	3.73106E+01
10519	127	3.73268E+01
10435	405	3.73286E+01
891	128	3.73345E+01
891	263	3.73361E+01
891	666	3.73371E+01
10351	313	3.73403E+01
10351	88	3.73423E+01
10435	582	3.73473E+01
10435	278	3.73568E+01
1001	583	3.73632E+01
7228	642	3.73732E+01
1001	666	3.73800E+01
10435	127	3.73906E+01
10519	460	3.73949E+01
891	88	3.73967E+01
1111	89	3.73968E+01
1001	128	3.74049E+01
1001	263	3.74051E+01
10351	214	3.74082E+01
10351	665	3.74151E+01
10435	368	3.74203E+01
10519	706	3.74392E+01
10351	748	3.74398E+01
10351	446	3.74456E+01
7318	731	3.74481E+01
7318	686	3.74545E+01
10519	86	3.74578E+01
891	354	3.74579E+01
891	313	3.74610E+01
7318	765	3.74624E+01
1001	88	3.74671E+01
10351	538	3.74678E+01
891	214	3.74818E+01
10351	230	3.74975E+01
7318	685	3.74993E+01
10519	262	3.75023E+01
10351	678	3.75100E+01
10435	86	3.75180E+01
1001	354	3.75238E+01
891	729	3.75240E+01
1001	313	3.75288E+01
10519	328	3.75302E+01
10519	789	3.75332E+01
10519	623	3.75365E+01
10519	213	3.75381E+01
10435	706	3.75386E+01
891	373	3.75393E+01
891	791	3.75401E+01
1001	373	3.75407E+01
1001	214	3.75520E+01
10435	262	3.75623E+01
10351	87	3.75631E+01
1001	791	3.75639E+01
7318	806	3.75761E+01
1111	583	3.75860E+01
7318	687	3.75871E+01
10351	761	3.75916E+01
1111	666	3.75931E+01
10435	213	3.75958E+01
10351	405	3.75991E+01
7228	805	3.76168E+01
10435	623	3.76211E+01
10351	582	3.76326E+01
10519	312	3.76336E+01
10519	353	3.76367E+01
10519	596	3.76369E+01
10435	789	3.76426E+01
10519	231	3.76441E+01
1111	263	3.76457E+01
10351	127	3.76470E+01
1111	128	3.76473E+01
7228	647	3.76533E+01
1111	373	3.76621E+01
10519	85	3.76655E+01
10519	126	3.76683E+01
7318	724	3.76685E+01
891	87	3.76899E+01
10435	312	3.76916E+01
10435	353	3.76972E+01
1001	729	3.77038E+01
1111	88	3.77101E+01
10351	419	3.77130E+01
10435	85	3.77195E+01
10519	552	3.77201E+01
10435	126	3.77216E+01
7318	684	3.77352E+01
7138	641	3.77401E+01
7138	648	3.77422E+01
1111	791	3.77585E+01
1001	87	3.77608E+01
1111	354	3.77612E+01
10435	637	3.77676E+01
1111	313	3.77683E+01
10351	86	3.77722E+01
10519	803	3.77761E+01
891	749	3.77767E+01
1111	214	3.77945E+01
10519	720	3.77983E+01
1001	283	3.77997E+01
891	127	3.78002E+01
1001	749	3.78092E+01
891	283	3.78128E+01
10351	262	3.78191E+01
891	624	3.78226E+01
7138	805	3.78241E+01
10351	706	3.78391E+01
7228	691	3.78492E+01
10351	213	3.78502E+01
10519	84	3.78640E+01
1001	127	3.78712E+01
10351	278	3.78713E+01
1001	624	3.78724E+01
7228	641	3.78771E+01
10519	445	3.78775E+01
891	446	3.78802E+01
7318	688	3.78854E+01
10519	664	3.78980E+01
10351	623	3.79073E+01
10435	84	3.79122E+01
1111	283	3.79150E+01
10519	747	3.79174E+01
10519	537	3.79228E+01
10351	368	3.79358E+01
7138	603	3.79371E+01
10435	445	3.79376E+01
891	772	3.79379E+01
1001	446	3.79416E+01
10351	312	3.79490E+01
10351	789	3.79552E+01
10351	353	3.79578E+01
7138	602	3.79599E+01
891	86	3.79670E+01
10351	85	3.79710E+01
891	405	3.79713E+01
10351	126	3.79732E+01
10435	664	3.79765E+01
10519	212	3.79770E+01
1111	729	3.79798E+01
10435	537	3.79856E+01
10519	125	3.79906E+01
10519	404	3.79982E+01
10435	460	3.80052E+01
1111	87	3.80053E+01
10435	747	3.80071E+01
1111	749	3.80136E+01
891	558	3.80165E+01
10435	212	3.80215E+01
10435	125	3.80344E+01
1001	405	3.80357E+01
10519	261	3.80376E+01
891	538	3.80378E+01
1001	86	3.80383E+01
7318	732	3.80456E+01
10435	404	3.80510E+01
10519	83	3.80550E+01
891	262	3.80592E+01
1001	558	3.80702E+01
891	213	3.80779E+01
891	707	3.80788E+01
7138	604	3.80810E+01
10435	261	3.80815E+01
1111	624	3.80945E+01
1001	538	3.80963E+01
10435	83	3.80976E+01
10519	581	3.81015E+01
1111	127	3.81161E+01
1001	707	3.81191E+01
1001	262	3.81294E+01
7228	722	3.81429E+01
1001	213	3.81490E+01
7138	681	3.81568E+01
10435	803	3.81569E+01
10519	279	3.81587E+01
10351	84	3.81609E+01
7138	601	3.81621E+01
10435	581	3.81634E+01
1001	772	3.81668E+01
10435	328	3.81738E+01
1111	446	3.81760E+01
7138	722	3.81767E+01
7318	683	3.81781E+01
7228	648	3.81844E+01
10351	637	3.81893E+01
7228	602	3.81905E+01
7228	603	3.81993E+01
10435	596	3.82003E+01
7228	681	3.82027E+01
10351	445	3.82027E+01
891	85	3.82302E+01
1111	558	3.82338E+01
891	126	3.82357E+01
10519	82	3.82401E+01
10519	311	3.82438E+01
10351	537	3.82547E+01
10435	720	3.82587E+01
10351	664	3.82623E+01
10435	231	3.82662E+01
10351	212	3.82698E+01
1111	405	3.82736E+01
10435	82	3.82773E+01
891	312	3.82777E+01
10351	125	3.82816E+01
10435	311	3.82836E+01
1111	86	3.82842E+01
891	687	3.82955E+01
10519	124	3.82960E+01
1001	85	3.83018E+01
10351	747	3.83052E+01
1001	126	3.83074E+01
10351	404	3.83100E+01
10519	352	3.83115E+01
10435	552	3.83124E+01
10519	705	3.83157E+01
1111	538	3.83283E+01
10351	261	3.83306E+01
10435	124	3.83310E+01
1111	707	3.83327E+01
7318	689	3.83384E+01
10351	83	3.83438E+01
1001	312	3.83469E+01
7138	649	3.83514E+01
10435	352	3.83519E+01
891	353	3.83557E+01
7228	601	3.83638E+01
10519	420	3.83654E+01
1111	262	3.83739E+01
7228	604	3.83776E+01
10519	622	3.83804E+01
7138	605	3.83811E+01
10435	705	3.83864E+01
891	582	3.83906E+01
10519	211	3.83928E+01
1111	213	3.83947E+01
10519	788	3.84180E+01
10519	81	3.84206E+01
1001	353	3.84232E+01
10435	211	3.84252E+01
10351	581	3.84346E+01
10351	803	3.84372E+01
10435	622	3.84385E+01
1001	687	3.84434E+01
7228	763	3.84456E+01
1001	582	3.84464E+01
891	665	3.84477E+01
10435	81	3.84526E+01
891	84	3.84818E+01
7318	764	3.84875E+01
10519	369	3.84889E+01
1111	772	3.84900E+01
1001	665	3.84949E+01
10435	788	3.84972E+01
7138	640	3.84985E+01
10351	460	3.84992E+01
7318	723	3.85055E+01
10351	82	3.85211E+01
10351	311	3.85323E+01
10519	260	3.85469E+01
1111	85	3.85491E+01
7318	644	3.85499E+01
1001	84	3.85538E+01
1111	126	3.85546E+01
7138	600	3.85596E+01
10351	124	3.85741E+01
10435	260	3.85761E+01
7138	763	3.85773E+01
10519	123	3.85870E+01
1111	312	3.85911E+01
10519	80	3.85974E+01
10351	352	3.86028E+01
7228	640	3.86062E+01
891	603	3.86114E+01
10351	720	3.86114E+01
10435	123	3.86138E+01
7318	645	3.86235E+01
10435	80	3.86245E+01
10519	444	3.86272E+01
891	212	3.86367E+01
891	125	3.86446E+01
891	790	3.86473E+01
10351	596	3.86481E+01
7318	643	3.86598E+01
891	425	3.86625E+01
10435	444	3.86651E+01
1111	353	3.86659E+01
10351	211	3.86679E+01
10519	679	3.86680E+01
10351	705	3.86706E+01
1001	425	3.86761E+01
1111	582	3.86770E+01
1001	790	3.86777E+01
1001	333	3.86797E+01
891	645	3.86816E+01
891	333	3.86906E+01
1111	687	3.86910E+01
1001	603	3.86938E+01
10351	81	3.86940E+01
10519	536	3.86987E+01
10351	328	3.87021E+01
10519	403	3.87025E+01
1001	212	3.87085E+01
10351	622	3.87102E+01
7228	605	3.87149E+01
1001	125	3.87167E+01
1111	665	3.87171E+01
891	83	3.87241E+01
10519	663	3.87292E+01
10435	403	3.87347E+01
7228	600	3.87353E+01
10435	536	3.87383E+01
891	261	3.87396E+01
891	466	3.87420E+01
10519	746	3.87653E+01
10519	79	3.87714E+01
1001	466	3.87742E+01
10435	663	3.87815E+01
10351	231	3.87838E+01
10351	552	3.87857E+01
10519	210	3.87878E+01
10351	788	3.87919E+01
10435	79	3.87936E+01
1111	333	3.87937E+01
1001	645	3.87962E+01
1001	83	3.87964E+01
1111	84	3.88023E+01
7318	805	3.88047E+01
1111	425	3.88072E+01
10435	210	3.88092E+01
1001	261	3.88107E+01
10435	279	3.88127E+01
10351	260	3.88184E+01
10519	310	3.88229E+01
10435	746	3.88271E+01
7138	606	3.88283E+01
10435	310	3.88462E+01
7318	682	3.88463E+01
7228	649	3.88513E+01
10351	123	3.88531E+01
891	445	3.88593E+01
10351	80	3.88635E+01
891	748	3.88659E+01
10519	122	3.88659E+01
7318	646	3.88688E+01
1111	603	3.88829E+01
1111	790	3.88836E+01
891	623	3.88842E+01
10435	122	3.88850E+01
10519	580	3.88864E+01
891	404	3.88982E+01
1001	748	3.89042E+01
10351	444	3.89188E+01
1111	466	3.89206E+01
1001	445	3.89230E+01
10435	580	3.89246E+01
7318	690	3.89353E+01
1001	623	3.89376E+01
10519	78	3.89434E+01
10519	762	3.89435E+01
10519	351	3.89486E+01
1111	212	3.89572E+01
891	82	3.89591E+01
10435	78	3.89608E+01
1001	404	3.89645E+01
1111	125	3.89660E+01
7318	642	3.89674E+01
10435	351	3.89709E+01
10351	403	3.89835E+01
10351	536	3.89952E+01
10435	420	3.90121E+01
1111	645	3.90141E+01
10519	232	3.90217E+01
10351	79	3.90303E+01
891	124	3.90304E+01
10519	259	3.90312E+01
1001	82	3.90317E+01
891	537	3.90395E+01
891	311	3.90459E+01
1111	83	3.90462E+01
10351	210	3.90467E+01
10435	259	3.90470E+01
10351	663	3.90525E+01
1111	261	3.90590E+01
7138	650	3.90834E+01
10351	310	3.90871E+01
1001	537	3.91007E+01
1001	124	3.91030E+01
10351	746	3.91087E+01
10519	77	3.91141E+01
1001	311	3.91163E+01
7228	804	3.91188E+01
1111	748	3.91189E+01
10351	122	3.91208E+01
10519	704	3.91211E+01
10435	77	3.91268E+01
10519	121	3.91351E+01
891	706	3.91398E+01
10435	121	3.91468E+01
10435	369	3.91519E+01
10519	621	3.91583E+01
891	211	3.91616E+01
1111	445	3.91635E+01
10519	209	3.91651E+01
10435	704	3.91662E+01
10435	679	3.91662E+01
1111	623	3.91677E+01
7138	599	3.91711E+01
10435	209	3.91763E+01
10351	580	3.91831E+01
1001	706	3.91851E+01
891	81	3.91884E+01
10519	329	3.91924E+01
10435	621	3.91928E+01
10351	78	3.91952E+01
891	352	3.91970E+01
7228	606	3.92022E+01
891	730	3.92045E+01
1111	404	3.92080E+01
10351	351	3.92129E+01
10519	787	3.92263E+01
1001	211	3.92341E+01
7138	558	3.92411E+01
1001	81	3.92613E+01
1001	352	3.92660E+01
