GRAM	c2h2	chi_tot
1179	338	3.60985E+01
1179	337	3.61654E+01
1069	338	3.62450E+01
1069	337	3.63056E+01
959	338	3.63911E+01
1179	336	3.64365E+01
959	337	3.64579E+01
1179	286	3.65419E+01
1069	336	3.65702E+01
1069	286	3.66621E+01
959	336	3.67286E+01
1179	378	3.67458E+01
1179	377	3.67793E+01
959	286	3.68223E+01
1069	378	3.68984E+01
1179	335	3.69215E+01
1069	377	3.69257E+01
1179	379	3.69332E+01
959	378	3.70409E+01
1179	376	3.70415E+01
1069	335	3.70487E+01
959	377	3.70781E+01
1069	379	3.70918E+01
1069	376	3.71816E+01
959	335	3.72128E+01
959	379	3.72238E+01
1179	285	3.72625E+01
1179	380	3.73360E+01
959	376	3.73435E+01
1069	285	3.73762E+01
1179	428	3.74570E+01
1179	429	3.74993E+01
1069	380	3.75004E+01
959	285	3.75397E+01
1179	375	3.75428E+01
1069	428	3.76115E+01
959	380	3.76216E+01
1179	334	3.76311E+01
1069	429	3.76594E+01
1179	427	3.76675E+01
1069	375	3.76763E+01
1069	334	3.77516E+01
959	428	3.77634E+01
1179	430	3.77866E+01
959	429	3.77966E+01
1069	427	3.78160E+01
959	375	3.78474E+01
959	334	3.79211E+01
1069	430	3.79522E+01
959	427	3.79821E+01
959	430	3.80739E+01
1179	426	3.81398E+01
1179	284	3.81876E+01
1069	426	3.82822E+01
1069	284	3.82948E+01
1179	374	3.82950E+01
1179	431	3.83126E+01
1179	469	3.83161E+01
1179	468	3.83417E+01
1069	374	3.84218E+01
959	284	3.84613E+01
959	426	3.84617E+01
1069	469	3.84815E+01
1069	431	3.84834E+01
1069	468	3.85021E+01
1179	470	3.85587E+01
1179	333	3.85762E+01
959	431	3.85892E+01
959	374	3.86015E+01
959	469	3.86264E+01
1179	467	3.86449E+01
959	468	3.86668E+01
1069	333	3.86898E+01
1069	470	3.87287E+01
1069	467	3.88000E+01
959	470	3.88529E+01
959	333	3.88645E+01
1179	425	3.88849E+01
959	467	3.89836E+01
1069	425	3.90209E+01
1179	471	3.90600E+01
1179	432	3.90723E+01
959	425	3.92131E+01
1069	471	3.92342E+01
1179	466	3.92357E+01
1069	432	3.92481E+01
1179	373	3.93118E+01
1179	283	3.93268E+01
959	471	3.93369E+01
959	432	3.93373E+01
1179	560	3.93382E+01
1069	466	3.93852E+01
1179	561	3.93960E+01
1069	283	3.94271E+01
1069	373	3.94316E+01
1069	560	3.95087E+01
1179	559	3.95669E+01
1069	561	3.95701E+01
959	466	3.95866E+01
959	283	3.95966E+01
959	373	3.96196E+01
959	560	3.96819E+01
959	561	3.97178E+01
1179	562	3.97266E+01
1069	559	3.97333E+01
1179	332	3.97694E+01
1179	472	3.98104E+01
1069	332	3.98758E+01
1069	562	3.99038E+01
1179	424	3.99164E+01
959	559	3.99309E+01
1069	472	3.99885E+01
959	562	4.00248E+01
1069	424	4.00457E+01
959	332	4.00556E+01
959	472	4.00689E+01
1179	558	4.00951E+01
1179	465	4.01259E+01
959	424	4.02500E+01
1069	558	4.02569E+01
1069	465	4.02693E+01
1179	563	4.03153E+01
959	558	4.04777E+01
959	465	4.04877E+01
1069	563	4.04950E+01
1179	604	4.05671E+01
959	563	4.05884E+01
1179	605	4.06017E+01
1179	372	4.06094E+01
1179	282	4.06908E+01
1069	372	4.07220E+01
1069	604	4.07474E+01
1069	605	4.07841E+01
1069	282	4.07842E+01
1179	473	4.07997E+01
1179	603	4.08168E+01
1179	606	4.09016E+01
959	372	4.09177E+01
1179	557	4.09364E+01
959	604	4.09453E+01
959	605	4.09509E+01
959	282	4.09566E+01
1069	473	4.09812E+01
1069	603	4.09944E+01
959	473	4.10388E+01
1069	606	4.10853E+01
1069	557	4.10930E+01
1179	564	4.11461E+01
10561	286	4.11925E+01
10561	285	4.12155E+01
959	606	4.12200E+01
959	603	4.12217E+01
1179	331	4.12264E+01
1179	423	4.12519E+01
1069	331	4.13255E+01
1069	564	4.13279E+01
1179	464	4.13304E+01
959	557	4.13356E+01
1179	602	4.13692E+01
1069	423	4.13741E+01
959	564	4.13928E+01
10561	284	4.14357E+01
1179	607	4.14469E+01
1069	464	4.14674E+01
959	331	4.15100E+01
10477	285	4.15172E+01
10477	286	4.15345E+01
1069	602	4.15433E+01
959	423	4.15897E+01
1069	607	4.16313E+01
1179	234	4.16817E+01
10393	285	4.16941E+01
10477	284	4.16957E+01
959	464	4.17016E+01
10393	286	4.17191E+01
959	607	4.17329E+01
1069	234	4.17648E+01
959	602	4.17987E+01
10561	283	4.18614E+01
10393	284	4.18644E+01
10561	334	4.19095E+01
959	234	4.19312E+01
1179	646	4.19443E+01
10561	333	4.20075E+01
1179	645	4.20265E+01
10561	335	4.20438E+01
10477	283	4.20783E+01
1179	556	4.21058E+01
1179	647	4.21146E+01
1069	646	4.21364E+01
1179	565	4.22020E+01
1179	371	4.22079E+01
1179	608	4.22173E+01
1069	645	4.22181E+01
10477	334	4.22274E+01
10393	283	4.22383E+01
1179	601	4.22423E+01
1069	556	4.22567E+01
10477	333	4.22832E+01
1179	281	4.22943E+01
1069	647	4.23064E+01
1069	371	4.23130E+01
959	646	4.23445E+01
10561	332	4.23492E+01
1069	281	4.23805E+01
1179	644	4.23841E+01
1069	565	4.23853E+01
10561	336	4.24001E+01
1069	608	4.24017E+01
10477	335	4.24023E+01
10393	334	4.24086E+01
1069	601	4.24123E+01
959	565	4.24209E+01
10393	333	4.24582E+01
959	645	4.24615E+01
959	608	4.24691E+01
959	647	4.24777E+01
10561	282	4.25025E+01
1179	648	4.25146E+01
959	371	4.25160E+01
959	556	4.25198E+01
959	281	4.25557E+01
1069	644	4.25743E+01
10477	332	4.25808E+01
10393	335	4.25890E+01
10477	282	4.26746E+01
959	601	4.26940E+01
10561	374	4.26980E+01
10561	373	4.27006E+01
1069	648	4.27052E+01
10393	332	4.27491E+01
10477	336	4.27975E+01
10393	282	4.28256E+01
959	648	4.28386E+01
959	644	4.28515E+01
1179	463	4.28683E+01
10561	234	4.28932E+01
1179	422	4.29126E+01
10561	331	4.29489E+01
10561	375	4.29629E+01
1179	330	4.29676E+01
10561	337	4.29682E+01
10477	373	4.29824E+01
10561	372	4.29860E+01
10393	336	4.29891E+01
1069	463	4.29985E+01
10477	234	4.30154E+01
10477	374	4.30202E+01
1069	422	4.30274E+01
1179	643	4.30402E+01
1069	330	4.30590E+01
1179	649	4.31211E+01
10477	331	4.31345E+01
10393	234	4.31494E+01
10393	373	4.31612E+01
1179	609	4.31917E+01
10393	374	4.32014E+01
10477	372	4.32251E+01
1069	643	4.32283E+01
959	463	4.32473E+01
959	330	4.32480E+01
959	422	4.32535E+01
10393	331	4.32953E+01
1069	649	4.33099E+01
1179	233	4.33174E+01
10477	375	4.33235E+01
10561	281	4.33717E+01
1069	609	4.33755E+01
1069	233	4.33940E+01
10393	372	4.34006E+01
10477	337	4.34032E+01
959	649	4.34044E+01
959	609	4.34079E+01
10561	424	4.34479E+01
1179	600	4.34548E+01
10561	376	4.34826E+01
1179	688	4.34914E+01
10477	281	4.34974E+01
10393	375	4.35060E+01
1179	687	4.35181E+01
959	643	4.35375E+01
959	233	4.35622E+01
10561	371	4.35730E+01
10561	423	4.35889E+01
10393	337	4.35992E+01
1069	600	4.36200E+01
1179	555	4.36217E+01
10561	425	4.36219E+01
10393	281	4.36387E+01
1179	689	4.36795E+01
1069	688	4.36947E+01
1069	687	4.37231E+01
10561	338	4.37392E+01
10477	424	4.37430E+01
1069	555	4.37664E+01
10477	371	4.37667E+01
1179	686	4.37844E+01
10561	330	4.38250E+01
10477	423	4.38456E+01
10477	376	4.38797E+01
1069	689	4.38802E+01
10561	233	4.38993E+01
1179	650	4.39110E+01
10393	424	4.39239E+01
959	600	4.39262E+01
959	688	4.39298E+01
10393	371	4.39378E+01
10477	425	4.39527E+01
10477	330	4.39624E+01
10477	233	4.39778E+01
1069	686	4.39903E+01
959	687	4.39984E+01
1179	642	4.40183E+01
10393	423	4.40286E+01
959	555	4.40483E+01
1179	690	4.40577E+01
10393	376	4.40628E+01
10561	422	4.40659E+01
959	689	4.40738E+01
10561	426	4.40950E+01
1069	650	4.40971E+01
10393	233	4.41020E+01
10393	330	4.41149E+01
10393	425	4.41302E+01
1179	370	4.41312E+01
959	650	4.41518E+01
1179	280	4.41563E+01
1069	642	4.42032E+01
10477	338	4.42104E+01
1069	370	4.42284E+01
1069	280	4.42352E+01
10561	377	4.42464E+01
1069	690	4.42549E+01
10561	464	4.42618E+01
10477	422	4.42810E+01
959	686	4.43041E+01
1179	685	4.43161E+01
959	690	4.44061E+01
10393	338	4.44101E+01
959	280	4.44131E+01
10561	463	4.44152E+01
959	370	4.44382E+01
10477	426	4.44590E+01
10393	422	4.44645E+01
10561	465	4.44650E+01
10561	370	4.44840E+01
10561	280	4.44863E+01
1069	685	4.45218E+01
959	642	4.45424E+01
10477	464	4.45498E+01
10477	280	4.45636E+01
1179	691	4.46017E+01
10477	370	4.46297E+01
10393	426	4.46318E+01
10477	463	4.46695E+01
10477	377	4.46780E+01
10393	280	4.46948E+01
10393	464	4.47334E+01
1179	462	4.47627E+01
10477	465	4.47831E+01
1069	691	4.47946E+01
10393	370	4.47954E+01
10561	427	4.48549E+01
10393	377	4.48610E+01
10393	463	4.48612E+01
959	685	4.48724E+01
1069	462	4.48855E+01
959	691	4.49025E+01
10561	421	4.49033E+01
1179	421	4.49233E+01
10561	462	4.49490E+01
10393	465	4.49567E+01
10561	329	4.49997E+01
10561	466	4.50058E+01
1179	329	4.50169E+01
1179	599	4.50267E+01
1069	421	4.50302E+01
10477	421	4.50735E+01
10477	329	4.50865E+01
1069	329	4.51004E+01
10561	232	4.51149E+01
10561	555	4.51235E+01
1179	730	4.51280E+01
1179	684	4.51397E+01
959	462	4.51478E+01
10477	232	4.51480E+01
10477	462	4.51657E+01
1179	232	4.51788E+01
1069	599	4.51862E+01
1179	729	4.51885E+01
10561	556	4.52056E+01
10393	329	4.52300E+01
1179	731	4.52445E+01
10561	378	4.52449E+01
1069	232	4.52485E+01
10477	427	4.52497E+01
10393	421	4.52561E+01
10393	232	4.52619E+01
959	421	4.52660E+01
959	329	4.52936E+01
1179	641	4.53415E+01
1069	730	4.53442E+01
1069	684	4.53443E+01
10477	466	4.53509E+01
10393	462	4.53635E+01
10477	555	4.53972E+01
1069	729	4.54085E+01
10393	427	4.54165E+01
959	232	4.54186E+01
10561	554	4.54482E+01
1179	728	4.54513E+01
1069	731	4.54561E+01
10477	556	4.55040E+01
1179	554	4.55058E+01
10393	466	4.55126E+01
1179	732	4.55138E+01
959	599	4.55151E+01
1069	641	4.55223E+01
10393	555	4.55925E+01
959	730	4.56295E+01
1069	554	4.56435E+01
10561	557	4.56704E+01
1069	728	4.56741E+01
10393	556	4.56825E+01
10477	554	4.56927E+01
959	731	4.56967E+01
10477	378	4.57095E+01
1069	732	4.57200E+01
959	684	4.57296E+01
959	729	4.57372E+01
10561	369	4.57443E+01
10477	369	4.58391E+01
10561	279	4.58674E+01
10561	467	4.58700E+01
959	641	4.58894E+01
10561	461	4.58902E+01
10561	428	4.58914E+01
10393	378	4.58915E+01
10477	279	4.58942E+01
10393	554	4.59022E+01
959	732	4.59152E+01
959	554	4.59427E+01
1179	727	4.59430E+01
10561	599	4.59826E+01
10477	557	4.59894E+01
10393	369	4.59981E+01
10393	279	4.60146E+01
959	728	4.60449E+01
10477	461	4.60652E+01
10561	420	4.61280E+01
10393	557	4.61485E+01
1069	727	4.61676E+01
10561	598	4.61827E+01
10561	553	4.62068E+01
10561	600	4.62177E+01
10477	467	4.62392E+01
10477	420	4.62498E+01
10477	599	4.62651E+01
10393	461	4.62669E+01
1179	683	4.62825E+01
1179	279	4.63002E+01
10477	428	4.63148E+01
1069	279	4.63714E+01
10393	467	4.63874E+01
1179	369	4.64048E+01
10477	553	4.64172E+01
10393	420	4.64297E+01
10477	598	4.64449E+01
10393	599	4.64644E+01
10561	379	4.64710E+01
10393	428	4.64746E+01
1069	683	4.64847E+01
1069	369	4.64938E+01
10561	328	4.64975E+01
10561	558	4.64978E+01
10477	600	4.65151E+01
10477	328	4.65311E+01
10477	231	4.65438E+01
959	279	4.65519E+01
10561	231	4.65581E+01
959	727	4.65787E+01
10393	553	4.66380E+01
10393	231	4.66470E+01
10393	328	4.66648E+01
10393	598	4.66671E+01
10393	600	4.66881E+01
1179	726	4.66913E+01
959	369	4.67099E+01
6094	380	4.67696E+01
10477	558	4.68336E+01
10561	597	4.68461E+01
10561	601	4.68608E+01
1179	773	4.68612E+01
1179	772	4.68726E+01
10561	640	4.68859E+01
959	683	4.69024E+01
1069	726	4.69166E+01
6189	380	4.69367E+01
10477	379	4.69671E+01
6094	379	4.69692E+01
10393	558	4.69711E+01
1179	598	4.69794E+01
1179	771	4.70283E+01
1179	640	4.70330E+01
1179	461	4.70384E+01
10561	639	4.70427E+01
10561	468	4.70459E+01
10477	597	4.70823E+01
1069	773	4.70882E+01
6094	338	4.70938E+01
1069	772	4.71057E+01
1069	598	4.71326E+01
6189	379	4.71343E+01
10393	379	4.71473E+01
1069	461	4.71532E+01
10477	601	4.71681E+01
10477	640	4.71740E+01
10561	641	4.71904E+01
10561	429	4.71954E+01
1069	640	4.72088E+01
6094	431	4.72603E+01
10561	460	4.72656E+01
1069	771	4.72668E+01
6189	338	4.72670E+01
1179	231	4.72856E+01
1179	420	4.73094E+01
10393	601	4.73116E+01
10477	639	4.73198E+01
10393	597	4.73237E+01
6094	430	4.73461E+01
1069	231	4.73482E+01
1179	770	4.73516E+01
959	726	4.73660E+01
10561	368	4.73790E+01
10393	640	4.73824E+01
6094	378	4.73909E+01
10477	460	4.73945E+01
1179	328	4.73998E+01
959	773	4.74065E+01
1069	420	4.74081E+01
6094	432	4.74170E+01
10477	368	4.74197E+01
6189	431	4.74247E+01
10561	552	4.74262E+01
959	461	4.74277E+01
10477	468	4.74364E+01
959	772	4.74700E+01
1069	328	4.74752E+01
959	598	4.74819E+01
10477	641	4.74831E+01
1133	286	4.74917E+01
6189	430	4.75045E+01
10477	278	4.75123E+01
959	231	4.75201E+01
10561	278	4.75382E+01
6189	378	4.75544E+01
10393	639	4.75600E+01
10393	468	4.75695E+01
1133	285	4.75708E+01
10393	368	4.75708E+01
6189	432	4.75879E+01
1069	770	4.75944E+01
10477	552	4.75973E+01
10393	460	4.75977E+01
959	640	4.76011E+01
10393	278	4.76214E+01
10477	429	4.76456E+01
959	420	4.76527E+01
10393	641	4.76555E+01
10561	559	4.76710E+01
959	328	4.76724E+01
959	771	4.76762E+01
6094	429	4.76795E+01
10561	638	4.76916E+01
1179	725	4.77253E+01
6094	337	4.77491E+01
1023	286	4.77619E+01
10561	419	4.77653E+01
1179	682	4.77716E+01
1179	553	4.77811E+01
10561	681	4.77890E+01
10393	429	4.77972E+01
10393	552	4.78261E+01
6189	429	4.78326E+01
1023	285	4.78332E+01
10477	419	4.78349E+01
1133	284	4.78450E+01
1179	769	4.78679E+01
10561	602	4.78869E+01
6094	471	4.79041E+01
1069	553	4.79113E+01
10561	380	4.79200E+01
6189	337	4.79236E+01
10561	642	4.79241E+01
1069	725	4.79500E+01
10477	638	4.79508E+01
1069	682	4.79703E+01
10561	680	4.79816E+01
10561	596	4.79995E+01
6094	470	4.80069E+01
10393	419	4.80104E+01
10477	559	4.80201E+01
6094	377	4.80411E+01
959	770	4.80478E+01
6189	471	4.80607E+01
6094	472	4.80649E+01
10561	682	4.80808E+01
10477	681	4.80858E+01
1023	284	4.80994E+01
1069	769	4.81142E+01
913	286	4.81253E+01
10393	559	4.81337E+01
6189	470	4.81530E+01
10477	230	4.81843E+01
913	285	4.81965E+01
10477	602	4.81995E+01
10477	596	4.82033E+01
6189	377	4.82034E+01
10477	642	4.82156E+01
10393	638	4.82180E+01
959	553	4.82259E+01
6189	472	4.82330E+01
10561	230	4.82479E+01
6094	428	4.82673E+01
10477	680	4.82762E+01
10393	230	4.82763E+01
1133	334	4.82908E+01
1133	335	4.82994E+01
10393	602	4.83107E+01
10393	681	4.83123E+01
10477	327	4.83198E+01
1133	283	4.83226E+01
10561	327	4.83421E+01
10393	642	4.83480E+01
10477	682	4.83722E+01
6094	469	4.83827E+01
6189	428	4.84156E+01
959	682	4.84178E+01
959	725	4.84353E+01
10393	327	4.84428E+01
10477	380	4.84461E+01
10393	596	4.84598E+01
913	284	4.84623E+01
6094	473	4.84805E+01
1133	333	4.85087E+01
6189	469	4.85190E+01
10561	469	4.85222E+01
1133	336	4.85244E+01
10393	680	4.85430E+01
10393	682	4.85531E+01
1023	334	4.85582E+01
1023	283	4.85687E+01
1023	335	4.85750E+01
1179	768	4.86050E+01
959	769	4.86098E+01
6094	336	4.86176E+01
10393	380	4.86237E+01
6189	473	4.86608E+01
10561	722	4.86915E+01
10561	679	4.86918E+01
6094	562	4.87312E+01
1179	278	4.87503E+01
6094	563	4.87566E+01
10561	430	4.87587E+01
1023	333	4.87677E+01
6189	336	4.87937E+01
1179	814	4.88075E+01
1023	336	4.88080E+01
1069	278	4.88136E+01
10561	683	4.88192E+01
1069	768	4.88535E+01
10561	637	4.88587E+01
6189	562	4.88677E+01
10561	723	4.88947E+01
6189	563	4.89096E+01
913	334	4.89227E+01
6094	376	4.89294E+01
913	283	4.89312E+01
10477	469	4.89316E+01
913	335	4.89376E+01
1133	337	4.89563E+01
1133	332	4.89641E+01
10477	679	4.89760E+01
6094	561	4.89854E+01
10561	721	4.89927E+01
959	278	4.89966E+01
10477	722	4.90047E+01
1133	282	4.90131E+01
6094	468	4.90405E+01
6094	564	4.90468E+01
10393	469	4.90479E+01
1179	368	4.90533E+01
10561	643	4.90549E+01
1069	814	4.90637E+01
1179	724	4.90745E+01
1179	813	4.90909E+01
6189	376	4.90910E+01
10477	637	4.90923E+01
10561	459	4.90970E+01
10477	683	4.90983E+01
6189	561	4.91066E+01
1179	639	4.91155E+01
6094	427	4.91182E+01
1133	374	4.91239E+01
10561	551	4.91279E+01
1069	368	4.91336E+01
913	333	4.91338E+01
1133	375	4.91620E+01
6189	468	4.91680E+01
913	336	4.91685E+01
10561	560	4.91740E+01
10477	459	4.91753E+01
10477	723	4.91932E+01
1023	332	4.92145E+01
6189	564	4.92174E+01
10393	683	4.92288E+01
10477	430	4.92336E+01
1023	337	4.92478E+01
1023	282	4.92508E+01
10477	551	4.92541E+01
10393	722	4.92613E+01
6189	427	4.92624E+01
10561	603	4.92724E+01
10393	679	4.92772E+01
1069	639	4.92851E+01
1133	234	4.92852E+01
1069	724	4.92973E+01
10477	721	4.93117E+01
1179	597	4.93348E+01
10477	643	4.93399E+01
1133	373	4.93419E+01
1069	813	4.93533E+01
959	368	4.93555E+01
10393	430	4.93761E+01
10393	459	4.93773E+01
10393	637	4.93815E+01
959	768	4.93895E+01
10477	367	4.93926E+01
1023	374	4.93947E+01
10393	723	4.93953E+01
10561	367	4.94090E+01
10393	643	4.94287E+01
10477	277	4.94397E+01
1023	375	4.94411E+01
1133	376	4.94443E+01
1069	597	4.94807E+01
10393	551	4.94876E+01
1023	234	4.95126E+01
1179	812	4.95134E+01
10561	277	4.95207E+01
10477	560	4.95330E+01
6094	560	4.95334E+01
10393	367	4.95345E+01
10393	277	4.95369E+01
959	814	4.95412E+01
10561	724	4.95604E+01
913	332	4.95819E+01
6094	565	4.95858E+01
1133	338	4.95862E+01
10477	603	4.95863E+01
1179	767	4.95921E+01
1023	373	4.96043E+01
913	337	4.96058E+01
913	282	4.96127E+01
10393	721	4.96163E+01
10561	763	4.96204E+01
10393	560	4.96208E+01
1179	681	4.96332E+01
6189	560	4.96404E+01
1179	230	4.96579E+01
10561	595	4.96622E+01
10393	603	4.96624E+01
10561	764	4.96688E+01
1133	331	4.96711E+01
6094	606	4.96752E+01
959	639	4.97002E+01
6094	335	4.97105E+01
1069	230	4.97133E+01
6094	607	4.97135E+01
6094	286	4.97166E+01
1179	460	4.97184E+01
1023	376	4.97314E+01
913	374	4.97614E+01
6189	565	4.97751E+01
1069	812	4.97812E+01
6189	606	4.97941E+01
913	375	4.98028E+01
959	724	4.98158E+01
1069	460	4.98247E+01
1069	681	4.98272E+01
10477	595	4.98272E+01
1133	372	4.98305E+01
10561	720	4.98328E+01
10561	418	4.98344E+01
10477	724	4.98360E+01
1069	767	4.98416E+01
959	597	4.98481E+01
10477	418	4.98482E+01
6189	607	4.98550E+01
913	234	4.98689E+01
959	813	4.98758E+01
1023	338	4.98854E+01
959	230	4.98870E+01
6189	335	4.98885E+01
6189	286	4.99082E+01
6094	605	4.99112E+01
1023	331	4.99126E+01
1133	281	4.99294E+01
10561	678	4.99447E+01
1133	377	4.99606E+01
10477	763	4.99611E+01
10561	684	4.99651E+01
913	373	4.99754E+01
10393	724	4.99780E+01
10477	764	4.99867E+01
6094	467	4.99904E+01
6094	608	5.00060E+01
6189	605	5.00090E+01
10393	418	5.00173E+01
1133	425	5.00328E+01
6094	375	5.00678E+01
1023	372	5.00841E+01
10477	229	5.00865E+01
913	376	5.00878E+01
1179	419	5.00940E+01
10561	762	5.00941E+01
10393	595	5.00944E+01
1179	811	5.00973E+01
959	460	5.01100E+01
6189	467	5.01101E+01
1179	327	5.01398E+01
1133	426	5.01449E+01
10477	720	5.01480E+01
1023	281	5.01585E+01
10393	229	5.01669E+01
6189	608	5.01715E+01
1069	419	5.01839E+01
10561	765	5.01952E+01
1133	424	5.02011E+01
10561	229	5.02015E+01
1069	327	5.02065E+01
10477	678	5.02096E+01
10393	764	5.02250E+01
10477	684	5.02255E+01
6189	375	5.02291E+01
913	338	5.02409E+01
6094	426	5.02428E+01
1023	377	5.02555E+01
10393	763	5.02615E+01
913	331	5.02811E+01
10561	470	5.02871E+01
959	681	5.03014E+01
10393	684	5.03014E+01
1133	233	5.03086E+01
1023	425	5.03094E+01
959	812	5.03477E+01
1069	811	5.03697E+01
6189	426	5.03835E+01
6094	559	5.03885E+01
959	327	5.04075E+01
959	767	5.04157E+01
1023	426	5.04294E+01
959	419	5.04362E+01
6094	604	5.04409E+01
10477	762	5.04472E+01
10561	805	5.04551E+01
913	372	5.04592E+01
1179	552	5.04690E+01
1023	424	5.04695E+01
10477	326	5.04710E+01
10477	765	5.04808E+01
6189	559	5.04827E+01
10393	720	5.04934E+01
6189	604	5.05191E+01
913	281	5.05196E+01
1133	427	5.05258E+01
1023	233	5.05280E+01
6094	609	5.05322E+01
10393	678	5.05390E+01
10561	644	5.05509E+01
10561	326	5.05516E+01
10561	636	5.05605E+01
10561	431	5.05739E+01
10393	326	5.05823E+01
1069	552	5.05910E+01
913	377	5.06062E+01
1133	371	5.06077E+01
10561	804	5.06170E+01
10561	725	5.06433E+01
1133	330	5.06477E+01
10393	765	5.06502E+01
1133	423	5.06647E+01
913	425	5.06788E+01
1133	378	5.07022E+01
10477	470	5.07127E+01
6189	609	5.07228E+01
6094	648	5.07280E+01
10477	636	5.07609E+01
1179	723	5.07684E+01
6094	647	5.07757E+01
10561	806	5.07868E+01
913	426	5.07898E+01
10393	762	5.08020E+01
10477	805	5.08068E+01
10393	470	5.08110E+01
1023	427	5.08179E+01
10477	644	5.08244E+01
6189	648	5.08443E+01
913	424	5.08472E+01
1023	371	5.08522E+01
1179	766	5.08596E+01
6189	647	5.08637E+01
10393	644	5.08664E+01
1179	810	5.08681E+01
1023	330	5.08800E+01
913	233	5.08828E+01
10477	725	5.08887E+01
959	552	5.09191E+01
6094	649	5.09209E+01
1023	423	5.09246E+01
10393	725	5.09656E+01
959	811	5.09787E+01
1069	723	5.09880E+01
10561	561	5.09898E+01
10561	604	5.09937E+01
10477	804	5.09980E+01
1023	378	5.10048E+01
6094	285	5.10135E+01
6094	334	5.10396E+01
10393	636	5.10664E+01
6189	649	5.10670E+01
10477	431	5.10717E+01
6094	646	5.10874E+01
1133	280	5.10885E+01
1133	465	5.10925E+01
10393	805	5.10974E+01
10477	806	5.10983E+01
1069	766	5.11087E+01
1133	466	5.11228E+01
10561	761	5.11238E+01
1069	810	5.11439E+01
6189	646	5.11489E+01
10561	766	5.11503E+01
1133	428	5.11664E+01
913	427	5.11688E+01
10393	431	5.12039E+01
6189	285	5.12085E+01
6189	334	5.12197E+01
913	371	5.12308E+01
10561	719	5.12353E+01
6094	466	5.12434E+01
913	330	5.12492E+01
6094	603	5.12831E+01
10477	604	5.13049E+01
1023	280	5.13087E+01
913	423	5.13097E+01
10393	806	5.13127E+01
10561	803	5.13163E+01
10561	550	5.13232E+01
6094	650	5.13309E+01
6189	603	5.13434E+01
10393	604	5.13434E+01
913	378	5.13493E+01
10477	561	5.13557E+01
6189	466	5.13562E+01
10393	804	5.13568E+01
1133	464	5.13714E+01
1023	465	5.13714E+01
10477	766	5.13951E+01
10561	458	5.13963E+01
10477	550	5.13991E+01
1023	466	5.14091E+01
10393	561	5.14157E+01
10477	458	5.14195E+01
1133	422	5.14429E+01
1133	467	5.14493E+01
1023	428	5.14659E+01
6094	374	5.14703E+01
10477	761	5.14781E+01
10561	685	5.14787E+01
10393	766	5.14898E+01
6189	650	5.15080E+01
1179	277	5.15283E+01
10477	719	5.15363E+01
959	723	5.15364E+01
1133	232	5.15411E+01
10561	807	5.15608E+01
6094	558	5.15640E+01
1069	277	5.15834E+01
1179	638	5.16094E+01
10393	458	5.16176E+01
6189	374	5.16318E+01
10393	550	5.16337E+01
1023	464	5.16425E+01
6189	558	5.16467E+01
6094	425	5.16542E+01
1133	379	5.16625E+01
913	280	5.16689E+01
6094	645	5.16865E+01
10477	276	5.16927E+01
1023	422	5.16938E+01
1133	370	5.16952E+01
10477	803	5.17145E+01
10477	685	5.17149E+01
959	766	5.17180E+01
6189	645	5.17232E+01
10393	685	5.17324E+01
1023	467	5.17426E+01
1023	232	5.17523E+01
913	465	5.17524E+01
10561	677	5.17535E+01
959	277	5.17689E+01
10477	366	5.17698E+01
1069	638	5.17720E+01
913	466	5.17770E+01
10393	276	5.17773E+01
6189	425	5.17922E+01
959	810	5.17938E+01
913	428	5.18066E+01
10477	807	5.18224E+01
10561	276	5.18309E+01
10561	594	5.18428E+01
10561	366	5.18464E+01
1179	809	5.18542E+01
6094	689	5.18627E+01
10393	761	5.18788E+01
6094	690	5.18855E+01
1179	680	5.18910E+01
10393	366	5.19011E+01
10393	719	5.19149E+01
1133	329	5.19157E+01
1023	370	5.19302E+01
6189	689	5.19352E+01
10393	807	5.19536E+01
10477	594	5.19624E+01
1023	379	5.19726E+01
1133	463	5.19763E+01
10477	677	5.19900E+01
6189	690	5.19927E+01
913	464	5.20356E+01
1133	429	5.20586E+01
1133	468	5.20615E+01
6094	688	5.20677E+01
1069	680	5.20791E+01
913	422	5.20856E+01
1179	367	5.20950E+01
913	467	5.20964E+01
10561	726	5.20976E+01
913	232	5.21056E+01
6189	688	5.21071E+01
6094	691	5.21106E+01
1179	596	5.21112E+01
1069	809	5.21322E+01
10393	803	5.21326E+01
1023	329	5.21385E+01
1069	367	5.21663E+01
959	638	5.22067E+01
10393	594	5.22355E+01
1023	463	5.22391E+01
1133	557	5.22478E+01
1069	596	5.22489E+01
6189	691	5.22538E+01
10477	228	5.22627E+01
10477	417	5.22984E+01
10477	726	5.23064E+01
913	379	5.23106E+01
913	370	5.23118E+01
1179	229	5.23127E+01
10393	726	5.23138E+01
10561	471	5.23275E+01
10393	228	5.23309E+01
10393	677	5.23406E+01
10561	417	5.23441E+01
1069	229	5.23606E+01
1023	468	5.23616E+01
1023	429	5.23653E+01
1133	558	5.23767E+01
10561	645	5.23803E+01
959	367	5.23932E+01
10561	228	5.24310E+01
1179	765	5.24382E+01
1133	556	5.24426E+01
6094	602	5.24562E+01
10393	417	5.24592E+01
10561	767	5.24835E+01
6189	602	5.25003E+01
913	329	5.25081E+01
1133	279	5.25115E+01
6094	687	5.25264E+01
6094	284	5.25266E+01
6189	687	5.25344E+01
1023	557	5.25345E+01
959	229	5.25361E+01
1133	421	5.25585E+01
959	680	5.25767E+01
10561	802	5.25845E+01
6094	644	5.25963E+01
6189	644	5.26102E+01
6094	333	5.26172E+01
10393	645	5.26301E+01
959	596	5.26319E+01
10561	432	5.26345E+01
10477	645	5.26377E+01
913	463	5.26433E+01
1023	558	5.26698E+01
10477	767	5.26802E+01
1069	765	5.26854E+01
10393	767	5.26950E+01
913	429	5.26952E+01
913	468	5.27003E+01
1023	556	5.27224E+01
1023	279	5.27225E+01
10561	808	5.27233E+01
6189	284	5.27252E+01
10561	760	5.27299E+01
10477	471	5.27672E+01
6189	333	5.27999E+01
1023	421	5.28001E+01
10561	635	5.28011E+01
6094	465	5.28133E+01
1133	559	5.28147E+01
1179	459	5.28195E+01
959	809	5.28206E+01
1179	722	5.28349E+01
1133	380	5.28369E+01
10393	471	5.28460E+01
1069	459	5.29167E+01
6189	465	5.29203E+01
913	557	5.29246E+01
10477	808	5.29263E+01
1133	462	5.29285E+01
1133	469	5.29499E+01
10477	635	5.29604E+01
10393	808	5.29685E+01
1133	555	5.29784E+01
10477	802	5.29871E+01
10477	325	5.29931E+01
1133	231	5.30010E+01
10561	605	5.30260E+01
6094	731	5.30344E+01
6094	732	5.30345E+01
913	558	5.30416E+01
1069	722	5.30497E+01
10477	760	5.30734E+01
6094	557	5.30743E+01
6189	731	5.30795E+01
913	279	5.30816E+01
1179	808	5.30855E+01
10393	325	5.30919E+01
10561	562	5.30995E+01
1023	559	5.31137E+01
1133	369	5.31171E+01
6189	732	5.31196E+01
913	556	5.31296E+01
10561	325	5.31344E+01
6189	557	5.31470E+01
6094	373	5.31525E+01
10477	432	5.31535E+01
1023	380	5.31544E+01
1023	462	5.31825E+01
1133	430	5.31953E+01
913	421	5.31978E+01
1023	231	5.32036E+01
10561	718	5.32091E+01
959	459	5.32112E+01
6094	730	5.32257E+01
6189	730	5.32321E+01
6189	686	5.32436E+01
1023	555	5.32507E+01
1179	326	5.32526E+01
1023	469	5.32563E+01
6094	686	5.32647E+01
10393	432	5.32744E+01
10393	635	5.32764E+01
1179	418	5.32919E+01
1069	326	5.33105E+01
6189	373	5.33146E+01
10561	686	5.33214E+01
959	765	5.33267E+01
10393	605	5.33295E+01
10477	605	5.33309E+01
1023	369	5.33424E+01
1069	808	5.33642E+01
6094	424	5.33686E+01
1069	418	5.33725E+01
10393	802	5.34543E+01
913	559	5.34659E+01
10477	562	5.34694E+01
10393	686	5.34840E+01
10477	718	5.34852E+01
913	380	5.34856E+01
1133	328	5.34991E+01
10393	562	5.34997E+01
6189	424	5.35045E+01
1023	430	5.35090E+01
10393	760	5.35109E+01
959	326	5.35150E+01
10477	686	5.35282E+01
1133	560	5.35482E+01
913	231	5.35552E+01
913	469	5.35791E+01
1133	601	5.35812E+01
1179	551	5.35843E+01
913	462	5.35966E+01
6189	729	5.36039E+01
959	722	5.36245E+01
959	418	5.36316E+01
6094	729	5.36343E+01
913	555	5.36734E+01
1069	551	5.36972E+01
1023	328	5.37120E+01
1133	602	5.37128E+01
913	369	5.37263E+01
1133	600	5.37824E+01
913	430	5.38275E+01
6189	643	5.38338E+01
6094	643	5.38405E+01
1023	560	5.38526E+01
1023	601	5.38745E+01
1133	554	5.38755E+01
10561	727	5.38789E+01
10393	718	5.38887E+01
6094	601	5.39788E+01
10393	727	5.39795E+01
6189	601	5.40085E+01
10561	549	5.40099E+01
1023	602	5.40113E+01
10477	549	5.40301E+01
1133	420	5.40362E+01
959	551	5.40368E+01
10477	727	5.40453E+01
1023	600	5.40699E+01
913	328	5.40818E+01
959	808	5.40884E+01
1133	470	5.41043E+01
10561	676	5.41172E+01
10477	457	5.41256E+01
1023	554	5.41397E+01
10561	768	5.41456E+01
1133	603	5.41577E+01
10561	457	5.41618E+01
913	560	5.41840E+01
10393	768	5.42184E+01
10561	809	5.42208E+01
1133	278	5.42214E+01
6189	728	5.42225E+01
1133	461	5.42517E+01
6094	773	5.42553E+01
6189	773	5.42554E+01
6189	685	5.42617E+01
10393	549	5.42621E+01
6094	283	5.42664E+01
1023	420	5.42679E+01
10477	275	5.42773E+01
913	601	5.42843E+01
10477	768	5.42876E+01
6094	728	5.42878E+01
10393	809	5.43064E+01
6094	685	5.43097E+01
10477	676	5.43160E+01
10393	457	5.43170E+01
1133	599	5.43368E+01
10393	275	5.43488E+01
10477	809	5.43581E+01
1179	764	5.43582E+01
913	602	5.43977E+01
1023	470	5.44168E+01
1023	278	5.44228E+01
10561	801	5.44372E+01
6189	772	5.44571E+01
6094	332	5.44575E+01
1023	603	5.44607E+01
6189	283	5.44688E+01
10561	275	5.44746E+01
1023	461	5.44964E+01
6094	772	5.44997E+01
913	600	5.45013E+01
10561	646	5.45114E+01
1179	637	5.45295E+01
10561	593	5.45356E+01
10477	365	5.45509E+01
1133	561	5.45629E+01
1179	679	5.45639E+01
1133	431	5.45700E+01
913	554	5.45764E+01
1179	807	5.45927E+01
1069	764	5.46018E+01
10477	593	5.46031E+01
1023	599	5.46176E+01
10561	472	5.46303E+01
6189	332	5.46431E+01
1179	276	5.46483E+01
10393	365	5.46703E+01
913	420	5.46705E+01
10393	676	5.46807E+01
1069	637	5.46837E+01
10393	646	5.46886E+01
10561	365	5.46901E+01
1069	276	5.46950E+01
1133	230	5.47070E+01
10477	227	5.47173E+01
6094	464	5.47175E+01
913	470	5.47229E+01
1069	679	5.47446E+01
10477	646	5.47486E+01
10393	227	5.47729E+01
913	278	5.47807E+01
6189	464	5.48198E+01
913	603	5.48221E+01
10477	801	5.48306E+01
6189	771	5.48446E+01
1069	807	5.48706E+01
1023	561	5.48721E+01
10393	593	5.48775E+01
959	276	5.48828E+01
1023	431	5.48904E+01
1133	604	5.48961E+01
1133	368	5.48973E+01
1023	230	5.49009E+01
10561	759	5.49162E+01
913	461	5.49190E+01
6094	771	5.49284E+01
6094	556	5.49362E+01
10561	227	5.49405E+01
6189	556	5.50003E+01
913	599	5.50689E+01
10477	472	5.50818E+01
1133	642	5.50886E+01
1023	368	5.51122E+01
6189	727	5.51168E+01
6094	372	5.51329E+01
1133	643	5.51335E+01
959	637	5.51349E+01
10393	472	5.51397E+01
1133	553	5.51564E+01
10477	416	5.51802E+01
913	561	5.51816E+01
913	431	5.51970E+01
1023	604	5.52028E+01
6094	727	5.52147E+01
10477	759	5.52367E+01
913	230	5.52507E+01
1179	228	5.52605E+01
959	679	5.52621E+01
1133	598	5.52660E+01
959	764	5.52714E+01
10561	416	5.52886E+01
6189	372	5.52963E+01
1179	721	5.52974E+01
1069	228	5.53006E+01
1179	595	5.53190E+01
10393	416	5.53307E+01
10393	801	5.53362E+01
10561	606	5.53431E+01
1133	641	5.53787E+01
1023	642	5.53887E+01
6094	423	5.54061E+01
1023	553	5.54117E+01
6189	642	5.54180E+01
1133	327	5.54208E+01
1023	643	5.54374E+01
6094	642	5.54431E+01
6189	770	5.54442E+01
1069	595	5.54475E+01
10561	687	5.54560E+01
959	228	5.54779E+01
10561	563	5.54825E+01
1133	644	5.54880E+01
913	368	5.54979E+01
1069	721	5.55059E+01
1133	471	5.55140E+01
10393	687	5.55198E+01
1179	366	5.55371E+01
913	604	5.55378E+01
1023	598	5.55394E+01
6189	423	5.55408E+01
6094	770	5.55674E+01
10561	634	5.55701E+01
10393	606	5.55947E+01
1069	366	5.55991E+01
6189	684	5.56171E+01
1023	327	5.56235E+01
959	807	5.56274E+01
10477	687	5.56286E+01
10477	606	5.56382E+01
10477	142	5.56561E+01
1023	641	5.56740E+01
10477	634	5.56805E+01
6094	684	5.56894E+01
10393	142	5.57003E+01
10393	759	5.57012E+01
10561	717	5.57474E+01
6189	814	5.57841E+01
1023	644	5.57948E+01
959	366	5.58305E+01
1023	471	5.58322E+01
913	642	5.58326E+01
1133	562	5.58429E+01
959	595	5.58434E+01
10393	563	5.58526E+01
913	643	5.58535E+01
10477	563	5.58536E+01
913	553	5.58607E+01
6094	600	5.58704E+01
10477	324	5.58812E+01
6189	600	5.58877E+01
6094	814	5.58966E+01
1133	419	5.58985E+01
10561	142	5.59045E+01
1133	605	5.59074E+01
10393	810	5.59181E+01
10393	728	5.59216E+01
10561	728	5.59451E+01
10393	324	5.59667E+01
1133	460	5.59688E+01
10477	717	5.59879E+01
913	327	5.59930E+01
10393	634	5.60010E+01
10561	810	5.60023E+01
913	598	5.60085E+01
10393	769	5.60146E+01
1133	640	5.60285E+01
10477	728	5.60639E+01
10477	810	5.60676E+01
10561	324	5.60852E+01
10561	769	5.60896E+01
959	721	5.61031E+01
1023	419	5.61199E+01
913	471	5.61209E+01
1133	645	5.61263E+01
913	641	5.61436E+01
1023	562	5.61566E+01
10477	769	5.61714E+01
1133	432	5.61769E+01
913	644	5.61812E+01
1023	460	5.62035E+01
1023	605	5.62172E+01
6189	813	5.62344E+01
1133	277	5.62396E+01
6094	282	5.62454E+01
6189	769	5.62848E+01
6189	726	5.63172E+01
1023	640	5.63181E+01
1179	458	5.63468E+01
6094	813	5.63911E+01
1179	806	5.64066E+01
10393	717	5.64078E+01
1023	277	5.64312E+01
1069	458	5.64343E+01
1023	645	5.64352E+01
913	562	5.64431E+01
6094	726	5.64449E+01
6094	769	5.64452E+01
6189	282	5.64518E+01
1023	432	5.65039E+01
913	605	5.65245E+01
913	419	5.65265E+01
6094	331	5.65785E+01
1133	597	5.65919E+01
913	460	5.66334E+01
1179	763	5.66469E+01
1133	229	5.66763E+01
1069	806	5.66819E+01
1133	684	5.67015E+01
959	458	5.67364E+01
1179	325	5.67423E+01
6189	331	5.67673E+01
913	277	5.67876E+01
913	645	5.67902E+01
1069	325	5.67911E+01
913	432	5.67981E+01
913	640	5.68112E+01
1133	683	5.68172E+01
1133	552	5.68425E+01
1023	597	5.68571E+01
1023	229	5.68611E+01
6189	812	5.68670E+01
10561	800	5.68718E+01
1069	763	5.68852E+01
1133	685	5.68882E+01
1179	417	5.69057E+01
10561	647	5.69125E+01
1069	417	5.69766E+01
6094	463	5.69781E+01
959	325	5.69985E+01
10393	647	5.70109E+01
1023	684	5.70122E+01
10561	675	5.70193E+01
1133	646	5.70229E+01
1133	367	5.70549E+01
1133	639	5.70626E+01
6094	812	5.70662E+01
6189	463	5.70767E+01
1023	552	5.70883E+01
1023	683	5.71254E+01
10477	647	5.71256E+01
10477	548	5.71294E+01
1179	550	5.71302E+01
1133	472	5.71676E+01
10561	548	5.71698E+01
1133	606	5.71701E+01
6094	555	5.71705E+01
10477	675	5.71714E+01
10561	473	5.71819E+01
10477	274	5.71858E+01
1023	685	5.72004E+01
913	229	5.72089E+01
6189	555	5.72276E+01
1069	550	5.72333E+01
10477	568	5.72411E+01
959	417	5.72413E+01
10477	800	5.72421E+01
10393	274	5.72437E+01
1023	367	5.72591E+01
1133	682	5.72653E+01
10561	568	5.72658E+01
10477	456	5.72760E+01
1023	646	5.73331E+01
6189	683	5.73385E+01
913	597	5.73418E+01
1023	639	5.73454E+01
1133	686	5.73474E+01
10393	548	5.73550E+01
1133	563	5.73711E+01
10561	456	5.73755E+01
6189	641	5.73871E+01
6189	768	5.73974E+01
6094	641	5.74280E+01
6094	683	5.74324E+01
6094	371	5.74341E+01
10561	274	5.74438E+01
10477	226	5.74448E+01
10393	456	5.74581E+01
959	806	5.74673E+01
913	684	5.74765E+01
10393	568	5.74800E+01
1023	606	5.74823E+01
10393	226	5.74875E+01
1023	472	5.74911E+01
10393	675	5.75429E+01
913	552	5.75477E+01
1023	682	5.75696E+01
959	763	5.75788E+01
959	550	5.75821E+01
6094	768	5.75925E+01
6189	371	5.75993E+01
913	683	5.76209E+01
913	685	5.76313E+01
10477	473	5.76428E+01
913	367	5.76458E+01
913	646	5.76552E+01
1023	686	5.76602E+01
1179	678	5.76619E+01
10561	758	5.76692E+01
10393	473	5.76787E+01
1023	563	5.76886E+01
1133	326	5.76981E+01
6189	811	5.77081E+01
10561	592	5.77194E+01
10477	364	5.77196E+01
10561	226	5.77241E+01
10477	592	5.77288E+01
10393	811	5.77572E+01
913	606	5.77607E+01
913	472	5.77617E+01
10393	800	5.77749E+01
6094	422	5.77909E+01
10393	688	5.78047E+01
10393	364	5.78259E+01
1306	380	5.78263E+01
1069	678	5.78338E+01
10561	688	5.78464E+01
6189	725	5.78552E+01
913	639	5.78593E+01
1179	636	5.78802E+01
1023	326	5.78903E+01
1306	432	5.79077E+01
10561	607	5.79177E+01
10561	364	5.79236E+01
6189	422	5.79254E+01
6094	234	5.79276E+01
6094	811	5.79478E+01
913	563	5.79513E+01
10477	758	5.79545E+01
1306	431	5.79785E+01
10477	688	5.79806E+01
10393	592	5.79996E+01
10477	811	5.80074E+01
6094	725	5.80099E+01
10561	811	5.80194E+01
1069	636	5.80250E+01
10393	770	5.80408E+01
1133	687	5.80501E+01
913	686	5.80557E+01
1133	681	5.80747E+01
913	682	5.80939E+01
1133	459	5.80977E+01
10393	729	5.81012E+01
1179	275	5.81119E+01
10393	607	5.81122E+01
10561	564	5.81171E+01
10477	141	5.81386E+01
6189	234	5.81498E+01
1069	275	5.81499E+01
1133	647	5.81524E+01
6094	599	5.81526E+01
1306	379	5.81580E+01
6189	599	5.81595E+01
1133	418	5.81623E+01
10393	141	5.81714E+01
1179	720	5.81717E+01
10477	607	5.81997E+01
10561	729	5.82559E+01
913	326	5.82591E+01
1306	472	5.82705E+01
10561	770	5.82713E+01
1306	430	5.82714E+01
10477	770	5.82879E+01
1023	459	5.83218E+01
10477	729	5.83226E+01
1133	596	5.83340E+01
959	275	5.83400E+01
1023	687	5.83625E+01
959	678	5.83671E+01
1306	473	5.83702E+01
1069	720	5.83722E+01
1023	418	5.83728E+01
1023	681	5.83740E+01
1306	471	5.84055E+01
10393	758	5.84360E+01
10561	141	5.84367E+01
10393	564	5.84527E+01
1023	647	5.84629E+01
10477	415	5.84720E+01
1133	726	5.84794E+01
6094	281	5.84799E+01
10477	564	5.84866E+01
959	636	5.84893E+01
1179	227	5.85019E+01
1133	638	5.85028E+01
1133	725	5.85134E+01
1306	338	5.85220E+01
1069	227	5.85342E+01
1179	805	5.85563E+01
1133	276	5.85819E+01
1023	596	5.85900E+01
10393	415	5.86102E+01
10561	415	5.86457E+01
1133	607	5.86613E+01
6189	281	5.86907E+01
1306	378	5.86953E+01
1133	727	5.87080E+01
959	227	5.87132E+01
913	687	5.87209E+01
913	647	5.87509E+01
913	459	5.87574E+01
1023	276	5.87633E+01
1023	638	5.87778E+01
913	418	5.87823E+01
1306	470	5.87837E+01
6189	810	5.87873E+01
1306	429	5.87921E+01
1023	726	5.88000E+01
6189	767	5.88149E+01
1069	805	5.88272E+01
10561	716	5.88272E+01
1023	725	5.88336E+01
10561	633	5.88414E+01
1133	724	5.88424E+01
1306	564	5.88537E+01
10477	633	5.88955E+01
1133	228	5.89206E+01
913	681	5.89242E+01
1306	563	5.89319E+01
1133	551	5.89499E+01
1179	594	5.89564E+01
1133	688	5.89685E+01
1023	607	5.89753E+01
959	720	5.89874E+01
6094	330	5.90028E+01
1306	565	5.90074E+01
10477	716	5.90216E+01
1023	727	5.90279E+01
6094	767	5.90416E+01
1133	473	5.90527E+01
6094	810	5.90652E+01
1069	594	5.90749E+01
913	596	5.90879E+01
1023	228	5.90960E+01
10477	323	5.91146E+01
913	276	5.91180E+01
1133	564	5.91284E+01
1023	724	5.91609E+01
1133	728	5.91681E+01
1023	551	5.91854E+01
10393	323	5.91860E+01
6189	330	5.91953E+01
10393	633	5.92145E+01
913	607	5.92238E+01
1306	337	5.92284E+01
1306	562	5.92562E+01
1133	680	5.92721E+01
1023	688	5.92795E+01
913	726	5.92972E+01
913	638	5.93098E+01
1179	762	5.93257E+01
913	725	5.93666E+01
1179	365	5.93721E+01
1023	473	5.93812E+01
10561	323	5.93825E+01
1306	469	5.94132E+01
1069	365	5.94244E+01
913	228	5.94419E+01
1306	377	5.94460E+01
10393	716	5.94491E+01
1023	564	5.94493E+01
6189	682	5.94547E+01
959	594	5.94807E+01
1023	728	5.94862E+01
913	727	5.94871E+01
1133	648	5.94891E+01
1133	723	5.94992E+01
1306	428	5.95478E+01
10561	648	5.95520E+01
1069	762	5.95569E+01
1023	680	5.95652E+01
10393	648	5.95658E+01
6094	682	5.95671E+01
913	688	5.95995E+01
1133	366	5.96002E+01
6094	462	5.96207E+01
913	473	5.96329E+01
959	805	5.96369E+01
1306	608	5.96371E+01
913	551	5.96533E+01
959	365	5.96594E+01
1179	142	5.96857E+01
913	564	5.96874E+01
1069	142	5.97124E+01
6189	462	5.97171E+01
1306	609	5.97250E+01
913	724	5.97272E+01
10477	648	5.97373E+01
6189	724	5.97632E+01
6189	640	5.97658E+01
1306	607	5.97683E+01
10393	812	5.97806E+01
1023	366	5.97934E+01
1023	648	5.97993E+01
6094	554	5.98012E+01
1023	723	5.98146E+01
6094	640	5.98199E+01
1133	729	5.98296E+01
1306	561	5.98399E+01
6189	554	5.98530E+01
10561	799	5.98672E+01
959	142	5.98871E+01
913	728	5.99054E+01
6094	724	5.99416E+01
913	648	6.00519E+01
1133	689	6.00750E+01
6094	370	6.00825E+01
10477	812	6.01340E+01
1306	336	6.01370E+01
1306	606	6.01376E+01
6189	809	6.01376E+01
913	680	6.01381E+01
6094	233	6.01411E+01
1023	729	6.01449E+01
913	366	6.01805E+01
10477	799	6.02006E+01
10561	812	6.02277E+01
6189	370	6.02501E+01
10393	771	6.02564E+01
959	762	6.02696E+01
1179	457	6.02905E+01
1306	468	6.03027E+01
10393	689	6.03043E+01
1133	325	6.03385E+01
1133	768	6.03552E+01
1133	608	6.03579E+01
1133	637	6.03661E+01
6189	233	6.03676E+01
1069	457	6.03677E+01
1023	689	6.03838E+01
1133	767	6.03856E+01
10477	273	6.03951E+01
913	723	6.04112E+01
1306	376	6.04203E+01
10561	674	6.04278E+01
10477	225	6.04283E+01
10393	273	6.04390E+01
6094	809	6.04507E+01
10561	689	6.04575E+01
10393	225	6.04580E+01
10393	730	6.04805E+01
1133	595	6.05047E+01
1133	722	6.05150E+01
1023	325	6.05197E+01
913	729	6.05227E+01
10477	674	6.05243E+01
1133	769	6.05472E+01
1306	427	6.05477E+01
10477	689	6.05495E+01
6094	421	6.05504E+01
6189	766	6.05715E+01
1306	650	6.05900E+01
10477	771	6.05961E+01
1179	324	6.05967E+01
1023	637	6.06322E+01
1069	324	6.06362E+01
1133	458	6.06463E+01
10561	771	6.06489E+01
1306	649	6.06573E+01
10477	547	6.06630E+01
1133	730	6.06637E+01
913	689	6.06641E+01
1133	766	6.06710E+01
1023	608	6.06730E+01
959	457	6.06757E+01
6189	421	6.06855E+01
1023	768	6.06865E+01
1306	560	6.06949E+01
10561	273	6.07145E+01
1023	767	6.07185E+01
10561	608	6.07219E+01
10393	799	6.07491E+01
1023	595	6.07506E+01
1306	605	6.07625E+01
10561	225	6.07646E+01
10561	547	6.07684E+01
10561	730	6.07727E+01
10477	567	6.07803E+01
10477	730	6.07832E+01
10477	140	6.08207E+01
1023	722	6.08259E+01
6094	766	6.08264E+01
1133	417	6.08333E+01
10477	455	6.08366E+01
10393	140	6.08420E+01
959	324	6.08463E+01
6189	598	6.08479E+01
6094	598	6.08491E+01
10393	608	6.08545E+01
1023	458	6.08592E+01
10561	567	6.08697E+01
1023	769	6.08757E+01
10393	547	6.08786E+01
1133	679	6.08793E+01
913	325	6.08874E+01
913	608	6.08906E+01
10393	674	6.08953E+01
1179	416	6.09219E+01
1306	648	6.09294E+01
1133	770	6.09302E+01
10561	757	6.09582E+01
1023	730	6.09753E+01
10561	565	6.09809E+01
1069	416	6.09828E+01
10477	608	6.09877E+01
6094	280	6.09915E+01
10561	455	6.10026E+01
1023	766	6.10041E+01
10393	455	6.10066E+01
1133	649	6.10074E+01
10393	567	6.10099E+01
1023	417	6.10325E+01
1179	804	6.10672E+01
1179	549	6.10952E+01
1133	565	6.10952E+01
1023	679	6.11648E+01
10561	140	6.11694E+01
913	637	6.11792E+01
1179	677	6.11834E+01
1069	549	6.11877E+01
10477	757	6.11963E+01
6189	280	6.12068E+01
913	768	6.12339E+01
1306	286	6.12391E+01
10477	363	6.12435E+01
1133	765	6.12451E+01
959	416	6.12519E+01
1133	275	6.12534E+01
1023	770	6.12548E+01
913	595	6.12591E+01
1306	335	6.12597E+01
10393	565	6.12777E+01
913	458	6.12990E+01
10477	591	6.13031E+01
913	767	6.13051E+01
913	730	6.13103E+01
1023	649	6.13165E+01
1069	804	6.13317E+01
10393	363	6.13356E+01
1133	690	6.13425E+01
1069	677	6.13452E+01
10477	565	6.13460E+01
10561	591	6.13574E+01
913	769	6.13818E+01
1023	565	6.14189E+01
1023	275	6.14244E+01
1306	647	6.14275E+01
913	417	6.14438E+01
1133	227	6.14440E+01
913	722	6.14494E+01
1306	467	6.14616E+01
1179	719	6.14626E+01
1133	771	6.14744E+01
1133	550	6.14849E+01
10561	363	6.15138E+01
913	649	6.15328E+01
959	549	6.15434E+01
10393	591	6.15656E+01
1023	765	6.15770E+01
1023	227	6.16098E+01
913	766	6.16274E+01
1306	375	6.16309E+01
913	565	6.16316E+01
1133	731	6.16429E+01
1023	690	6.16483E+01
1069	719	6.16536E+01
1179	635	6.16538E+01
1306	604	6.16600E+01
10393	757	6.16847E+01
1023	550	6.17094E+01
913	770	6.17179E+01
913	679	6.17570E+01
6094	329	6.17571E+01
1306	691	6.17607E+01
913	275	6.17772E+01
1069	635	6.17880E+01
6189	808	6.17937E+01
1023	771	6.17943E+01
1306	426	6.18029E+01
1306	559	6.18330E+01
913	690	6.18880E+01
959	677	6.18901E+01
1179	274	6.19050E+01
1133	721	6.19174E+01
1069	274	6.19341E+01
1023	731	6.19499E+01
10393	813	6.19502E+01
913	227	6.19535E+01
6189	329	6.19536E+01
6189	681	6.19936E+01
1179	226	6.20264E+01
1306	690	6.20389E+01
1069	226	6.20506E+01
6189	723	6.20731E+01
6094	681	6.21211E+01
959	274	6.21263E+01
10477	414	6.21348E+01
6094	808	6.21386E+01
1133	764	6.21415E+01
1133	772	6.21525E+01
959	804	6.21606E+01
1306	646	6.21723E+01
913	550	6.21835E+01
913	771	6.22129E+01
1023	721	6.22223E+01
959	226	6.22314E+01
913	765	6.22338E+01
1133	609	6.22359E+01
913	731	6.22412E+01
10393	414	6.22592E+01
959	635	6.22617E+01
6094	723	6.22714E+01
959	719	6.22820E+01
1133	142	6.22899E+01
10393	649	6.23223E+01
1133	810	6.23286E+01
10561	414	6.23760E+01
10561	649	6.23981E+01
1179	761	6.24060E+01
10477	813	6.24083E+01
10561	715	6.24087E+01
1133	809	6.24126E+01
1133	811	6.24287E+01
1023	142	6.24501E+01
1023	772	6.24668E+01
1023	764	6.24706E+01
1306	689	6.25088E+01
1133	365	6.25308E+01
1306	285	6.25310E+01
10477	715	6.25469E+01
1023	609	6.25514E+01
10477	649	6.25524E+01
10477	632	6.25644E+01
10561	632	6.25734E+01
6189	639	6.25786E+01
10561	813	6.25874E+01
6094	232	6.25975E+01
1306	334	6.26089E+01
10393	772	6.26242E+01
1069	761	6.26282E+01
6094	639	6.26430E+01
10477	322	6.26566E+01
1133	636	6.26605E+01
1023	810	6.26729E+01
6094	461	6.26729E+01
