GRAM	c2h2	chi_tot
7956	556	3.74171E+01
8046	556	3.74987E+01
7956	464	3.75186E+01
7956	465	3.75217E+01
7956	600	3.75671E+01
7956	557	3.75988E+01
8046	464	3.76066E+01
8046	465	3.76212E+01
8046	600	3.76369E+01
8046	557	3.77135E+01
7956	601	3.77557E+01
7956	424	3.77821E+01
7956	555	3.77833E+01
8046	555	3.78380E+01
8046	601	3.78806E+01
8046	424	3.78811E+01
7956	641	3.78962E+01
7956	425	3.79005E+01
7956	599	3.79309E+01
8046	641	3.79331E+01
8046	599	3.79528E+01
7956	642	3.79546E+01
8046	425	3.79950E+01
7956	466	3.80290E+01
7956	463	3.80589E+01
8046	642	3.80681E+01
8046	463	3.81403E+01
8046	466	3.81445E+01
7956	423	3.81655E+01
7956	683	3.82616E+01
8046	423	3.82725E+01
7956	558	3.82839E+01
8046	683	3.83289E+01
8046	640	3.83655E+01
7956	640	3.83965E+01
8046	682	3.84124E+01
8046	558	3.84372E+01
7956	682	3.84412E+01
7956	602	3.84471E+01
7956	374	3.84808E+01
7956	426	3.84899E+01
7956	643	3.85174E+01
7956	373	3.85321E+01
8046	374	3.85743E+01
8046	426	3.85834E+01
7956	684	3.85910E+01
8046	602	3.86338E+01
8046	373	3.86443E+01
8046	643	3.87151E+01
7956	554	3.87470E+01
8046	724	3.87604E+01
8046	684	3.87632E+01
8046	554	3.87813E+01
7956	724	3.87832E+01
7956	725	3.87987E+01
7956	375	3.88713E+01
8046	598	3.88844E+01
8046	725	3.88990E+01
7956	598	3.89022E+01
8046	375	3.89484E+01
7956	467	3.90046E+01
7956	372	3.90476E+01
8046	681	3.90739E+01
7956	422	3.90842E+01
8046	467	3.91404E+01
8046	723	3.91488E+01
8046	372	3.91810E+01
7956	462	3.91861E+01
7956	681	3.91887E+01
8046	422	3.92030E+01
8046	766	3.92485E+01
8046	462	3.92662E+01
7956	766	3.92729E+01
7956	726	3.92742E+01
7956	723	3.92844E+01
7956	685	3.93770E+01
7956	767	3.93803E+01
8046	639	3.94264E+01
7956	559	3.94319E+01
8046	765	3.94698E+01
8046	767	3.95040E+01
8046	726	3.95066E+01
7956	639	3.95156E+01
7956	427	3.95212E+01
7956	644	3.95363E+01
7956	603	3.95968E+01
8046	427	3.96168E+01
8046	559	3.96289E+01
7956	765	3.96320E+01
7956	334	3.96538E+01
8046	685	3.96621E+01
7956	376	3.96813E+01
8046	376	3.97442E+01
8046	334	3.97520E+01
7956	333	3.97775E+01
8046	808	3.97855E+01
8046	644	3.98250E+01
7956	808	3.98302E+01
8046	603	3.98511E+01
7956	768	3.98990E+01
8046	333	3.99036E+01
7956	335	3.99208E+01
8046	807	3.99269E+01
7956	809	3.99457E+01
8046	335	3.99925E+01
7956	371	4.00521E+01
8046	809	4.00714E+01
8046	722	4.01290E+01
7956	807	4.01318E+01
7956	727	4.01589E+01
8046	768	4.01798E+01
8046	371	4.02092E+01
8046	764	4.02307E+01
7956	332	4.03050E+01
7956	553	4.03601E+01
7956	722	4.03657E+01
8046	680	4.03791E+01
8046	553	4.03814E+01
7956	468	4.04151E+01
7956	810	4.04248E+01
8046	332	4.04605E+01
8046	597	4.04900E+01
7956	764	4.05189E+01
8046	727	4.05313E+01
7956	597	4.05385E+01
8046	806	4.05567E+01
7956	336	4.05650E+01
7956	680	4.05683E+01
7956	686	4.05732E+01
8046	468	4.05751E+01
7956	421	4.05752E+01
8046	336	4.06116E+01
8046	421	4.07095E+01
8046	810	4.07293E+01
7956	769	4.07793E+01
7956	377	4.08879E+01
7956	806	4.09101E+01
8046	377	4.09388E+01
7956	461	4.09457E+01
7956	428	4.09662E+01
7956	645	4.09684E+01
8046	686	4.09781E+01
7956	560	4.10057E+01
8046	461	4.10301E+01
8046	428	4.10668E+01
7956	604	4.11647E+01
8046	638	4.11790E+01
7956	811	4.12192E+01
8046	769	4.12247E+01
8046	560	4.12510E+01
7956	331	4.12517E+01
7956	638	4.13153E+01
8046	645	4.13544E+01
7956	728	4.14070E+01
8046	331	4.14381E+01
8046	604	4.14921E+01
7956	337	4.15710E+01
7956	370	4.15739E+01
7956	285	4.15878E+01
8046	337	4.15939E+01
8046	763	4.16001E+01
7956	286	4.16691E+01
8046	285	4.17059E+01
8046	811	4.17097E+01
8046	805	4.17420E+01
8046	286	4.17555E+01
8046	370	4.17573E+01
8046	721	4.17699E+01
7956	284	4.18293E+01
8046	728	4.19263E+01
7956	770	4.19759E+01
8046	284	4.19798E+01
7956	763	4.20002E+01
7956	721	4.20938E+01
7956	687	4.21376E+01
7956	469	4.22283E+01
7956	805	4.22299E+01
7956	812	4.22860E+01
8046	679	4.23936E+01
7956	283	4.24027E+01
8046	469	4.24163E+01
7956	378	4.24686E+01
8046	378	4.25096E+01
8046	283	4.25864E+01
8046	770	4.25925E+01
7956	330	4.26378E+01
7956	679	4.26439E+01
8046	687	4.26686E+01
7956	552	4.26722E+01
7956	420	4.26760E+01
8046	552	4.26883E+01
7956	646	4.27754E+01
7956	429	4.27977E+01
8046	596	4.28248E+01
8046	420	4.28302E+01
8046	330	4.28567E+01
7956	596	4.28940E+01
8046	429	4.29063E+01
7956	338	4.29225E+01
8046	338	4.29231E+01
8046	812	4.29684E+01
7956	561	4.29710E+01
7956	729	4.29768E+01
7956	605	4.31151E+01
8046	646	4.32642E+01
8046	561	4.32690E+01
7956	282	4.33205E+01
7956	460	4.33802E+01
7956	771	4.34482E+01
8046	460	4.34750E+01
8046	605	4.35205E+01
8046	282	4.35384E+01
8046	804	4.35534E+01
7956	813	4.35876E+01
7956	369	4.36438E+01
8046	762	4.36474E+01
8046	729	4.36491E+01
8046	637	4.36806E+01
7956	637	4.38517E+01
8046	369	4.38563E+01
7956	688	4.40326E+01
8046	720	4.41370E+01
7956	762	4.41432E+01
7956	804	4.41594E+01
8046	771	4.42415E+01
7956	379	4.44027E+01
7956	470	4.44145E+01
8046	379	4.44359E+01
8046	813	4.44668E+01
7956	329	4.44888E+01
7956	720	4.45323E+01
7956	281	4.45995E+01
8046	470	4.46337E+01
8046	688	4.46952E+01
8046	329	4.47420E+01
7956	730	4.48303E+01
8046	281	4.48524E+01
7956	647	4.49234E+01
7956	430	4.49910E+01
7956	814	4.50911E+01
8046	430	4.51101E+01
7956	772	4.51599E+01
8046	678	4.51743E+01
7956	562	4.52969E+01
7956	606	4.54163E+01
7956	419	4.54205E+01
7956	678	4.54707E+01
8046	647	4.55201E+01
8046	419	4.55990E+01
8046	562	4.56514E+01
8046	730	4.56609E+01
7956	551	4.57221E+01
8046	551	4.57417E+01
8046	606	4.59042E+01
8046	595	4.59313E+01
7956	595	4.60102E+01
8046	803	4.60581E+01
8046	772	4.61347E+01
8046	814	4.61710E+01
7956	689	4.62237E+01
7956	280	4.62607E+01
7956	368	4.62924E+01
8046	761	4.64345E+01
7956	459	4.65224E+01
8046	368	4.65368E+01
8046	280	4.65498E+01
8046	459	4.66340E+01
7956	380	4.66720E+01
8046	380	4.66994E+01
7956	803	4.67630E+01
7956	328	4.68338E+01
7956	731	4.69330E+01
7956	471	4.69467E+01
5370	465	4.69468E+01
8046	636	4.69733E+01
7956	761	4.70072E+01
8046	689	4.70230E+01
5370	557	4.70263E+01
7956	773	4.70784E+01
5370	466	4.70860E+01
8046	328	4.71228E+01
5370	425	4.71413E+01
7956	636	4.71656E+01
8046	471	4.72004E+01
7956	234	4.72345E+01
5370	556	4.72581E+01
5267	465	4.72598E+01
8046	719	4.72825E+01
5370	558	4.73036E+01
5370	464	4.73173E+01
5267	557	4.73338E+01
5370	601	4.73398E+01
5370	424	4.73533E+01
7956	648	4.73817E+01
5267	466	4.73819E+01
5370	426	4.74061E+01
5267	425	4.74525E+01
8046	234	4.75142E+01
7956	431	4.75232E+01
5370	602	4.75828E+01
5267	558	4.75857E+01
5267	556	4.75891E+01
5370	600	4.76048E+01
5267	464	4.76460E+01
5267	601	4.76506E+01
8046	431	4.76554E+01
5267	424	4.76739E+01
5370	467	4.77000E+01
5267	426	4.77069E+01
7956	719	4.77311E+01
5370	374	4.77597E+01
5370	642	4.78553E+01
5267	602	4.78602E+01
5370	375	4.78646E+01
8046	731	4.79263E+01
5370	643	4.79299E+01
5267	600	4.79469E+01
7956	563	4.79566E+01
5267	467	4.79774E+01
7956	607	4.80407E+01
5370	555	4.80424E+01
5370	559	4.80504E+01
5370	423	4.80727E+01
5267	374	4.80763E+01
8046	648	4.80909E+01
5370	373	4.81022E+01
5370	427	4.81192E+01
5267	375	4.81769E+01
5267	642	4.81844E+01
5267	643	4.82180E+01
5370	463	4.82362E+01
8046	773	4.82384E+01
5370	641	4.82892E+01
5370	603	4.82906E+01
5267	559	4.83056E+01
7956	279	4.83290E+01
8046	563	4.83713E+01
5267	555	4.83949E+01
5370	376	4.83949E+01
5267	423	4.84016E+01
5267	427	4.84085E+01
5267	373	4.84225E+01
5370	599	4.84259E+01
5370	684	4.84478E+01
5370	644	4.84660E+01
5267	603	4.85326E+01
5267	463	4.85790E+01
8046	607	4.86152E+01
7956	233	4.86234E+01
5370	683	4.86440E+01
8046	279	4.86552E+01
5267	641	4.86567E+01
7956	690	4.86787E+01
5267	376	4.87023E+01
5267	644	4.87109E+01
5370	685	4.87115E+01
5370	468	4.87557E+01
8046	677	4.87586E+01
5267	684	4.87668E+01
5267	599	4.87969E+01
7956	418	4.88328E+01
5370	372	4.89147E+01
8046	233	4.89377E+01
5370	334	4.89381E+01
5370	335	4.89578E+01
5267	685	4.89805E+01
5267	683	4.90106E+01
5267	468	4.90135E+01
8046	418	4.90399E+01
7956	677	4.90844E+01
5370	726	4.91893E+01
5370	560	4.92307E+01
5267	372	4.92380E+01
7956	732	4.92527E+01
5370	428	4.92529E+01
5267	334	4.92580E+01
5370	725	4.92716E+01
5267	335	4.92779E+01
5370	640	4.92839E+01
8046	802	4.93106E+01
5370	333	4.93147E+01
5370	377	4.93284E+01
5370	422	4.93328E+01
5370	682	4.93512E+01
5370	336	4.93604E+01
5370	686	4.93896E+01
5370	645	4.94215E+01
5370	604	4.94241E+01
5370	554	4.94270E+01
5267	560	4.94574E+01
5267	726	4.95072E+01
5370	727	4.95179E+01
5267	428	4.95299E+01
7956	550	4.95302E+01
7956	367	4.95445E+01
8046	550	4.95623E+01
5267	686	4.96063E+01
8046	690	4.96190E+01
5267	645	4.96212E+01
5267	604	4.96290E+01
5267	377	4.96301E+01
5267	333	4.96341E+01
5267	725	4.96451E+01
5267	422	4.96689E+01
5267	336	4.96802E+01
5267	640	4.96870E+01
7956	327	4.97007E+01
5370	462	4.97461E+01
5267	682	4.97623E+01
5267	727	4.97778E+01
5267	554	4.97989E+01
7956	472	4.98018E+01
5370	724	4.98145E+01
8046	367	4.98236E+01
8046	594	4.98312E+01
5370	598	4.98560E+01
7956	594	4.99081E+01
5370	768	4.99871E+01
8046	760	5.00055E+01
8046	327	5.00274E+01
5370	767	5.00562E+01
7956	802	5.00921E+01
8046	472	5.00928E+01
5370	332	5.01009E+01
5267	462	5.01013E+01
7956	649	5.01221E+01
5370	337	5.01310E+01
5370	728	5.02123E+01
5370	371	5.02222E+01
5370	469	5.02224E+01
5267	724	5.02406E+01
5267	598	5.02532E+01
5370	769	5.02796E+01
5267	768	5.03184E+01
7956	232	5.03372E+01
7956	432	5.03739E+01
7956	458	5.03880E+01
5267	728	5.04118E+01
8046	732	5.04124E+01
5267	332	5.04194E+01
5370	687	5.04406E+01
5267	767	5.04498E+01
5267	337	5.04502E+01
5267	469	5.04594E+01
8046	432	5.05217E+01
8046	458	5.05230E+01
5370	766	5.05354E+01
5267	769	5.05461E+01
5267	371	5.05477E+01
5267	687	5.06030E+01
5370	681	5.06257E+01
7956	760	5.06338E+01
5370	378	5.06430E+01
8046	232	5.06869E+01
5370	646	5.07588E+01
5370	429	5.07810E+01
5370	561	5.08112E+01
5370	810	5.08172E+01
5370	286	5.08273E+01
7956	278	5.08308E+01
5370	723	5.08730E+01
5370	770	5.08891E+01
5370	639	5.08966E+01
5267	646	5.09115E+01
7956	564	5.09278E+01
5267	378	5.09385E+01
8046	649	5.09479E+01
5370	605	5.09485E+01
5370	809	5.09516E+01
5370	285	5.09580E+01
7956	608	5.09642E+01
5267	766	5.09885E+01
5370	811	5.09968E+01
5267	561	5.10081E+01
5267	429	5.10449E+01
8046	635	5.10752E+01
5267	681	5.10779E+01
5267	770	5.10888E+01
5267	605	5.11147E+01
5267	286	5.11517E+01
5370	421	5.11701E+01
5267	810	5.11815E+01
8046	278	5.11952E+01
5370	729	5.12311E+01
8046	718	5.12358E+01
5370	338	5.12539E+01
7956	635	5.12741E+01
5267	285	5.12793E+01
5267	811	5.12914E+01
5370	331	5.13126E+01
5267	639	5.13320E+01
5267	723	5.13483E+01
7956	691	5.13668E+01
5267	729	5.13685E+01
5267	809	5.13834E+01
8046	564	5.14060E+01
5370	284	5.14176E+01
5370	808	5.14468E+01
5370	812	5.14486E+01
5370	553	5.14622E+01
5370	765	5.14785E+01
5267	421	5.15121E+01
5267	338	5.15721E+01
8046	608	5.16291E+01
5267	331	5.16297E+01
5267	812	5.16716E+01
7956	718	5.17179E+01
5267	284	5.17357E+01
5370	771	5.17758E+01
5370	688	5.18272E+01
5267	553	5.18510E+01
5370	461	5.18911E+01
5267	771	5.19071E+01
5267	688	5.19336E+01
5267	808	5.19435E+01
5370	597	5.19499E+01
5267	765	5.19876E+01
5370	370	5.20532E+01
5370	470	5.20713E+01
5370	813	5.21362E+01
5370	283	5.22152E+01
5267	461	5.22568E+01
5267	813	5.22862E+01
5267	470	5.22864E+01
5370	379	5.23190E+01
5370	807	5.23548E+01
5267	597	5.23702E+01
5267	370	5.23800E+01
7956	231	5.23947E+01
5370	647	5.24443E+01
8046	691	5.24519E+01
5370	722	5.25071E+01
5370	680	5.25281E+01
5267	283	5.25300E+01
5370	730	5.25371E+01
5267	647	5.25485E+01
5267	379	5.26078E+01
5267	730	5.26108E+01
5370	430	5.26797E+01
5370	562	5.27623E+01
8046	231	5.27804E+01
5370	606	5.28329E+01
5370	772	5.29044E+01
5267	807	5.29130E+01
7956	417	5.29202E+01
5267	562	5.29283E+01
5267	430	5.29296E+01
5370	764	5.29440E+01
5267	606	5.29590E+01
7956	473	5.29604E+01
5267	772	5.29660E+01
5370	330	5.29705E+01
5267	680	5.30176E+01
5267	722	5.30276E+01
5370	814	5.30276E+01
5267	814	5.31035E+01
7956	326	5.31111E+01
7956	650	5.31170E+01
8046	676	5.31573E+01
8046	417	5.31605E+01
5370	638	5.31853E+01
5267	330	5.32858E+01
8046	473	5.32915E+01
8046	801	5.33437E+01
5370	282	5.33639E+01
7956	366	5.34125E+01
8046	326	5.34772E+01
7956	676	5.34949E+01
5267	764	5.35052E+01
5370	689	5.35151E+01
5267	689	5.35641E+01
5370	420	5.36214E+01
5267	638	5.36492E+01
5267	282	5.36751E+01
8046	366	5.37292E+01
5370	806	5.37326E+01
7956	277	5.37903E+01
5267	420	5.39680E+01
8046	650	5.40633E+01
7956	549	5.40920E+01
5370	731	5.40960E+01
5267	731	5.41049E+01
8046	549	5.41458E+01
7956	609	5.41644E+01
7956	801	5.41770E+01
7956	565	5.41917E+01
8046	277	5.41939E+01
5370	552	5.41946E+01
5267	773	5.42339E+01
5370	773	5.42430E+01
5370	471	5.42770E+01
5370	380	5.43391E+01
5267	806	5.43483E+01
8046	759	5.43786E+01
5370	369	5.44384E+01
5370	648	5.44476E+01
5267	471	5.44693E+01
5267	648	5.45020E+01
8046	593	5.45187E+01
7956	593	5.45815E+01
5267	552	5.45977E+01
5267	380	5.46207E+01
5370	460	5.47118E+01
8046	565	5.47366E+01
5370	596	5.47578E+01
5267	369	5.47657E+01
5370	721	5.47792E+01
7956	230	5.48134E+01
5370	281	5.48805E+01
8046	609	5.49233E+01
5370	431	5.49275E+01
7956	457	5.49698E+01
5370	763	5.49946E+01
7956	759	5.50391E+01
5370	607	5.50502E+01
5370	563	5.50586E+01
5267	460	5.50861E+01
5370	329	5.51005E+01
5370	679	5.51175E+01
8046	457	5.51349E+01
5267	607	5.51352E+01
5267	431	5.51628E+01
5267	281	5.51879E+01
5267	563	5.51924E+01
5267	596	5.51978E+01
8046	230	5.52359E+01
5267	721	5.53401E+01
5267	329	5.54135E+01
5267	690	5.54629E+01
5370	690	5.54724E+01
5267	763	5.56030E+01
5267	679	5.56396E+01
5370	805	5.56417E+01
5267	732	5.58194E+01
5370	732	5.58764E+01
8046	634	5.59750E+01
8046	717	5.59973E+01
7956	634	5.61651E+01
5370	637	5.62011E+01
5267	805	5.63101E+01
7956	717	5.64916E+01
5267	637	5.66893E+01
5370	419	5.67192E+01
5370	649	5.67406E+01
5267	649	5.67439E+01
5370	280	5.67867E+01
5370	472	5.68175E+01
5267	472	5.69862E+01
5267	419	5.70690E+01
7956	325	5.70731E+01
5267	280	5.70899E+01
7956	276	5.72248E+01
5370	368	5.74075E+01
8046	325	5.74800E+01
5370	234	5.74974E+01
5370	432	5.75053E+01
5370	608	5.75767E+01
5267	691	5.75996E+01
7956	229	5.76081E+01
5267	608	5.76193E+01
5370	551	5.76597E+01
7956	416	5.76684E+01
8046	276	5.76685E+01
5370	691	5.76688E+01
5370	564	5.76782E+01
5370	762	5.76917E+01
5267	432	5.77253E+01
5370	328	5.77314E+01
5267	368	5.77345E+01
5370	720	5.77463E+01
5267	564	5.77790E+01
5267	234	5.77999E+01
7956	365	5.78906E+01
8046	416	5.79463E+01
5267	328	5.80416E+01
8046	229	5.80678E+01
5267	551	5.80740E+01
5370	804	5.81446E+01
8046	800	5.81617E+01
5370	459	5.82383E+01
8046	365	5.82475E+01
5370	595	5.83168E+01
5267	762	5.83417E+01
5267	720	5.83421E+01
8046	675	5.83498E+01
5370	678	5.84425E+01
5267	459	5.86189E+01
7956	675	5.86805E+01
5267	595	5.87727E+01
5267	804	5.88601E+01
5267	678	5.89919E+01
7956	800	5.90199E+01
5370	233	5.90973E+01
5370	279	5.91073E+01
5267	650	5.92471E+01
5370	650	5.92957E+01
7956	548	5.93740E+01
5267	233	5.93951E+01
5267	279	5.94062E+01
7956	568	5.94210E+01
8046	548	5.94586E+01
8046	568	5.94699E+01
8046	758	5.95408E+01
5370	473	5.96748E+01
5267	473	5.98191E+01
8046	592	5.99565E+01
5370	636	5.99791E+01
7956	592	5.99932E+01
7956	758	6.02088E+01
7956	456	6.02334E+01
5267	609	6.03891E+01
5370	609	6.03899E+01
8046	456	6.04350E+01
5370	418	6.04850E+01
5267	636	6.04867E+01
5370	565	6.06029E+01
5267	565	6.06697E+01
7956	228	6.07881E+01
5267	418	6.08364E+01
5370	327	6.08908E+01
5370	367	6.09837E+01
5370	232	6.10297E+01
5370	761	6.10867E+01
7956	275	6.11377E+01
5267	327	6.11977E+01
8046	228	6.12853E+01
5370	803	6.12984E+01
5267	367	6.13094E+01
5267	232	6.13225E+01
5370	719	6.14509E+01
8046	716	6.15338E+01
7956	324	6.15751E+01
8046	275	6.16223E+01
8046	633	6.16279E+01
5267	761	6.17717E+01
7956	633	6.17942E+01
5370	278	6.18687E+01
5370	550	6.18733E+01
7956	716	6.20186E+01
8046	324	6.20242E+01
5267	803	6.20542E+01
5267	719	6.20753E+01
5267	278	6.21630E+01
5267	550	6.22957E+01
5370	458	6.24827E+01
5370	677	6.25319E+01
5370	594	6.26425E+01
5267	458	6.28673E+01
7956	364	6.29488E+01
7956	415	6.30365E+01
5267	677	6.31028E+01
5267	594	6.31101E+01
5370	231	6.33129E+01
8046	364	6.33483E+01
8046	415	6.33559E+01
5267	231	6.36007E+01
8046	799	6.37357E+01
8046	674	6.42809E+01
7956	227	6.43534E+01
5370	635	6.45298E+01
7956	674	6.45864E+01
7956	799	6.45907E+01
5370	326	6.45987E+01
8046	227	6.48885E+01
5267	326	6.49018E+01
5370	417	6.49233E+01
5267	635	6.50516E+01
5370	277	6.50947E+01
5370	802	6.51456E+01
5370	366	6.51775E+01
5370	760	6.52125E+01
5267	417	6.52747E+01
7956	547	6.53108E+01
5267	277	6.53842E+01
7956	567	6.53923E+01
8046	547	6.54350E+01
8046	757	6.54440E+01
8046	567	6.54801E+01
5267	366	6.55008E+01
7956	274	6.55132E+01
5370	718	6.59124E+01
5267	760	6.59250E+01
5267	802	6.59340E+01
5370	230	6.59642E+01
8046	274	6.60390E+01
7956	591	6.60731E+01
8046	591	6.60742E+01
7956	757	6.60945E+01
7956	455	6.61140E+01
5267	230	6.62469E+01
8046	455	6.63582E+01
5267	718	6.65584E+01
7956	323	6.65817E+01
5370	549	6.68265E+01
8046	323	6.70739E+01
5267	549	6.72535E+01
5370	676	6.73881E+01
5370	457	6.74340E+01
5370	593	6.77232E+01
8046	715	6.77769E+01
5267	457	6.78200E+01
8046	632	6.79553E+01
5267	676	6.79741E+01
7956	632	6.80831E+01
5267	593	6.81980E+01
7956	715	6.82308E+01
7956	226	6.82917E+01
7956	363	6.85300E+01
5370	276	6.88012E+01
7956	142	6.88193E+01
5370	325	6.88612E+01
8046	226	6.88645E+01
7956	414	6.89540E+01
8046	363	6.89740E+01
5370	229	6.89977E+01
5267	276	6.90855E+01
5335	649	6.91269E+01
5335	607	6.91303E+01
5267	325	6.91598E+01
5335	648	6.91788E+01
5335	691	6.92473E+01
5267	229	6.92751E+01
5335	690	6.92915E+01
5335	608	6.92945E+01
8046	414	6.93186E+01
5335	606	6.93268E+01
5335	563	6.93688E+01
8046	142	6.94009E+01
5335	650	6.94010E+01
5335	562	6.94721E+01
5335	732	6.95665E+01
5335	647	6.95811E+01
5335	564	6.96322E+01
5335	689	6.96458E+01
5370	801	6.97066E+01
5335	609	6.97997E+01
5370	634	6.98351E+01
5335	471	6.98415E+01
5438	607	6.98974E+01
5335	605	6.99054E+01
5438	649	6.99100E+01
5438	648	6.99211E+01
5335	561	6.99621E+01
5370	365	6.99796E+01
5335	731	6.99801E+01
5335	470	6.99973E+01
8046	798	7.00012E+01
5370	416	7.00163E+01
5438	690	7.00267E+01
5438	691	7.00315E+01
5335	472	7.00576E+01
5438	606	7.00625E+01
5370	759	7.00763E+01
5438	608	7.00946E+01
5438	563	7.01379E+01
5438	562	7.02182E+01
5438	650	7.02266E+01
5335	565	7.02455E+01
5438	732	7.02715E+01
5438	647	7.02845E+01
5267	365	7.02996E+01
7956	273	7.03130E+01
5438	689	7.03337E+01
5335	688	7.03382E+01
5335	646	7.03589E+01
5267	634	7.03655E+01
5267	416	7.03659E+01
5438	564	7.04257E+01
5267	801	7.05189E+01
5335	469	7.05461E+01
5335	773	7.05667E+01
5438	471	7.05991E+01
5438	605	7.06114E+01
5335	473	7.06285E+01
5438	731	7.06312E+01
5438	609	7.06343E+01
5335	431	7.06643E+01
5438	561	7.06867E+01
5335	430	7.06873E+01
5335	730	7.06911E+01
5438	470	7.07405E+01
12101	467	7.08006E+01
12159	467	7.08070E+01
5267	759	7.08081E+01
12217	467	7.08220E+01
7956	798	7.08249E+01
5438	472	7.08308E+01
12101	427	7.08332E+01
12159	427	7.08382E+01
12217	427	7.08498E+01
8046	673	7.08607E+01
5335	560	7.08633E+01
8046	273	7.08799E+01
5335	604	7.08911E+01
12101	428	7.09445E+01
12159	428	7.09530E+01
12217	428	7.09728E+01
5438	688	7.09808E+01
12101	468	7.09916E+01
12159	468	7.10041E+01
5335	432	7.10048E+01
5438	646	7.10252E+01
12217	468	7.10330E+01
5438	565	7.10648E+01
12101	558	7.10746E+01
12159	558	7.10791E+01
12217	558	7.10899E+01
5335	429	7.10923E+01
12101	559	7.11114E+01
12101	466	7.11186E+01
12159	466	7.11195E+01
12217	466	7.11217E+01
5370	717	7.11219E+01
7956	673	7.11234E+01
12159	559	7.11246E+01
5438	773	7.11518E+01
12217	559	7.11553E+01
12101	426	7.11976E+01
12159	426	7.11995E+01
12217	426	7.12037E+01
12101	377	7.12074E+01
12159	377	7.12118E+01
12217	377	7.12219E+01
5438	469	7.12763E+01
5438	730	7.12901E+01
5335	772	7.13733E+01
12101	378	7.13969E+01
5335	687	7.13975E+01
12159	378	7.14028E+01
5438	431	7.14149E+01
12217	378	7.14166E+01
5438	473	7.14183E+01
12101	602	7.14212E+01
12159	602	7.14292E+01
5438	430	7.14309E+01
12101	376	7.14409E+01
12159	376	7.14440E+01
12217	602	7.14486E+01
12217	376	7.14509E+01
12101	429	7.15003E+01
12159	429	7.15126E+01
5335	468	7.15134E+01
5335	645	7.15399E+01
12217	429	7.15413E+01
5438	560	7.15679E+01
5438	604	7.15693E+01
12217	557	7.15787E+01
12159	557	7.15864E+01
12101	557	7.15899E+01
12101	603	7.16455E+01
12101	469	7.16537E+01
12101	560	7.16550E+01
12159	603	7.16655E+01
12159	469	7.16726E+01
12159	560	7.16774E+01
12217	603	7.17122E+01
12217	469	7.17164E+01
12217	560	7.17293E+01
5335	729	7.17294E+01
12217	601	7.17431E+01
12159	601	7.17494E+01
12101	601	7.17526E+01
5438	432	7.17634E+01
5267	717	7.17817E+01
7956	546	7.18056E+01
5438	429	7.18298E+01
5335	380	7.18350E+01
5335	428	7.19006E+01
5438	772	7.19012E+01
12101	643	7.19205E+01
7956	566	7.19270E+01
12159	643	7.19303E+01
12217	643	7.19544E+01
12217	465	7.19719E+01
8046	546	7.19774E+01
12159	465	7.19815E+01
12101	465	7.19856E+01
12101	379	7.19864E+01
5335	379	7.19865E+01
12159	379	7.19940E+01
5438	687	7.19970E+01
8046	756	7.20047E+01
12217	379	7.20120E+01
7956	322	7.20318E+01
8046	566	7.20624E+01
12217	425	7.20670E+01
12159	425	7.20695E+01
12101	425	7.20704E+01
12101	375	7.21222E+01
12159	375	7.21243E+01
12217	375	7.21284E+01
12101	338	7.21650E+01
12159	338	7.21678E+01
5438	645	7.21713E+01
12217	338	7.21743E+01
12217	642	7.21939E+01
12101	644	7.21959E+01
12159	642	7.22028E+01
5335	559	7.22059E+01
7956	141	7.22072E+01
12101	642	7.22074E+01
12159	644	7.22210E+01
5438	468	7.22318E+01
12101	337	7.22566E+01
12159	337	7.22596E+01
12217	337	7.22661E+01
5438	729	7.22783E+01
12217	644	7.22801E+01
5335	603	7.23142E+01
12101	604	7.23759E+01
12159	604	7.24085E+01
5335	814	7.24134E+01
5370	228	7.24214E+01
5335	771	7.24684E+01
12101	430	7.24720E+01
5370	548	7.24807E+01
12217	604	7.24840E+01
12159	430	7.24884E+01
12101	684	7.24889E+01
12159	684	7.24973E+01
5335	378	7.25120E+01
7956	454	7.25162E+01
12217	684	7.25192E+01
12217	430	7.25266E+01
8046	322	7.25675E+01
5438	380	7.25737E+01
7956	225	7.25754E+01
7956	756	7.26132E+01
5438	428	7.26332E+01
5370	568	7.26400E+01
12217	600	7.26506E+01
12101	561	7.26635E+01
12217	556	7.26705E+01
12159	600	7.26807E+01
5267	228	7.26934E+01
12101	600	7.26943E+01
12159	556	7.26951E+01
12159	561	7.26957E+01
12101	685	7.27033E+01
12101	556	7.27059E+01
7956	590	7.27192E+01
5438	379	7.27250E+01
12159	685	7.27304E+01
12101	336	7.27316E+01
12159	336	7.27348E+01
12217	336	7.27416E+01
12101	470	7.27512E+01
8046	590	7.27688E+01
12217	561	7.27698E+01
12159	470	7.27770E+01
12217	685	7.27946E+01
8046	454	7.28082E+01
12217	683	7.28198E+01
8046	141	7.28210E+01
5438	814	7.28365E+01
12217	470	7.28365E+01
12159	683	7.28383E+01
12101	683	7.28475E+01
5335	686	7.28554E+01
5438	559	7.28923E+01
5267	548	7.29089E+01
5335	467	7.29290E+01
5438	771	7.29412E+01
12101	380	7.29558E+01
12159	380	7.29654E+01
5438	603	7.29667E+01
12101	645	7.29798E+01
5370	675	7.29830E+01
12217	380	7.29879E+01
5370	275	7.29898E+01
12159	645	7.30211E+01
5370	456	7.30534E+01
12217	641	7.30591E+01
5267	568	7.30822E+01
12159	641	7.30989E+01
12217	645	7.31168E+01
12101	641	7.31170E+01
12101	725	7.31244E+01
5335	728	7.31266E+01
12159	725	7.31272E+01
5335	427	7.31368E+01
12217	725	7.31373E+01
5335	644	7.31563E+01
12101	726	7.31846E+01
8046	225	7.31856E+01
12159	726	7.32093E+01
5438	378	7.32511E+01
5267	275	7.32687E+01
12217	726	7.32690E+01
12101	374	7.32765E+01
12159	374	7.32778E+01
12217	374	7.32797E+01
5438	686	7.34142E+01
12217	464	7.34150E+01
5335	377	7.34288E+01
12101	686	7.34318E+01
12159	464	7.34350E+01
5267	456	7.34383E+01
12101	464	7.34436E+01
12217	424	7.34735E+01
12159	686	7.34785E+01
12159	424	7.34818E+01
12101	424	7.34850E+01
5370	592	7.35165E+01
12101	605	7.35678E+01
5267	675	7.35773E+01
12217	686	7.35871E+01
12217	724	7.35969E+01
12101	335	7.36072E+01
12159	335	7.36108E+01
12159	605	7.36137E+01
5335	813	7.36167E+01
12217	335	7.36181E+01
5438	728	7.36279E+01
12159	724	7.36339E+01
5438	467	7.36371E+01
12101	724	7.36518E+01
5370	324	7.36638E+01
12101	767	7.36936E+01
12159	767	7.37106E+01
12217	605	7.37194E+01
12217	767	7.37543E+01
5438	644	7.37554E+01
12217	682	7.37632E+01
12101	727	7.37678E+01
12159	727	7.38153E+01
12159	682	7.38194E+01
12101	431	7.38339E+01
12217	766	7.38449E+01
12101	682	7.38451E+01
12159	431	7.38547E+01
12159	766	7.38576E+01
12101	766	7.38655E+01
5438	427	7.38656E+01
5335	770	7.38831E+01
12217	431	7.39030E+01
12217	727	7.39269E+01
5267	324	7.39575E+01
5438	813	7.39813E+01
5267	592	7.39938E+01
5335	558	7.40248E+01
12101	768	7.40575E+01
12101	562	7.40995E+01
12159	768	7.41004E+01
12159	562	7.41418E+01
5438	377	7.41692E+01
12217	768	7.42030E+01
5335	602	7.42109E+01
12101	646	7.42248E+01
12217	599	7.42316E+01
12217	562	7.42393E+01
12101	471	7.42528E+01
12159	646	7.42828E+01
12159	599	7.42835E+01
12159	471	7.42858E+01
12101	808	7.42991E+01
12159	808	7.43027E+01
5438	770	7.43030E+01
12101	599	7.43066E+01
12217	808	7.43176E+01
12217	471	7.43618E+01
12101	809	7.43831E+01
12159	809	7.44154E+01
12217	646	7.44167E+01
12217	555	7.44182E+01
12159	555	7.44581E+01
12101	555	7.44756E+01
12217	809	7.44957E+01
5335	338	7.45351E+01
12217	765	7.45470E+01
7956	362	7.45491E+01
12159	765	7.46132E+01
12217	640	7.46178E+01
12101	687	7.46223E+01
8046	714	7.46236E+01
12101	765	7.46445E+01
12159	640	7.46860E+01
12159	687	7.46892E+01
5438	558	7.46950E+01
12217	807	7.46973E+01
12101	640	7.47165E+01
12217	723	7.47212E+01
12159	807	7.47449E+01
5335	685	7.47476E+01
5335	376	7.47568E+01
12101	807	7.47688E+01
12159	723	7.48024E+01
12101	728	7.48161E+01
5335	466	7.48258E+01
5335	426	7.48284E+01
12101	723	7.48397E+01
5438	602	7.48399E+01
12217	687	7.48440E+01
8046	631	7.48458E+01
12159	728	7.48872E+01
12101	769	7.48932E+01
12101	334	7.48993E+01
12159	334	7.49034E+01
12217	334	7.49116E+01
5335	727	7.49181E+01
7956	631	7.49217E+01
12101	373	7.49286E+01
12159	373	7.49293E+01
12217	373	7.49296E+01
12101	810	7.49505E+01
12159	769	7.49629E+01
5370	800	7.49745E+01
12159	810	7.50126E+01
7956	714	7.50261E+01
8046	362	7.50390E+01
12217	728	7.50526E+01
5335	812	7.51035E+01
12217	769	7.51264E+01
12217	810	7.51605E+01
12101	606	7.51828E+01
12159	606	7.52425E+01
5335	643	7.52464E+01
5438	685	7.52685E+01
5438	338	7.52776E+01
7956	413	7.53211E+01
5370	364	7.53570E+01
5438	727	7.53746E+01
12217	606	7.53795E+01
5438	812	7.54118E+01
12217	681	7.54241E+01
12217	423	7.54583E+01
12159	423	7.54715E+01
7956	272	7.54757E+01
12101	423	7.54768E+01
12217	463	7.54964E+01
5438	376	7.54994E+01
5335	337	7.55032E+01
12159	681	7.55151E+01
5438	466	7.55253E+01
12159	463	7.55257E+01
12101	463	7.55381E+01
5438	426	7.55544E+01
12101	681	7.55561E+01
12101	432	7.55630E+01
12159	432	7.55884E+01
12217	432	7.56474E+01
5335	769	7.56514E+01
5370	758	7.56555E+01
5267	364	7.56726E+01
12217	806	7.57142E+01
5370	415	7.57192E+01
8046	413	7.57337E+01
5267	800	7.58011E+01
5438	643	7.58156E+01
12159	806	7.58210E+01
5370	633	7.58448E+01
7956	140	7.58467E+01
12101	806	7.58708E+01
12101	647	7.58891E+01
12101	563	7.59312E+01
12101	811	7.59384E+01
12217	764	7.59413E+01
12159	647	7.59646E+01
12159	563	7.59842E+01
5438	769	7.60211E+01
12159	811	7.60311E+01
12159	764	7.60576E+01
5267	415	7.60653E+01
8046	272	7.60834E+01
12217	563	7.61059E+01
12101	764	7.61108E+01
12101	472	7.61317E+01
12217	647	7.61380E+01
12101	770	7.61432E+01
12159	472	7.61721E+01
12101	688	7.62285E+01
5370	227	7.62340E+01
12159	770	7.62405E+01
12217	811	7.62485E+01
5438	337	7.62515E+01
12217	472	7.62654E+01
12101	729	7.62775E+01
12159	688	7.63163E+01
12101	286	7.63327E+01
12159	286	7.63384E+01
12217	286	7.63504E+01
5335	557	7.63591E+01
12159	729	7.63730E+01
5267	633	7.63782E+01
5267	758	7.63977E+01
12217	770	7.64667E+01
8046	140	7.64921E+01
5267	227	7.65005E+01
5335	375	7.65184E+01
12217	688	7.65187E+01
12217	598	7.65522E+01
12217	722	7.65921E+01
12217	729	7.65937E+01
12101	333	7.66226E+01
5335	601	7.66227E+01
12159	598	7.66236E+01
12159	333	7.66274E+01
12217	333	7.66367E+01
12101	598	7.66551E+01
12159	722	7.67140E+01
12101	722	7.67691E+01
5335	336	7.68491E+01
8046	797	7.68577E+01
12217	554	7.68799E+01
5335	811	7.69057E+01
12159	554	7.69332E+01
12217	639	7.69437E+01
12101	554	7.69564E+01
5335	425	7.70046E+01
5438	557	7.70152E+01
12159	639	7.70375E+01
5370	716	7.70386E+01
12101	639	7.70791E+01
12217	372	7.71041E+01
12101	372	7.71044E+01
12159	372	7.71049E+01
5335	684	7.71151E+01
5335	726	7.71437E+01
5438	811	7.71603E+01
7956	224	7.71607E+01
12101	607	7.71879E+01
5438	601	7.72308E+01
5335	465	7.72395E+01
12159	607	7.72619E+01
5438	375	7.72639E+01
12101	812	7.72915E+01
12159	812	7.74154E+01
12217	607	7.74314E+01
12217	805	7.74563E+01
5438	726	7.75585E+01
5438	684	7.76012E+01
5438	336	7.76038E+01
12159	805	7.76183E+01
7956	797	7.76233E+01
5370	274	7.76419E+01
12101	805	7.76922E+01
12217	812	7.77038E+01
5267	716	7.77044E+01
5438	425	7.77293E+01
12101	771	7.77564E+01
12101	285	7.77629E+01
12159	285	7.77700E+01
12217	285	7.77846E+01
8046	224	7.78075E+01
5335	768	7.78118E+01
7956	321	7.78396E+01
5335	642	7.78536E+01
12159	771	7.78819E+01
12217	680	7.78835E+01
5267	274	7.79151E+01
5438	465	7.79321E+01
12101	648	7.79366E+01
8046	672	7.79671E+01
12159	680	7.80059E+01
12159	648	7.80300E+01
12217	422	7.80602E+01
12101	680	7.80605E+01
12159	422	7.80773E+01
12101	422	7.80841E+01
12101	730	7.81055E+01
12217	763	7.81161E+01
12101	564	7.81325E+01
5438	768	7.81345E+01
7956	672	7.81711E+01
12217	771	7.81722E+01
12159	564	7.81966E+01
12101	689	7.82087E+01
12159	730	7.82260E+01
12217	648	7.82441E+01
12217	462	7.82659E+01
12159	763	7.82784E+01
12159	462	7.83030E+01
12159	689	7.83181E+01
12101	462	7.83187E+01
12217	564	7.83434E+01
12101	763	7.83517E+01
12101	473	7.83654E+01
5438	642	7.83960E+01
12159	473	7.84137E+01
8046	321	7.84189E+01
12217	730	7.85034E+01
12217	473	7.85249E+01
12217	689	7.85693E+01
5335	335	7.85877E+01
7956	545	7.87343E+01
5335	374	7.87364E+01
5370	547	7.87666E+01
12101	332	7.87926E+01
12159	332	7.87982E+01
12217	332	7.88091E+01
8046	545	7.89602E+01
12101	813	7.89615E+01
5370	567	7.89620E+01
5370	323	7.89678E+01
5335	810	7.90592E+01
8046	755	7.91049E+01
12159	813	7.91172E+01
5267	547	7.91923E+01
5335	556	7.92510E+01
5370	674	7.92559E+01
5267	323	7.92560E+01
5438	810	7.92631E+01
5370	455	7.92723E+01
12217	721	7.92961E+01
7956	453	7.93174E+01
5438	335	7.93493E+01
5267	567	7.94021E+01
12159	721	7.94548E+01
12217	813	7.94778E+01
5438	374	7.94857E+01
12101	721	7.95259E+01
12101	284	7.95463E+01
12159	284	7.95548E+01
12101	608	7.95553E+01
12217	284	7.95723E+01
5335	600	7.95953E+01
12159	608	7.96440E+01
7956	755	7.96490E+01
5267	455	7.96535E+01
8046	453	7.96615E+01
12217	597	7.96798E+01
12101	772	7.96877E+01
5335	424	7.96964E+01
7956	139	7.97043E+01
12159	597	7.97682E+01
7956	589	7.98022E+01
12101	597	7.98069E+01
12217	371	7.98322E+01
12101	371	7.98329E+01
12159	371	7.98333E+01
12159	772	7.98419E+01
12217	608	7.98469E+01
5335	725	7.98480E+01
5267	674	7.98517E+01
5438	556	7.98954E+01
8046	589	7.99094E+01
5370	591	7.99477E+01
5335	683	8.00045E+01
12217	804	8.00164E+01
12217	638	8.01115E+01
12217	553	8.01149E+01
12159	553	8.01797E+01
5438	600	8.01852E+01
12217	772	8.01975E+01
12101	553	8.02077E+01
5335	464	8.02078E+01
5438	725	8.02246E+01
12159	638	8.02276E+01
12159	804	8.02286E+01
12101	731	8.02580E+01
12101	638	8.02790E+01
12101	804	8.03245E+01
12101	649	8.03341E+01
8046	139	8.03807E+01
12159	731	8.04040E+01
5335	767	8.04078E+01
5370	226	8.04210E+01
5438	424	8.04211E+01
5267	591	8.04231E+01
12159	649	8.04460E+01
5438	683	8.04591E+01
12101	690	8.05250E+01
7905	609	8.06301E+01
7905	565	8.06305E+01
12159	690	8.06564E+01
12101	565	8.06818E+01
5267	226	8.06819E+01
5438	767	8.06868E+01
7905	564	8.06963E+01
12217	649	8.07019E+01
7905	608	8.07069E+01
5335	334	8.07334E+01
12217	731	8.07392E+01
12159	565	8.07572E+01
7905	650	8.07613E+01
7905	473	8.08105E+01
5370	142	8.08362E+01
5438	464	8.08954E+01
7956	361	8.08954E+01
12101	814	8.09061E+01
5370	799	8.09112E+01
7956	271	8.09195E+01
12217	565	8.09299E+01
12217	690	8.09576E+01
7905	649	8.09729E+01
7905	472	8.10118E+01
5335	641	8.10271E+01
7995	565	8.10855E+01
7905	691	8.10902E+01
7995	608	8.10912E+01
7995	609	8.10935E+01
12159	814	8.10940E+01
5267	142	8.10942E+01
7995	564	8.10945E+01
7905	563	8.11419E+01
7905	607	8.11585E+01
12217	762	8.11610E+01
7995	650	8.11914E+01
12217	679	8.12208E+01
7995	473	8.12369E+01
5370	363	8.12488E+01
7995	649	8.13026E+01
12217	421	8.13204E+01
12159	421	8.13404E+01
12101	421	8.13483E+01
12159	762	8.13644E+01
12159	679	8.13707E+01
7995	472	8.14036E+01
7905	432	8.14236E+01
7995	691	8.14277E+01
12101	331	8.14282E+01
8046	361	8.14318E+01
5335	373	8.14340E+01
12159	331	8.14348E+01
12101	679	8.14373E+01
12217	331	8.14475E+01
12101	762	8.14556E+01
7995	607	8.14676E+01
7995	563	8.14867E+01
5438	334	8.15023E+01
12217	814	8.15277E+01
7905	690	8.15319E+01
5438	641	8.15458E+01
7905	648	8.15485E+01
5267	363	8.15589E+01
8046	271	8.15671E+01
7905	471	8.15962E+01
5335	809	8.16055E+01
12101	283	8.16938E+01
12159	283	8.17038E+01
12217	283	8.17243E+01
5267	799	8.17420E+01
7905	732	8.17423E+01
7995	690	8.17502E+01
5438	809	8.17621E+01
12217	461	8.17741E+01
7995	648	8.17824E+01
12159	461	8.18174E+01
7995	432	8.18257E+01
12101	461	8.18358E+01
5370	757	8.18952E+01
12101	773	8.18963E+01
7995	732	8.19159E+01
8046	713	8.19395E+01
7905	431	8.19473E+01
7995	471	8.19561E+01
5370	414	8.19576E+01
7956	223	8.19874E+01
7905	562	8.19875E+01
7905	606	8.20077E+01
7956	412	8.20131E+01
12159	773	8.20796E+01
5335	286	8.21402E+01
8046	630	8.21608E+01
7956	630	8.21731E+01
5438	373	8.21881E+01
7995	606	8.22459E+01
12101	609	8.22593E+01
7956	713	8.22725E+01
7995	562	8.22826E+01
5267	414	8.22986E+01
7905	689	8.23254E+01
7995	431	8.23353E+01
12159	609	8.23630E+01
7995	689	8.24294E+01
8046	412	8.24756E+01
5370	632	8.24763E+01
7905	731	8.24785E+01
12217	773	8.25012E+01
7905	647	8.25160E+01
7995	731	8.25172E+01
7905	470	8.25848E+01
12217	609	8.26002E+01
5267	757	8.26387E+01
7995	647	8.26588E+01
8046	223	8.26699E+01
12101	732	8.26962E+01
5370	273	8.27161E+01
5335	555	8.27464E+01
7995	773	8.27849E+01
7905	773	8.28540E+01
7905	430	8.28642E+01
12159	732	8.28680E+01
12217	720	8.29145E+01
7995	470	8.29157E+01
5438	286	8.29176E+01
5335	423	8.29368E+01
5267	273	8.29835E+01
5267	632	8.30069E+01
12101	650	8.30502E+01
5335	724	8.30805E+01
12159	720	8.31051E+01
12101	691	8.31410E+01
12217	370	8.31462E+01
12101	370	8.31465E+01
12159	370	8.31471E+01
5335	599	8.31791E+01
12159	650	8.31808E+01
12101	720	8.31901E+01
7905	380	8.32198E+01
7995	430	8.32404E+01
7905	561	8.32567E+01
12217	732	8.32618E+01
7905	605	8.32789E+01
12159	691	8.32948E+01
5335	333	8.32998E+01
5438	555	8.33816E+01
5438	724	8.34229E+01
7995	605	8.34508E+01
7995	730	8.34655E+01
5335	682	8.34676E+01
12217	650	8.34794E+01
12217	803	8.34832E+01
5335	766	8.34871E+01
7995	688	8.34975E+01
7905	688	8.35025E+01
7995	561	8.35057E+01
7905	730	8.35567E+01
5370	715	8.35893E+01
7995	380	8.36277E+01
12217	691	8.36468E+01
5438	423	8.36628E+01
12217	596	8.36758E+01
7995	772	8.37076E+01
5438	766	8.37267E+01
7956	138	8.37368E+01
12159	803	8.37399E+01
5438	599	8.37539E+01
5335	463	8.37718E+01
12159	596	8.37782E+01
12101	596	8.38230E+01
12101	803	8.38551E+01
5438	682	8.38947E+01
7956	320	8.38991E+01
7905	646	8.39036E+01
7905	772	8.39241E+01
7995	646	8.39607E+01
7905	469	8.40026E+01
5438	333	8.40767E+01
7995	814	8.41499E+01
8046	796	8.41729E+01
12217	552	8.41774E+01
12217	637	8.41866E+01
7905	429	8.41963E+01
12101	282	8.42204E+01
12159	282	8.42319E+01
5335	285	8.42386E+01
12159	552	8.42514E+01
5267	715	8.42531E+01
12217	282	8.42556E+01
12101	552	8.42833E+01
7995	469	8.43078E+01
12159	637	8.43216E+01
7905	379	8.43331E+01
7956	381	8.43412E+01
12101	637	8.43810E+01
5370	141	8.44379E+01
8046	138	8.44431E+01
5438	463	8.44564E+01
8046	320	8.45212E+01
7905	814	8.45441E+01
12101	330	8.45539E+01
12159	330	8.45617E+01
7995	429	8.45631E+01
12217	330	8.45766E+01
5335	808	8.45907E+01
5335	372	8.46364E+01
5267	141	8.46909E+01
5438	808	8.47042E+01
5370	322	8.47085E+01
7995	379	8.47446E+01
7995	729	8.47963E+01
5335	640	8.48205E+01
7956	796	8.48562E+01
8046	381	8.48636E+01
5370	225	8.49525E+01
7995	771	8.49719E+01
7905	560	8.49785E+01
7995	687	8.49882E+01
5267	322	8.49908E+01
7905	604	8.50014E+01
7905	729	8.50115E+01
5438	285	8.50254E+01
7905	687	8.50962E+01
7995	604	8.51119E+01
12217	761	8.51546E+01
7995	560	8.51857E+01
5267	225	8.52078E+01
12217	420	8.52791E+01
12159	420	8.53010E+01
12101	420	8.53095E+01
5438	640	8.53194E+01
7905	771	8.53304E+01
12159	761	8.53934E+01
5438	372	8.53963E+01
7995	813	8.54190E+01
8046	671	8.54523E+01
12101	761	8.55001E+01
12217	678	8.55023E+01
5370	546	8.55834E+01
7956	671	8.55839E+01
12159	678	8.56752E+01
7995	645	8.57205E+01
7905	645	8.57433E+01
12101	678	8.57518E+01
5370	566	8.58184E+01
7905	378	8.58516E+01
7905	468	8.58798E+01
7956	544	8.59528E+01
7905	428	8.59688E+01
7905	813	8.59695E+01
5370	454	8.59911E+01
5267	546	8.60034E+01
12217	460	8.60655E+01
12159	460	8.61135E+01
5370	673	8.61136E+01
12101	460	8.61336E+01
7995	468	8.61628E+01
8046	544	8.62382E+01
5267	566	8.62528E+01
7995	378	8.62686E+01
5335	332	8.63023E+01
7995	428	8.63288E+01
5267	454	8.63663E+01
7956	452	8.63768E+01
7956	270	8.65472E+01
7995	728	8.65472E+01
8046	754	8.65986E+01
7995	770	8.66153E+01
5335	284	8.66873E+01
5267	673	8.67041E+01
5335	422	8.67618E+01
8046	452	8.67758E+01
7905	728	8.68798E+01
5335	554	8.68947E+01
5335	723	8.68962E+01
5370	590	8.69113E+01
7995	686	8.69386E+01
7956	222	8.69811E+01
7995	812	8.70284E+01
7956	754	8.70584E+01
12101	369	8.70783E+01
12217	369	8.70795E+01
12159	369	8.70796E+01
5438	332	8.70879E+01
5335	765	8.71029E+01
7905	770	8.71093E+01
7905	686	8.71429E+01
12101	281	8.71459E+01
12159	281	8.71591E+01
7956	588	8.71733E+01
12217	281	8.71862E+01
7905	559	8.71891E+01
5438	723	8.72090E+01
7905	603	8.72115E+01
8046	270	8.72333E+01
7995	603	8.72660E+01
5438	765	8.73077E+01
8046	588	8.73455E+01
7995	559	8.73591E+01
5267	590	8.73805E+01
5335	598	8.74276E+01
7956	360	8.74404E+01
5370	798	8.74462E+01
5438	284	8.74838E+01
5438	422	8.74907E+01
12217	719	8.75099E+01
5438	554	8.75233E+01
5335	681	8.75614E+01
5370	362	8.75660E+01
8046	222	8.76978E+01
12159	719	8.77270E+01
7905	812	8.77292E+01
7905	377	8.77950E+01
12101	719	8.78234E+01
5267	362	8.78700E+01
7956	137	8.78920E+01
12217	802	8.79286E+01
5438	681	8.79652E+01
5335	462	8.79760E+01
7995	644	8.79769E+01
5438	598	8.79908E+01
8046	360	8.80231E+01
7905	338	8.80580E+01
5335	807	8.80660E+01
7905	644	8.80731E+01
5438	807	8.81411E+01
5370	272	8.81478E+01
12101	329	8.81993E+01
12159	329	8.82084E+01
7905	427	8.82103E+01
7995	377	8.82194E+01
12159	802	8.82229E+01
12217	329	8.82259E+01
7905	467	8.82519E+01
5267	798	8.82713E+01
5370	140	8.82903E+01
12101	802	8.83545E+01
5335	371	8.83721E+01
5267	272	8.84093E+01
7995	467	8.85164E+01
7995	338	8.85248E+01
5267	140	8.85385E+01
7995	427	8.85664E+01
12217	595	8.85836E+01
5435	415	8.86153E+01
8046	137	8.86271E+01
5370	413	8.86281E+01
5435	456	8.86419E+01
5438	462	8.86596E+01
7995	769	8.86789E+01
12159	595	8.86969E+01
5370	756	8.87080E+01
5435	364	8.87334E+01
12101	595	8.87463E+01
7995	727	8.87602E+01
5435	416	8.87983E+01
5435	548	8.88223E+01
5435	455	8.88630E+01
7956	411	8.88908E+01
5435	568	8.88933E+01
5267	413	8.89624E+01
5332	415	8.89960E+01
5435	547	8.90012E+01
7995	811	8.90174E+01
5435	363	8.90217E+01
5332	456	8.90243E+01
5435	365	8.90283E+01
5435	414	8.90533E+01
5435	457	8.90804E+01
5435	567	8.90894E+01
5435	592	8.90918E+01
5435	323	8.90985E+01
12217	551	8.91061E+01
5332	364	8.91124E+01
5438	371	8.91387E+01
5435	324	8.91514E+01
5332	416	8.91792E+01
12159	551	8.91868E+01
7905	727	8.92026E+01
5332	548	8.92056E+01
12217	636	8.92132E+01
12101	551	8.92215E+01
5332	455	8.92483E+01
5332	568	8.92774E+01
5335	639	8.92911E+01
7905	769	8.93011E+01
5435	549	8.93254E+01
12159	636	8.93630E+01
5435	591	8.93738E+01
7995	685	8.93914E+01
5332	547	8.93926E+01
5332	363	8.93959E+01
8046	411	8.94042E+01
5332	365	8.94112E+01
12101	636	8.94287E+01
5332	414	8.94321E+01
5267	756	8.94438E+01
5332	457	8.94571E+01
5332	323	8.94725E+01
5332	592	8.94794E+01
5332	567	8.94832E+01
5435	633	8.94884E+01
5335	283	8.94973E+01
5435	593	8.95001E+01
5332	324	8.95325E+01
8046	712	8.95677E+01
5435	322	8.95705E+01
5435	274	8.96093E+01
5435	417	8.96128E+01
5370	631	8.96163E+01
5435	634	8.96774E+01
7956	629	8.96826E+01
7905	685	8.96846E+01
5332	549	8.96968E+01
5435	454	8.97140E+01
5435	273	8.97296E+01
5435	325	8.97372E+01
8046	629	8.97430E+01
5335	331	8.97606E+01
5438	639	8.97741E+01
5332	591	8.97743E+01
5370	224	8.97820E+01
7956	712	8.98162E+01
5435	546	8.98328E+01
7905	811	8.98614E+01
5435	362	8.98676E+01
5332	593	8.98698E+01
5332	633	8.98865E+01
5435	366	8.99089E+01
7905	558	8.99305E+01
5332	322	8.99372E+01
5435	566	8.99415E+01
7905	602	8.99524E+01
5435	275	8.99563E+01
7995	602	8.99570E+01
5435	675	8.99670E+01
12217	419	8.99692E+01
5435	632	8.99843E+01
5332	274	8.99855E+01
12159	419	8.99917E+01
5332	417	8.99922E+01
12101	419	9.00003E+01
5267	224	9.00318E+01
5332	634	9.00526E+01
7995	558	9.00684E+01
5435	413	9.00764E+01
7905	337	9.00864E+01
5435	674	9.00872E+01
7956	319	9.00909E+01
5332	273	9.00973E+01
5332	454	9.00997E+01
5332	325	9.01247E+01
5267	631	9.01388E+01
12217	760	9.01519E+01
5435	458	9.01826E+01
7905	376	9.01864E+01
5332	546	9.02288E+01
5332	362	9.02360E+01
12101	234	9.02885E+01
5332	366	9.02947E+01
5438	283	9.03038E+01
12159	234	9.03051E+01
5435	272	9.03061E+01
5435	590	9.03132E+01
12217	234	9.03398E+01
5332	275	9.03408E+01
5332	566	9.03410E+01
5332	675	9.03571E+01
5332	632	9.03994E+01
5435	226	9.03998E+01
12159	760	9.04196E+01
5332	413	9.04516E+01
5435	716	9.04781E+01
5435	225	9.04819E+01
12101	280	9.04949E+01
5332	674	9.05039E+01
12159	280	9.05098E+01
5435	550	9.05133E+01
5435	676	9.05333E+01
5435	321	9.05373E+01
12101	760	9.05386E+01
12217	280	9.05404E+01
5332	458	9.05511E+01
5438	331	9.05553E+01
5435	635	9.05631E+01
7995	337	9.05702E+01
5435	594	9.06043E+01
7995	376	9.06201E+01
5435	717	9.06567E+01
5332	272	9.06652E+01
5370	714	9.06686E+01
5435	227	9.07029E+01
5332	590	9.07220E+01
8046	319	9.07548E+01
5435	276	9.07623E+01
12217	677	9.07682E+01
5332	226	9.07725E+01
7995	643	9.07758E+01
5370	321	9.07967E+01
5435	326	9.08432E+01
5332	225	9.08458E+01
5332	550	9.08693E+01
5435	673	9.08736E+01
5332	676	9.08896E+01
5332	716	9.08933E+01
5332	321	9.08962E+01
5332	635	9.09095E+01
7905	643	9.09385E+01
5435	224	9.09431E+01
5332	594	9.09516E+01
7905	426	9.09529E+01
12159	677	9.09592E+01
5435	715	9.09641E+01
5332	717	9.10350E+01
12101	677	9.10435E+01
5435	418	9.10474E+01
5435	758	9.10516E+01
5267	321	9.10727E+01
5332	227	9.10843E+01
5435	631	9.11260E+01
5435	453	9.11395E+01
5332	276	9.11550E+01
7905	466	9.11577E+01
12217	459	9.11700E+01
7995	768	9.12092E+01
5335	421	9.12101E+01
12159	459	9.12207E+01
5435	361	9.12210E+01
5332	326	9.12366E+01
12101	459	9.12419E+01
5435	545	9.12618E+01
5435	757	9.12984E+01
5332	224	9.12984E+01
5435	271	9.13077E+01
7995	426	9.13080E+01
5332	673	9.13097E+01
5335	764	9.13128E+01
5267	714	9.13229E+01
5335	722	9.13544E+01
