GRAM	c2h2	chi_tot
7343	283	4.35432E+01
7343	282	4.36881E+01
7343	332	4.37295E+01
7343	331	4.37876E+01
7343	284	4.37886E+01
7343	333	4.41385E+01
7343	372	4.41895E+01
7343	371	4.42191E+01
7343	281	4.42369E+01
7343	330	4.43342E+01
7343	285	4.44141E+01
7343	234	4.45732E+01
7343	373	4.46952E+01
7343	422	4.47703E+01
7343	370	4.48151E+01
7343	423	4.49198E+01
7343	334	4.49971E+01
7343	280	4.52093E+01
7343	421	4.52485E+01
7343	233	4.53447E+01
7343	329	4.53971E+01
7343	286	4.54116E+01
7679	333	4.55171E+01
7343	462	4.55877E+01
7343	463	4.55892E+01
7679	284	4.56311E+01
7343	424	4.56562E+01
7679	285	4.56819E+01
7679	334	4.57040E+01
7343	374	4.57112E+01
7679	373	4.57251E+01
7679	332	4.57825E+01
7679	374	4.59626E+01
7679	283	4.59647E+01
7679	372	4.59985E+01
7343	369	4.60161E+01
7679	286	4.61085E+01
7679	424	4.61276E+01
7343	464	4.62417E+01
7679	423	4.62831E+01
7343	335	4.62884E+01
7343	461	4.62898E+01
7679	335	4.63258E+01
7343	554	4.63821E+01
7343	420	4.64019E+01
7343	232	4.64665E+01
7679	331	4.65189E+01
7679	425	4.65218E+01
7679	464	4.66282E+01
7343	279	4.66329E+01
7343	555	4.66439E+01
7679	375	4.66872E+01
7679	282	4.66933E+01
7679	371	4.68090E+01
7343	553	4.68505E+01
7679	465	4.68692E+01
7343	425	4.69455E+01
7679	463	4.69842E+01
7343	328	4.70127E+01
7679	422	4.70234E+01
7769	333	4.71278E+01
7343	375	4.72148E+01
7679	556	4.72469E+01
7769	284	4.72730E+01
7769	334	4.72995E+01
7769	285	4.73051E+01
7769	373	4.73163E+01
7343	598	4.73489E+01
7679	336	4.73639E+01
7769	332	4.74101E+01
7679	426	4.74354E+01
7679	555	4.74455E+01
7343	465	4.74977E+01
7769	374	4.75476E+01
7343	556	4.75757E+01
7769	372	4.75981E+01
7769	283	4.76268E+01
7679	557	4.76521E+01
7679	466	4.76651E+01
7343	599	4.76742E+01
7769	424	4.77021E+01
7769	286	4.77148E+01
7679	330	4.77492E+01
7343	460	4.77504E+01
7343	597	4.77771E+01
7679	281	4.78318E+01
7769	423	4.78522E+01
7343	368	4.78680E+01
7679	376	4.78751E+01
7769	335	4.79077E+01
7679	600	4.79333E+01
7343	231	4.79645E+01
7679	462	4.79851E+01
7343	336	4.79943E+01
7769	425	4.81047E+01
7343	552	4.81093E+01
7769	331	4.81653E+01
7679	599	4.81701E+01
7769	464	4.81781E+01
7679	370	4.81887E+01
7769	375	4.82683E+01
7343	419	4.82813E+01
7679	554	4.83039E+01
7679	601	4.83046E+01
7679	234	4.83399E+01
7769	282	4.83772E+01
7679	421	4.83904E+01
7343	639	4.84168E+01
7769	371	4.84194E+01
7769	465	4.84442E+01
7769	463	4.85131E+01
7343	278	4.85443E+01
7769	422	4.85904E+01
7679	558	4.86104E+01
7343	640	4.86371E+01
7343	600	4.86846E+01
7679	641	4.87034E+01
7343	426	4.87581E+01
7769	556	4.87807E+01
7679	337	4.87993E+01
7679	427	4.88399E+01
7679	642	4.88837E+01
7769	336	4.89343E+01
7769	555	4.89373E+01
7343	638	4.89717E+01
7679	467	4.89787E+01
7343	596	4.90251E+01
7769	426	4.90296E+01
7679	598	4.90788E+01
7343	557	4.91210E+01
7679	640	4.91366E+01
7343	376	4.91822E+01
7343	327	4.92242E+01
7679	602	4.92249E+01
7769	557	4.92330E+01
7769	466	4.92691E+01
7343	466	4.93157E+01
7679	280	4.94011E+01
7769	330	4.94160E+01
7769	600	4.94349E+01
7769	376	4.94546E+01
7769	462	4.94975E+01
7679	377	4.95010E+01
7679	329	4.95027E+01
7769	281	4.95388E+01
7679	683	4.95507E+01
7343	641	4.95571E+01
7343	681	4.96074E+01
7769	599	4.96083E+01
7679	643	4.96120E+01
7679	233	4.96147E+01
7343	680	4.96310E+01
7679	682	4.96799E+01
7679	461	4.96838E+01
7769	554	4.97594E+01
7769	370	4.98124E+01
7343	230	4.98716E+01
7769	601	4.98757E+01
7679	553	4.98815E+01
7769	421	4.99587E+01
7679	684	4.99739E+01
7343	459	5.00205E+01
7679	559	5.00757E+01
7769	234	5.00903E+01
7343	337	5.00948E+01
7769	641	5.01397E+01
7679	369	5.01777E+01
7343	551	5.02132E+01
7769	558	5.02430E+01
7679	639	5.02536E+01
7343	682	5.03004E+01
7343	601	5.03146E+01
7769	337	5.03601E+01
7343	637	5.03727E+01
7769	642	5.04109E+01
7343	367	5.04191E+01
7679	681	5.04318E+01
7679	420	5.04320E+01
7769	427	5.04483E+01
7343	679	5.04515E+01
7769	598	5.04603E+01
7769	640	5.04889E+01
7679	724	5.04929E+01
7679	725	5.05296E+01
7679	338	5.06134E+01
7859	333	5.06146E+01
7769	467	5.06154E+01
7679	603	5.06402E+01
7679	428	5.07063E+01
7859	334	5.07068E+01
7343	722	5.07110E+01
7679	597	5.07252E+01
7859	373	5.07422E+01
7679	468	5.07745E+01
7859	285	5.07960E+01
7679	644	5.08286E+01
7859	284	5.08461E+01
7769	602	5.08707E+01
7679	685	5.08860E+01
7859	374	5.09059E+01
7343	418	5.09346E+01
7859	332	5.09790E+01
7769	683	5.09858E+01
7343	277	5.09870E+01
7769	682	5.10046E+01
7679	723	5.10185E+01
7859	424	5.10598E+01
7679	726	5.10619E+01
7343	427	5.10659E+01
7343	723	5.10688E+01
7769	377	5.10811E+01
7343	721	5.10898E+01
7859	372	5.10955E+01
7343	642	5.11034E+01
7859	286	5.11254E+01
7769	280	5.11326E+01
7343	595	5.11506E+01
7769	461	5.11845E+01
7769	329	5.11917E+01
7343	558	5.12288E+01
7769	643	5.12362E+01
7859	335	5.12381E+01
7679	232	5.12486E+01
7859	423	5.12613E+01
7859	283	5.12839E+01
7769	553	5.13068E+01
7769	233	5.13858E+01
7859	425	5.14167E+01
7679	279	5.14307E+01
7679	766	5.14747E+01
7859	464	5.14908E+01
7769	684	5.15264E+01
7769	639	5.15301E+01
7679	378	5.15400E+01
7859	375	5.15628E+01
7679	767	5.15738E+01
7343	377	5.15882E+01
7343	683	5.16301E+01
7769	681	5.16543E+01
7343	467	5.16589E+01
7859	465	5.17376E+01
7769	559	5.17643E+01
7769	724	5.17777E+01
7679	328	5.18170E+01
7769	369	5.18172E+01
7859	331	5.18189E+01
7859	463	5.18530E+01
7679	680	5.18814E+01
7679	765	5.18829E+01
7769	725	5.19495E+01
7859	371	5.19923E+01
7679	560	5.20046E+01
7769	420	5.20054E+01
7343	764	5.20214E+01
7859	556	5.20308E+01
7679	727	5.20309E+01
7859	422	5.20567E+01
7769	597	5.20577E+01
7343	326	5.20776E+01
7343	724	5.20789E+01
7343	763	5.20839E+01
7679	768	5.21179E+01
7859	282	5.21201E+01
7679	638	5.21254E+01
7679	460	5.21341E+01
7343	678	5.21423E+01
7769	338	5.21668E+01
7769	723	5.21765E+01
7859	555	5.21797E+01
7679	722	5.21807E+01
7859	336	5.21901E+01
7343	229	5.22244E+01
7679	686	5.22309E+01
7679	552	5.22364E+01
7343	720	5.22878E+01
7859	426	5.23013E+01
7769	428	5.23319E+01
7769	603	5.23657E+01
11304	285	5.23965E+01
7769	468	5.24474E+01
7679	645	5.24806E+01
7859	557	5.25007E+01
7679	604	5.25014E+01
7343	602	5.25038E+01
11304	286	5.25250E+01
7859	466	5.25505E+01
7769	644	5.25552E+01
7769	685	5.25619E+01
7343	338	5.25710E+01
7679	808	5.25971E+01
11304	334	5.26185E+01
7859	600	5.26208E+01
11304	333	5.26208E+01
7769	726	5.26238E+01
11304	284	5.26297E+01
7343	765	5.26316E+01
11222	285	5.26739E+01
7343	636	5.26794E+01
7679	809	5.26826E+01
7859	376	5.26888E+01
7769	766	5.26948E+01
7859	599	5.27497E+01
11141	285	5.27679E+01
11222	286	5.28201E+01
7679	368	5.28224E+01
7679	764	5.28684E+01
7859	462	5.28730E+01
11222	284	5.28878E+01
11304	373	5.28925E+01
11222	333	5.29048E+01
7343	762	5.29054E+01
11141	286	5.29208E+01
11222	334	5.29224E+01
7636	688	5.29475E+01
7769	767	5.29512E+01
7769	765	5.29537E+01
7636	646	5.29647E+01
7679	807	5.29688E+01
11141	284	5.29748E+01
11141	333	5.30010E+01
7679	429	5.30043E+01
7859	554	5.30049E+01
7769	680	5.30114E+01
7679	469	5.30161E+01
7636	605	5.30234E+01
11141	334	5.30251E+01
7636	647	5.30381E+01
7769	232	5.30419E+01
11304	335	5.30472E+01
7679	769	5.30529E+01
11304	374	5.30579E+01
7636	730	5.30646E+01
11304	332	5.30758E+01
7636	689	5.30781E+01
7859	601	5.31178E+01
7636	604	5.31187E+01
7769	378	5.31230E+01
7636	560	5.31278E+01
7343	458	5.31409E+01
7636	561	5.31429E+01
7859	330	5.31573E+01
7679	810	5.31675E+01
7679	596	5.31718E+01
7636	731	5.31776E+01
7636	687	5.31809E+01
7636	469	5.31870E+01
7769	279	5.31880E+01
11222	373	5.31903E+01
7679	419	5.31990E+01
7343	550	5.32048E+01
7343	643	5.32079E+01
7769	722	5.32215E+01
7859	641	5.32279E+01
11304	283	5.32372E+01
7636	468	5.32427E+01
11304	372	5.32486E+01
7679	231	5.32685E+01
7636	428	5.32797E+01
7636	729	5.32856E+01
7636	645	5.32905E+01
11141	373	5.32907E+01
7343	805	5.33017E+01
7636	606	5.33330E+01
7769	638	5.33355E+01
11222	332	5.33384E+01
7636	772	5.33562E+01
11304	424	5.33633E+01
7636	429	5.33688E+01
7859	281	5.33695E+01
11222	335	5.33696E+01
11222	374	5.33731E+01
7679	728	5.33854E+01
7636	773	5.33911E+01
7726	688	5.34208E+01
11141	332	5.34277E+01
7343	806	5.34493E+01
7726	646	5.34501E+01
11304	423	5.34558E+01
7859	370	5.34654E+01
7636	648	5.34739E+01
11222	283	5.34747E+01
11141	374	5.34774E+01
11141	335	5.34780E+01
7636	378	5.34800E+01
7859	421	5.34887E+01
7726	730	5.34915E+01
7859	640	5.34969E+01
7343	684	5.35225E+01
11222	372	5.35273E+01
7769	328	5.35300E+01
7859	558	5.35373E+01
7726	687	5.35389E+01
7636	690	5.35413E+01
7859	337	5.35437E+01
7636	377	5.35485E+01
11141	283	5.35539E+01
7859	598	5.35706E+01
7636	470	5.35746E+01
7726	605	5.35750E+01
7726	729	5.35762E+01
7636	559	5.35770E+01
7636	562	5.35788E+01
7859	642	5.35932E+01
7636	732	5.35947E+01
7726	604	5.35976E+01
7816	729	5.36116E+01
7726	647	5.36200E+01
11141	372	5.36231E+01
7636	771	5.36255E+01
7769	460	5.36285E+01
7769	552	5.36385E+01
7726	560	5.36484E+01
7636	427	5.36502E+01
7769	768	5.36597E+01
7343	725	5.36621E+01
7636	603	5.36629E+01
7816	687	5.36688E+01
7726	689	5.36707E+01
11222	424	5.36727E+01
7726	645	5.36832E+01
7859	427	5.36849E+01
7726	772	5.36879E+01
7816	771	5.36880E+01
7816	688	5.37102E+01
7343	366	5.37117E+01
7726	561	5.37153E+01
7769	808	5.37160E+01
11304	375	5.37173E+01
7816	730	5.37267E+01
7769	727	5.37408E+01
7726	731	5.37450E+01
11222	423	5.37515E+01
7769	560	5.37532E+01
7726	469	5.37551E+01
7816	646	5.37607E+01
11141	424	5.37747E+01
7726	468	5.37801E+01
7636	467	5.37809E+01
7769	764	5.37996E+01
7636	338	5.38010E+01
7726	771	5.38020E+01
7816	772	5.38109E+01
7636	686	5.38153E+01
7636	379	5.38180E+01
7343	766	5.38308E+01
7343	428	5.38397E+01
11304	425	5.38405E+01
7726	428	5.38435E+01
7343	804	5.38502E+01
7343	559	5.38525E+01
11141	423	5.38527E+01
7679	806	5.38631E+01
7636	814	5.38718E+01
7636	728	5.38747E+01
7816	645	5.38765E+01
7816	728	5.38783E+01
7726	773	5.38823E+01
11304	464	5.38829E+01
11304	336	5.38839E+01
7636	430	5.38848E+01
7859	467	5.38918E+01
7816	813	5.39003E+01
7816	770	5.39161E+01
7769	807	5.39188E+01
7816	604	5.39235E+01
7859	682	5.39365E+01
7726	429	5.39457E+01
7679	278	5.39584E+01
7679	687	5.39599E+01
7726	606	5.39609E+01
7636	337	5.39657E+01
7679	379	5.39696E+01
7816	814	5.39756E+01
7769	809	5.39786E+01
7816	605	5.39823E+01
7859	234	5.39977E+01
7679	811	5.40006E+01
7343	276	5.40048E+01
11304	331	5.40061E+01
7636	607	5.40087E+01
11304	463	5.40107E+01
7726	728	5.40337E+01
7769	686	5.40354E+01
7816	686	5.40418E+01
7726	814	5.40461E+01
7859	683	5.40469E+01
11222	375	5.40483E+01
7636	376	5.40488E+01
7726	559	5.40492E+01
7816	560	5.40529E+01
7816	647	5.40554E+01
7679	721	5.40569E+01
7636	644	5.40588E+01
7726	378	5.40589E+01
7726	686	5.40626E+01
7726	603	5.40729E+01
7679	679	5.41026E+01
7816	689	5.41276E+01
7726	377	5.41297E+01
7816	812	5.41454E+01
11141	375	5.41557E+01
7726	648	5.41558E+01
11304	371	5.41562E+01
11304	422	5.41572E+01
11222	425	5.41617E+01
7816	561	5.41638E+01
7726	470	5.41762E+01
7859	602	5.41797E+01
7816	731	5.41884E+01
11222	464	5.41934E+01
7343	594	5.41968E+01
7726	427	5.42033E+01
7726	562	5.42062E+01
7343	807	5.42064E+01
11222	336	5.42233E+01
7816	469	5.42273E+01
7636	770	5.42316E+01
11304	282	5.42337E+01
7636	813	5.42372E+01
7726	813	5.42403E+01
7636	649	5.42414E+01
7816	468	5.42455E+01
11222	331	5.42461E+01
7816	773	5.42507E+01
7726	690	5.42570E+01
7726	770	5.42577E+01
7859	377	5.42587E+01
11141	425	5.42633E+01
7726	467	5.42908E+01
11141	464	5.42945E+01
7726	732	5.43068E+01
7636	691	5.43095E+01
7769	604	5.43109E+01
11222	463	5.43138E+01
7769	645	5.43143E+01
7816	603	5.43253E+01
11141	331	5.43277E+01
7679	770	5.43306E+01
11141	336	5.43367E+01
7679	561	5.43548E+01
7726	644	5.43632E+01
7636	471	5.43659E+01
7816	428	5.43676E+01
7343	719	5.43773E+01
11304	465	5.43839E+01
7636	563	5.43945E+01
7726	338	5.43955E+01
7726	379	5.43966E+01
7343	417	5.43988E+01
7343	378	5.44076E+01
11222	371	5.44141E+01
7816	559	5.44168E+01
11141	463	5.44189E+01
11304	555	5.44358E+01
11222	422	5.44371E+01
7816	429	5.44472E+01
7816	644	5.44481E+01
11222	282	5.44492E+01
7816	606	5.44561E+01
7769	596	5.44642E+01
7859	681	5.44733E+01
7859	639	5.44737E+01
7726	430	5.44773E+01
7769	368	5.44804E+01
7343	468	5.44913E+01
11141	371	5.45044E+01
7679	763	5.45077E+01
7636	426	5.45119E+01
7636	336	5.45188E+01
11141	282	5.45202E+01
7679	646	5.45212E+01
7859	643	5.45247E+01
7816	769	5.45346E+01
7636	558	5.45347E+01
11141	422	5.45366E+01
7636	380	5.45421E+01
7859	553	5.45674E+01
7343	761	5.45678E+01
7816	727	5.45687E+01
7726	337	5.45724E+01
7859	461	5.46049E+01
7816	378	5.46100E+01
7726	376	5.46341E+01
7859	724	5.46368E+01
7769	810	5.46475E+01
7769	429	5.46499E+01
7769	806	5.46538E+01
7816	470	5.46609E+01
11304	556	5.46768E+01
11222	465	5.46991E+01
7636	602	5.47045E+01
7816	562	5.47048E+01
7726	607	5.47159E+01
7816	648	5.47230E+01
7816	377	5.47287E+01
7769	469	5.47287E+01
7859	684	5.47305E+01
7679	327	5.47360E+01
7726	812	5.47458E+01
11222	555	5.47484E+01
7816	811	5.47485E+01
7816	427	5.47546E+01
7816	467	5.47554E+01
7343	677	5.47617E+01
7679	605	5.47634E+01
7769	769	5.47649E+01
7769	419	5.47814E+01
11141	465	5.47949E+01
7636	431	5.47958E+01
7679	637	5.48173E+01
11304	462	5.48209E+01
7636	466	5.48391E+01
11304	376	5.48425E+01
11304	426	5.48530E+01
11141	555	5.48535E+01
7636	727	5.48719E+01
7816	685	5.48756E+01
7859	723	5.48758E+01
7816	690	5.48886E+01
7636	685	5.48955E+01
11304	554	5.49017E+01
7816	379	5.49029E+01
7726	727	5.49045E+01
7636	812	5.49091E+01
7816	430	5.49604E+01
7726	558	5.49626E+01
7816	732	5.49658E+01
7859	725	5.49844E+01
11222	556	5.49868E+01
7769	721	5.49920E+01
7726	471	5.50037E+01
7636	375	5.50080E+01
7816	338	5.50133E+01
7636	608	5.50180E+01
7859	329	5.50240E+01
7726	649	5.50267E+01
7726	685	5.50371E+01
11304	599	5.50379E+01
7726	602	5.50500E+01
7859	280	5.50533E+01
7726	426	5.50568E+01
7343	228	5.50596E+01
7726	563	5.50797E+01
7679	729	5.50808E+01
11141	556	5.50813E+01
7769	231	5.50855E+01
7726	769	5.50935E+01
7859	559	5.50936E+01
11304	337	5.51044E+01
11222	462	5.51139E+01
7726	380	5.51224E+01
7679	812	5.51370E+01
7726	336	5.51392E+01
7769	679	5.51514E+01
7859	597	5.51518E+01
7726	691	5.51519E+01
7343	803	5.51810E+01
11222	426	5.51839E+01
11222	376	5.51876E+01
7343	603	5.51974E+01
7636	769	5.52123E+01
11222	554	5.52137E+01
11141	462	5.52216E+01
7816	602	5.52377E+01
7769	728	5.52484E+01
7816	337	5.52535E+01
7859	338	5.52808E+01
7816	376	5.52841E+01
11141	426	5.52842E+01
11141	376	5.52973E+01
7816	558	5.53010E+01
7816	607	5.53051E+01
7769	763	5.53108E+01
7636	650	5.53148E+01
7636	643	5.53207E+01
7726	466	5.53249E+01
11141	554	5.53276E+01
11304	598	5.53451E+01
7679	805	5.53530E+01
11222	599	5.53540E+01
7859	233	5.53737E+01
7679	459	5.53852E+01
7726	431	5.54062E+01
7679	551	5.54202E+01
11304	330	5.54383E+01
11141	599	5.54577E+01
11222	337	5.54590E+01
11304	600	5.54591E+01
7859	766	5.54620E+01
11304	466	5.54664E+01
5103	282	5.54707E+01
5103	283	5.54771E+01
7636	335	5.54805E+01
7343	808	5.54928E+01
7816	471	5.55056E+01
11304	421	5.55140E+01
7859	765	5.55175E+01
7636	472	5.55236E+01
7816	643	5.55282E+01
7859	428	5.55382E+01
7726	643	5.55419E+01
7343	767	5.55432E+01
7636	564	5.55539E+01
7859	369	5.55551E+01
7769	379	5.55582E+01
11304	557	5.55610E+01
11141	337	5.55768E+01
7816	380	5.55869E+01
5103	331	5.55886E+01
7816	768	5.55896E+01
7726	811	5.55989E+01
7726	375	5.55993E+01
7859	420	5.56060E+01
7343	325	5.56125E+01
7816	563	5.56337E+01
5103	332	5.56368E+01
11304	281	5.56377E+01
7816	426	5.56401E+01
11304	370	5.56512E+01
11222	330	5.56541E+01
11304	640	5.56560E+01
7679	470	5.56656E+01
7769	811	5.56704E+01
11222	598	5.56709E+01
7679	430	5.57031E+01
7679	230	5.57079E+01
7859	468	5.57255E+01
11141	330	5.57276E+01
7816	649	5.57318E+01
7816	726	5.57321E+01
7859	680	5.57362E+01
7769	278	5.57430E+01
7343	726	5.57475E+01
7859	603	5.57510E+01
7816	810	5.57534E+01
11222	600	5.57618E+01
11222	421	5.57758E+01
7859	722	5.57799E+01
11222	466	5.57839E+01
11141	598	5.57902E+01
7816	466	5.57952E+01
7726	608	5.58073E+01
7343	644	5.58096E+01
11222	281	5.58300E+01
11141	600	5.58479E+01
7859	726	5.58483E+01
5103	281	5.58633E+01
11222	557	5.58653E+01
5103	284	5.58700E+01
11141	421	5.58724E+01
11141	466	5.58732E+01
7816	431	5.58751E+01
7816	336	5.58857E+01
11222	370	5.58866E+01
11141	281	5.58922E+01
7636	425	5.58952E+01
7769	687	5.58978E+01
11304	234	5.59017E+01
7679	771	5.59097E+01
7343	685	5.59114E+01
7859	685	5.59210E+01
7636	811	5.59230E+01
7343	635	5.59335E+01
7859	767	5.59378E+01
11141	557	5.59477E+01
7859	644	5.59606E+01
7816	691	5.59650E+01
11304	639	5.59688E+01
11141	370	5.59706E+01
7769	637	5.59718E+01
11222	640	5.59764E+01
7769	805	5.59959E+01
5103	330	5.60186E+01
7679	688	5.60318E+01
5103	371	5.60424E+01
7636	557	5.60469E+01
5103	372	5.60479E+01
11222	234	5.60642E+01
7636	432	5.60733E+01
11141	640	5.60816E+01
11304	641	5.60938E+01
11141	234	5.61138E+01
7726	335	5.61161E+01
11304	553	5.61424E+01
5103	333	5.61430E+01
7769	561	5.61671E+01
7679	367	5.61706E+01
7859	764	5.61789E+01
7726	472	5.62000E+01
7726	650	5.62066E+01
7769	770	5.62181E+01
7816	684	5.62253E+01
5103	234	5.62319E+01
7859	638	5.62328E+01
7726	726	5.62368E+01
7859	378	5.62474E+01
11304	681	5.62687E+01
7636	601	5.62965E+01
7726	564	5.62994E+01
7816	375	5.63036E+01
11222	639	5.63093E+01
7859	807	5.63125E+01
7636	726	5.63246E+01
7636	609	5.63343E+01
7859	808	5.63529E+01
7726	768	5.63539E+01
11304	427	5.63680E+01
11304	461	5.63729E+01
11222	641	5.63897E+01
11304	377	5.64034E+01
7726	425	5.64348E+01
7726	557	5.64348E+01
11141	639	5.64369E+01
11222	553	5.64502E+01
7636	374	5.64538E+01
7636	465	5.64546E+01
11304	597	5.64584E+01
7769	646	5.64662E+01
11141	641	5.64699E+01
7679	595	5.64718E+01
7636	684	5.64743E+01
7769	327	5.64750E+01
7636	286	5.64939E+01
7816	608	5.64958E+01
7726	684	5.65161E+01
11304	601	5.65347E+01
7679	813	5.65384E+01
11141	553	5.65709E+01
5103	373	5.65731E+01
7726	601	5.65826E+01
11304	682	5.65857E+01
5103	370	5.65861E+01
11222	681	5.66002E+01
7636	768	5.66115E+01
5103	422	5.66383E+01
5103	285	5.66406E+01
11222	461	5.66529E+01
7769	605	5.66607E+01
5103	280	5.66735E+01
11304	338	5.66848E+01
7726	432	5.67040E+01
11222	427	5.67066E+01
11141	681	5.67129E+01
7816	601	5.67157E+01
5103	423	5.67188E+01
7679	720	5.67209E+01
7816	472	5.67238E+01
11304	680	5.67280E+01
5206	283	5.67376E+01
7679	418	5.67376E+01
7816	557	5.67527E+01
5206	282	5.67566E+01
11222	377	5.67608E+01
11141	461	5.67615E+01
7679	380	5.67728E+01
11222	597	5.67894E+01
11141	427	5.68045E+01
7769	551	5.68066E+01
11222	601	5.68204E+01
7859	806	5.68232E+01
5103	233	5.68256E+01
7726	810	5.68420E+01
5206	331	5.68585E+01
11141	377	5.68720E+01
7636	334	5.68725E+01
7859	809	5.68745E+01
7679	762	5.68783E+01
7769	459	5.68790E+01
7859	768	5.68793E+01
11222	682	5.68816E+01
5206	332	5.68830E+01
11141	601	5.68870E+01
7679	647	5.69101E+01
7816	564	5.69136E+01
7726	465	5.69199E+01
11141	597	5.69219E+01
7859	552	5.69272E+01
11304	722	5.69281E+01
7816	335	5.69301E+01
7343	560	5.69480E+01
5103	329	5.69535E+01
11141	682	5.69623E+01
7769	812	5.70015E+01
11304	723	5.70102E+01
7636	473	5.70161E+01
7636	565	5.70275E+01
7679	277	5.70285E+01
11304	558	5.70307E+01
7343	429	5.70487E+01
11222	338	5.70527E+01
7726	374	5.70530E+01
7816	425	5.70551E+01
7816	650	5.70557E+01
7679	730	5.70792E+01
7679	562	5.70851E+01
11304	467	5.70882E+01
11222	680	5.70898E+01
5103	334	5.70910E+01
7769	729	5.71017E+01
7859	460	5.71039E+01
5206	284	5.71060E+01
7343	549	5.71094E+01
7859	232	5.71124E+01
11304	638	5.71184E+01
7859	560	5.71252E+01
7636	642	5.71342E+01
7816	767	5.71345E+01
7343	457	5.71359E+01
7343	760	5.71391E+01
5103	421	5.71603E+01
7679	678	5.71607E+01
7816	432	5.71625E+01
7859	727	5.71667E+01
11141	338	5.71742E+01
5206	281	5.71757E+01
7816	642	5.71770E+01
7726	286	5.71795E+01
11304	642	5.71981E+01
7859	279	5.72010E+01
7726	609	5.72086E+01
7816	809	5.72108E+01
11141	680	5.72316E+01
7343	809	5.72365E+01
7726	642	5.72779E+01
11222	722	5.72816E+01
5206	372	5.72873E+01
5206	371	5.73006E+01
5206	330	5.73135E+01
11222	723	5.73177E+01
7636	810	5.73207E+01
11222	558	5.73265E+01
5103	424	5.73630E+01
5206	333	5.73668E+01
7769	430	5.73715E+01
7343	802	5.73718E+01
7679	606	5.73852E+01
11141	558	5.73951E+01
5103	463	5.74026E+01
7816	465	5.74031E+01
11304	329	5.74053E+01
11222	467	5.74056E+01
11141	723	5.74078E+01
11141	722	5.74105E+01
7343	718	5.74127E+01
7769	470	5.74209E+01
7816	725	5.74264E+01
7859	721	5.74319E+01
7859	328	5.74567E+01
11222	642	5.74654E+01
11304	764	5.74691E+01
11222	638	5.74739E+01
11304	280	5.74739E+01
11141	467	5.74871E+01
11304	233	5.75044E+01
7679	804	5.75155E+01
11141	642	5.75187E+01
7726	334	5.75247E+01
7859	763	5.75279E+01
7769	230	5.75500E+01
7859	596	5.75585E+01
7859	686	5.75600E+01
5206	234	5.75626E+01
7769	720	5.75640E+01
7769	762	5.75673E+01
11304	420	5.75793E+01
5103	462	5.75836E+01
11304	683	5.75866E+01
5103	374	5.75942E+01
11222	329	5.75954E+01
7343	379	5.76181E+01
11141	638	5.76211E+01
7343	275	5.76333E+01
11222	280	5.76417E+01
11222	233	5.76475E+01
11304	721	5.76532E+01
11141	329	5.76600E+01
11141	233	5.76893E+01
11141	280	5.76947E+01
7343	768	5.77019E+01
5103	369	5.77162E+01
11304	763	5.77179E+01
7726	473	5.77336E+01
7769	595	5.77337E+01
7679	772	5.77550E+01
5103	232	5.77666E+01
7343	365	5.77730E+01
7343	469	5.77757E+01
11304	369	5.77774E+01
7859	604	5.77810E+01
5103	286	5.77814E+01
5206	373	5.77955E+01
11304	724	5.78008E+01
11222	764	5.78031E+01
7859	679	5.78037E+01
7816	374	5.78151E+01
7859	810	5.78159E+01
11222	420	5.78206E+01
7859	429	5.78308E+01
7636	424	5.78311E+01
7726	565	5.78359E+01
5103	464	5.78394E+01
11222	683	5.78424E+01
7859	645	5.78459E+01
7769	367	5.78500E+01
5206	285	5.78530E+01
5206	370	5.78649E+01
5206	422	5.78777E+01
11141	683	5.78887E+01
7636	285	5.79128E+01
11141	420	5.79131E+01
11141	764	5.79136E+01
5103	279	5.79275E+01
5206	423	5.79479E+01
11304	765	5.79605E+01
7859	805	5.79632E+01
7769	771	5.79773E+01
11222	369	5.79885E+01
7816	609	5.80015E+01
5206	280	5.80133E+01
7859	469	5.80145E+01
7769	804	5.80246E+01
11222	721	5.80467E+01
11304	679	5.80568E+01
11222	724	5.80571E+01
11141	369	5.80652E+01
11304	805	5.80676E+01
7726	725	5.80866E+01
7726	767	5.80907E+01
11141	724	5.81057E+01
7769	688	5.81071E+01
11222	763	5.81076E+01
7816	286	5.81176E+01
7769	678	5.81415E+01
7816	683	5.81546E+01
7636	556	5.81630E+01
7679	814	5.81731E+01
5206	233	5.81810E+01
11304	806	5.81840E+01
7343	593	5.81873E+01
11304	602	5.81961E+01
11141	721	5.82109E+01
11304	552	5.82251E+01
7859	769	5.82292E+01
11222	765	5.82330E+01
11141	763	5.82629E+01
7343	727	5.82723E+01
5206	329	5.82748E+01
7816	473	5.82835E+01
7636	725	5.82881E+01
5206	334	5.82935E+01
11141	765	5.82952E+01
7679	326	5.83053E+01
7859	368	5.83084E+01
5103	420	5.83299E+01
7769	418	5.83333E+01
7343	604	5.83448E+01
7343	676	5.83475E+01
11304	428	5.83515E+01
7726	424	5.83682E+01
7769	380	5.83696E+01
11304	378	5.83697E+01
7679	636	5.83819E+01
5103	555	5.83823E+01
7343	227	5.84072E+01
7816	334	5.84082E+01
7679	689	5.84113E+01
5206	421	5.84126E+01
7636	373	5.84131E+01
5103	328	5.84280E+01
5103	461	5.84319E+01
11222	679	5.84430E+01
11222	805	5.84452E+01
11304	596	5.84523E+01
5103	554	5.84552E+01
7859	419	5.84601E+01
11222	602	5.84616E+01
5103	335	5.84653E+01
7636	767	5.84802E+01
11222	806	5.84907E+01
7636	600	5.84971E+01
11141	602	5.85070E+01
7816	565	5.85149E+01
7726	556	5.85158E+01
7726	809	5.85238E+01
11222	552	5.85248E+01
5103	425	5.85386E+01
7726	683	5.85615E+01
11141	806	5.85792E+01
5206	424	5.85840E+01
11141	805	5.85879E+01
7769	813	5.86022E+01
7679	229	5.86041E+01
11141	679	5.86105E+01
7636	683	5.86129E+01
7726	285	5.86187E+01
5206	463	5.86204E+01
7859	379	5.86329E+01
11141	552	5.86503E+01
7636	464	5.86677E+01
7679	471	5.86854E+01
7343	416	5.86931E+01
11222	428	5.86957E+01
7636	333	5.87165E+01
11304	460	5.87271E+01
11304	804	5.87291E+01
7726	600	5.87295E+01
11222	378	5.87375E+01
7343	686	5.87380E+01
7679	431	5.87738E+01
11222	596	5.87839E+01
11141	428	5.87904E+01
5206	374	5.88013E+01
5206	462	5.88025E+01
11304	762	5.88099E+01
7816	600	5.88190E+01
7816	556	5.88224E+01
7769	277	5.88418E+01
7859	637	5.88432E+01
5103	465	5.88493E+01
11141	378	5.88495E+01
7343	645	5.88533E+01
7859	728	5.88861E+01
11304	643	5.88915E+01
11141	596	5.89269E+01
5103	556	5.89377E+01
7769	562	5.89644E+01
7769	647	5.89703E+01
5206	286	5.89712E+01
11304	807	5.89757E+01
11222	460	5.89911E+01
5206	369	5.90177E+01
7726	373	5.90223E+01
7816	424	5.90309E+01
11304	559	5.90329E+01
5206	464	5.90592E+01
5103	231	5.90799E+01
5103	375	5.90899E+01
11304	766	5.90943E+01
11141	460	5.90990E+01
7726	464	5.91165E+01
7859	811	5.91227E+01
11222	643	5.91267E+01
5206	232	5.91478E+01
7636	809	5.91501E+01
11141	643	5.91511E+01
11222	804	5.91707E+01
7816	808	5.91782E+01
11304	637	5.91862E+01
11304	684	5.91863E+01
11222	807	5.92057E+01
11304	725	5.92078E+01
11304	468	5.92083E+01
5103	553	5.92121E+01
7816	766	5.92306E+01
11141	807	5.92369E+01
7859	231	5.92405E+01
11222	762	5.92481E+01
7769	730	5.92622E+01
11304	720	5.92831E+01
5206	279	5.92958E+01
11222	766	5.93001E+01
11141	766	5.93115E+01
11222	559	5.93175E+01
7679	731	5.93484E+01
11141	804	5.93637E+01
11141	559	5.93711E+01
7343	810	5.93733E+01
7769	606	5.93739E+01
7726	333	5.93866E+01
11222	684	5.93981E+01
11141	684	5.94079E+01
11222	725	5.94086E+01
11141	725	5.94133E+01
11141	762	5.94444E+01
5103	599	5.94502E+01
11304	232	5.94591E+01
7816	641	5.94612E+01
7679	550	5.94712E+01
7679	458	5.94745E+01
5103	368	5.94770E+01
7769	636	5.94930E+01
11222	468	5.95233E+01
11222	637	5.95511E+01
7636	641	5.95635E+01
11222	232	5.95812E+01
5206	555	5.95817E+01
7859	561	5.95886E+01
11141	468	5.95959E+01
7859	687	5.95970E+01
5206	420	5.95980E+01
5103	598	5.96132E+01
7679	648	5.96136E+01
11141	232	5.96147E+01
7816	464	5.96200E+01
7816	285	5.96301E+01
7726	641	5.96363E+01
5206	554	5.96428E+01
5206	335	5.96476E+01
7859	762	5.96486E+01
5206	461	5.96556E+01
5103	278	5.96606E+01
11222	720	5.97097E+01
11141	637	5.97145E+01
7816	724	5.97182E+01
7636	284	5.97185E+01
5206	425	5.97538E+01
11304	279	5.97753E+01
5206	328	5.97772E+01
7859	804	5.98164E+01
7343	142	5.98247E+01
7679	773	5.98368E+01
7816	373	5.98457E+01
7859	278	5.98509E+01
7343	324	5.98526E+01
11141	720	5.99052E+01
7859	720	5.99111E+01
11222	279	5.99173E+01
5103	600	5.99224E+01
7859	770	5.99374E+01
11304	328	5.99477E+01
11141	279	5.99606E+01
5103	460	5.99989E+01
7769	772	6.00068E+01
7679	761	6.00508E+01
5103	557	6.00691E+01
7769	326	6.00722E+01
5206	465	6.00741E+01
11222	328	6.01108E+01
7859	646	6.01322E+01
7859	551	6.01375E+01
5206	556	6.01528E+01
7343	634	6.01543E+01
7679	563	6.01577E+01
11141	328	6.01659E+01
5103	419	6.01956E+01
5103	426	6.02176E+01
7859	605	6.02232E+01
7679	719	6.02346E+01
7343	769	6.02470E+01
5103	336	6.02488E+01
7679	366	6.02628E+01
11304	803	6.02729E+01
5206	375	6.02831E+01
7679	607	6.03316E+01
11304	678	6.03407E+01
7816	333	6.03420E+01
11304	808	6.03492E+01
7636	423	6.03537E+01
7726	766	6.03632E+01
11304	603	6.03806E+01
5206	553	6.03925E+01
5103	466	6.03933E+01
11304	419	6.04087E+01
7859	459	6.04201E+01
7679	803	6.04255E+01
7769	814	6.04401E+01
7726	284	6.04459E+01
7769	431	6.04680E+01
11141	808	6.04688E+01
7343	561	6.04714E+01
7769	229	6.04726E+01
5103	597	6.04729E+01
7343	801	6.04832E+01
5103	327	6.04843E+01
7769	471	6.04867E+01
5206	231	6.04879E+01
11222	808	6.04975E+01
7859	327	6.04998E+01
7726	724	6.05188E+01
7859	430	6.05318E+01
11304	368	6.05852E+01
5206	599	6.06207E+01
11222	603	6.06230E+01
11222	419	6.06271E+01
7769	689	6.06280E+01
7769	761	6.06419E+01
11141	603	6.06456E+01
7343	430	6.06613E+01
7679	594	6.06624E+01
7343	759	6.06664E+01
5103	640	6.06788E+01
7679	276	6.06845E+01
7726	808	6.06999E+01
5103	552	6.07083E+01
11304	379	6.07134E+01
11141	419	6.07141E+01
7859	470	6.07202E+01
7816	682	6.07349E+01
11222	678	6.07446E+01
7859	678	6.07460E+01
7859	812	6.07477E+01
5206	598	6.07589E+01
11304	429	6.07675E+01
11222	368	6.07701E+01
11222	803	6.07704E+01
11304	767	6.07827E+01
5103	230	6.07973E+01
5206	368	6.08031E+01
7769	803	6.08174E+01
7636	724	6.08261E+01
11141	368	6.08386E+01
11304	761	6.08435E+01
7859	595	6.08462E+01
7769	550	6.08503E+01
11141	767	6.08760E+01
7636	766	6.08766E+01
7726	423	6.08913E+01
5103	641	6.09083E+01
7636	372	6.09139E+01
11222	767	6.09178E+01
11141	678	6.09339E+01
7636	555	6.09377E+01
7859	729	6.09602E+01
5103	601	6.09700E+01
7769	458	6.09741E+01
7769	719	6.10015E+01
11141	803	6.10089E+01
7636	332	6.10352E+01
5103	376	6.10378E+01
5206	278	6.10586E+01
7679	690	6.10686E+01
7679	417	6.10820E+01
11222	379	6.10896E+01
5103	639	6.10903E+01
11304	644	6.11034E+01
7679	677	6.11052E+01
11222	429	6.11153E+01
5206	600	6.11225E+01
11304	726	6.11497E+01
7343	728	6.11813E+01
11141	379	6.12015E+01
7343	380	6.12025E+01
11141	429	6.12058E+01
11304	551	6.12103E+01
5206	460	6.12311E+01
7726	682	6.12428E+01
11141	726	6.12499E+01
7726	555	6.12606E+01
11222	726	6.12911E+01
11141	644	6.12972E+01
11222	644	6.13033E+01
5206	557	6.13037E+01
11304	685	6.13085E+01
11222	761	6.13222E+01
7636	599	6.13693E+01
7636	682	6.13798E+01
11304	595	6.13920E+01
7859	380	6.13983E+01
5206	336	6.14121E+01
7343	717	6.14248E+01
5206	426	6.14290E+01
11141	685	6.14443E+01
7636	808	6.14656E+01
7343	470	6.14726E+01
11222	685	6.14728E+01
5206	419	6.14823E+01
11222	551	6.14977E+01
11304	560	6.15171E+01
7636	463	6.15246E+01
7816	284	6.15321E+01
7726	372	6.15354E+01
7726	599	6.15543E+01
11141	761	6.15546E+01
7816	555	6.15662E+01
5206	597	6.15994E+01
7816	423	6.16020E+01
7816	599	6.16126E+01
11141	551	6.16255E+01
5206	466	6.16259E+01
7769	731	6.16974E+01
5103	642	6.17134E+01
11222	595	6.17191E+01
7816	807	6.17209E+01
7726	332	6.17248E+01
5103	558	6.17291E+01
7859	367	6.17735E+01
11304	469	6.17838E+01
11222	560	6.17879E+01
7859	230	6.17916E+01
7769	648	6.17924E+01
11304	231	6.17956E+01
5206	640	6.17981E+01
11141	560	6.18252E+01
7343	811	6.18454E+01
7679	732	6.18608E+01
5206	327	6.18630E+01
11141	595	6.18696E+01
5206	552	6.18862E+01
7343	274	6.18916E+01
11222	231	6.18953E+01
7343	605	6.18990E+01
11304	719	6.19043E+01
7769	594	6.19046E+01
5103	367	6.19147E+01
5103	277	6.19151E+01
11141	231	6.19200E+01
7636	283	6.19235E+01
7343	548	6.19297E+01
11304	459	6.19394E+01
7816	765	6.19478E+01
7343	687	6.19508E+01
7859	771	6.19605E+01
7726	463	6.19611E+01
7769	366	6.19666E+01
7859	688	6.19890E+01
7679	228	6.19935E+01
7343	456	6.20079E+01
7769	677	6.20328E+01
7679	472	6.20429E+01
11823	336	6.20592E+01
5206	641	6.20701E+01
11891	336	6.20789E+01
5103	596	6.20885E+01
11222	469	6.20941E+01
7859	418	6.20980E+01
5103	682	6.20982E+01
7769	563	6.21071E+01
11823	337	6.21166E+01
11823	376	6.21179E+01
11891	337	6.21360E+01
11891	376	6.21394E+01
11141	469	6.21567E+01
7343	568	6.21685E+01
5206	639	6.21729E+01
11222	459	6.21839E+01
7679	432	6.21920E+01
11141	809	6.21938E+01
5206	601	6.22041E+01
5103	638	6.22090E+01
5206	376	6.22187E+01
11304	809	6.22221E+01
5103	681	6.22301E+01
5206	230	6.22330E+01
11304	636	6.22404E+01
7769	773	6.22767E+01
11823	375	6.22822E+01
11222	809	6.22846E+01
7343	226	6.22855E+01
11141	459	6.22892E+01
7343	646	6.22902E+01
11891	375	6.23019E+01
5103	459	6.23320E+01
11823	426	6.23326E+01
11891	426	6.23548E+01
11222	719	6.23558E+01
7859	636	6.23608E+01
5103	427	6.23734E+01
11823	335	6.24015E+01
11823	377	6.24086E+01
7769	607	6.24150E+01
11891	335	6.24216E+01
5103	337	6.24231E+01
7816	372	6.24238E+01
11891	377	6.24322E+01
5103	467	6.24365E+01
7859	562	6.24416E+01
7816	640	6.24532E+01
7859	803	6.24648E+01
11823	427	6.24648E+01
11891	427	6.24919E+01
7816	463	6.24929E+01
7769	276	6.25279E+01
5103	602	6.25382E+01
5103	683	6.25452E+01
11823	338	6.25506E+01
7679	325	6.25629E+01
11891	338	6.25698E+01
11141	719	6.25780E+01
11304	278	6.25833E+01
7679	649	6.26035E+01
7343	364	6.26082E+01
11222	636	6.26085E+01
7859	761	6.26181E+01
11823	466	6.26282E+01
7859	813	6.26508E+01
11891	466	6.26518E+01
7726	283	6.26736E+01
7636	640	6.26783E+01
7816	723	6.26827E+01
7726	640	6.26878E+01
7769	417	6.26955E+01
11222	278	6.26982E+01
11823	425	6.27259E+01
11141	278	6.27313E+01
11891	425	6.27435E+01
7816	332	6.27542E+01
11823	467	6.27770E+01
7859	647	6.27779E+01
11141	636	6.27846E+01
11304	802	6.27952E+01
5103	418	6.28028E+01
11891	467	6.28092E+01
7679	635	6.28535E+01
11823	286	6.28978E+01
7343	675	6.29126E+01
11141	768	6.29133E+01
11891	286	6.29199E+01
5206	642	6.29229E+01
11823	374	6.29318E+01
11304	768	6.29496E+01
11891	374	6.29500E+01
5103	229	6.29547E+01
11823	558	6.29803E+01
5206	558	6.29864E+01
5103	551	6.29933E+01
5103	680	6.30100E+01
11222	768	6.30100E+01
11891	558	6.30126E+01
11304	604	6.30299E+01
5103	643	6.30334E+01
7859	606	6.30352E+01
11823	465	6.30462E+01
7859	277	6.30474E+01
11891	465	6.30618E+01
11823	557	6.30731E+01
11823	428	6.30887E+01
11891	557	6.30929E+01
11304	327	6.31128E+01
11891	428	6.31211E+01
7343	592	6.31214E+01
11823	378	6.31242E+01
7343	770	6.31252E+01
11891	378	6.31502E+01
5103	326	6.31671E+01
11823	334	6.31675E+01
7343	141	6.31739E+01
11891	334	6.31882E+01
5206	682	6.31888E+01
5206	596	6.32019E+01
7726	765	6.32388E+01
11141	604	6.32451E+01
11222	604	6.32465E+01
11222	327	6.32474E+01
5206	638	6.32615E+01
5206	681	6.32670E+01
5206	367	6.32677E+01
7859	719	6.32854E+01
11141	327	6.32923E+01
11823	601	6.33339E+01
11222	802	6.33390E+01
5206	277	6.33440E+01
7859	730	6.33498E+01
11891	601	6.33573E+01
11823	602	6.33788E+01
11304	380	6.34112E+01
5103	377	6.34141E+01
11891	602	6.34191E+01
7769	690	6.34305E+01
7726	807	6.34329E+01
11823	468	6.34513E+01
11823	559	6.34526E+01
11891	468	6.34926E+01
11891	559	6.34979E+01
9879	232	6.35025E+01
7636	422	6.35033E+01
5103	684	6.35061E+01
7679	564	6.35416E+01
11141	727	6.35448E+01
11304	727	6.35550E+01
5206	337	6.35687E+01
7679	608	6.35742E+01
5206	459	6.35769E+01
11304	430	6.35787E+01
5206	427	6.35830E+01
9879	279	6.35964E+01
7726	723	6.36060E+01
7859	431	6.36121E+01
11141	802	6.36175E+01
11222	727	6.36335E+01
9879	231	6.36339E+01
11304	677	6.36486E+01
11823	642	6.36639E+01
11823	424	6.36781E+01
5206	467	6.36794E+01
11891	642	6.36874E+01
11891	424	6.36916E+01
11823	643	6.36921E+01
5206	683	6.36954E+01
9879	233	6.37023E+01
5103	723	6.37096E+01
5103	724	6.37183E+01
11891	643	6.37373E+01
9879	280	6.37419E+01
11304	645	6.37706E+01
11823	556	6.37848E+01
11891	556	6.37930E+01
11222	380	6.37936E+01
7859	471	6.38046E+01
5206	602	6.38100E+01
7343	415	6.38133E+01
7816	283	6.38357E+01
11823	285	6.38392E+01
7636	331	6.38539E+01
11891	285	6.38633E+01
7636	765	6.38667E+01
5103	559	6.38747E+01
11304	686	6.38857E+01
7769	228	6.38897E+01
9879	278	6.38914E+01
7769	472	6.38930E+01
11141	645	6.38942E+01
11304	760	6.39028E+01
11141	380	6.39045E+01
11823	600	6.39141E+01
7769	432	6.39152E+01
11891	600	6.39214E+01
11222	430	6.39279E+01
11141	686	6.39311E+01
11222	645	6.39323E+01
7769	635	6.39345E+01
11823	684	6.39381E+01
9879	328	6.39430E+01
7679	691	6.39787E+01
11891	684	6.39826E+01
11823	603	6.39845E+01
7636	371	6.39884E+01
11222	686	6.39995E+01
5206	680	6.40002E+01
7636	723	6.40101E+01
11141	430	6.40133E+01
11891	603	6.40427E+01
7816	681	6.40440E+01
7726	422	6.40445E+01
11823	683	6.40482E+01
11304	418	6.40533E+01
11222	677	6.40627E+01
11891	683	6.40665E+01
11823	464	6.40742E+01
7679	760	6.40806E+01
11891	464	6.40825E+01
11823	373	6.40957E+01
5103	637	6.40961E+01
5206	418	6.41113E+01
9879	329	6.41123E+01
11891	373	6.41126E+01
11304	367	6.41260E+01
9879	230	6.41274E+01
7679	802	6.41471E+01
11823	429	6.41688E+01
5206	551	6.41742E+01
11823	725	6.41986E+01
7859	326	6.41990E+01
11891	429	6.42070E+01
9879	234	6.42092E+01
11891	725	6.42353E+01
11823	379	6.42369E+01
7859	550	6.42383E+01
5103	725	6.42445E+01
11222	418	6.42462E+01
7859	772	6.42618E+01
11891	379	6.42653E+01
11141	677	6.42694E+01
11823	641	6.42696E+01
11891	641	6.42725E+01
11823	644	6.42821E+01
11222	367	6.42828E+01
5103	722	6.42863E+01
5206	643	6.42950E+01
9879	281	6.42954E+01
9879	327	6.43213E+01
11141	418	6.43264E+01
7636	807	6.43284E+01
11141	810	6.43407E+01
11141	367	6.43422E+01
11891	644	6.43499E+01
7769	325	6.43597E+01
7769	732	6.43796E+01
7343	562	6.43798E+01
11823	333	6.43808E+01
11823	685	6.43992E+01
11891	333	6.44023E+01
7679	549	6.44094E+01
11222	760	6.44125E+01
5206	229	6.44192E+01
7679	457	6.44220E+01
7343	729	6.44254E+01
7636	554	6.44308E+01
11304	561	6.44324E+01
11823	560	6.44388E+01
7769	802	6.44412E+01
11823	726	6.44430E+01
9879	368	6.44595E+01
11891	685	6.44710E+01
11222	810	6.44953E+01
11891	560	6.44979E+01
5103	679	6.45062E+01
5103	595	6.45108E+01
11891	726	6.45115E+01
11304	810	6.45221E+01
11823	767	6.45290E+01
11823	724	6.45433E+01
7636	282	6.45437E+01
11891	724	6.45494E+01
11304	230	6.45506E+01
7343	800	6.45527E+01
7726	331	6.45645E+01
11823	766	6.45726E+01
5103	603	6.45767E+01
5206	326	6.45768E+01
5206	377	6.45842E+01
11891	767	6.45857E+01
7859	458	6.45920E+01
7769	760	6.45927E+01
11891	766	6.45933E+01
9879	369	6.45963E+01
7343	812	6.46019E+01
11823	469	6.46088E+01
7859	677	6.46166E+01
7726	371	6.46242E+01
11222	230	6.46266E+01
7726	681	6.46357E+01
7679	718	6.46413E+01
11141	230	6.46419E+01
7343	431	6.46484E+01
11891	469	6.46597E+01
9879	277	6.46676E+01
11141	760	6.46755E+01
11222	561	6.46870E+01
5206	723	6.46892E+01
7859	689	6.46999E+01
11141	561	6.47068E+01
5206	684	6.47212E+01
7726	554	6.47296E+01
5103	276	6.47340E+01
11823	808	6.47631E+01
5206	724	6.47672E+01
11304	470	6.47689E+01
9879	330	6.47882E+01
7343	323	6.47973E+01
7859	814	6.47986E+01
11891	808	6.47987E+01
11891	682	6.48009E+01
7859	229	6.48031E+01
11823	682	6.48077E+01
7816	422	6.48094E+01
5103	644	6.48133E+01
7636	681	6.48493E+01
7769	649	6.49044E+01
7816	806	6.49125E+01
5103	685	6.49225E+01
11823	809	6.49336E+01
5103	468	6.49455E+01
7679	275	6.49606E+01
5103	338	6.49704E+01
9879	367	6.49766E+01
5103	428	6.49786E+01
7636	598	6.49799E+01
11891	809	6.50104E+01
9879	229	6.50191E+01
11823	768	6.50220E+01
7816	554	6.50454E+01
7859	594	6.50545E+01
9879	419	6.50599E+01
5103	366	6.50704E+01
11222	470	6.50723E+01
7636	462	6.50781E+01
11823	604	6.50917E+01
11891	768	6.51158E+01
7679	365	6.51229E+01
11141	470	6.51238E+01
7726	598	6.51247E+01
5206	637	6.51262E+01
11304	550	6.51443E+01
11891	807	6.51514E+01
11823	807	6.51558E+01
11823	284	6.51571E+01
5206	559	6.51577E+01
7816	598	6.51657E+01
11891	604	6.51683E+01
7343	758	6.51711E+01
11891	555	6.51724E+01
7366	281	6.51725E+01
11823	555	6.51749E+01
11891	599	6.51816E+01
11891	284	6.51833E+01
11823	599	6.51895E+01
11823	727	6.52034E+01
5206	722	6.52037E+01
7366	280	6.52146E+01
11891	765	6.52167E+01
11823	423	6.52251E+01
5103	726	6.52270E+01
11823	765	6.52308E+01
9879	282	6.52334E+01
11891	423	6.52351E+01
9879	326	6.52932E+01
11891	727	6.53046E+01
7726	282	6.53175E+01
11304	594	6.53256E+01
7343	633	6.53352E+01
9879	370	6.53383E+01
9879	420	6.53488E+01
7769	718	6.53499E+01
11141	769	6.53571E+01
11823	686	6.53622E+01
7816	764	6.53647E+01
11823	645	6.53688E+01
5206	725	6.53689E+01
7366	233	6.53842E+01
11222	550	6.54151E+01
7366	234	6.54338E+01
7366	330	6.54483E+01
5103	765	6.54530E+01
5206	679	6.54576E+01
11891	645	6.54599E+01
11891	686	6.54621E+01
5103	458	6.54690E+01
7366	329	6.54813E+01
5103	766	6.54958E+01
7343	688	6.55046E+01
9879	418	6.55052E+01
7726	462	6.55069E+01
11222	769	6.55105E+01
5103	721	6.55193E+01
11304	769	6.55279E+01
7366	282	6.55353E+01
11891	723	6.55373E+01
11141	550	6.55427E+01
7343	471	6.55435E+01
11823	723	6.55605E+01
7769	564	6.55642E+01
11891	640	6.55718E+01
7816	371	6.55820E+01
11304	718	6.55829E+01
5103	228	6.55879E+01
11823	640	6.55884E+01
11823	810	6.55939E+01
5206	595	6.56179E+01
11222	594	6.56427E+01
7859	563	6.56455E+01
7366	232	6.56674E+01
11823	430	6.56685E+01
7816	331	6.56706E+01
7366	279	6.56857E+01
7679	473	6.57126E+01
11891	430	6.57126E+01
11891	810	6.57129E+01
11823	380	6.57232E+01
7859	648	6.57481E+01
11891	380	6.57544E+01
7769	608	6.57555E+01
7679	593	6.57609E+01
11823	463	6.57613E+01
11891	463	6.57629E+01
7769	549	6.57900E+01
11141	594	6.57975E+01
11823	372	6.58031E+01
7343	606	6.58170E+01
11891	372	6.58192E+01
9879	459	6.58483E+01
7679	650	6.58571E+01
11823	561	6.58884E+01
5206	603	6.58898E+01
7679	227	6.59053E+01
7366	331	6.59082E+01
7769	457	6.59339E+01
9879	460	6.59339E+01
5103	764	6.59349E+01
9879	331	6.59382E+01
7366	370	6.59403E+01
11304	277	6.59450E+01
11891	561	6.59617E+01
7679	676	6.59642E+01
9879	276	6.59690E+01
7859	802	6.59806E+01
11823	769	6.59836E+01
7859	366	6.59913E+01
5103	767	6.59992E+01
7859	731	6.60212E+01
7366	369	6.60215E+01
11222	277	6.60317E+01
7366	328	6.60401E+01
11222	718	6.60507E+01
11304	458	6.60529E+01
11141	277	6.60539E+01
11823	332	6.60650E+01
7816	462	6.60758E+01
7343	647	6.60772E+01
11891	332	6.60875E+01
11304	605	6.60894E+01
5206	338	6.60995E+01
5103	550	6.61052E+01
11891	769	6.61153E+01
5206	644	6.61310E+01
11891	806	6.61522E+01
7859	607	6.61810E+01
5103	417	6.61866E+01
5206	428	6.61883E+01
9879	366	6.61945E+01
5206	276	6.61950E+01
11823	806	6.61950E+01
5103	378	6.61954E+01
5206	468	6.62013E+01
11823	470	6.62048E+01
5206	685	6.62070E+01
7816	639	6.62289E+01
11141	728	6.62361E+01
7679	416	6.62472E+01
11141	605	6.62508E+01
11891	470	6.62657E+01
11891	681	6.62724E+01
11222	458	6.62746E+01
11222	605	6.62775E+01
7366	283	6.62866E+01
7343	771	6.62891E+01
11141	718	6.62942E+01
11823	681	6.63029E+01
7366	231	6.63069E+01
9879	421	6.63205E+01
11304	635	6.63293E+01
9879	228	6.63459E+01
5206	765	6.63543E+01
11304	728	6.63611E+01
11222	728	6.63739E+01
11304	801	6.63741E+01
11141	458	6.63754E+01
5206	721	6.63828E+01
7816	722	6.64018E+01
11823	728	6.64159E+01
7343	716	6.64173E+01
5206	726	6.64320E+01
7366	371	6.64373E+01
5206	366	6.64526E+01
5103	560	6.64650E+01
5206	766	6.64802E+01
7769	691	6.64893E+01
7859	760	6.64986E+01
7726	639	6.65060E+01
5103	325	6.65155E+01
9879	283	6.65399E+01
11891	764	6.65451E+01
11891	728	6.65505E+01
7636	639	6.65513E+01
7859	417	6.65544E+01
7816	282	6.65572E+01
9879	458	6.65853E+01
11823	764	6.65924E+01
9879	551	6.66032E+01
5103	727	6.66111E+01
7366	278	6.66188E+01
7366	420	6.66289E+01
9879	371	6.66416E+01
11823	605	6.66451E+01
7366	421	6.66637E+01
11823	811	6.66797E+01
11222	635	6.66938E+01
7343	225	6.66970E+01
7366	368	6.67245E+01
9879	417	6.67297E+01
5206	458	6.67310E+01
11891	605	6.67409E+01
5103	686	6.67426E+01
11304	431	6.67491E+01
5206	764	6.67603E+01
11823	687	6.67668E+01
7343	273	6.67747E+01
5103	678	6.67796E+01
9879	461	6.67921E+01
7726	764	6.67932E+01
7726	806	6.67936E+01
5103	636	6.68020E+01
11141	687	6.68098E+01
7859	773	6.68107E+01
7859	635	6.68228E+01
7859	276	6.68341E+01
7769	275	6.68355E+01
11304	646	6.68361E+01
7366	332	6.68363E+01
11891	811	6.68415E+01
11141	811	6.68468E+01
7769	365	6.68542E+01
7769	676	6.68550E+01
11304	687	6.68591E+01
11823	283	6.68650E+01
11141	635	6.68786E+01
11141	646	6.68855E+01
11891	283	6.68933E+01
11823	646	6.68943E+01
11891	687	6.68954E+01
9879	325	6.69034E+01
5103	768	6.69061E+01
11222	687	6.69193E+01
11304	326	6.69489E+01
11222	801	6.69532E+01
11222	646	6.69569E+01
7343	140	6.69647E+01
7769	593	6.69947E+01
5103	645	6.70040E+01
9879	552	6.70071E+01
11891	646	6.70093E+01
5103	763	6.70110E+01
5103	604	6.70398E+01
7859	432	6.70476E+01
11222	326	6.70534E+01
9879	550	6.70652E+01
11222	811	6.70666E+01
5206	767	6.70730E+01
5206	228	6.70822E+01
11141	326	6.70874E+01
7679	609	6.70921E+01
